/*--------------------------------*- C++ -*----------------------------------*\
  =========                 |
  \\      /  F ield         | OpenFOAM: The Open Source CFD Toolbox
   \\    /   O peration     | Website:  https://openfoam.org
    \\  /    A nd           | Version:  10
     \\/     M anipulation  |
\*---------------------------------------------------------------------------*/
FoamFile
{
    format      ascii;
    class       volScalarField;
    location    "0.12";
    object      rho;
}
// * * * * * * * * * * * * * * * * * * * * * * * * * * * * * * * * * * * * * //

dimensions      [1 -3 0 0 0 0 0];

internalField   nonuniform List<scalar> 
4000
(
1.1257782
1.1399121
1.1374518
1.1374123
1.1374156
1.1374153
1.1374152
1.1374152
1.1374152
1.1374152
1.1374152
1.1374151
1.1374151
1.1374151
1.1374151
1.1374151
1.1374151
1.1374151
1.1374151
1.1374151
1.1374151
1.1374151
1.1374151
1.1374151
1.1374151
1.1374151
1.1374151
1.1374151
1.1374151
1.1374151
1.1374152
1.1374152
1.1374152
1.1374152
1.1374152
1.1374153
1.1374153
1.1374154
1.1374155
1.1374158
1.1019226
1.1431575
1.1382529
1.1374084
1.1374123
1.1374153
1.1374152
1.1374152
1.1374152
1.1374152
1.1374152
1.1374151
1.1374151
1.1374151
1.1374151
1.1374151
1.1374151
1.1374151
1.1374151
1.1374151
1.1374151
1.1374151
1.1374151
1.1374151
1.1374151
1.1374151
1.1374151
1.1374151
1.1374151
1.1374151
1.1374152
1.1374152
1.1374152
1.1374152
1.1374152
1.1374153
1.1374153
1.1374154
1.1374154
1.1374156
1.0798137
1.1424245
1.1397237
1.1375074
1.1373999
1.1374143
1.1374153
1.1374152
1.1374152
1.1374152
1.1374152
1.1374151
1.1374151
1.1374151
1.1374151
1.1374151
1.1374151
1.1374151
1.1374151
1.1374151
1.1374151
1.1374151
1.1374151
1.1374151
1.1374151
1.1374151
1.1374151
1.1374151
1.1374151
1.1374151
1.1374151
1.1374152
1.1374152
1.1374152
1.1374152
1.1374153
1.1374153
1.1374153
1.1374153
1.1374154
1.0605588
1.1380013
1.141276
1.1378135
1.1373881
1.13741
1.1374152
1.1374152
1.1374152
1.1374152
1.1374151
1.1374151
1.1374151
1.1374151
1.1374151
1.1374151
1.1374151
1.1374151
1.1374151
1.1374151
1.1374151
1.1374151
1.1374151
1.1374151
1.1374151
1.1374151
1.1374151
1.1374151
1.1374151
1.1374151
1.1374151
1.1374152
1.1374152
1.1374152
1.1374152
1.1374152
1.1374152
1.1374153
1.1374153
1.1374153
1.0445607
1.1310092
1.1423254
1.1383511
1.137403
1.1374009
1.1374145
1.1374152
1.1374152
1.1374151
1.1374151
1.1374151
1.1374151
1.1374151
1.1374151
1.1374151
1.1374151
1.1374151
1.1374151
1.1374151
1.1374151
1.1374151
1.1374151
1.1374151
1.1374151
1.1374151
1.1374151
1.1374151
1.1374151
1.1374151
1.1374151
1.1374151
1.1374152
1.1374152
1.1374152
1.1374152
1.1374152
1.1374152
1.1374152
1.1374152
1.0318856
1.1226512
1.1425044
1.1390525
1.1374747
1.1373888
1.1374125
1.1374153
1.1374152
1.1374151
1.1374151
1.1374151
1.1374151
1.1374151
1.1374151
1.1374151
1.1374151
1.1374151
1.1374151
1.1374151
1.1374151
1.1374151
1.1374151
1.1374151
1.1374151
1.1374151
1.1374151
1.1374151
1.1374151
1.1374151
1.1374151
1.1374151
1.1374151
1.1374151
1.1374152
1.1374152
1.1374152
1.1374152
1.1374152
1.1374152
1.0223392
1.113926
1.1417123
1.1397917
1.1376225
1.1373796
1.1374083
1.1374151
1.1374152
1.1374151
1.1374151
1.1374151
1.1374151
1.1374151
1.1374151
1.1374151
1.1374151
1.1374151
1.1374151
1.1374151
1.1374151
1.1374151
1.1374151
1.1374151
1.1374151
1.1374151
1.1374151
1.1374151
1.1374151
1.1374151
1.1374151
1.1374151
1.1374151
1.1374151
1.1374151
1.1374151
1.1374151
1.1374151
1.1374151
1.1374151
1.0155059
1.105514
1.1400492
1.1404377
1.1378471
1.1373814
1.1374021
1.1374146
1.1374152
1.1374151
1.1374151
1.1374151
1.1374151
1.1374151
1.1374151
1.1374151
1.1374151
1.1374151
1.1374151
1.1374151
1.1374151
1.1374151
1.1374151
1.1374151
1.1374151
1.1374151
1.1374151
1.1374151
1.1374151
1.1374151
1.1374151
1.1374151
1.1374151
1.1374151
1.1374151
1.1374151
1.1374151
1.1374151
1.1374151
1.1374151
1.0108414
1.0977955
1.1377115
1.1408913
1.1381318
1.1374017
1.1373947
1.1374134
1.1374153
1.1374151
1.1374151
1.1374151
1.1374151
1.1374151
1.1374151
1.1374151
1.1374151
1.1374151
1.1374151
1.1374151
1.1374151
1.1374151
1.1374151
1.1374151
1.1374151
1.1374151
1.1374151
1.1374151
1.1374151
1.1374151
1.1374151
1.1374151
1.1374151
1.1374151
1.1374151
1.1374151
1.1374151
1.1374151
1.1374151
1.137415
1.0077769
1.0909282
1.1349139
1.1410973
1.1384499
1.1374454
1.1373877
1.1374113
1.1374152
1.1374151
1.1374151
1.1374151
1.1374151
1.1374151
1.1374151
1.1374151
1.1374151
1.1374151
1.1374151
1.1374151
1.1374151
1.1374151
1.1374151
1.1374151
1.1374151
1.1374151
1.1374151
1.1374151
1.1374151
1.1374151
1.1374151
1.1374151
1.1374151
1.1374151
1.1374151
1.1374151
1.1374151
1.137415
1.137415
1.137415
1.0058014
1.0849267
1.131846
1.1410389
1.1387723
1.137514
1.1373834
1.1374085
1.137415
1.1374152
1.1374151
1.1374151
1.1374151
1.1374151
1.1374151
1.1374151
1.1374151
1.1374151
1.1374151
1.1374151
1.1374151
1.1374151
1.1374151
1.1374151
1.1374151
1.1374151
1.1374151
1.1374151
1.1374151
1.1374151
1.1374151
1.1374151
1.1374151
1.1374151
1.1374151
1.137415
1.137415
1.137415
1.137415
1.137415
1.0045083
1.0797258
1.1286559
1.1407267
1.1390723
1.1376058
1.1373836
1.137405
1.1374146
1.1374152
1.1374151
1.1374151
1.137415
1.137415
1.137415
1.137415
1.137415
1.137415
1.137415
1.137415
1.137415
1.137415
1.137415
1.137415
1.137415
1.137415
1.137415
1.137415
1.137415
1.137415
1.137415
1.137415
1.137415
1.137415
1.137415
1.137415
1.137415
1.137415
1.137415
1.137415
1.0036074
1.0752242
1.1254487
1.1401871
1.1393287
1.1377166
1.13739
1.1374012
1.1374139
1.1374152
1.1374151
1.137415
1.137415
1.137415
1.137415
1.137415
1.137415
1.137415
1.137415
1.137415
1.137415
1.137415
1.137415
1.137415
1.137415
1.137415
1.137415
1.137415
1.137415
1.137415
1.137415
1.137415
1.137415
1.137415
1.137415
1.137415
1.137415
1.137415
1.137415
1.137415
1.0029124
1.0713132
1.1222934
1.139453
1.1395266
1.137841
1.1374038
1.1373977
1.1374129
1.1374152
1.1374151
1.137415
1.137415
1.137415
1.137415
1.137415
1.137415
1.137415
1.137415
1.137415
1.137415
1.137415
1.137415
1.137415
1.137415
1.137415
1.137415
1.137415
1.137415
1.137415
1.137415
1.137415
1.137415
1.137415
1.137415
1.137415
1.137415
1.137415
1.137415
1.137415
1.0023153
1.067891
1.1192312
1.1385581
1.1396568
1.1379726
1.1374253
1.137395
1.1374117
1.1374151
1.1374151
1.137415
1.137415
1.137415
1.137415
1.137415
1.137415
1.137415
1.137415
1.137415
1.137415
1.137415
1.137415
1.137415
1.137415
1.137415
1.137415
1.137415
1.137415
1.137415
1.137415
1.137415
1.137415
1.137415
1.137415
1.137415
1.137415
1.137415
1.137415
1.137415
1.001761
1.0648701
1.1162848
1.1375338
1.1397147
1.1381057
1.1374545
1.1373935
1.1374102
1.1374149
1.1374151
1.137415
1.137415
1.137415
1.137415
1.137415
1.137415
1.137415
1.137415
1.137415
1.137415
1.137415
1.137415
1.137415
1.137415
1.137415
1.137415
1.137415
1.137415
1.137415
1.137415
1.137415
1.137415
1.137415
1.137415
1.137415
1.137415
1.137415
1.137415
1.1374149
1.0012261
1.0621783
1.1134642
1.1364076
1.1396993
1.1382345
1.1374909
1.1373938
1.1374086
1.1374146
1.1374151
1.137415
1.137415
1.137415
1.137415
1.137415
1.137415
1.137415
1.137415
1.137415
1.137415
1.137415
1.137415
1.137415
1.137415
1.137415
1.137415
1.137415
1.137415
1.137415
1.137415
1.137415
1.137415
1.137415
1.137415
1.137415
1.137415
1.137415
1.1374149
1.1374149
1.0007041
1.0597583
1.1107724
1.135203
1.139612
1.1383543
1.1375335
1.1373961
1.137407
1.1374143
1.1374151
1.137415
1.137415
1.137415
1.137415
1.137415
1.137415
1.137415
1.137415
1.137415
1.137415
1.137415
1.137415
1.137415
1.137415
1.137415
1.137415
1.137415
1.137415
1.137415
1.137415
1.137415
1.137415
1.137415
1.137415
1.137415
1.137415
1.1374149
1.1374149
1.1374149
1.0001966
1.0575653
1.1082079
1.1339397
1.1394557
1.1384609
1.1375811
1.1374008
1.1374055
1.1374138
1.1374151
1.137415
1.137415
1.137415
1.137415
1.137415
1.137415
1.137415
1.137415
1.137415
1.137415
1.137415
1.137415
1.137415
1.137415
1.137415
1.137415
1.137415
1.137415
1.137415
1.137415
1.137415
1.137415
1.137415
1.137415
1.137415
1.137415
1.1374149
1.1374149
1.1374149
0.99970802
1.0555652
1.1057671
1.1326344
1.1392346
1.1385512
1.1376324
1.137408
1.1374043
1.1374133
1.137415
1.137415
1.137415
1.137415
1.137415
1.137415
1.137415
1.137415
1.137415
1.137415
1.137415
1.137415
1.137415
1.137415
1.137415
1.137415
1.137415
1.137415
1.137415
1.137415
1.137415
1.137415
1.137415
1.137415
1.137415
1.1374149
1.1374149
1.1374149
1.1374149
1.1374149
0.9992429
1.0537318
1.1034459
1.1313008
1.1389534
1.1386224
1.137686
1.1374177
1.1374034
1.1374127
1.1374149
1.137415
1.137415
1.137415
1.137415
1.137415
1.137415
1.137415
1.137415
1.137415
1.137415
1.137415
1.137415
1.137415
1.137415
1.137415
1.137415
1.137415
1.137415
1.137415
1.137415
1.137415
1.137415
1.137415
1.1374149
1.1374149
1.1374149
1.1374149
1.1374149
1.1374149
0.99880508
1.0520456
1.1012399
1.1299507
1.1386171
1.1386726
1.1377404
1.1374298
1.1374031
1.1374121
1.1374148
1.137415
1.137415
1.137415
1.137415
1.137415
1.137415
1.137415
1.137415
1.137415
1.137415
1.137415
1.137415
1.137415
1.137415
1.137415
1.137415
1.137415
1.137415
1.137415
1.137415
1.137415
1.1374149
1.1374149
1.1374149
1.1374149
1.1374149
1.1374149
1.1374149
1.1374149
0.99839726
1.0504915
1.0991451
1.128594
1.138231
1.1387004
1.1377944
1.1374442
1.1374034
1.1374114
1.1374147
1.137415
1.137415
1.137415
1.137415
1.137415
1.137415
1.137415
1.137415
1.137415
1.137415
1.137415
1.137415
1.137415
1.137415
1.137415
1.137415
1.137415
1.137415
1.137415
1.1374149
1.1374149
1.1374149
1.1374149
1.1374149
1.1374149
1.1374149
1.1374149
1.1374149
1.1374149
0.99802115
1.0490584
1.0971577
1.1272394
1.1378005
1.1387051
1.1378464
1.1374607
1.1374045
1.1374108
1.1374145
1.137415
1.137415
1.1374149
1.1374149
1.137415
1.137415
1.137415
1.137415
1.137415
1.137415
1.137415
1.137415
1.137415
1.137415
1.1374149
1.1374149
1.1374149
1.1374149
1.1374149
1.1374149
1.1374149
1.1374149
1.1374149
1.1374149
1.1374149
1.1374149
1.1374149
1.1374149
1.1374149
0.99767773
1.0477378
1.095275
1.1258943
1.1373307
1.1386863
1.1378954
1.1374789
1.1374063
1.1374103
1.1374143
1.137415
1.137415
1.1374149
1.1374149
1.1374149
1.1374149
1.1374149
1.1374149
1.1374149
1.1374149
1.1374149
1.1374149
1.1374149
1.1374149
1.1374149
1.1374149
1.1374149
1.1374149
1.1374149
1.1374149
1.1374149
1.1374149
1.1374149
1.1374149
1.1374149
1.1374149
1.1374149
1.1374149
1.1374149
0.99736761
1.0465234
1.0934943
1.1245654
1.136827
1.1386439
1.13794
1.1374986
1.1374089
1.1374098
1.1374141
1.1374149
1.137415
1.1374149
1.1374149
1.1374149
1.1374149
1.1374149
1.1374149
1.1374149
1.1374149
1.1374149
1.1374149
1.1374149
1.1374149
1.1374149
1.1374149
1.1374149
1.1374149
1.1374149
1.1374149
1.1374149
1.1374149
1.1374149
1.1374149
1.1374149
1.1374149
1.1374149
1.1374149
1.1374149
0.99709124
1.0454107
1.0918141
1.1232587
1.1362943
1.1385783
1.1379795
1.1375193
1.1374123
1.1374095
1.1374139
1.1374149
1.1374149
1.1374149
1.1374149
1.1374149
1.1374149
1.1374149
1.1374149
1.1374149
1.1374149
1.1374149
1.1374149
1.1374149
1.1374149
1.1374149
1.1374149
1.1374149
1.1374149
1.1374149
1.1374149
1.1374149
1.1374149
1.1374149
1.1374149
1.1374149
1.1374149
1.1374149
1.1374149
1.1374149
0.99684907
1.044397
1.0902333
1.1219797
1.1357377
1.1384903
1.1380128
1.1375406
1.1374166
1.1374094
1.1374137
1.1374149
1.1374149
1.1374149
1.1374149
1.1374149
1.1374149
1.1374149
1.1374149
1.1374149
1.1374149
1.1374149
1.1374149
1.1374149
1.1374149
1.1374149
1.1374149
1.1374149
1.1374149
1.1374149
1.1374149
1.1374149
1.1374149
1.1374149
1.1374149
1.1374149
1.1374149
1.1374149
1.1374149
1.1374149
0.99664151
1.0434807
1.0887513
1.1207334
1.1351621
1.1383808
1.1380392
1.1375621
1.1374216
1.1374095
1.1374134
1.1374148
1.1374149
1.1374149
1.1374149
1.1374149
1.1374149
1.1374149
1.1374149
1.1374149
1.1374149
1.1374149
1.1374149
1.1374149
1.1374149
1.1374149
1.1374149
1.1374149
1.1374149
1.1374149
1.1374149
1.1374149
1.1374149
1.1374149
1.1374149
1.1374149
1.1374149
1.1374149
1.1374149
1.1374149
0.99646893
1.0426616
1.0873688
1.1195249
1.1345724
1.138251
1.1380581
1.1375834
1.1374273
1.1374098
1.1374132
1.1374147
1.1374149
1.1374149
1.1374149
1.1374149
1.1374149
1.1374149
1.1374149
1.1374149
1.1374149
1.1374149
1.1374149
1.1374149
1.1374149
1.1374149
1.1374149
1.1374149
1.1374149
1.1374149
1.1374149
1.1374149
1.1374149
1.1374149
1.1374149
1.1374149
1.1374149
1.1374149
1.1374149
1.1374149
0.99633149
1.0419404
1.0860867
1.1183587
1.1339731
1.1381023
1.1380692
1.1376041
1.1374336
1.1374103
1.137413
1.1374147
1.1374149
1.1374149
1.1374149
1.1374149
1.1374149
1.1374149
1.1374149
1.1374149
1.1374149
1.1374149
1.1374149
1.1374149
1.1374149
1.1374149
1.1374149
1.1374149
1.1374149
1.1374149
1.1374149
1.1374149
1.1374149
1.1374149
1.1374149
1.1374149
1.1374149
1.1374149
1.1374149
1.1374149
0.99622903
1.0413186
1.084907
1.1172397
1.1333691
1.1379363
1.1380719
1.1376237
1.1374405
1.1374111
1.1374129
1.1374146
1.1374149
1.1374149
1.1374149
1.1374149
1.1374149
1.1374149
1.1374149
1.1374149
1.1374149
1.1374149
1.1374149
1.1374149
1.1374149
1.1374149
1.1374149
1.1374149
1.1374149
1.1374149
1.1374149
1.1374149
1.1374149
1.1374149
1.1374149
1.1374149
1.1374149
1.1374149
1.1374149
1.1374149
0.99616086
1.0407982
1.0838324
1.1161725
1.1327647
1.1377548
1.1380663
1.1376419
1.1374477
1.1374122
1.1374128
1.1374145
1.1374149
1.1374149
1.1374149
1.1374149
1.1374149
1.1374149
1.1374149
1.1374149
1.1374149
1.1374149
1.1374149
1.1374149
1.1374149
1.1374149
1.1374149
1.1374149
1.1374149
1.1374149
1.1374149
1.1374149
1.1374149
1.1374149
1.1374149
1.1374149
1.1374149
1.1374149
1.1374149
1.1374149
0.99612555
1.040381
1.0828658
1.1151619
1.1321646
1.1375597
1.1380522
1.1376582
1.1374553
1.1374135
1.1374127
1.1374144
1.1374149
1.1374149
1.1374149
1.1374149
1.1374149
1.1374149
1.1374149
1.1374149
1.1374149
1.1374149
1.1374149
1.1374149
1.1374149
1.1374149
1.1374149
1.1374149
1.1374149
1.1374149
1.1374149
1.1374149
1.1374149
1.1374149
1.1374149
1.1374149
1.1374149
1.1374149
1.1374149
1.1374149
0.99612083
1.0400677
1.0820109
1.1142128
1.1315733
1.137353
1.1380299
1.1376725
1.137463
1.1374151
1.1374127
1.1374144
1.1374148
1.1374149
1.1374149
1.1374149
1.1374149
1.1374149
1.1374149
1.1374149
1.1374149
1.1374149
1.1374149
1.1374149
1.1374149
1.1374149
1.1374149
1.1374149
1.1374149
1.1374149
1.1374149
1.1374149
1.1374149
1.1374149
1.1374149
1.1374149
1.1374149
1.1374149
1.1374149
1.1374149
0.99614338
1.0398576
1.0812707
1.1133297
1.130995
1.1371369
1.1379994
1.1376844
1.1374707
1.1374168
1.1374128
1.1374143
1.1374148
1.1374149
1.1374149
1.1374149
1.1374149
1.1374149
1.1374149
1.1374149
1.1374149
1.1374149
1.1374149
1.1374149
1.1374149
1.1374149
1.1374149
1.1374149
1.1374149
1.1374149
1.1374149
1.1374149
1.1374149
1.1374149
1.1374149
1.1374149
1.1374149
1.1374149
1.1374149
1.1374149
0.99618888
1.0397471
1.0806477
1.1125172
1.1304341
1.1369135
1.1379612
1.1376938
1.1374782
1.1374188
1.1374129
1.1374142
1.1374148
1.1374149
1.1374149
1.1374149
1.1374149
1.1374149
1.1374149
1.1374149
1.1374149
1.1374149
1.1374149
1.1374149
1.1374149
1.1374149
1.1374149
1.1374149
1.1374149
1.1374149
1.1374149
1.1374149
1.1374149
1.1374149
1.1374149
1.1374149
1.1374149
1.1374149
1.1374149
1.1374149
0.99625209
1.0397292
1.0801429
1.1117793
1.1298946
1.1366851
1.1379157
1.1377004
1.1374855
1.137421
1.1374132
1.1374142
1.1374148
1.1374149
1.1374149
1.1374149
1.1374149
1.1374149
1.1374149
1.1374149
1.1374149
1.1374149
1.1374149
1.1374149
1.1374149
1.1374149
1.1374149
1.1374149
1.1374149
1.1374149
1.1374149
1.1374149
1.1374149
1.1374149
1.1374149
1.1374149
1.1374149
1.1374149
1.1374149
1.1374149
0.99632713
1.0397932
1.0797549
1.1111191
1.1293803
1.1364539
1.1378635
1.1377041
1.1374924
1.1374233
1.1374135
1.1374141
1.1374147
1.1374149
1.1374149
1.1374149
1.1374149
1.1374149
1.1374149
1.1374149
1.1374149
1.1374149
1.1374149
1.1374149
1.1374149
1.1374149
1.1374149
1.1374149
1.1374149
1.1374149
1.1374149
1.1374149
1.1374149
1.1374149
1.1374149
1.1374149
1.1374149
1.1374149
1.1374149
1.1374148
0.99640793
1.039924
1.0794791
1.1105386
1.1288944
1.1362222
1.1378053
1.1377049
1.1374989
1.1374257
1.1374138
1.1374141
1.1374147
1.1374148
1.1374149
1.1374149
1.1374149
1.1374149
1.1374149
1.1374149
1.1374149
1.1374149
1.1374149
1.1374149
1.1374149
1.1374149
1.1374149
1.1374149
1.1374149
1.1374149
1.1374149
1.1374149
1.1374149
1.1374149
1.1374149
1.1374148
1.1374148
1.1374148
1.1374148
1.1374148
0.99648877
1.0401035
1.0793077
1.1100382
1.1284397
1.135992
1.1377418
1.1377028
1.1375046
1.1374281
1.1374143
1.1374141
1.1374147
1.1374148
1.1374149
1.1374149
1.1374149
1.1374149
1.1374149
1.1374149
1.1374149
1.1374149
1.1374149
1.1374149
1.1374149
1.1374149
1.1374149
1.1374149
1.1374149
1.1374149
1.1374149
1.1374149
1.1374148
1.1374148
1.1374148
1.1374148
1.1374148
1.1374148
1.1374148
1.1374148
0.99656482
1.0403115
1.0792287
1.1096162
1.1280183
1.1357653
1.1376738
1.1376978
1.1375097
1.1374306
1.1374148
1.1374141
1.1374147
1.1374148
1.1374149
1.1374149
1.1374149
1.1374149
1.1374149
1.1374149
1.1374149
1.1374149
1.1374149
1.1374149
1.1374149
1.1374149
1.1374148
1.1374148
1.1374148
1.1374148
1.1374148
1.1374148
1.1374148
1.1374148
1.1374148
1.1374148
1.1374148
1.1374148
1.1374148
1.1374148
0.99663259
1.040528
1.0792269
1.1092688
1.1276313
1.1355437
1.1376021
1.1376901
1.1375141
1.137433
1.1374153
1.1374142
1.1374147
1.1374148
1.1374148
1.1374148
1.1374148
1.1374148
1.1374148
1.1374148
1.1374148
1.1374148
1.1374148
1.1374148
1.1374148
1.1374148
1.1374148
1.1374148
1.1374148
1.1374148
1.1374148
1.1374148
1.1374148
1.1374148
1.1374148
1.1374148
1.1374148
1.1374148
1.1374148
1.1374148
0.99669026
1.0407351
1.0792846
1.1089901
1.1272789
1.1353288
1.1375274
1.1376797
1.1375176
1.1374354
1.137416
1.1374142
1.1374146
1.1374148
1.1374148
1.1374148
1.1374148
1.1374148
1.1374148
1.1374148
1.1374148
1.1374148
1.1374148
1.1374148
1.1374148
1.1374148
1.1374148
1.1374148
1.1374148
1.1374148
1.1374148
1.1374148
1.1374148
1.1374148
1.1374148
1.1374148
1.1374148
1.1374148
1.1374148
1.1374148
0.99673769
1.0409198
1.0793826
1.1087721
1.1269604
1.1351216
1.1374506
1.137667
1.1375203
1.1374377
1.1374166
1.1374143
1.1374146
1.1374148
1.1374148
1.1374148
1.1374148
1.1374148
1.1374148
1.1374148
1.1374148
1.1374148
1.1374148
1.1374148
1.1374148
1.1374148
1.1374148
1.1374148
1.1374148
1.1374148
1.1374148
1.1374148
1.1374148
1.1374148
1.1374148
1.1374148
1.1374148
1.1374148
1.1374148
1.1374148
0.99677616
1.0410743
1.0795024
1.1086053
1.1266739
1.134923
1.1373724
1.1376522
1.1375221
1.1374399
1.1374173
1.1374144
1.1374146
1.1374148
1.1374148
1.1374148
1.1374148
1.1374148
1.1374148
1.1374148
1.1374148
1.1374148
1.1374148
1.1374148
1.1374148
1.1374148
1.1374148
1.1374148
1.1374148
1.1374148
1.1374148
1.1374148
1.1374148
1.1374148
1.1374148
1.1374148
1.1374148
1.1374148
1.1374148
1.1374148
0.99680798
1.0411972
1.0796271
1.1084795
1.1264169
1.1347335
1.1372935
1.1376354
1.1375232
1.1374419
1.137418
1.1374145
1.1374146
1.1374148
1.1374148
1.1374148
1.1374148
1.1374148
1.1374148
1.1374148
1.1374148
1.1374148
1.1374148
1.1374148
1.1374148
1.1374148
1.1374148
1.1374148
1.1374148
1.1374148
1.1374148
1.1374148
1.1374148
1.1374148
1.1374148
1.1374148
1.1374148
1.1374148
1.1374148
1.1374148
0.99683598
1.0412926
1.0797435
1.1083842
1.1261866
1.1345531
1.1372145
1.137617
1.1375234
1.1374438
1.1374188
1.1374147
1.1374146
1.1374148
1.1374148
1.1374148
1.1374148
1.1374148
1.1374148
1.1374148
1.1374148
1.1374148
1.1374148
1.1374148
1.1374148
1.1374148
1.1374148
1.1374148
1.1374148
1.1374148
1.1374148
1.1374148
1.1374148
1.1374148
1.1374148
1.1374148
1.1374148
1.1374148
1.1374148
1.1374148
0.99686294
1.0413685
1.0798427
1.1083096
1.1259795
1.1343819
1.1371357
1.1375971
1.1375229
1.1374455
1.1374195
1.1374148
1.1374146
1.1374148
1.1374148
1.1374148
1.1374148
1.1374148
1.1374148
1.1374148
1.1374148
1.1374148
1.1374148
1.1374148
1.1374148
1.1374148
1.1374148
1.1374148
1.1374148
1.1374148
1.1374148
1.1374148
1.1374148
1.1374148
1.1374148
1.1374148
1.1374148
1.1374148
1.1374148
1.1374148
0.99689121
1.0414348
1.0799213
1.1082471
1.1257922
1.1342195
1.1370576
1.1375757
1.1375215
1.137447
1.1374202
1.137415
1.1374146
1.1374148
1.1374148
1.1374148
1.1374148
1.1374148
1.1374148
1.1374148
1.1374148
1.1374148
1.1374148
1.1374148
1.1374148
1.1374148
1.1374148
1.1374148
1.1374148
1.1374148
1.1374148
1.1374148
1.1374148
1.1374148
1.1374148
1.1374148
1.1374148
1.1374148
1.1374148
1.1374148
0.99692242
1.041502
1.0799812
1.1081901
1.1256214
1.1340657
1.1369803
1.1375531
1.1375192
1.1374482
1.1374209
1.1374151
1.1374146
1.1374148
1.1374148
1.1374148
1.1374148
1.1374148
1.1374148
1.1374148
1.1374148
1.1374148
1.1374148
1.1374148
1.1374148
1.1374148
1.1374148
1.1374148
1.1374148
1.1374148
1.1374148
1.1374148
1.1374148
1.1374148
1.1374148
1.1374148
1.1374148
1.1374148
1.1374148
1.1374148
0.99695735
1.041579
1.080029
1.108134
1.1254637
1.1339197
1.136904
1.1375292
1.1375161
1.1374492
1.1374215
1.1374153
1.1374147
1.1374148
1.1374148
1.1374148
1.1374148
1.1374148
1.1374148
1.1374148
1.1374148
1.1374148
1.1374148
1.1374148
1.1374148
1.1374148
1.1374148
1.1374148
1.1374148
1.1374148
1.1374148
1.1374148
1.1374148
1.1374148
1.1374148
1.1374148
1.1374148
1.1374148
1.1374148
1.1374148
0.99699599
1.041672
1.0800756
1.1080773
1.1253158
1.1337808
1.1368291
1.1375045
1.1375123
1.1374499
1.1374222
1.1374155
1.1374147
1.1374147
1.1374148
1.1374148
1.1374148
1.1374148
1.1374148
1.1374148
1.1374148
1.1374148
1.1374148
1.1374148
1.1374148
1.1374148
1.1374148
1.1374148
1.1374148
1.1374148
1.1374148
1.1374148
1.1374148
1.1374148
1.1374148
1.1374148
1.1374148
1.1374148
1.1374148
1.1374148
0.99703766
1.0417845
1.0801341
1.1080221
1.1251749
1.133648
1.1367558
1.1374795
1.137508
1.1374505
1.1374228
1.1374157
1.1374147
1.1374147
1.1374148
1.1374148
1.1374148
1.1374148
1.1374148
1.1374148
1.1374148
1.1374148
1.1374148
1.1374148
1.1374148
1.1374148
1.1374148
1.1374148
1.1374148
1.1374148
1.1374148
1.1374148
1.1374148
1.1374148
1.1374148
1.1374148
1.1374148
1.1374148
1.1374148
1.1374148
0.99708122
1.0419168
1.0802177
1.1079739
1.1250396
1.13352
1.1366846
1.1374548
1.1375037
1.137451
1.1374234
1.1374159
1.1374148
1.1374147
1.1374148
1.1374148
1.1374148
1.1374148
1.1374148
1.1374148
1.1374148
1.1374148
1.1374148
1.1374148
1.1374148
1.1374148
1.1374148
1.1374148
1.1374148
1.1374148
1.1374148
1.1374148
1.1374148
1.1374148
1.1374148
1.1374148
1.1374148
1.1374148
1.1374148
1.1374148
0.99712525
1.0420665
1.0803378
1.1079422
1.1249103
1.1333958
1.1366156
1.1374311
1.1374999
1.1374517
1.137424
1.1374161
1.1374148
1.1374147
1.1374148
1.1374148
1.1374148
1.1374148
1.1374148
1.1374148
1.1374148
1.1374148
1.1374148
1.1374148
1.1374148
1.1374148
1.1374148
1.1374148
1.1374148
1.1374148
1.1374148
1.1374148
1.1374148
1.1374148
1.1374148
1.1374148
1.1374148
1.1374148
1.1374148
1.1374148
0.99716829
1.0422286
1.0805017
1.1079392
1.1247907
1.133275
1.1365486
1.137409
1.1374969
1.1374528
1.1374248
1.1374163
1.1374148
1.1374147
1.1374148
1.1374148
1.1374148
1.1374148
1.1374148
1.1374148
1.1374148
1.1374148
1.1374148
1.1374148
1.1374148
1.1374148
1.1374148
1.1374148
1.1374148
1.1374148
1.1374148
1.1374148
1.1374148
1.1374148
1.1374148
1.1374148
1.1374148
1.1374148
1.1374148
1.1374148
0.99720902
1.0423971
1.0807109
1.1079775
1.1246878
1.1331588
1.1364834
1.1373882
1.1374949
1.1374544
1.1374257
1.1374165
1.1374148
1.1374147
1.1374148
1.1374148
1.1374148
1.1374148
1.1374148
1.1374148
1.1374148
1.1374148
1.1374148
1.1374148
1.1374148
1.1374148
1.1374148
1.1374148
1.1374148
1.1374148
1.1374148
1.1374148
1.1374148
1.1374148
1.1374148
1.1374148
1.1374148
1.1374148
1.1374148
1.1374148
0.99724636
1.0425652
1.080961
1.1080683
1.1246112
1.1330498
1.1364195
1.1373681
1.1374935
1.1374562
1.1374267
1.1374168
1.1374149
1.1374147
1.1374148
1.1374148
1.1374148
1.1374148
1.1374148
1.1374148
1.1374148
1.1374148
1.1374148
1.1374148
1.1374148
1.1374148
1.1374148
1.1374148
1.1374148
1.1374148
1.1374148
1.1374148
1.1374148
1.1374148
1.1374148
1.1374148
1.1374148
1.1374148
1.1374148
1.1374148
0.99727955
1.0427264
1.0812418
1.1082178
1.1245718
1.1329528
1.1363569
1.1373474
1.1374919
1.1374581
1.1374277
1.1374171
1.1374149
1.1374147
1.1374148
1.1374148
1.1374148
1.1374148
1.1374148
1.1374148
1.1374148
1.1374148
1.1374148
1.1374148
1.1374148
1.1374148
1.1374148
1.1374148
1.1374148
1.1374148
1.1374148
1.1374148
1.1374148
1.1374148
1.1374148
1.1374148
1.1374148
1.1374148
1.1374148
1.1374148
0.99730817
1.0428751
1.0815393
1.1084254
1.1245787
1.1328737
1.1362962
1.1373246
1.1374888
1.1374595
1.1374287
1.1374173
1.1374149
1.1374147
1.1374147
1.1374148
1.1374148
1.1374148
1.1374148
1.1374148
1.1374148
1.1374148
1.1374148
1.1374148
1.1374148
1.1374148
1.1374148
1.1374148
1.1374148
1.1374148
1.1374148
1.1374148
1.1374148
1.1374148
1.1374148
1.1374148
1.1374148
1.1374148
1.1374148
1.1374148
0.99733212
1.0430072
1.0818379
1.1086832
1.1246372
1.1328183
1.1362386
1.1372986
1.137483
1.1374598
1.1374294
1.1374175
1.1374149
1.1374147
1.1374147
1.1374148
1.1374148
1.1374148
1.1374148
1.1374148
1.1374148
1.1374148
1.1374148
1.1374148
1.1374148
1.1374148
1.1374148
1.1374148
1.1374148
1.1374148
1.1374148
1.1374148
1.1374148
1.1374148
1.1374148
1.1374148
1.1374148
1.1374148
1.1374148
1.1374148
0.99735156
1.0431202
1.0821225
1.1089764
1.1247465
1.132791
1.1361863
1.137269
1.1374735
1.1374584
1.1374296
1.1374177
1.137415
1.1374147
1.1374147
1.1374148
1.1374148
1.1374148
1.1374148
1.1374148
1.1374148
1.1374148
1.1374148
1.1374148
1.1374148
1.1374148
1.1374148
1.1374148
1.1374148
1.1374148
1.1374148
1.1374148
1.1374148
1.1374148
1.1374148
1.1374148
1.1374148
1.1374148
1.1374148
1.1374148
0.99736685
1.0432134
1.0823807
1.1092864
1.1248995
1.1327935
1.1361418
1.1372363
1.1374601
1.1374549
1.1374291
1.1374177
1.137415
1.1374147
1.1374147
1.1374148
1.1374148
1.1374148
1.1374148
1.1374148
1.1374148
1.1374148
1.1374148
1.1374148
1.1374148
1.1374148
1.1374148
1.1374148
1.1374148
1.1374148
1.1374148
1.1374148
1.1374148
1.1374148
1.1374148
1.1374148
1.1374148
1.1374148
1.1374148
1.1374148
0.9973785
1.0432873
1.0826042
1.1095935
1.1250837
1.1328239
1.136107
1.1372024
1.1374433
1.1374495
1.137428
1.1374177
1.137415
1.1374147
1.1374147
1.1374148
1.1374148
1.1374148
1.1374148
1.1374148
1.1374148
1.1374148
1.1374148
1.1374148
1.1374148
1.1374148
1.1374148
1.1374148
1.1374148
1.1374148
1.1374148
1.1374148
1.1374148
1.1374148
1.1374148
1.1374148
1.1374148
1.1374148
1.1374148
1.1374148
0.99738705
1.0433437
1.0827888
1.1098802
1.1252841
1.1328773
1.1360831
1.1371692
1.1374244
1.1374425
1.1374263
1.1374174
1.137415
1.1374147
1.1374147
1.1374147
1.1374148
1.1374148
1.1374148
1.1374148
1.1374148
1.1374148
1.1374148
1.1374148
1.1374148
1.1374148
1.1374148
1.1374148
1.1374148
1.1374148
1.1374148
1.1374148
1.1374148
1.1374148
1.1374148
1.1374148
1.1374148
1.1374148
1.1374148
1.1374148
0.99739308
1.0433851
1.0829347
1.1101335
1.1254852
1.1329466
1.1360703
1.1371392
1.1374048
1.1374346
1.1374241
1.1374171
1.137415
1.1374147
1.1374147
1.1374147
1.1374148
1.1374148
1.1374148
1.1374148
1.1374148
1.1374148
1.1374148
1.1374148
1.1374148
1.1374148
1.1374148
1.1374148
1.1374148
1.1374148
1.1374148
1.1374148
1.1374148
1.1374148
1.1374148
1.1374148
1.1374147
1.1374147
1.1374147
1.1374147
0.99739712
1.0434141
1.083045
1.1103459
1.1256738
1.133024
1.1360673
1.1371139
1.1373865
1.1374266
1.1374218
1.1374167
1.137415
1.1374147
1.1374147
1.1374147
1.1374147
1.1374147
1.1374147
1.1374147
1.1374147
1.1374147
1.1374147
1.1374147
1.1374147
1.1374147
1.1374147
1.1374147
1.1374147
1.1374147
1.1374147
1.1374147
1.1374147
1.1374147
1.1374147
1.1374147
1.1374147
1.1374147
1.1374147
1.1374147
0.99739965
1.0434336
1.0831248
1.1105155
1.1258407
1.1331024
1.1360722
1.1370943
1.1373705
1.1374192
1.1374195
1.1374162
1.137415
1.1374147
1.1374147
1.1374147
1.1374147
1.1374147
1.1374147
1.1374147
1.1374147
1.1374147
1.1374147
1.1374147
1.1374147
1.1374147
1.1374147
1.1374147
1.1374147
1.1374147
1.1374147
1.1374147
1.1374147
1.1374147
1.1374147
1.1374147
1.1374147
1.1374147
1.1374147
1.1374147
0.9974011
1.043446
1.0831802
1.110645
1.1259807
1.1331761
1.1360828
1.1370806
1.1373576
1.1374128
1.1374175
1.1374158
1.1374149
1.1374147
1.1374147
1.1374147
1.1374147
1.1374147
1.1374147
1.1374147
1.1374147
1.1374147
1.1374147
1.1374147
1.1374147
1.1374147
1.1374147
1.1374147
1.1374147
1.1374147
1.1374147
1.1374147
1.1374147
1.1374147
1.1374147
1.1374147
1.1374147
1.1374147
1.1374147
1.1374147
0.9974018
1.0434534
1.0832172
1.1107397
1.1260928
1.1332413
1.1360967
1.1370722
1.137348
1.1374078
1.1374157
1.1374154
1.1374149
1.1374147
1.1374147
1.1374147
1.1374147
1.1374147
1.1374147
1.1374147
1.1374147
1.1374147
1.1374147
1.1374147
1.1374147
1.1374147
1.1374147
1.1374147
1.1374147
1.1374147
1.1374147
1.1374147
1.1374147
1.1374147
1.1374147
1.1374147
1.1374147
1.1374147
1.1374147
1.1374147
0.99740201
1.0434575
1.0832412
1.1108065
1.1261789
1.1332962
1.1361117
1.137068
1.1373414
1.1374041
1.1374144
1.1374151
1.1374148
1.1374147
1.1374147
1.1374147
1.1374147
1.1374147
1.1374147
1.1374147
1.1374147
1.1374147
1.1374147
1.1374147
1.1374147
1.1374147
1.1374147
1.1374147
1.1374147
1.1374147
1.1374147
1.1374147
1.1374147
1.1374147
1.1374147
1.1374147
1.1374147
1.1374147
1.1374147
1.1374147
0.99740192
1.0434596
1.0832565
1.1108525
1.1262429
1.1333404
1.1361263
1.1370668
1.1373372
1.1374015
1.1374134
1.1374148
1.1374148
1.1374147
1.1374147
1.1374147
1.1374147
1.1374147
1.1374147
1.1374147
1.1374147
1.1374147
1.1374147
1.1374147
1.1374147
1.1374147
1.1374147
1.1374147
1.1374147
1.1374147
1.1374147
1.1374147
1.1374147
1.1374147
1.1374147
1.1374147
1.1374147
1.1374147
1.1374147
1.1374147
0.99740166
1.0434604
1.0832663
1.1108838
1.1262892
1.133375
1.1361395
1.1370675
1.1373348
1.1373999
1.1374127
1.1374146
1.1374148
1.1374147
1.1374147
1.1374147
1.1374147
1.1374147
1.1374147
1.1374147
1.1374147
1.1374147
1.1374147
1.1374147
1.1374147
1.1374147
1.1374147
1.1374147
1.1374147
1.1374147
1.1374147
1.1374147
1.1374147
1.1374147
1.1374147
1.1374147
1.1374147
1.1374147
1.1374147
1.1374147
0.99740133
1.0434607
1.083273
1.1109055
1.1263224
1.1334012
1.1361507
1.1370691
1.1373337
1.1373989
1.1374123
1.1374145
1.1374147
1.1374147
1.1374147
1.1374147
1.1374147
1.1374147
1.1374147
1.1374147
1.1374147
1.1374147
1.1374147
1.1374147
1.1374147
1.1374147
1.1374147
1.1374147
1.1374147
1.1374147
1.1374147
1.1374147
1.1374147
1.1374147
1.1374147
1.1374147
1.1374147
1.1374147
1.1374147
1.1374147
0.99740097
1.0434606
1.0832777
1.110921
1.1263464
1.133421
1.1361599
1.1370711
1.1373333
1.1373983
1.137412
1.1374144
1.1374147
1.1374147
1.1374147
1.1374147
1.1374147
1.1374147
1.1374147
1.1374147
1.1374147
1.1374147
1.1374147
1.1374147
1.1374147
1.1374147
1.1374147
1.1374147
1.1374147
1.1374147
1.1374147
1.1374147
1.1374147
1.1374147
1.1374147
1.1374147
1.1374147
1.1374147
1.1374147
1.1374147
0.99740061
1.0434604
1.0832815
1.1109328
1.1263641
1.1334357
1.1361671
1.137073
1.1373332
1.137398
1.1374118
1.1374143
1.1374147
1.1374147
1.1374147
1.1374147
1.1374147
1.1374147
1.1374147
1.1374147
1.1374147
1.1374147
1.1374147
1.1374147
1.1374147
1.1374147
1.1374147
1.1374147
1.1374147
1.1374147
1.1374147
1.1374147
1.1374147
1.1374147
1.1374147
1.1374147
1.1374147
1.1374147
1.1374147
1.1374147
0.99740025
1.0434601
1.0832846
1.1109423
1.1263777
1.133447
1.1361728
1.1370747
1.1373333
1.1373978
1.1374117
1.1374143
1.1374147
1.1374147
1.1374147
1.1374147
1.1374147
1.1374147
1.1374147
1.1374147
1.1374147
1.1374147
1.1374147
1.1374147
1.1374147
1.1374147
1.1374147
1.1374147
1.1374147
1.1374147
1.1374147
1.1374147
1.1374147
1.1374147
1.1374147
1.1374147
1.1374147
1.1374147
1.1374147
1.1374147
0.99739991
1.0434598
1.0832872
1.1109503
1.1263885
1.1334557
1.1361773
1.1370761
1.1373335
1.1373977
1.1374116
1.1374142
1.1374147
1.1374147
1.1374147
1.1374147
1.1374147
1.1374147
1.1374147
1.1374147
1.1374147
1.1374147
1.1374147
1.1374147
1.1374147
1.1374147
1.1374147
1.1374147
1.1374147
1.1374147
1.1374147
1.1374147
1.1374147
1.1374147
1.1374147
1.1374147
1.1374147
1.1374147
1.1374147
1.1374147
0.99739956
1.0434595
1.0832895
1.1109572
1.1263975
1.1334628
1.1361808
1.1370772
1.1373337
1.1373976
1.1374116
1.1374142
1.1374146
1.1374147
1.1374147
1.1374147
1.1374147
1.1374147
1.1374147
1.1374147
1.1374147
1.1374147
1.1374147
1.1374147
1.1374147
1.1374147
1.1374147
1.1374147
1.1374147
1.1374147
1.1374147
1.1374147
1.1374147
1.1374147
1.1374147
1.1374147
1.1374147
1.1374147
1.1374147
1.1374147
0.9973992
1.0434591
1.0832914
1.1109631
1.1264052
1.1334685
1.1361836
1.1370781
1.1373338
1.1373976
1.1374115
1.1374142
1.1374146
1.1374147
1.1374147
1.1374147
1.1374147
1.1374147
1.1374147
1.1374147
1.1374147
1.1374147
1.1374147
1.1374147
1.1374147
1.1374147
1.1374147
1.1374147
1.1374147
1.1374147
1.1374147
1.1374147
1.1374147
1.1374147
1.1374147
1.1374147
1.1374147
1.1374147
1.1374147
1.1374147
0.99739882
1.0434586
1.0832929
1.1109682
1.1264117
1.1334734
1.1361859
1.1370788
1.1373339
1.1373976
1.1374115
1.1374142
1.1374146
1.1374147
1.1374147
1.1374147
1.1374147
1.1374147
1.1374147
1.1374147
1.1374147
1.1374147
1.1374147
1.1374147
1.1374147
1.1374147
1.1374147
1.1374147
1.1374147
1.1374147
1.1374147
1.1374147
1.1374147
1.1374147
1.1374147
1.1374147
1.1374147
1.1374147
1.1374147
1.1374147
0.99739842
1.0434579
1.0832941
1.1109725
1.1264173
1.1334775
1.1361878
1.1370793
1.1373339
1.1373975
1.1374115
1.1374142
1.1374146
1.1374147
1.1374147
1.1374147
1.1374147
1.1374147
1.1374147
1.1374147
1.1374147
1.1374147
1.1374147
1.1374147
1.1374147
1.1374147
1.1374147
1.1374147
1.1374147
1.1374147
1.1374147
1.1374147
1.1374147
1.1374147
1.1374147
1.1374147
1.1374147
1.1374147
1.1374147
1.1374147
0.99739799
1.0434572
1.0832948
1.1109761
1.1264221
1.1334809
1.1361894
1.1370798
1.137334
1.1373975
1.1374115
1.1374142
1.1374146
1.1374147
1.1374147
1.1374147
1.1374147
1.1374147
1.1374147
1.1374147
1.1374147
1.1374147
1.1374147
1.1374147
1.1374147
1.1374147
1.1374147
1.1374147
1.1374147
1.1374147
1.1374147
1.1374147
1.1374147
1.1374147
1.1374147
1.1374147
1.1374147
1.1374147
1.1374147
1.1374147
0.99739751
1.0434563
1.0832953
1.110979
1.1264261
1.1334839
1.1361908
1.1370802
1.137334
1.1373975
1.1374114
1.1374141
1.1374146
1.1374147
1.1374147
1.1374147
1.1374147
1.1374147
1.1374147
1.1374147
1.1374147
1.1374147
1.1374147
1.1374147
1.1374147
1.1374147
1.1374147
1.1374147
1.1374147
1.1374147
1.1374147
1.1374147
1.1374147
1.1374147
1.1374147
1.1374147
1.1374147
1.1374147
1.1374147
1.1374147
0.99739699
1.0434553
1.0832953
1.1109813
1.1264294
1.1334864
1.1361919
1.1370805
1.137334
1.1373974
1.1374114
1.1374141
1.1374146
1.1374147
1.1374147
1.1374147
1.1374147
1.1374147
1.1374147
1.1374147
1.1374147
1.1374147
1.1374147
1.1374147
1.1374147
1.1374147
1.1374147
1.1374147
1.1374147
1.1374147
1.1374147
1.1374147
1.1374147
1.1374147
1.1374147
1.1374147
1.1374147
1.1374147
1.1374147
1.1374147
0.99739642
1.0434541
1.0832951
1.1109831
1.1264322
1.1334885
1.1361929
1.1370808
1.1373341
1.1373974
1.1374114
1.1374141
1.1374146
1.1374147
1.1374147
1.1374147
1.1374147
1.1374147
1.1374147
1.1374147
1.1374147
1.1374147
1.1374147
1.1374147
1.1374147
1.1374147
1.1374147
1.1374147
1.1374147
1.1374147
1.1374147
1.1374147
1.1374147
1.1374147
1.1374147
1.1374147
1.1374147
1.1374147
1.1374147
1.1374147
0.99739578
1.0434528
1.0832945
1.1109843
1.1264344
1.1334903
1.1361937
1.137081
1.1373341
1.1373974
1.1374114
1.1374141
1.1374146
1.1374147
1.1374147
1.1374147
1.1374147
1.1374147
1.1374147
1.1374147
1.1374147
1.1374147
1.1374147
1.1374147
1.1374147
1.1374147
1.1374147
1.1374147
1.1374147
1.1374147
1.1374147
1.1374147
1.1374147
1.1374147
1.1374147
1.1374147
1.1374147
1.1374147
1.1374147
1.1374147
0.99739507
1.0434512
1.0832935
1.1109851
1.1264362
1.1334917
1.1361944
1.1370812
1.1373341
1.1373974
1.1374114
1.1374141
1.1374146
1.1374147
1.1374147
1.1374147
1.1374147
1.1374147
1.1374147
1.1374147
1.1374147
1.1374147
1.1374147
1.1374147
1.1374147
1.1374147
1.1374147
1.1374147
1.1374147
1.1374147
1.1374147
1.1374147
1.1374147
1.1374147
1.1374147
1.1374147
1.1374147
1.1374147
1.1374147
1.1374147
0.99739428
1.0434494
1.0832923
1.1109854
1.1264375
1.1334929
1.136195
1.1370814
1.1373341
1.1373974
1.1374114
1.1374141
1.1374146
1.1374147
1.1374147
1.1374147
1.1374147
1.1374147
1.1374147
1.1374147
1.1374147
1.1374147
1.1374147
1.1374147
1.1374147
1.1374147
1.1374147
1.1374147
1.1374147
1.1374147
1.1374147
1.1374147
1.1374147
1.1374147
1.1374147
1.1374147
1.1374147
1.1374147
1.1374147
1.1374147
0.9973934
1.0434473
1.0832906
1.1109854
1.1264385
1.1334938
1.1361955
1.1370815
1.1373341
1.1373974
1.1374114
1.1374141
1.1374146
1.1374147
1.1374147
1.1374147
1.1374147
1.1374147
1.1374147
1.1374147
1.1374147
1.1374147
1.1374147
1.1374147
1.1374147
1.1374147
1.1374147
1.1374147
1.1374147
1.1374147
1.1374147
1.1374147
1.1374147
1.1374147
1.1374147
1.1374147
1.1374147
1.1374147
1.1374147
1.1374147
0.9973924
1.043445
1.0832886
1.1109849
1.1264392
1.1334946
1.1361958
1.1370816
1.1373341
1.1373973
1.1374113
1.1374141
1.1374146
1.1374147
1.1374147
1.1374147
1.1374147
1.1374147
1.1374147
1.1374147
1.1374147
1.1374147
1.1374147
1.1374147
1.1374147
1.1374147
1.1374147
1.1374147
1.1374147
1.1374147
1.1374147
1.1374147
1.1374147
1.1374147
1.1374147
1.1374147
1.1374147
1.1374147
1.1374147
1.1374147
0.99739129
1.0434424
1.0832862
1.110984
1.1264395
1.1334951
1.1361961
1.1370817
1.1373341
1.1373973
1.1374113
1.1374141
1.1374146
1.1374147
1.1374147
1.1374147
1.1374147
1.1374147
1.1374147
1.1374147
1.1374147
1.1374147
1.1374147
1.1374147
1.1374147
1.1374147
1.1374147
1.1374147
1.1374147
1.1374147
1.1374147
1.1374147
1.1374147
1.1374147
1.1374147
1.1374147
1.1374147
1.1374147
1.1374147
1.1374147
0.99739003
1.0434394
1.0832834
1.1109827
1.1264395
1.1334955
1.1361964
1.1370818
1.1373341
1.1373973
1.1374113
1.1374141
1.1374146
1.1374147
1.1374147
1.1374147
1.1374147
1.1374147
1.1374147
1.1374147
1.1374147
1.1374147
1.1374147
1.1374147
1.1374147
1.1374147
1.1374147
1.1374147
1.1374147
1.1374147
1.1374147
1.1374147
1.1374147
1.1374147
1.1374147
1.1374147
1.1374147
1.1374147
1.1374147
1.1374147
0.99738858
1.0434361
1.0832801
1.1109809
1.1264392
1.1334957
1.1361965
1.1370818
1.1373341
1.1373973
1.1374113
1.1374141
1.1374146
1.1374146
1.1374147
1.1374147
1.1374147
1.1374147
1.1374147
1.1374147
1.1374147
1.1374147
1.1374147
1.1374147
1.1374147
1.1374147
1.1374147
1.1374147
1.1374147
1.1374147
1.1374147
1.1374147
1.1374147
1.1374147
1.1374147
1.1374147
1.1374147
1.1374147
1.1374147
1.1374147
0.99738689
1.0434322
1.0832762
1.1109787
1.1264385
1.1334957
1.1361966
1.1370818
1.1373341
1.1373973
1.1374113
1.1374141
1.1374146
1.1374146
1.1374147
1.1374147
1.1374147
1.1374147
1.1374147
1.1374147
1.1374147
1.1374147
1.1374147
1.1374147
1.1374147
1.1374147
1.1374147
1.1374147
1.1374147
1.1374147
1.1374147
1.1374147
1.1374147
1.1374147
1.1374147
1.1374147
1.1374147
1.1374147
1.1374147
1.1374147
0.99738488
1.0434277
1.0832717
1.1109761
1.1264376
1.1334956
1.1361967
1.1370819
1.1373341
1.1373973
1.1374113
1.1374141
1.1374146
1.1374146
1.1374147
1.1374147
1.1374147
1.1374147
1.1374147
1.1374147
1.1374147
1.1374147
1.1374147
1.1374147
1.1374147
1.1374147
1.1374147
1.1374147
1.1374147
1.1374147
1.1374147
1.1374147
1.1374147
1.1374147
1.1374147
1.1374147
1.1374147
1.1374147
1.1374147
1.1374147
0.99738231
1.0434221
1.0832662
1.1109727
1.1264363
1.1334953
1.1361966
1.1370819
1.1373341
1.1373973
1.1374113
1.1374141
1.1374146
1.1374146
1.1374146
1.1374147
1.1374147
1.1374147
1.1374147
1.1374147
1.1374147
1.1374147
1.1374147
1.1374147
1.1374147
1.1374147
1.1374147
1.1374147
1.1374147
1.1374147
1.1374147
1.1374147
1.1374147
1.1374147
1.1374147
1.1374147
1.1374147
1.1374147
1.1374147
1.1374147
0.99737917
1.0434164
1.0832609
1.1109694
1.126435
1.1334949
1.1361966
1.1370819
1.1373341
1.1373973
1.1374113
1.1374141
1.1374146
1.1374146
1.1374146
1.1374146
1.1374146
1.1374146
1.1374146
1.1374146
1.1374146
1.1374146
1.1374146
1.1374146
1.1374146
1.1374146
1.1374146
1.1374146
1.1374146
1.1374146
1.1374146
1.1374146
1.1374146
1.1374146
1.1374146
1.1374146
1.1374146
1.1374146
1.1374146
1.1374146
0.99737191
1.0434023
1.0832486
1.110962
1.1264318
1.1334939
1.1361964
1.1370818
1.1373341
1.1373973
1.1374113
1.1374141
1.1374146
1.1374146
1.1374146
1.1374146
1.1374146
1.1374146
1.1374146
1.1374146
1.1374146
1.1374146
1.1374146
1.1374146
1.1374146
1.1374146
1.1374146
1.1374146
1.1374146
1.1374146
1.1374146
1.1374146
1.1374146
1.1374146
1.1374146
1.1374146
1.1374146
1.1374146
1.1374146
1.1374146
)
;

boundaryField
{
    wall
    {
        type            calculated;
        value           nonuniform List<scalar> 
100
(
0.97492804
0.97492776
0.97492754
0.97492744
0.97492736
0.9749273
0.97492724
0.9749272
0.97492717
0.97492715
0.97492713
0.97492712
0.97492711
0.97492711
0.9749271
0.9749271
0.9749271
0.97492709
0.97492709
0.97492708
0.97492708
0.97492708
0.97492707
0.97492707
0.97492706
0.97492706
0.97492706
0.97492705
0.97492705
0.97492704
0.97492704
0.97492703
0.97492703
0.97492703
0.97492702
0.97492702
0.97492702
0.97492701
0.97492701
0.97492701
0.974927
0.974927
0.974927
0.974927
0.97492699
0.97492699
0.97492699
0.97492698
0.97492698
0.97492698
0.97492698
0.97492697
0.97492697
0.97492697
0.97492696
0.97492696
0.97492696
0.97492695
0.97492695
0.97492695
0.97492694
0.97492694
0.97492694
0.97492693
0.97492693
0.97492693
0.97492693
0.97492692
0.97492692
0.97492692
0.97492692
0.97492691
0.97492691
0.97492691
0.97492691
0.9749269
0.9749269
0.9749269
0.97492689
0.97492689
0.97492689
0.97492689
0.97492688
0.97492688
0.97492688
0.97492688
0.97492687
0.97492687
0.97492687
0.97492686
0.97492686
0.97492686
0.97492686
0.97492685
0.97492685
0.97492685
0.97492685
0.97492684
0.97492684
0.97492684
)
;
    }
    sides
    {
        type            calculated;
        value           nonuniform List<scalar> 
100
(
1.1374158
1.1374156
1.1374154
1.1374153
1.1374152
1.1374152
1.1374151
1.1374151
1.137415
1.137415
1.137415
1.137415
1.137415
1.137415
1.137415
1.1374149
1.1374149
1.1374149
1.1374149
1.1374149
1.1374149
1.1374149
1.1374149
1.1374149
1.1374149
1.1374149
1.1374149
1.1374149
1.1374149
1.1374149
1.1374149
1.1374149
1.1374149
1.1374149
1.1374149
1.1374149
1.1374149
1.1374149
1.1374148
1.1374148
1.1374148
1.1374148
1.1374148
1.1374148
1.1374148
1.1374148
1.1374148
1.1374148
1.1374148
1.1374148
1.1374148
1.1374148
1.1374148
1.1374148
1.1374148
1.1374148
1.1374148
1.1374148
1.1374148
1.1374148
1.1374148
1.1374148
1.1374148
1.1374148
1.1374148
1.1374148
1.1374147
1.1374147
1.1374147
1.1374147
1.1374147
1.1374147
1.1374147
1.1374147
1.1374147
1.1374147
1.1374147
1.1374147
1.1374147
1.1374147
1.1374147
1.1374147
1.1374147
1.1374147
1.1374147
1.1374147
1.1374147
1.1374147
1.1374147
1.1374147
1.1374147
1.1374147
1.1374147
1.1374147
1.1374147
1.1374147
1.1374147
1.1374147
1.1374146
1.1374146
)
;
    }
    frontAndBack
    {
        type            empty;
    }
    inlet
    {
        type            calculated;
        value           nonuniform List<scalar> 
40
(
1.137416
1.1374156
1.1374155
1.1374154
1.1374153
1.1374153
1.1374152
1.1374152
1.1374152
1.1374152
1.1374152
1.1374151
1.1374151
1.1374151
1.1374151
1.1374151
1.1374151
1.1374151
1.1374151
1.1374151
1.1374151
1.1374151
1.1374151
1.1374151
1.1374151
1.1374151
1.1374151
1.1374151
1.1374151
1.1374151
1.1374152
1.1374152
1.1374152
1.1374152
1.1374152
1.1374153
1.1374153
1.1374154
1.1374155
1.1374158
)
;
    }
    outlet
    {
        type            calculated;
        value           nonuniform List<scalar> 
40
(
0.99737191
1.0434023
1.0832486
1.110962
1.1264318
1.1334939
1.1361964
1.1370818
1.1373341
1.1373973
1.1374113
1.1374141
1.1374146
1.1374146
1.1374146
1.1374146
1.1374146
1.1374146
1.1374146
1.1374146
1.1374146
1.1374146
1.1374146
1.1374146
1.1374146
1.1374146
1.1374146
1.1374146
1.1374146
1.1374146
1.1374146
1.1374146
1.1374146
1.1374146
1.1374146
1.1374146
1.1374146
1.1374146
1.1374146
1.1374146
)
;
    }
}


// ************************************************************************* //
