/*--------------------------------*- C++ -*----------------------------------*\
  =========                 |
  \\      /  F ield         | OpenFOAM: The Open Source CFD Toolbox
   \\    /   O peration     | Website:  https://openfoam.org
    \\  /    A nd           | Version:  10
     \\/     M anipulation  |
\*---------------------------------------------------------------------------*/
FoamFile
{
    format      ascii;
    class       volScalarField;
    location    "0.12";
    object      T;
}
// * * * * * * * * * * * * * * * * * * * * * * * * * * * * * * * * * * * * * //

dimensions      [0 0 0 1 0 0 0];

internalField   nonuniform List<scalar> 
4000
(
303.10128
299.34296
299.99042
300.00082
299.99993
300
300
300
300
300
300
300
300
300
300
300
300
300
300
300
300
300
300
300
300
300
300
300
300
300
300
300
300
300
300
300
300
300
300
300
309.66305
298.49312
299.77927
300.00184
300.0008
299.99999
300
300
300
300
300
300
300
300
300
300
300
300
300
300
300
300
300
300
300
300
300
300
300
300
300
300
300
300
300
300
300
300
300
300
316.00325
298.68462
299.3924
299.97571
300.00406
300.00025
299.99999
300
300
300
300
300
300
300
300
300
300
300
300
300
300
300
300
300
300
300
300
300
300
300
300
300
300
300
300
300
300
300
300
300
321.74038
299.84552
298.98517
299.895
300.00716
300.00139
300
299.99999
300
300
300
300
300
300
300
300
300
300
300
300
300
300
300
300
300
300
300
300
300
300
300
300
300
300
300
300
300
300
300
300
326.66802
301.6992
298.71048
299.75337
300.00323
300.00378
300.00017
299.99998
300
300
300
300
300
300
300
300
300
300
300
300
300
300
300
300
300
300
300
300
300
300
300
300
300
300
300
300
300
300
300
300
330.68059
303.94529
298.66366
299.56878
299.98431
300.00695
300.00071
299.99997
299.99999
300
300
300
300
300
300
300
300
300
300
300
300
300
300
300
300
300
300
300
300
300
300
300
300
300
300
300
300
300
300
300
333.76841
306.32604
298.87085
299.37447
299.94532
300.00936
300.0018
300
299.99998
300
300
300
300
300
300
300
300
300
300
300
300
300
300
300
300
300
300
300
300
300
300
300
300
300
300
300
300
300
300
300
336.0143
308.6569
299.30686
299.20489
299.88611
300.00889
300.00344
300.00014
299.99997
300
300
300
300
300
300
300
300
300
300
300
300
300
300
300
300
300
300
300
300
300
300
300
300
300
300
300
300
300
300
300
337.56484
310.82703
299.92184
299.08591
299.81109
300.00354
300.00539
300.00046
299.99996
299.99999
300
300
300
300
300
300
300
300
300
300
300
300
300
300
300
300
300
300
300
300
300
300
300
300
300
300
300
300
300
300
338.59131
312.78366
300.66115
299.03192
299.7273
299.99201
300.00721
300.00099
299.99996
299.99998
300
300
300
300
300
300
300
300
300
300
300
300
300
300
300
300
300
300
300
300
300
300
300
300
300
300
300
300
300
300
339.25633
314.51387
301.4761
299.04722
299.64244
299.97391
300.00836
300.00174
300.00001
299.99997
300
300
300
300
300
300
300
300
300
300
300
300
300
300
300
300
300
300
300
300
300
300
300
300
300
300
300
300
300
300
339.69306
316.02885
302.3282
299.12906
299.56353
299.9497
300.0083
300.00266
300.00012
299.99996
300
300
300
300
300
300
300
300
300
300
300
300
300
300
300
300
300
300
300
300
300
300
300
300
300
300
300
300
300
300
339.99797
317.35194
303.18973
299.27063
299.49611
299.92047
300.0066
300.00364
300.0003
299.99996
299.99999
300
300
300
300
300
300
300
300
300
300
300
300
300
300
300
300
300
300
300
300
300
300
300
300
300
300
300
300
300
340.2336
318.5105
304.04216
299.46343
299.4441
299.8877
300.00297
300.00456
300.00055
299.99996
299.99999
300
300
300
300
300
300
300
300
300
300
300
300
300
300
300
300
300
300
300
300
300
300
300
300
300
300
300
300
300
340.43628
319.53119
304.874
299.6988
299.40988
299.85299
299.99728
300.00528
300.00089
299.99998
299.99998
300
300
300
300
300
300
300
300
300
300
300
300
300
300
300
300
300
300
300
300
300
300
300
300
300
300
300
300
300
340.62465
320.43766
305.67871
299.96866
299.39466
299.81794
299.98957
300.00566
300.00127
300.00003
299.99998
300
300
300
300
300
300
300
300
300
300
300
300
300
300
300
300
300
300
300
300
300
300
300
300
300
300
300
300
300
340.80663
321.24972
306.45303
300.26594
299.3987
299.78401
299.97998
300.00559
300.00169
300.00009
299.99997
300
300
300
300
300
300
300
300
300
300
300
300
300
300
300
300
300
300
300
300
300
300
300
300
300
300
300
300
300
340.98439
321.98332
307.19568
300.58456
299.42164
299.75246
299.96875
300.00497
300.00212
300.00018
299.99997
299.99999
300
300
300
300
300
300
300
300
300
300
300
300
300
300
300
300
300
300
300
300
300
300
300
300
300
300
300
300
341.1574
322.65099
307.90657
300.91942
299.46271
299.72437
299.95619
300.00373
300.0025
300.0003
299.99998
299.99999
300
300
300
300
300
300
300
300
300
300
300
300
300
300
300
300
300
300
300
300
300
300
300
300
300
300
300
300
341.32414
323.26236
308.58621
301.26623
299.52083
299.70061
299.94266
300.00184
300.00283
300.00044
299.99999
299.99999
300
300
300
300
300
300
300
300
300
300
300
300
300
300
300
300
300
300
300
300
300
300
300
300
300
300
300
300
341.48301
323.82479
309.23534
301.62136
299.59478
299.68187
299.92853
299.99929
300.00304
300.00059
300.00001
299.99999
300
300
300
300
300
300
300
300
300
300
300
300
300
300
300
300
300
300
300
300
300
300
300
300
300
300
300
300
341.6327
324.34382
309.8548
301.98175
299.68326
299.66866
299.91417
299.99609
300.00312
300.00076
300.00003
299.99999
300
300
300
300
300
300
300
300
300
300
300
300
300
300
300
300
300
300
300
300
300
300
300
300
300
300
300
300
341.77225
324.82364
310.44535
302.34475
299.78491
299.66132
299.89996
299.99228
300.00303
300.00093
300.00007
299.99999
300
300
300
300
300
300
300
300
300
300
300
300
300
300
300
300
300
300
300
300
300
300
300
300
300
300
300
300
341.90105
325.26738
311.00768
302.70809
299.89834
299.66009
299.88624
299.98794
300.00276
300.00109
300.00011
299.99999
300
300
300
300
300
300
300
300
300
300
300
300
300
300
300
300
300
300
300
300
300
300
300
300
300
300
300
300
342.01873
325.67737
311.5423
303.06972
300.02221
299.66505
299.87334
299.98312
300.00228
300.00123
300.00016
299.99999
300
300
300
300
300
300
300
300
300
300
300
300
300
300
300
300
300
300
300
300
300
300
300
300
300
300
300
300
342.12508
326.05529
312.0496
303.42786
300.15516
299.6762
299.86156
299.97793
300.00159
300.00134
300.00021
300
299.99999
300
300
300
300
300
300
300
300
300
300
300
300
300
300
300
300
300
300
300
300
300
300
300
300
300
300
300
342.2199
326.4023
312.52982
303.78084
300.29586
299.69346
299.85117
299.97247
300.00069
300.00142
300.00027
300.00001
299.99999
300
300
300
300
300
300
300
300
300
300
300
300
300
300
300
300
300
300
300
300
300
300
300
300
300
300
300
342.30304
326.71911
312.983
304.12714
300.44302
299.71662
299.84239
299.96685
299.99957
300.00145
300.00033
300.00002
299.99999
300
300
300
300
300
300
300
300
300
300
300
300
300
300
300
300
300
300
300
300
300
300
300
300
300
300
300
342.37433
327.006
313.409
304.46533
300.59535
299.74545
299.83543
299.96117
299.99824
300.00143
300.00039
300.00003
299.99999
300
300
300
300
300
300
300
300
300
300
300
300
300
300
300
300
300
300
300
300
300
300
300
300
300
300
300
342.43362
327.26291
313.80749
304.79401
300.75161
299.77963
299.83044
299.95555
299.99674
300.00135
300.00045
300.00005
300
300
300
300
300
300
300
300
300
300
300
300
300
300
300
300
300
300
300
300
300
300
300
300
300
300
300
300
342.48086
327.48943
314.17792
305.11183
300.91054
299.8188
299.82753
299.95011
299.99507
300.00121
300.0005
300.00006
300
300
300
300
300
300
300
300
300
300
300
300
300
300
300
300
300
300
300
300
300
300
300
300
300
300
300
300
342.51608
327.68497
314.51954
305.41742
301.07092
299.86253
299.8268
299.94494
299.99326
300.00099
300.00054
300.00008
300
300
300
300
300
300
300
300
300
300
300
300
300
300
300
300
300
300
300
300
300
300
300
300
300
300
300
300
342.53952
327.8488
314.8314
305.70943
301.23154
299.91036
299.82828
299.94014
299.99134
300.00071
300.00056
300.0001
300
300
300
300
300
300
300
300
300
300
300
300
300
300
300
300
300
300
300
300
300
300
300
300
300
300
300
300
342.55166
327.98029
315.11241
305.98647
301.3912
299.9618
299.83199
299.93582
299.98935
300.00036
300.00058
300.00012
300.00001
300
300
300
300
300
300
300
300
300
300
300
300
300
300
300
300
300
300
300
300
300
300
300
300
300
300
300
342.55328
328.07907
315.3614
306.24713
301.5487
300.01631
299.83788
299.93206
299.98732
299.99995
300.00057
300.00014
300.00001
300
300
300
300
300
300
300
300
300
300
300
300
300
300
300
300
300
300
300
300
300
300
300
300
300
300
300
342.54552
328.14537
315.57728
306.49004
301.70288
300.07334
299.84591
299.92891
299.98529
299.99948
300.00055
300.00015
300.00002
300
300
300
300
300
300
300
300
300
300
300
300
300
300
300
300
300
300
300
300
300
300
300
300
300
300
300
342.52988
328.18025
315.7592
306.71387
301.85257
300.1323
299.85598
299.92645
299.98329
299.99896
300.00051
300.00017
300.00002
300
300
300
300
300
300
300
300
300
300
300
300
300
300
300
300
300
300
300
300
300
300
300
300
300
300
300
342.50815
328.18588
315.90677
306.91745
301.9967
300.1926
299.86796
299.92472
299.98136
299.99839
300.00045
300.00018
300.00003
300
300
300
300
300
300
300
300
300
300
300
300
300
300
300
300
300
300
300
300
300
300
300
300
300
300
300
342.48235
328.1657
316.0203
307.0998
302.13424
300.25366
299.88171
299.92374
299.97954
299.99778
300.00037
300.00019
300.00003
300
300
300
300
300
300
300
300
300
300
300
300
300
300
300
300
300
300
300
300
300
300
300
300
300
300
300
342.45457
328.12442
316.10101
307.26033
302.26428
300.3149
299.89704
299.92353
299.97785
299.99715
300.00027
300.00019
300.00004
300
300
300
300
300
300
300
300
300
300
300
300
300
300
300
300
300
300
300
300
300
300
300
300
300
300
300
342.42679
328.06779
316.15123
307.39885
302.38607
300.37575
299.91378
299.92408
299.97632
299.9965
300.00015
300.00019
300.00004
300
300
300
300
300
300
300
300
300
300
300
300
300
300
300
300
300
300
300
300
300
300
300
300
300
300
300
342.40066
328.00219
316.17436
307.51576
302.49903
300.43572
299.9317
299.92539
299.97497
299.99585
300.00002
300.00019
300.00005
300
300
300
300
300
300
300
300
300
300
300
300
300
300
300
300
300
300
300
300
300
300
300
300
300
300
300
342.37737
327.93396
316.17488
307.61205
302.60285
300.49433
299.95062
299.92743
299.97383
299.99521
299.99987
300.00018
300.00005
300.00001
300
300
300
300
300
300
300
300
300
300
300
300
300
300
300
300
300
300
300
300
300
300
300
300
300
300
342.35756
327.86867
316.15799
307.68936
302.69744
300.55122
299.97031
299.93015
299.9729
299.99458
299.9997
300.00016
300.00005
300.00001
300
300
300
300
300
300
300
300
300
300
300
300
300
300
300
300
300
300
300
300
300
300
300
300
300
300
342.34127
327.81052
316.12927
307.74985
302.78301
300.60607
299.99056
299.9335
299.97219
299.99397
299.99953
300.00014
300.00006
300.00001
300
300
300
300
300
300
300
300
300
300
300
300
300
300
300
300
300
300
300
300
300
300
300
300
300
300
342.32806
327.76187
316.0942
307.79614
302.86
300.65867
300.01118
299.93741
299.9717
299.99339
299.99934
300.00011
300.00006
300.00001
300
300
300
300
300
300
300
300
300
300
300
300
300
300
300
300
300
300
300
300
300
300
300
300
300
300
342.31713
327.72317
316.05768
307.83108
302.92908
300.70889
300.032
299.94183
299.97142
299.99285
299.99916
300.00008
300.00006
300.00001
300
300
300
300
300
300
300
300
300
300
300
300
300
300
300
300
300
300
300
300
300
300
300
300
300
300
342.30751
327.69314
316.02362
307.85755
302.99105
300.7567
300.05285
299.94669
299.97136
299.99235
299.99896
300.00004
300.00006
300.00001
300
300
300
300
300
300
300
300
300
300
300
300
300
300
300
300
300
300
300
300
300
300
300
300
300
300
342.29825
327.66927
315.99458
307.87828
303.04678
300.8021
300.07363
299.95194
299.9715
299.9919
299.99877
300
300.00005
300.00001
300
300
300
300
300
300
300
300
300
300
300
300
300
300
300
300
300
300
300
300
300
300
300
300
300
300
342.28854
327.64838
315.97158
307.89563
303.09718
300.84515
300.09425
299.95757
299.97187
299.99151
299.99858
299.99996
300.00005
300.00001
300
300
300
300
300
300
300
300
300
300
300
300
300
300
300
300
300
300
300
300
300
300
300
300
300
300
342.27783
327.62724
315.95407
307.91148
303.14317
300.88597
300.11466
299.96354
299.97247
299.99118
299.9984
299.99991
300.00004
300.00001
300
300
300
300
300
300
300
300
300
300
300
300
300
300
300
300
300
300
300
300
300
300
300
300
300
300
342.26584
327.60305
315.94007
307.92707
303.18565
300.9247
300.13479
299.96982
299.97329
299.99093
299.99822
299.99987
300.00004
300.00001
300
300
300
300
300
300
300
300
300
300
300
300
300
300
300
300
300
300
300
300
300
300
300
300
300
300
342.25257
327.57379
315.92643
307.9428
303.2255
300.96155
300.15457
299.97634
299.9743
299.99074
299.99806
299.99982
300.00003
300.00001
300
300
300
300
300
300
300
300
300
300
300
300
300
300
300
300
300
300
300
300
300
300
300
300
300
300
342.23826
327.5384
315.90933
307.95816
303.26346
300.99682
300.17391
299.98294
299.97543
299.9906
299.9979
299.99976
300.00002
300.00001
300
300
300
300
300
300
300
300
300
300
300
300
300
300
300
300
300
300
300
300
300
300
300
300
300
300
342.22331
327.4968
315.88487
307.97155
303.29995
301.03081
300.19271
299.98945
299.97656
299.99045
299.99774
299.99971
300.00001
300.00001
300
300
300
300
300
300
300
300
300
300
300
300
300
300
300
300
300
300
300
300
300
300
300
300
300
300
342.2082
327.44978
315.84975
307.98035
303.3348
301.0638
300.21095
299.99569
299.97756
299.99026
299.99756
299.99966
300
300.00001
300
300
300
300
300
300
300
300
300
300
300
300
300
300
300
300
300
300
300
300
300
300
300
300
300
300
342.19343
327.39884
315.80185
307.9812
303.36705
301.09588
300.22863
300.00154
299.97834
299.98997
299.99736
299.9996
299.99999
300.00001
300
300
300
300
300
300
300
300
300
300
300
300
300
300
300
300
300
300
300
300
300
300
300
300
300
300
342.17945
327.34591
315.74071
307.97053
303.39481
301.12676
300.24586
300.00701
299.97887
299.98956
299.99712
299.99954
299.99999
300.00002
300.00001
300
300
300
300
300
300
300
300
300
300
300
300
300
300
300
300
300
300
300
300
300
300
300
300
300
342.16664
327.29312
315.66767
307.9453
303.41546
301.15572
300.26273
300.01231
299.97924
299.98907
299.99686
299.99947
299.99998
300.00002
300.00001
300
300
300
300
300
300
300
300
300
300
300
300
300
300
300
300
300
300
300
300
300
300
300
300
300
342.15525
327.24253
315.58569
307.90376
303.4261
301.1815
300.27927
300.01777
299.97967
299.98857
299.99658
299.9994
299.99997
300.00002
300.00001
300
300
300
300
300
300
300
300
300
300
300
300
300
300
300
300
300
300
300
300
300
300
300
300
300
342.14543
327.19586
315.49886
307.84608
303.42423
301.20254
300.29533
300.02378
299.98048
299.9882
299.99633
299.99933
299.99997
300.00002
300.00001
300
300
300
300
300
300
300
300
300
300
300
300
300
300
300
300
300
300
300
300
300
300
300
300
300
342.13721
327.15443
315.41178
307.77452
303.40845
301.21727
300.31055
300.03064
299.982
299.98812
299.99615
299.99927
299.99996
300.00002
300.00001
300
300
300
300
300
300
300
300
300
300
300
300
300
300
300
300
300
300
300
300
300
300
300
300
300
342.13054
327.11898
315.32884
307.69313
303.37897
301.22451
300.32436
300.03846
299.9845
299.9885
299.9961
299.99923
299.99995
300.00002
300.00001
300
300
300
300
300
300
300
300
300
300
300
300
300
300
300
300
300
300
300
300
300
300
300
300
300
342.12529
327.08977
315.25361
307.60714
303.33771
301.22385
300.33613
300.04706
299.98803
299.9894
299.99621
299.99921
299.99994
300.00002
300.00001
300
300
300
300
300
300
300
300
300
300
300
300
300
300
300
300
300
300
300
300
300
300
300
300
300
342.1213
327.0666
315.18854
307.52201
303.28802
301.21576
300.34533
300.05602
299.99246
299.99084
299.99651
299.99924
299.99993
300.00002
300.00001
300
300
300
300
300
300
300
300
300
300
300
300
300
300
300
300
300
300
300
300
300
300
300
300
300
342.11836
327.04891
315.13479
307.44258
303.23402
301.20157
300.35163
300.06477
299.99747
299.99268
299.99696
299.99929
299.99993
300.00001
300.00001
300
300
300
300
300
300
300
300
300
300
300
300
300
300
300
300
300
300
300
300
300
300
300
300
300
342.11629
327.03595
315.09233
307.37244
303.17984
301.18315
300.35504
300.07271
300.00261
299.99477
299.99752
299.99938
299.99993
300.00001
300.00001
300
300
300
300
300
300
300
300
300
300
300
300
300
300
300
300
300
300
300
300
300
300
300
300
300
342.11491
327.02684
315.06025
307.31363
303.12903
301.16257
300.35583
300.07938
300.00746
299.99688
299.99814
299.99949
299.99993
300
300
300
300
300
300
300
300
300
300
300
300
300
300
300
300
300
300
300
300
300
300
300
300
300
300
300
342.11404
327.02074
315.03704
307.26668
303.08411
301.14173
300.35451
300.08454
300.01168
299.99883
299.99874
299.99961
299.99994
300
300
300
300
300
300
300
300
300
300
300
300
300
300
300
300
300
300
300
300
300
300
300
300
300
300
300
342.11354
327.01685
315.02093
307.23087
303.04642
301.12215
300.35171
300.08816
300.01508
300.0005
299.99929
299.99972
299.99995
300
300
300
300
300
300
300
300
300
300
300
300
300
300
300
300
300
300
300
300
300
300
300
300
300
300
300
342.1133
327.01453
315.01017
307.20468
303.01625
301.10483
300.34805
300.09038
300.01761
300.00182
299.99974
299.99983
299.99996
300
300
300
300
300
300
300
300
300
300
300
300
300
300
300
300
300
300
300
300
300
300
300
300
300
300
300
342.11323
327.01324
315.00319
307.18619
302.99308
301.09025
300.34408
300.09149
300.01935
300.0028
300.00009
299.99991
299.99997
300
300
300
300
300
300
300
300
300
300
300
300
300
300
300
300
300
300
300
300
300
300
300
300
300
300
300
342.11326
327.01259
314.99873
307.17348
302.97587
301.07848
300.34022
300.09181
300.02045
300.00348
300.00035
299.99998
299.99998
300
300
300
300
300
300
300
300
300
300
300
300
300
300
300
300
300
300
300
300
300
300
300
300
300
300
300
342.11334
327.01232
314.99586
307.16481
302.9634
301.06931
300.33674
300.09162
300.02107
300.00392
300.00053
300.00003
299.99999
300
300
300
300
300
300
300
300
300
300
300
300
300
300
300
300
300
300
300
300
300
300
300
300
300
300
300
342.11346
327.01224
314.99394
307.15882
302.95447
301.06233
300.33377
300.09118
300.02137
300.00419
300.00065
300.00007
300
300
300
300
300
300
300
300
300
300
300
300
300
300
300
300
300
300
300
300
300
300
300
300
300
300
300
300
342.11358
327.01227
314.99255
307.15452
302.94803
301.05709
300.33134
300.09066
300.02148
300.00434
300.00072
300.00009
300.00001
300
300
300
300
300
300
300
300
300
300
300
300
300
300
300
300
300
300
300
300
300
300
300
300
300
300
300
342.1137
327.01233
314.99146
307.15126
302.94327
301.05316
300.32942
300.09015
300.02149
300.00442
300.00077
300.00011
300.00001
300
300
300
300
300
300
300
300
300
300
300
300
300
300
300
300
300
300
300
300
300
300
300
300
300
300
300
342.11382
327.01241
314.99055
307.14863
302.93962
301.05017
300.32791
300.0897
300.02146
300.00446
300.0008
300.00012
300.00001
300
300
300
300
300
300
300
300
300
300
300
300
300
300
300
300
300
300
300
300
300
300
300
300
300
300
300
342.11394
327.01251
314.98978
307.14641
302.93669
301.04785
300.32673
300.08933
300.02142
300.00449
300.00081
300.00013
300.00002
300
300
300
300
300
300
300
300
300
300
300
300
300
300
300
300
300
300
300
300
300
300
300
300
300
300
300
342.11406
327.01262
314.98912
307.14451
302.93427
301.04598
300.32581
300.08904
300.02138
300.0045
300.00083
300.00013
300.00002
300
300
300
300
300
300
300
300
300
300
300
300
300
300
300
300
300
300
300
300
300
300
300
300
300
300
300
342.11418
327.01275
314.98857
307.14287
302.93221
301.04445
300.32506
300.08881
300.02135
300.00451
300.00084
300.00013
300.00002
300
300
300
300
300
300
300
300
300
300
300
300
300
300
300
300
300
300
300
300
300
300
300
300
300
300
300
342.11431
327.0129
314.98813
307.14147
302.93045
301.04317
300.32445
300.08863
300.02132
300.00452
300.00084
300.00014
300.00002
300
300
300
300
300
300
300
300
300
300
300
300
300
300
300
300
300
300
300
300
300
300
300
300
300
300
300
342.11445
327.01309
314.9878
307.14028
302.92895
301.04208
300.32395
300.08848
300.02131
300.00453
300.00085
300.00014
300.00002
300
300
300
300
300
300
300
300
300
300
300
300
300
300
300
300
300
300
300
300
300
300
300
300
300
300
300
342.11459
327.01332
314.98757
307.13929
302.92767
301.04115
300.32352
300.08836
300.02129
300.00454
300.00085
300.00014
300.00002
300
300
300
300
300
300
300
300
300
300
300
300
300
300
300
300
300
300
300
300
300
300
300
300
300
300
300
342.11476
327.01359
314.98745
307.13848
302.92659
301.04037
300.32316
300.08826
300.02128
300.00454
300.00086
300.00014
300.00002
300
300
300
300
300
300
300
300
300
300
300
300
300
300
300
300
300
300
300
300
300
300
300
300
300
300
300
342.11493
327.01391
314.98743
307.13785
302.92569
301.0397
300.32286
300.08817
300.02128
300.00455
300.00086
300.00015
300.00002
300
300
300
300
300
300
300
300
300
300
300
300
300
300
300
300
300
300
300
300
300
300
300
300
300
300
300
342.11513
327.01429
314.9875
307.13736
302.92495
301.03914
300.3226
300.0881
300.02127
300.00455
300.00087
300.00015
300.00002
300
300
300
300
300
300
300
300
300
300
300
300
300
300
300
300
300
300
300
300
300
300
300
300
300
300
300
342.11535
327.01472
314.98767
307.13702
302.92435
301.03868
300.32238
300.08804
300.02126
300.00456
300.00087
300.00015
300.00002
300
300
300
300
300
300
300
300
300
300
300
300
300
300
300
300
300
300
300
300
300
300
300
300
300
300
300
342.11559
327.01521
314.98794
307.1368
302.92387
301.03829
300.3222
300.08798
300.02126
300.00456
300.00087
300.00015
300.00002
300
300
300
300
300
300
300
300
300
300
300
300
300
300
300
300
300
300
300
300
300
300
300
300
300
300
300
342.11586
327.01577
314.98831
307.1367
302.9235
301.03798
300.32204
300.08794
300.02125
300.00456
300.00087
300.00015
300.00002
300
300
300
300
300
300
300
300
300
300
300
300
300
300
300
300
300
300
300
300
300
300
300
300
300
300
300
342.11616
327.01641
314.98879
307.13672
302.92323
301.03772
300.32192
300.0879
300.02125
300.00457
300.00088
300.00015
300.00002
300
300
300
300
300
300
300
300
300
300
300
300
300
300
300
300
300
300
300
300
300
300
300
300
300
300
300
342.1165
327.01713
314.98937
307.13685
302.92306
301.03753
300.32182
300.08787
300.02125
300.00457
300.00088
300.00015
300.00002
300
300
300
300
300
300
300
300
300
300
300
300
300
300
300
300
300
300
300
300
300
300
300
300
300
300
300
342.11688
327.01795
314.99007
307.1371
302.92298
301.03738
300.32174
300.08785
300.02124
300.00457
300.00088
300.00015
300.00002
300
300
300
300
300
300
300
300
300
300
300
300
300
300
300
300
300
300
300
300
300
300
300
300
300
300
300
342.11732
327.01888
314.99089
307.13746
302.92298
301.03729
300.32168
300.08783
300.02124
300.00457
300.00088
300.00015
300.00002
300
300
300
300
300
300
300
300
300
300
300
300
300
300
300
300
300
300
300
300
300
300
300
300
300
300
300
342.11781
327.01994
314.99186
307.13794
302.92306
301.03724
300.32163
300.08782
300.02124
300.00457
300.00088
300.00015
300.00002
300
300
300
300
300
300
300
300
300
300
300
300
300
300
300
300
300
300
300
300
300
300
300
300
300
300
300
342.11839
327.02116
314.99299
307.13855
302.92323
301.03723
300.32161
300.08781
300.02124
300.00458
300.00088
300.00015
300.00002
300
300
300
300
300
300
300
300
300
300
300
300
300
300
300
300
300
300
300
300
300
300
300
300
300
300
300
342.11908
327.02257
314.99429
307.13928
302.92347
301.03726
300.3216
300.0878
300.02124
300.00458
300.00088
300.00015
300.00002
300
300
300
300
300
300
300
300
300
300
300
300
300
300
300
300
300
300
300
300
300
300
300
300
300
300
300
342.11996
327.02431
314.99588
307.14021
302.92382
301.03734
300.3216
300.0878
300.02124
300.00458
300.00088
300.00015
300.00002
300
300
300
300
300
300
300
300
300
300
300
300
300
300
300
300
300
300
300
300
300
300
300
300
300
300
300
342.12104
327.02609
314.99743
307.14112
302.92418
301.03742
300.32161
300.0878
300.02124
300.00458
300.00088
300.00015
300.00002
300
300
300
300
300
300
300
300
300
300
300
300
300
300
300
300
300
300
300
300
300
300
300
300
300
300
300
342.12353
327.03051
315.001
307.14317
302.92504
301.03769
300.32167
300.08781
300.02125
300.00458
300.00088
300.00015
300.00002
300
300
300
300
300
300
300
300
300
300
300
300
300
300
300
300
300
300
300
300
300
300
300
300
300
300
300
)
;

boundaryField
{
    wall
    {
        type            fixedValue;
        value           uniform 350;
    }
    sides
    {
        type            zeroGradient;
    }
    frontAndBack
    {
        type            empty;
    }
    inlet
    {
        type            fixedValue;
        value           uniform 300;
    }
    outlet
    {
        type            zeroGradient;
    }
}


// ************************************************************************* //
