/*--------------------------------*- C++ -*----------------------------------*\
  =========                 |
  \\      /  F ield         | OpenFOAM: The Open Source CFD Toolbox
   \\    /   O peration     | Website:  https://openfoam.org
    \\  /    A nd           | Version:  10
     \\/     M anipulation  |
\*---------------------------------------------------------------------------*/
FoamFile
{
    format      ascii;
    class       volScalarField;
    location    "0.12";
    object      rho_0;
}
// * * * * * * * * * * * * * * * * * * * * * * * * * * * * * * * * * * * * * //

dimensions      [1 -3 0 0 0 0 0];

internalField   nonuniform List<scalar> 
4000
(
1.1257782
1.1399121
1.1374518
1.1374123
1.1374156
1.1374153
1.1374152
1.1374152
1.1374152
1.1374152
1.1374152
1.1374151
1.1374151
1.1374151
1.1374151
1.1374151
1.1374151
1.1374151
1.1374151
1.1374151
1.1374151
1.1374151
1.1374151
1.1374151
1.1374151
1.1374151
1.1374151
1.1374151
1.1374151
1.1374151
1.1374152
1.1374152
1.1374152
1.1374152
1.1374152
1.1374153
1.1374153
1.1374154
1.1374155
1.1374158
1.1019226
1.1431575
1.1382529
1.1374084
1.1374123
1.1374153
1.1374152
1.1374152
1.1374152
1.1374152
1.1374152
1.1374151
1.1374151
1.1374151
1.1374151
1.1374151
1.1374151
1.1374151
1.1374151
1.1374151
1.1374151
1.1374151
1.1374151
1.1374151
1.1374151
1.1374151
1.1374151
1.1374151
1.1374151
1.1374151
1.1374152
1.1374152
1.1374152
1.1374152
1.1374152
1.1374153
1.1374153
1.1374154
1.1374154
1.1374155
1.0798138
1.1424245
1.1397237
1.1375074
1.1373999
1.1374143
1.1374153
1.1374152
1.1374152
1.1374152
1.1374152
1.1374151
1.1374151
1.1374151
1.1374151
1.1374151
1.1374151
1.1374151
1.1374151
1.1374151
1.1374151
1.1374151
1.1374151
1.1374151
1.1374151
1.1374151
1.1374151
1.1374151
1.1374151
1.1374151
1.1374152
1.1374152
1.1374152
1.1374152
1.1374152
1.1374153
1.1374153
1.1374154
1.1374154
1.1374153
1.0605591
1.1380015
1.141276
1.1378135
1.1373881
1.13741
1.1374152
1.1374152
1.1374152
1.1374152
1.1374151
1.1374151
1.1374151
1.1374151
1.1374151
1.1374151
1.1374151
1.1374151
1.1374151
1.1374151
1.1374151
1.1374151
1.1374151
1.1374151
1.1374151
1.1374151
1.1374151
1.1374151
1.1374151
1.1374151
1.1374151
1.1374152
1.1374152
1.1374152
1.1374152
1.1374152
1.1374153
1.1374153
1.1374153
1.1374152
1.0445611
1.1310095
1.1423254
1.1383511
1.137403
1.1374009
1.1374145
1.1374153
1.1374152
1.1374152
1.1374151
1.1374151
1.1374151
1.1374151
1.1374151
1.1374151
1.1374151
1.1374151
1.1374151
1.1374151
1.1374151
1.1374151
1.1374151
1.1374151
1.1374151
1.1374151
1.1374151
1.1374151
1.1374151
1.1374151
1.1374151
1.1374151
1.1374152
1.1374152
1.1374152
1.1374152
1.1374153
1.1374153
1.1374153
1.1374151
1.0318863
1.1226518
1.1425045
1.1390524
1.1374747
1.1373888
1.1374125
1.1374153
1.1374152
1.1374151
1.1374151
1.1374151
1.1374151
1.1374151
1.1374151
1.1374151
1.1374151
1.1374151
1.1374151
1.1374151
1.1374151
1.1374151
1.1374151
1.1374151
1.1374151
1.1374151
1.1374151
1.1374151
1.1374151
1.1374151
1.1374151
1.1374151
1.1374152
1.1374152
1.1374152
1.1374152
1.1374152
1.1374153
1.1374152
1.137415
1.0223401
1.1139269
1.1417125
1.1397917
1.1376225
1.1373797
1.1374083
1.1374151
1.1374152
1.1374151
1.1374151
1.1374151
1.1374151
1.1374151
1.1374151
1.1374151
1.1374151
1.1374151
1.1374151
1.1374151
1.1374151
1.1374151
1.1374151
1.1374151
1.1374151
1.1374151
1.1374151
1.1374151
1.1374151
1.1374151
1.1374151
1.1374151
1.1374151
1.1374152
1.1374152
1.1374152
1.1374152
1.1374152
1.1374151
1.137415
1.0155071
1.1055154
1.1400494
1.1404376
1.1378471
1.1373815
1.1374021
1.1374146
1.1374153
1.1374151
1.1374151
1.1374151
1.1374151
1.1374151
1.1374151
1.1374151
1.1374151
1.1374151
1.1374151
1.1374151
1.1374151
1.1374151
1.1374151
1.1374151
1.1374151
1.1374151
1.1374151
1.1374151
1.1374151
1.1374151
1.1374151
1.1374151
1.1374151
1.1374151
1.1374152
1.1374152
1.1374152
1.1374152
1.1374151
1.1374149
1.0108428
1.0977974
1.137712
1.1408912
1.1381317
1.1374017
1.1373947
1.1374134
1.1374153
1.1374151
1.1374151
1.1374151
1.1374151
1.1374151
1.1374151
1.1374151
1.1374151
1.1374151
1.1374151
1.1374151
1.1374151
1.1374151
1.1374151
1.1374151
1.1374151
1.1374151
1.1374151
1.1374151
1.1374151
1.1374151
1.1374151
1.1374151
1.1374151
1.1374151
1.1374151
1.1374152
1.1374152
1.1374151
1.137415
1.1374149
1.0077786
1.0909307
1.1349148
1.1410971
1.1384498
1.1374454
1.1373878
1.1374114
1.1374152
1.1374152
1.1374151
1.1374151
1.1374151
1.1374151
1.1374151
1.1374151
1.1374151
1.1374151
1.1374151
1.1374151
1.1374151
1.1374151
1.1374151
1.1374151
1.1374151
1.1374151
1.1374151
1.1374151
1.1374151
1.1374151
1.1374151
1.1374151
1.1374151
1.1374151
1.1374151
1.1374151
1.1374151
1.1374151
1.137415
1.1374149
1.0058034
1.08493
1.1318474
1.1410388
1.1387721
1.137514
1.1373834
1.1374085
1.1374151
1.1374152
1.1374151
1.1374151
1.1374151
1.1374151
1.1374151
1.1374151
1.1374151
1.1374151
1.1374151
1.1374151
1.1374151
1.1374151
1.1374151
1.1374151
1.1374151
1.1374151
1.1374151
1.1374151
1.1374151
1.1374151
1.1374151
1.1374151
1.1374151
1.1374151
1.1374151
1.1374151
1.1374151
1.1374151
1.1374149
1.1374148
1.0045107
1.07973
1.128658
1.1407267
1.139072
1.1376058
1.1373836
1.137405
1.1374146
1.1374152
1.1374151
1.1374151
1.1374151
1.1374151
1.1374151
1.1374151
1.1374151
1.1374151
1.1374151
1.1374151
1.1374151
1.1374151
1.1374151
1.1374151
1.1374151
1.1374151
1.1374151
1.1374151
1.1374151
1.1374151
1.1374151
1.1374151
1.1374151
1.1374151
1.1374151
1.1374151
1.1374151
1.1374151
1.1374149
1.1374148
1.0036103
1.0752295
1.1254517
1.1401872
1.1393283
1.1377166
1.1373901
1.1374013
1.137414
1.1374152
1.1374151
1.1374151
1.1374151
1.1374151
1.1374151
1.1374151
1.1374151
1.1374151
1.1374151
1.1374151
1.1374151
1.1374151
1.1374151
1.1374151
1.1374151
1.1374151
1.1374151
1.1374151
1.1374151
1.1374151
1.1374151
1.1374151
1.1374151
1.1374151
1.1374151
1.1374151
1.1374151
1.137415
1.1374149
1.1374148
1.0029158
1.0713197
1.1222974
1.1394534
1.1395261
1.1378408
1.1374038
1.1373978
1.137413
1.1374152
1.1374151
1.1374151
1.1374151
1.1374151
1.1374151
1.1374151
1.1374151
1.1374151
1.137415
1.137415
1.137415
1.137415
1.137415
1.137415
1.137415
1.1374151
1.1374151
1.1374151
1.1374151
1.1374151
1.1374151
1.1374151
1.1374151
1.1374151
1.1374151
1.1374151
1.1374151
1.137415
1.1374149
1.1374148
1.0023194
1.0678989
1.1192364
1.138559
1.1396562
1.1379724
1.1374254
1.1373951
1.1374117
1.1374151
1.1374151
1.1374151
1.1374151
1.1374151
1.137415
1.137415
1.137415
1.137415
1.137415
1.137415
1.137415
1.137415
1.137415
1.137415
1.137415
1.137415
1.137415
1.137415
1.1374151
1.1374151
1.1374151
1.1374151
1.1374151
1.1374151
1.1374151
1.1374151
1.1374151
1.137415
1.1374149
1.1374148
1.0017659
1.0648796
1.1162915
1.1375353
1.1397141
1.1381053
1.1374546
1.1373936
1.1374102
1.137415
1.1374151
1.1374151
1.137415
1.137415
1.137415
1.137415
1.137415
1.137415
1.137415
1.137415
1.137415
1.137415
1.137415
1.137415
1.137415
1.137415
1.137415
1.137415
1.137415
1.137415
1.137415
1.1374151
1.1374151
1.1374151
1.1374151
1.1374151
1.1374151
1.137415
1.1374148
1.1374148
1.001232
1.0621898
1.1134728
1.1364098
1.1396987
1.138234
1.1374909
1.1373939
1.1374086
1.1374147
1.1374151
1.1374151
1.137415
1.137415
1.137415
1.137415
1.137415
1.137415
1.137415
1.137415
1.137415
1.137415
1.137415
1.137415
1.137415
1.137415
1.137415
1.137415
1.137415
1.137415
1.137415
1.137415
1.137415
1.1374151
1.1374151
1.1374151
1.137415
1.1374149
1.1374148
1.1374148
1.0007113
1.0597719
1.110783
1.1352062
1.1396114
1.1383537
1.1375334
1.1373962
1.137407
1.1374143
1.1374151
1.1374151
1.137415
1.137415
1.137415
1.137415
1.137415
1.137415
1.137415
1.137415
1.137415
1.137415
1.137415
1.137415
1.137415
1.137415
1.137415
1.137415
1.137415
1.137415
1.137415
1.137415
1.137415
1.1374151
1.1374151
1.1374151
1.137415
1.1374149
1.1374148
1.1374148
1.0002054
1.0575816
1.1082209
1.1339442
1.1394553
1.1384602
1.137581
1.1374009
1.1374056
1.1374139
1.1374151
1.1374151
1.137415
1.137415
1.137415
1.137415
1.137415
1.137415
1.137415
1.137415
1.137415
1.137415
1.137415
1.137415
1.137415
1.137415
1.137415
1.137415
1.137415
1.137415
1.137415
1.137415
1.137415
1.137415
1.1374151
1.1374151
1.137415
1.1374149
1.1374148
1.1374148
0.99971866
1.0555846
1.1057831
1.1326403
1.1392344
1.1385503
1.1376322
1.1374081
1.1374043
1.1374134
1.1374151
1.1374151
1.137415
1.137415
1.137415
1.137415
1.137415
1.137415
1.137415
1.137415
1.137415
1.137415
1.137415
1.137415
1.137415
1.137415
1.137415
1.137415
1.137415
1.137415
1.137415
1.137415
1.137415
1.137415
1.1374151
1.137415
1.137415
1.1374149
1.1374148
1.1374148
0.99925588
1.053755
1.1034653
1.1313086
1.1389535
1.1386213
1.1376856
1.1374177
1.1374035
1.1374128
1.137415
1.1374151
1.137415
1.137415
1.137415
1.137415
1.137415
1.137415
1.137415
1.137415
1.137415
1.137415
1.137415
1.137415
1.137415
1.137415
1.137415
1.137415
1.137415
1.137415
1.137415
1.137415
1.137415
1.137415
1.137415
1.137415
1.137415
1.1374149
1.1374148
1.1374148
0.99882091
1.0520731
1.1012632
1.1299607
1.1386178
1.1386713
1.13774
1.1374298
1.1374032
1.1374122
1.1374149
1.1374151
1.137415
1.137415
1.137415
1.137415
1.137415
1.137415
1.137415
1.137415
1.137415
1.137415
1.137415
1.137415
1.137415
1.137415
1.137415
1.137415
1.137415
1.137415
1.137415
1.137415
1.137415
1.137415
1.137415
1.137415
1.137415
1.1374149
1.1374148
1.1374148
0.99841649
1.0505243
1.0991729
1.1286067
1.1382324
1.1386991
1.1377937
1.1374442
1.1374035
1.1374115
1.1374148
1.1374151
1.137415
1.137415
1.137415
1.137415
1.137415
1.137415
1.137415
1.137415
1.137415
1.137415
1.137415
1.137415
1.137415
1.137415
1.137415
1.137415
1.137415
1.137415
1.137415
1.137415
1.137415
1.137415
1.137415
1.137415
1.137415
1.1374149
1.1374148
1.1374148
0.99804437
1.0490975
1.097191
1.1272553
1.1378028
1.1387036
1.1378456
1.1374606
1.1374046
1.1374109
1.1374146
1.1374151
1.137415
1.137415
1.137415
1.137415
1.137415
1.137415
1.137415
1.137415
1.137415
1.137415
1.137415
1.137415
1.137415
1.137415
1.137415
1.137415
1.137415
1.137415
1.137415
1.137415
1.137415
1.137415
1.137415
1.137415
1.137415
1.1374149
1.1374148
1.1374148
0.99770563
1.0477843
1.0953146
1.125914
1.1373343
1.1386847
1.1378943
1.1374788
1.1374064
1.1374104
1.1374144
1.137415
1.137415
1.137415
1.137415
1.137415
1.137415
1.137415
1.137415
1.137415
1.137415
1.137415
1.137415
1.137415
1.137415
1.137415
1.137415
1.137415
1.137415
1.137415
1.137415
1.137415
1.137415
1.137415
1.137415
1.137415
1.1374149
1.1374148
1.1374148
1.1374148
0.99740092
1.0465788
1.0935413
1.1245895
1.136832
1.1386423
1.1379388
1.1374984
1.137409
1.1374099
1.1374142
1.137415
1.137415
1.137415
1.137415
1.137415
1.137415
1.137415
1.137415
1.137415
1.137415
1.137415
1.137415
1.137415
1.137415
1.137415
1.137415
1.137415
1.137415
1.137415
1.137415
1.137415
1.137415
1.137415
1.137415
1.137415
1.1374149
1.1374148
1.1374148
1.1374148
0.9971308
1.0454767
1.0918698
1.1232881
1.1363012
1.1385769
1.137978
1.137519
1.1374124
1.1374096
1.137414
1.137415
1.137415
1.137415
1.137415
1.137415
1.137415
1.137415
1.137415
1.137415
1.137415
1.137415
1.137415
1.137415
1.137415
1.137415
1.137415
1.137415
1.137415
1.137415
1.137415
1.137415
1.137415
1.137415
1.137415
1.137415
1.1374149
1.1374148
1.1374148
1.1374148
0.99689577
1.0444755
1.090299
1.1220151
1.1357469
1.138489
1.138011
1.1375402
1.1374166
1.1374095
1.1374137
1.1374149
1.137415
1.137415
1.137415
1.137415
1.137415
1.137415
1.137415
1.137415
1.137415
1.137415
1.137415
1.137415
1.137415
1.137415
1.137415
1.137415
1.137415
1.137415
1.137415
1.137415
1.137415
1.137415
1.137415
1.137415
1.1374149
1.1374148
1.1374148
1.1374148
0.99669628
1.043574
1.088829
1.120776
1.1351741
1.1383799
1.1380372
1.1375615
1.1374216
1.1374096
1.1374135
1.1374149
1.137415
1.137415
1.137415
1.137415
1.137415
1.137415
1.137415
1.137415
1.137415
1.137415
1.137415
1.137415
1.137415
1.137415
1.137415
1.137415
1.137415
1.137415
1.137415
1.137415
1.137415
1.137415
1.137415
1.137415
1.1374149
1.1374148
1.1374148
1.1374147
0.99653269
1.0427723
1.0874603
1.1195757
1.1345877
1.1382505
1.1380559
1.1375827
1.1374273
1.1374099
1.1374133
1.1374148
1.137415
1.137415
1.137415
1.137415
1.137415
1.137415
1.137415
1.137415
1.137415
1.137415
1.137415
1.137415
1.137415
1.137415
1.137415
1.137415
1.137415
1.137415
1.137415
1.137415
1.137415
1.137415
1.137415
1.137415
1.1374149
1.1374148
1.1374148
1.1374147
0.9964051
1.0420712
1.0861944
1.1184192
1.1339924
1.1381025
1.1380666
1.1376031
1.1374336
1.1374104
1.1374131
1.1374147
1.137415
1.137415
1.137415
1.137415
1.137415
1.137415
1.137415
1.137415
1.137415
1.137415
1.137415
1.137415
1.137415
1.137415
1.137415
1.137415
1.137415
1.137415
1.137415
1.137415
1.137415
1.137415
1.137415
1.137415
1.1374149
1.1374148
1.1374148
1.1374147
0.99631316
1.0414727
1.0850336
1.1173114
1.133393
1.1379375
1.1380692
1.1376225
1.1374404
1.1374112
1.137413
1.1374147
1.137415
1.137415
1.137415
1.137415
1.137415
1.137415
1.137415
1.137415
1.137415
1.137415
1.137415
1.137415
1.137415
1.137415
1.137415
1.137415
1.137415
1.137415
1.137415
1.137415
1.137415
1.137415
1.137415
1.137415
1.1374149
1.1374148
1.1374147
1.1374147
0.99625595
1.0409787
1.0839807
1.1162571
1.1327941
1.1377572
1.1380634
1.1376405
1.1374476
1.1374123
1.1374129
1.1374146
1.137415
1.137415
1.137415
1.137415
1.137415
1.137415
1.137415
1.137415
1.137415
1.137415
1.137415
1.137415
1.137415
1.137415
1.137415
1.137415
1.137415
1.137415
1.137415
1.137415
1.137415
1.137415
1.137415
1.1374149
1.1374149
1.1374148
1.1374147
1.1374147
0.99623171
1.0405907
1.0830391
1.1152612
1.1322003
1.1375636
1.1380492
1.1376566
1.137455
1.1374136
1.1374128
1.1374145
1.1374149
1.137415
1.137415
1.137415
1.137415
1.137415
1.137415
1.137415
1.137415
1.137415
1.137415
1.137415
1.137415
1.137415
1.137415
1.137415
1.137415
1.137415
1.137415
1.137415
1.137415
1.137415
1.137415
1.1374149
1.1374149
1.1374148
1.1374147
1.1374147
0.99623773
1.0403091
1.0822122
1.1143288
1.1316163
1.1373587
1.1380267
1.1376706
1.1374626
1.1374152
1.1374128
1.1374145
1.1374149
1.137415
1.137415
1.137415
1.137415
1.137415
1.137415
1.137415
1.137415
1.137415
1.137415
1.137415
1.137415
1.137415
1.137415
1.137415
1.137415
1.137415
1.137415
1.137415
1.137415
1.137415
1.137415
1.1374149
1.1374149
1.1374148
1.1374147
1.1374147
0.99627025
1.0401323
1.0815033
1.1134646
1.1310463
1.1371448
1.1379962
1.1376823
1.1374702
1.1374169
1.1374129
1.1374144
1.1374149
1.137415
1.137415
1.137415
1.137415
1.137415
1.137415
1.137415
1.137415
1.137415
1.137415
1.137415
1.137415
1.137415
1.137415
1.137415
1.137415
1.137415
1.137415
1.137415
1.137415
1.137415
1.137415
1.1374149
1.1374148
1.1374148
1.1374147
1.1374146
0.99632443
1.0400555
1.0809143
1.112673
1.1304947
1.136924
1.1379581
1.1376913
1.1374776
1.1374189
1.1374131
1.1374143
1.1374149
1.137415
1.137415
1.137415
1.137415
1.137415
1.137415
1.137415
1.137415
1.137415
1.137415
1.137415
1.137415
1.137415
1.137415
1.137415
1.137415
1.137415
1.137415
1.137415
1.137415
1.137415
1.137415
1.1374149
1.1374148
1.1374148
1.1374147
1.1374146
0.99639462
1.0400702
1.0804455
1.1119579
1.1299656
1.1366987
1.1379129
1.1376976
1.1374848
1.137421
1.1374133
1.1374143
1.1374149
1.137415
1.137415
1.137415
1.137415
1.137415
1.137415
1.137415
1.137415
1.137415
1.137415
1.137415
1.137415
1.137415
1.137415
1.137415
1.137415
1.137415
1.137415
1.137415
1.137415
1.137415
1.137415
1.1374149
1.1374148
1.1374148
1.1374147
1.1374146
0.99647463
1.0401637
1.0800945
1.1113222
1.1294626
1.136471
1.1378611
1.1377011
1.1374916
1.1374233
1.1374136
1.1374143
1.1374148
1.137415
1.137415
1.137415
1.137415
1.1374149
1.1374149
1.1374149
1.1374149
1.1374149
1.1374149
1.1374149
1.1374149
1.137415
1.137415
1.137415
1.137415
1.137415
1.137415
1.137415
1.137415
1.137415
1.137415
1.1374149
1.1374148
1.1374147
1.1374147
1.1374146
0.99655827
1.0403194
1.0798554
1.1107674
1.1289889
1.1362433
1.1378035
1.1377017
1.1374978
1.1374256
1.137414
1.1374142
1.1374148
1.1374149
1.137415
1.1374149
1.1374149
1.1374149
1.1374149
1.1374149
1.1374149
1.1374149
1.1374149
1.1374149
1.1374149
1.1374149
1.137415
1.137415
1.137415
1.137415
1.137415
1.137415
1.137415
1.137415
1.137415
1.1374149
1.1374148
1.1374147
1.1374147
1.1374146
0.99663991
1.0405175
1.0797186
1.1102931
1.1285472
1.1360174
1.1377407
1.1376994
1.1375035
1.137428
1.1374144
1.1374142
1.1374148
1.1374149
1.137415
1.1374149
1.1374149
1.1374149
1.1374149
1.1374149
1.1374149
1.1374149
1.1374149
1.1374149
1.1374149
1.1374149
1.1374149
1.137415
1.137415
1.137415
1.137415
1.137415
1.137415
1.137415
1.137415
1.1374149
1.1374148
1.1374147
1.1374147
1.1374146
0.99671502
1.040737
1.0796707
1.1098969
1.1281391
1.1357954
1.1376736
1.1376943
1.1375084
1.1374304
1.1374149
1.1374143
1.1374148
1.1374149
1.1374149
1.1374149
1.1374149
1.1374149
1.1374149
1.1374149
1.1374149
1.1374149
1.1374149
1.1374149
1.1374149
1.1374149
1.1374149
1.1374149
1.137415
1.137415
1.137415
1.137415
1.137415
1.137415
1.137415
1.1374149
1.1374148
1.1374147
1.1374146
1.1374146
0.99678066
1.0409579
1.0796949
1.1095741
1.1277656
1.1355789
1.137603
1.1376866
1.1375126
1.1374328
1.1374155
1.1374143
1.1374148
1.1374149
1.1374149
1.1374149
1.1374149
1.1374149
1.1374149
1.1374149
1.1374149
1.1374149
1.1374149
1.1374149
1.1374149
1.1374149
1.1374149
1.1374149
1.137415
1.137415
1.137415
1.137415
1.137415
1.137415
1.1374149
1.1374149
1.1374148
1.1374147
1.1374146
1.1374146
0.9968356
1.0411633
1.0797725
1.1093179
1.1274265
1.1353692
1.1375296
1.1376763
1.137516
1.1374351
1.1374161
1.1374144
1.1374148
1.1374149
1.1374149
1.1374149
1.1374149
1.1374149
1.1374149
1.1374149
1.1374149
1.1374149
1.1374149
1.1374149
1.1374149
1.1374149
1.1374149
1.1374149
1.1374149
1.137415
1.137415
1.137415
1.137415
1.137415
1.1374149
1.1374149
1.1374148
1.1374147
1.1374146
1.1374145
0.99688031
1.0413416
1.0798838
1.1091196
1.1271205
1.1351674
1.1374543
1.1376637
1.1375186
1.1374374
1.1374167
1.1374144
1.1374147
1.1374149
1.1374149
1.1374149
1.1374149
1.1374149
1.1374149
1.1374149
1.1374149
1.1374149
1.1374149
1.1374149
1.1374149
1.1374149
1.1374149
1.1374149
1.1374149
1.137415
1.137415
1.137415
1.137415
1.137415
1.1374149
1.1374149
1.1374148
1.1374147
1.1374146
1.1374145
0.9969166
1.0414874
1.0800103
1.108969
1.1268458
1.1349742
1.1373777
1.137649
1.1375203
1.1374395
1.1374174
1.1374145
1.1374147
1.1374149
1.1374149
1.1374149
1.1374149
1.1374149
1.1374149
1.1374149
1.1374149
1.1374149
1.1374149
1.1374149
1.1374149
1.1374149
1.1374149
1.1374149
1.1374149
1.137415
1.137415
1.137415
1.137415
1.137415
1.1374149
1.1374149
1.1374148
1.1374147
1.1374146
1.1374145
0.99694714
1.0416017
1.0801361
1.1088558
1.1265996
1.13479
1.1373006
1.1376326
1.1375213
1.1374415
1.1374181
1.1374147
1.1374147
1.1374149
1.1374149
1.1374149
1.1374149
1.1374149
1.1374149
1.1374149
1.1374149
1.1374149
1.1374149
1.1374149
1.1374149
1.1374149
1.1374149
1.1374149
1.137415
1.137415
1.137415
1.137415
1.137415
1.137415
1.1374149
1.1374149
1.1374148
1.1374147
1.1374146
1.1374145
0.99697488
1.0416904
1.0802491
1.1087695
1.1263787
1.1346148
1.1372234
1.1376145
1.1375215
1.1374434
1.1374188
1.1374148
1.1374147
1.1374149
1.1374149
1.1374149
1.1374149
1.1374149
1.1374149
1.1374149
1.1374149
1.1374149
1.1374149
1.1374149
1.1374149
1.1374149
1.1374149
1.1374149
1.137415
1.137415
1.137415
1.137415
1.137415
1.137415
1.1374149
1.1374149
1.1374148
1.1374147
1.1374146
1.1374145
0.99700257
1.041763
1.0803427
1.1087005
1.1261798
1.1344486
1.1371465
1.1375949
1.1375209
1.137445
1.1374195
1.1374149
1.1374148
1.1374149
1.1374149
1.1374149
1.1374149
1.1374149
1.1374149
1.1374149
1.1374149
1.1374149
1.1374149
1.1374149
1.1374149
1.1374149
1.1374149
1.1374149
1.1374149
1.137415
1.137415
1.137415
1.137415
1.137415
1.1374149
1.1374149
1.1374148
1.1374147
1.1374146
1.1374145
0.99703234
1.0418302
1.0804153
1.1086408
1.1259996
1.134291
1.1370702
1.1375739
1.1375194
1.1374464
1.1374202
1.1374151
1.1374148
1.1374149
1.1374149
1.1374149
1.1374149
1.1374149
1.1374149
1.1374149
1.1374149
1.1374149
1.1374149
1.1374149
1.1374149
1.1374149
1.1374149
1.1374149
1.1374149
1.137415
1.137415
1.137415
1.137415
1.137415
1.1374149
1.1374149
1.1374148
1.1374147
1.1374146
1.1374145
0.99706549
1.0419022
1.0804712
1.1085844
1.1258344
1.1341416
1.1369947
1.1375516
1.1375171
1.1374475
1.1374209
1.1374153
1.1374148
1.1374149
1.1374149
1.1374149
1.1374149
1.1374149
1.1374149
1.1374149
1.1374149
1.1374149
1.1374149
1.1374149
1.1374149
1.1374149
1.1374149
1.1374149
1.1374149
1.1374149
1.137415
1.137415
1.137415
1.137415
1.1374149
1.1374149
1.1374148
1.1374147
1.1374146
1.1374145
0.99710248
1.0419872
1.0805192
1.108528
1.1256808
1.1339997
1.1369203
1.1375282
1.137514
1.1374484
1.1374215
1.1374154
1.1374148
1.1374149
1.1374149
1.1374149
1.1374149
1.1374149
1.1374149
1.1374149
1.1374149
1.1374149
1.1374149
1.1374149
1.1374149
1.1374149
1.1374149
1.1374149
1.1374149
1.1374149
1.1374149
1.137415
1.137415
1.137415
1.1374149
1.1374149
1.1374148
1.1374147
1.1374145
1.1374145
0.99714297
1.0420905
1.0805717
1.1084714
1.1255356
1.1338643
1.1368474
1.1375042
1.1375102
1.1374491
1.1374221
1.1374156
1.1374148
1.1374149
1.1374149
1.1374149
1.1374149
1.1374149
1.1374149
1.1374149
1.1374149
1.1374149
1.1374149
1.1374149
1.1374149
1.1374149
1.1374149
1.1374149
1.1374149
1.1374149
1.1374149
1.1374149
1.137415
1.1374149
1.1374149
1.1374149
1.1374148
1.1374147
1.1374145
1.1374145
0.997186
1.0422142
1.0806426
1.1084185
1.1253965
1.1337343
1.1367764
1.1374802
1.1375064
1.1374498
1.1374227
1.1374158
1.1374149
1.1374149
1.1374149
1.1374149
1.1374149
1.1374149
1.1374149
1.1374149
1.1374149
1.1374149
1.1374149
1.1374149
1.1374149
1.1374149
1.1374149
1.1374149
1.1374149
1.1374149
1.1374149
1.137415
1.137415
1.1374149
1.1374149
1.1374149
1.1374148
1.1374147
1.1374145
1.1374145
0.99723025
1.042357
1.0807448
1.1083772
1.125263
1.1336087
1.1367076
1.1374571
1.1375028
1.1374506
1.1374234
1.137416
1.1374149
1.1374149
1.1374149
1.137415
1.137415
1.137415
1.137415
1.137415
1.137415
1.137415
1.137415
1.137415
1.137415
1.137415
1.137415
1.137415
1.137415
1.137415
1.137415
1.137415
1.137415
1.1374149
1.1374149
1.1374149
1.1374148
1.1374147
1.1374145
1.1374144
0.99727424
1.0425152
1.0808884
1.1083587
1.1251373
1.1334866
1.136641
1.1374354
1.1375
1.1374516
1.1374241
1.1374162
1.137415
1.1374149
1.137415
1.137415
1.137415
1.137415
1.137415
1.137415
1.137415
1.137415
1.137415
1.137415
1.137415
1.137415
1.137415
1.137415
1.137415
1.137415
1.137415
1.137415
1.137415
1.137415
1.1374149
1.1374149
1.1374148
1.1374147
1.1374145
1.1374144
0.99731651
1.042683
1.0810778
1.1083762
1.125025
1.1333685
1.1365765
1.1374152
1.1374981
1.1374531
1.137425
1.1374165
1.137415
1.137415
1.137415
1.137415
1.137415
1.137415
1.137415
1.137415
1.137415
1.137415
1.137415
1.137415
1.137415
1.137415
1.137415
1.137415
1.137415
1.137415
1.137415
1.137415
1.137415
1.137415
1.1374149
1.1374149
1.1374148
1.1374147
1.1374145
1.1374144
0.99735584
1.0428538
1.0813116
1.108442
1.1249348
1.1332564
1.1365134
1.1373961
1.137497
1.137455
1.137426
1.1374168
1.1374151
1.137415
1.137415
1.1374151
1.1374151
1.1374151
1.1374151
1.1374151
1.1374151
1.1374151
1.1374151
1.1374151
1.1374151
1.1374151
1.1374151
1.1374151
1.1374151
1.1374151
1.1374151
1.137415
1.137415
1.137415
1.137415
1.1374149
1.1374148
1.1374146
1.1374145
1.1374144
0.99739127
1.0430205
1.081582
1.108565
1.1248772
1.1331541
1.1364515
1.1373769
1.1374961
1.1374571
1.137427
1.1374171
1.1374151
1.137415
1.1374151
1.1374151
1.1374151
1.1374151
1.1374151
1.1374151
1.1374151
1.1374151
1.1374151
1.1374151
1.1374151
1.1374151
1.1374151
1.1374151
1.1374151
1.1374151
1.1374151
1.1374151
1.1374151
1.137415
1.137415
1.1374149
1.1374148
1.1374146
1.1374145
1.1374144
0.99742222
1.0431769
1.0818761
1.1087477
1.1248626
1.1330669
1.1363909
1.137356
1.1374941
1.1374588
1.1374281
1.1374173
1.1374152
1.137415
1.1374151
1.1374151
1.1374151
1.1374151
1.1374151
1.1374151
1.1374151
1.1374151
1.1374151
1.1374151
1.1374151
1.1374151
1.1374151
1.1374151
1.1374151
1.1374151
1.1374151
1.1374151
1.1374151
1.1374151
1.137415
1.1374149
1.1374148
1.1374146
1.1374144
1.1374144
0.99744842
1.0433181
1.0821783
1.1089852
1.1248979
1.1330007
1.1363324
1.137332
1.1374898
1.1374597
1.1374289
1.1374176
1.1374152
1.1374151
1.1374151
1.1374151
1.1374151
1.1374151
1.1374151
1.1374151
1.1374151
1.1374151
1.1374151
1.1374151
1.1374151
1.1374151
1.1374151
1.1374151
1.1374151
1.1374151
1.1374151
1.1374151
1.1374151
1.1374151
1.137415
1.1374149
1.1374148
1.1374146
1.1374144
1.1374144
0.99746995
1.0434406
1.0824726
1.1092652
1.1249847
1.1329606
1.1362778
1.1373041
1.1374821
1.137459
1.1374292
1.1374178
1.1374153
1.137415
1.1374151
1.1374151
1.1374151
1.1374151
1.1374151
1.1374151
1.1374151
1.1374151
1.1374151
1.1374151
1.1374151
1.1374151
1.1374151
1.1374151
1.1374151
1.1374151
1.1374151
1.1374151
1.1374151
1.1374151
1.137415
1.1374149
1.1374148
1.1374145
1.1374144
1.1374144
0.99748708
1.0435431
1.082745
1.10957
1.1251185
1.1329493
1.1362293
1.1372725
1.1374703
1.1374564
1.137429
1.1374178
1.1374153
1.137415
1.1374151
1.1374151
1.1374151
1.1374151
1.1374151
1.1374151
1.1374151
1.1374151
1.1374151
1.1374151
1.1374151
1.1374151
1.1374151
1.1374151
1.1374151
1.1374151
1.1374151
1.1374151
1.1374151
1.1374151
1.137415
1.1374149
1.1374147
1.1374145
1.1374144
1.1374144
0.99750027
1.0436256
1.0829851
1.1098797
1.1252886
1.1329662
1.1361892
1.1372386
1.1374547
1.1374517
1.1374282
1.1374178
1.1374153
1.137415
1.137415
1.137415
1.137415
1.137415
1.137415
1.137415
1.137415
1.137415
1.137415
1.137415
1.137415
1.137415
1.137415
1.137415
1.137415
1.137415
1.1374151
1.1374151
1.1374151
1.137415
1.137415
1.1374149
1.1374147
1.1374145
1.1374144
1.1374144
0.99751007
1.0436893
1.0831869
1.1101754
1.1254808
1.1330078
1.1361593
1.1372044
1.1374365
1.1374453
1.1374267
1.1374176
1.1374152
1.1374149
1.137415
1.137415
1.137415
1.137415
1.137415
1.137415
1.137415
1.137415
1.137415
1.137415
1.137415
1.137415
1.137415
1.137415
1.137415
1.137415
1.137415
1.137415
1.137415
1.137415
1.1374149
1.1374148
1.1374146
1.1374145
1.1374144
1.1374144
0.99751707
1.0437367
1.0833489
1.1104421
1.1256793
1.1330678
1.13614
1.1371723
1.137417
1.1374378
1.1374247
1.1374172
1.1374152
1.1374149
1.1374149
1.1374149
1.1374149
1.1374149
1.1374149
1.1374149
1.1374149
1.1374149
1.1374149
1.1374149
1.1374149
1.1374149
1.1374149
1.1374149
1.1374149
1.1374149
1.1374149
1.1374149
1.1374149
1.1374149
1.1374149
1.1374148
1.1374146
1.1374145
1.1374144
1.1374144
0.99752184
1.0437705
1.0834732
1.11067
1.1258701
1.1331388
1.1361311
1.1371443
1.1373981
1.1374299
1.1374225
1.1374168
1.1374151
1.1374149
1.1374149
1.1374149
1.1374149
1.1374149
1.1374149
1.1374149
1.1374148
1.1374148
1.1374148
1.1374148
1.1374149
1.1374149
1.1374149
1.1374149
1.1374149
1.1374149
1.1374149
1.1374149
1.1374149
1.1374149
1.1374148
1.1374147
1.1374146
1.1374145
1.1374144
1.1374144
0.99752491
1.0437935
1.0835645
1.1108552
1.1260425
1.1332135
1.1361309
1.1371219
1.1373811
1.1374224
1.1374202
1.1374164
1.137415
1.1374148
1.1374148
1.1374148
1.1374148
1.1374148
1.1374148
1.1374148
1.1374148
1.1374148
1.1374148
1.1374148
1.1374148
1.1374148
1.1374148
1.1374148
1.1374148
1.1374148
1.1374148
1.1374148
1.1374148
1.1374148
1.1374148
1.1374147
1.1374145
1.1374144
1.1374144
1.1374144
0.99752674
1.0438084
1.0836287
1.1109987
1.1261899
1.1332859
1.1361375
1.1371054
1.1373671
1.1374158
1.1374181
1.1374159
1.137415
1.1374148
1.1374148
1.1374148
1.1374148
1.1374148
1.1374148
1.1374148
1.1374148
1.1374148
1.1374148
1.1374148
1.1374148
1.1374148
1.1374148
1.1374148
1.1374148
1.1374148
1.1374148
1.1374148
1.1374148
1.1374148
1.1374147
1.1374146
1.1374145
1.1374144
1.1374144
1.1374144
0.99752768
1.0438175
1.0836721
1.1111051
1.1263098
1.1333514
1.1361484
1.1370945
1.1373564
1.1374104
1.1374163
1.1374155
1.1374149
1.1374148
1.1374147
1.1374147
1.1374147
1.1374147
1.1374147
1.1374147
1.1374147
1.1374147
1.1374147
1.1374147
1.1374147
1.1374147
1.1374147
1.1374147
1.1374147
1.1374147
1.1374147
1.1374147
1.1374147
1.1374147
1.1374147
1.1374146
1.1374145
1.1374144
1.1374144
1.1374144
0.99752806
1.0438227
1.0837006
1.1111811
1.1264033
1.1334076
1.1361616
1.1370884
1.1373487
1.1374064
1.1374149
1.1374151
1.1374148
1.1374147
1.1374147
1.1374147
1.1374147
1.1374147
1.1374147
1.1374147
1.1374147
1.1374147
1.1374147
1.1374147
1.1374147
1.1374147
1.1374147
1.1374147
1.1374147
1.1374147
1.1374147
1.1374147
1.1374147
1.1374147
1.1374147
1.1374146
1.1374145
1.1374144
1.1374144
1.1374144
0.99752807
1.0438255
1.0837188
1.1112338
1.1264735
1.1334537
1.1361751
1.1370858
1.1373438
1.1374035
1.1374139
1.1374149
1.1374148
1.1374147
1.1374147
1.1374147
1.1374147
1.1374147
1.1374147
1.1374147
1.1374147
1.1374147
1.1374147
1.1374147
1.1374147
1.1374147
1.1374147
1.1374147
1.1374147
1.1374147
1.1374147
1.1374147
1.1374147
1.1374147
1.1374147
1.1374146
1.1374145
1.1374144
1.1374144
1.1374144
0.99752788
1.0438268
1.0837305
1.1112698
1.1265247
1.1334902
1.1361879
1.1370855
1.1373408
1.1374016
1.1374131
1.1374147
1.1374147
1.1374147
1.1374147
1.1374147
1.1374147
1.1374147
1.1374147
1.1374147
1.1374147
1.1374147
1.1374147
1.1374147
1.1374147
1.1374147
1.1374147
1.1374147
1.1374147
1.1374147
1.1374147
1.1374147
1.1374147
1.1374147
1.1374146
1.1374146
1.1374145
1.1374144
1.1374144
1.1374144
0.99752758
1.0438273
1.0837383
1.1112946
1.1265616
1.1335182
1.1361991
1.1370866
1.1373393
1.1374004
1.1374126
1.1374145
1.1374147
1.1374147
1.1374147
1.1374147
1.1374147
1.1374147
1.1374147
1.1374147
1.1374147
1.1374147
1.1374147
1.1374147
1.1374147
1.1374147
1.1374147
1.1374147
1.1374147
1.1374147
1.1374147
1.1374147
1.1374147
1.1374147
1.1374146
1.1374146
1.1374145
1.1374144
1.1374144
1.1374144
0.99752725
1.0438274
1.0837439
1.1113121
1.1265881
1.1335393
1.1362084
1.1370883
1.1373386
1.1373997
1.1374123
1.1374144
1.1374147
1.1374147
1.1374147
1.1374147
1.1374147
1.1374147
1.1374147
1.1374147
1.1374147
1.1374147
1.1374147
1.1374147
1.1374147
1.1374147
1.1374147
1.1374147
1.1374147
1.1374147
1.1374147
1.1374147
1.1374147
1.1374147
1.1374146
1.1374146
1.1374145
1.1374144
1.1374144
1.1374144
0.99752692
1.0438273
1.0837481
1.1113252
1.1266075
1.1335551
1.1362159
1.1370901
1.1373384
1.1373993
1.1374121
1.1374144
1.1374147
1.1374147
1.1374147
1.1374147
1.1374147
1.1374147
1.1374147
1.1374147
1.1374147
1.1374147
1.1374147
1.1374147
1.1374147
1.1374147
1.1374147
1.1374147
1.1374147
1.1374147
1.1374147
1.1374147
1.1374147
1.1374147
1.1374146
1.1374146
1.1374145
1.1374144
1.1374144
1.1374144
0.99752658
1.0438272
1.0837517
1.1113356
1.1266222
1.1335672
1.1362218
1.1370917
1.1373385
1.1373991
1.137412
1.1374143
1.1374147
1.1374147
1.1374147
1.1374147
1.1374147
1.1374147
1.1374147
1.1374147
1.1374147
1.1374147
1.1374147
1.1374147
1.1374147
1.1374147
1.1374147
1.1374147
1.1374147
1.1374147
1.1374147
1.1374147
1.1374147
1.1374147
1.1374146
1.1374146
1.1374145
1.1374144
1.1374144
1.1374144
0.99752626
1.043827
1.0837547
1.1113443
1.1266339
1.1335764
1.1362264
1.1370931
1.1373386
1.137399
1.1374119
1.1374143
1.1374146
1.1374147
1.1374147
1.1374147
1.1374147
1.1374147
1.1374147
1.1374147
1.1374147
1.1374147
1.1374147
1.1374147
1.1374147
1.1374147
1.1374147
1.1374147
1.1374147
1.1374147
1.1374147
1.1374147
1.1374147
1.1374147
1.1374146
1.1374146
1.1374145
1.1374144
1.1374144
1.1374144
0.99752594
1.0438268
1.0837573
1.1113517
1.1266435
1.1335838
1.13623
1.1370942
1.1373387
1.1373989
1.1374119
1.1374143
1.1374146
1.1374147
1.1374147
1.1374147
1.1374147
1.1374147
1.1374147
1.1374147
1.1374147
1.1374147
1.1374147
1.1374147
1.1374147
1.1374147
1.1374147
1.1374147
1.1374147
1.1374147
1.1374147
1.1374147
1.1374147
1.1374147
1.1374146
1.1374146
1.1374145
1.1374144
1.1374144
1.1374144
0.99752561
1.0438265
1.0837595
1.1113582
1.1266516
1.1335898
1.1362329
1.137095
1.1373388
1.1373989
1.1374118
1.1374142
1.1374146
1.1374147
1.1374147
1.1374147
1.1374147
1.1374147
1.1374147
1.1374147
1.1374147
1.1374147
1.1374147
1.1374147
1.1374147
1.1374147
1.1374147
1.1374147
1.1374147
1.1374147
1.1374147
1.1374147
1.1374147
1.1374147
1.1374146
1.1374146
1.1374145
1.1374144
1.1374144
1.1374144
0.99752527
1.0438261
1.0837613
1.1113637
1.1266585
1.1335948
1.1362352
1.1370957
1.1373389
1.1373988
1.1374118
1.1374142
1.1374146
1.1374147
1.1374147
1.1374147
1.1374147
1.1374147
1.1374147
1.1374147
1.1374147
1.1374147
1.1374147
1.1374147
1.1374147
1.1374147
1.1374147
1.1374147
1.1374147
1.1374147
1.1374147
1.1374147
1.1374147
1.1374147
1.1374146
1.1374146
1.1374145
1.1374144
1.1374144
1.1374144
0.9975249
1.0438256
1.0837627
1.1113684
1.1266644
1.1335991
1.1362371
1.1370963
1.1373389
1.1373988
1.1374118
1.1374142
1.1374146
1.1374147
1.1374147
1.1374147
1.1374147
1.1374147
1.1374147
1.1374147
1.1374147
1.1374147
1.1374147
1.1374147
1.1374147
1.1374147
1.1374147
1.1374147
1.1374147
1.1374147
1.1374147
1.1374147
1.1374147
1.1374147
1.1374146
1.1374146
1.1374145
1.1374144
1.1374144
1.1374144
0.99752451
1.043825
1.0837638
1.1113723
1.1266694
1.1336027
1.1362388
1.1370967
1.137339
1.1373988
1.1374117
1.1374142
1.1374146
1.1374147
1.1374147
1.1374147
1.1374147
1.1374147
1.1374147
1.1374147
1.1374147
1.1374147
1.1374147
1.1374147
1.1374147
1.1374147
1.1374147
1.1374147
1.1374147
1.1374147
1.1374147
1.1374147
1.1374147
1.1374147
1.1374146
1.1374146
1.1374145
1.1374144
1.1374144
1.1374144
0.99752408
1.0438243
1.0837645
1.1113756
1.1266737
1.1336058
1.1362401
1.1370971
1.137339
1.1373987
1.1374117
1.1374142
1.1374146
1.1374147
1.1374147
1.1374147
1.1374147
1.1374147
1.1374147
1.1374147
1.1374147
1.1374147
1.1374147
1.1374147
1.1374147
1.1374147
1.1374147
1.1374147
1.1374147
1.1374147
1.1374147
1.1374147
1.1374147
1.1374147
1.1374146
1.1374146
1.1374145
1.1374144
1.1374144
1.1374144
0.99752361
1.0438234
1.0837648
1.1113782
1.1266773
1.1336084
1.1362413
1.1370974
1.137339
1.1373987
1.1374117
1.1374142
1.1374146
1.1374147
1.1374147
1.1374147
1.1374147
1.1374147
1.1374147
1.1374147
1.1374147
1.1374147
1.1374147
1.1374147
1.1374147
1.1374147
1.1374147
1.1374147
1.1374147
1.1374147
1.1374147
1.1374147
1.1374147
1.1374147
1.1374146
1.1374146
1.1374145
1.1374144
1.1374144
1.1374144
0.99752309
1.0438224
1.0837648
1.1113803
1.1266803
1.1336106
1.1362423
1.1370977
1.137339
1.1373987
1.1374117
1.1374142
1.1374146
1.1374147
1.1374147
1.1374147
1.1374147
1.1374147
1.1374147
1.1374147
1.1374147
1.1374147
1.1374147
1.1374147
1.1374147
1.1374147
1.1374147
1.1374147
1.1374147
1.1374147
1.1374147
1.1374147
1.1374147
1.1374147
1.1374146
1.1374146
1.1374145
1.1374144
1.1374144
1.1374143
0.99752251
1.0438212
1.0837645
1.1113818
1.1266827
1.1336124
1.1362431
1.1370979
1.137339
1.1373987
1.1374117
1.1374142
1.1374146
1.1374147
1.1374147
1.1374147
1.1374147
1.1374147
1.1374147
1.1374147
1.1374147
1.1374147
1.1374147
1.1374147
1.1374147
1.1374147
1.1374147
1.1374147
1.1374147
1.1374147
1.1374147
1.1374147
1.1374147
1.1374147
1.1374146
1.1374146
1.1374145
1.1374144
1.1374144
1.1374143
0.99752186
1.0438198
1.0837638
1.1113829
1.1266847
1.1336139
1.1362438
1.1370981
1.1373391
1.1373987
1.1374117
1.1374142
1.1374146
1.1374147
1.1374147
1.1374147
1.1374147
1.1374147
1.1374147
1.1374147
1.1374147
1.1374147
1.1374147
1.1374147
1.1374147
1.1374147
1.1374147
1.1374147
1.1374147
1.1374147
1.1374147
1.1374147
1.1374147
1.1374147
1.1374146
1.1374146
1.1374145
1.1374144
1.1374144
1.1374143
0.99752114
1.0438182
1.0837628
1.1113835
1.1266863
1.1336152
1.1362444
1.1370982
1.1373391
1.1373986
1.1374116
1.1374142
1.1374146
1.1374147
1.1374147
1.1374147
1.1374147
1.1374147
1.1374147
1.1374147
1.1374147
1.1374147
1.1374147
1.1374147
1.1374147
1.1374147
1.1374147
1.1374147
1.1374147
1.1374147
1.1374147
1.1374147
1.1374147
1.1374146
1.1374146
1.1374146
1.1374145
1.1374144
1.1374143
1.1374143
0.99752034
1.0438164
1.0837615
1.1113837
1.1266875
1.1336162
1.1362449
1.1370984
1.1373391
1.1373986
1.1374116
1.1374142
1.1374146
1.1374147
1.1374147
1.1374147
1.1374147
1.1374147
1.1374147
1.1374147
1.1374147
1.1374147
1.1374147
1.1374147
1.1374147
1.1374147
1.1374147
1.1374147
1.1374147
1.1374147
1.1374147
1.1374147
1.1374147
1.1374146
1.1374146
1.1374146
1.1374145
1.1374144
1.1374143
1.1374143
0.99751945
1.0438143
1.0837598
1.1113835
1.1266883
1.133617
1.1362453
1.1370985
1.1373391
1.1373986
1.1374116
1.1374142
1.1374146
1.1374147
1.1374147
1.1374147
1.1374147
1.1374147
1.1374147
1.1374147
1.1374147
1.1374147
1.1374147
1.1374147
1.1374147
1.1374147
1.1374147
1.1374147
1.1374147
1.1374147
1.1374147
1.1374147
1.1374147
1.1374146
1.1374146
1.1374146
1.1374145
1.1374144
1.1374143
1.1374143
0.99751844
1.0438119
1.0837577
1.1113829
1.1266888
1.1336177
1.1362456
1.1370986
1.1373391
1.1373986
1.1374116
1.1374141
1.1374146
1.1374147
1.1374147
1.1374147
1.1374147
1.1374147
1.1374147
1.1374147
1.1374147
1.1374147
1.1374147
1.1374147
1.1374147
1.1374147
1.1374147
1.1374147
1.1374147
1.1374147
1.1374147
1.1374147
1.1374147
1.1374146
1.1374146
1.1374146
1.1374145
1.1374144
1.1374143
1.1374143
0.99751731
1.0438093
1.0837552
1.111382
1.126689
1.1336181
1.1362459
1.1370986
1.1373391
1.1373986
1.1374116
1.1374141
1.1374146
1.1374146
1.1374147
1.1374147
1.1374147
1.1374147
1.1374147
1.1374147
1.1374147
1.1374147
1.1374147
1.1374147
1.1374147
1.1374147
1.1374147
1.1374147
1.1374147
1.1374147
1.1374147
1.1374147
1.1374147
1.1374146
1.1374146
1.1374145
1.1374145
1.1374144
1.1374143
1.1374143
0.99751602
1.0438063
1.0837523
1.1113806
1.1266889
1.1336184
1.1362461
1.1370987
1.1373391
1.1373986
1.1374116
1.1374141
1.1374146
1.1374146
1.1374147
1.1374147
1.1374147
1.1374147
1.1374147
1.1374147
1.1374147
1.1374147
1.1374147
1.1374147
1.1374147
1.1374147
1.1374147
1.1374147
1.1374147
1.1374147
1.1374147
1.1374147
1.1374147
1.1374146
1.1374146
1.1374145
1.1374145
1.1374144
1.1374143
1.1374143
0.99751455
1.0438028
1.0837489
1.1113787
1.1266884
1.1336185
1.1362462
1.1370987
1.1373391
1.1373986
1.1374116
1.1374141
1.1374146
1.1374146
1.1374147
1.1374147
1.1374147
1.1374147
1.1374147
1.1374147
1.1374147
1.1374147
1.1374147
1.1374147
1.1374147
1.1374147
1.1374147
1.1374147
1.1374147
1.1374147
1.1374147
1.1374147
1.1374146
1.1374146
1.1374146
1.1374145
1.1374145
1.1374144
1.1374143
1.1374143
0.99751283
1.0437988
1.083745
1.1113765
1.1266877
1.1336185
1.1362462
1.1370988
1.1373391
1.1373986
1.1374116
1.1374141
1.1374146
1.1374146
1.1374147
1.1374147
1.1374147
1.1374147
1.1374147
1.1374147
1.1374147
1.1374147
1.1374147
1.1374147
1.1374147
1.1374147
1.1374147
1.1374147
1.1374147
1.1374147
1.1374147
1.1374147
1.1374146
1.1374146
1.1374146
1.1374145
1.1374145
1.1374144
1.1374143
1.1374143
0.99751079
1.0437943
1.0837404
1.1113737
1.1266868
1.1336183
1.1362463
1.1370988
1.1373391
1.1373986
1.1374116
1.1374141
1.1374146
1.1374146
1.1374146
1.1374147
1.1374147
1.1374147
1.1374147
1.1374147
1.1374147
1.1374147
1.1374147
1.1374147
1.1374147
1.1374147
1.1374147
1.1374147
1.1374147
1.1374147
1.1374147
1.1374146
1.1374146
1.1374146
1.1374146
1.1374145
1.1374145
1.1374144
1.1374143
1.1374143
0.99750817
1.0437886
1.0837348
1.1113703
1.1266854
1.133618
1.1362462
1.1370988
1.1373391
1.1373986
1.1374116
1.1374141
1.1374146
1.1374146
1.1374146
1.1374146
1.1374146
1.1374146
1.1374146
1.1374146
1.1374146
1.1374146
1.1374146
1.1374146
1.1374146
1.1374146
1.1374146
1.1374146
1.1374146
1.1374146
1.1374146
1.1374146
1.1374146
1.1374146
1.1374146
1.1374145
1.1374145
1.1374144
1.1374143
1.1374143
0.99750496
1.0437828
1.0837294
1.1113669
1.126684
1.1336176
1.1362461
1.1370988
1.1373391
1.1373986
1.1374116
1.1374141
1.1374146
1.1374146
1.1374146
1.1374146
1.1374146
1.1374146
1.1374146
1.1374146
1.1374146
1.1374146
1.1374146
1.1374146
1.1374146
1.1374146
1.1374146
1.1374146
1.1374146
1.1374146
1.1374146
1.1374146
1.1374146
1.1374146
1.1374146
1.1374145
1.1374145
1.1374144
1.1374143
1.1374143
0.99749757
1.0437685
1.0837169
1.1113594
1.1266807
1.1336165
1.1362459
1.1370987
1.137339
1.1373985
1.1374116
1.1374141
1.1374146
1.1374146
1.1374146
1.1374146
1.1374146
1.1374146
1.1374146
1.1374146
1.1374146
1.1374146
1.1374146
1.1374146
1.1374146
1.1374146
1.1374146
1.1374146
1.1374146
1.1374146
1.1374146
1.1374146
1.1374146
1.1374146
1.1374146
1.1374145
1.1374145
1.1374144
1.1374143
1.1374143
)
;

boundaryField
{
    wall
    {
        type            calculated;
        value           nonuniform List<scalar> 
100
(
0.97492804
0.97492776
0.97492754
0.97492744
0.97492736
0.9749273
0.97492724
0.9749272
0.97492717
0.97492715
0.97492713
0.97492712
0.97492711
0.97492711
0.9749271
0.9749271
0.9749271
0.97492709
0.97492709
0.97492708
0.97492708
0.97492708
0.97492707
0.97492707
0.97492706
0.97492706
0.97492706
0.97492705
0.97492705
0.97492704
0.97492704
0.97492703
0.97492703
0.97492703
0.97492702
0.97492702
0.97492702
0.97492701
0.97492701
0.97492701
0.974927
0.974927
0.974927
0.974927
0.97492699
0.97492699
0.97492699
0.97492699
0.97492698
0.97492698
0.97492698
0.97492697
0.97492697
0.97492697
0.97492696
0.97492696
0.97492696
0.97492695
0.97492695
0.97492695
0.97492694
0.97492694
0.97492694
0.97492693
0.97492693
0.97492693
0.97492693
0.97492692
0.97492692
0.97492692
0.97492692
0.97492691
0.97492691
0.97492691
0.97492691
0.9749269
0.9749269
0.9749269
0.97492689
0.97492689
0.97492689
0.97492689
0.97492688
0.97492688
0.97492688
0.97492688
0.97492687
0.97492687
0.97492687
0.97492687
0.97492686
0.97492686
0.97492686
0.97492685
0.97492685
0.97492685
0.97492685
0.97492684
0.97492684
0.97492684
)
;
    }
    sides
    {
        type            calculated;
        value           nonuniform List<scalar> 
100
(
1.1374158
1.1374155
1.1374153
1.1374152
1.1374151
1.137415
1.137415
1.1374149
1.1374149
1.1374149
1.1374148
1.1374148
1.1374148
1.1374148
1.1374148
1.1374148
1.1374148
1.1374148
1.1374148
1.1374148
1.1374148
1.1374148
1.1374148
1.1374148
1.1374148
1.1374148
1.1374148
1.1374148
1.1374147
1.1374147
1.1374147
1.1374147
1.1374147
1.1374147
1.1374147
1.1374146
1.1374146
1.1374146
1.1374146
1.1374146
1.1374146
1.1374146
1.1374146
1.1374145
1.1374145
1.1374145
1.1374145
1.1374145
1.1374145
1.1374145
1.1374145
1.1374145
1.1374145
1.1374145
1.1374144
1.1374144
1.1374144
1.1374144
1.1374144
1.1374144
1.1374144
1.1374144
1.1374144
1.1374144
1.1374144
1.1374144
1.1374144
1.1374144
1.1374144
1.1374144
1.1374144
1.1374144
1.1374144
1.1374144
1.1374144
1.1374144
1.1374144
1.1374144
1.1374144
1.1374144
1.1374144
1.1374144
1.1374144
1.1374144
1.1374144
1.1374143
1.1374143
1.1374143
1.1374143
1.1374143
1.1374143
1.1374143
1.1374143
1.1374143
1.1374143
1.1374143
1.1374143
1.1374143
1.1374143
1.1374143
)
;
    }
    frontAndBack
    {
        type            empty;
    }
    inlet
    {
        type            calculated;
        value           nonuniform List<scalar> 
40
(
1.137416
1.1374156
1.1374155
1.1374154
1.1374153
1.1374153
1.1374152
1.1374152
1.1374152
1.1374152
1.1374152
1.1374151
1.1374151
1.1374151
1.1374151
1.1374151
1.1374151
1.1374151
1.1374151
1.1374151
1.1374151
1.1374151
1.1374151
1.1374151
1.1374151
1.1374151
1.1374151
1.1374151
1.1374151
1.1374151
1.1374152
1.1374152
1.1374152
1.1374152
1.1374152
1.1374153
1.1374153
1.1374154
1.1374155
1.1374158
)
;
    }
    outlet
    {
        type            calculated;
        value           nonuniform List<scalar> 
40
(
0.99749756
1.0437685
1.0837169
1.1113594
1.1266807
1.1336165
1.1362459
1.1370987
1.137339
1.1373985
1.1374116
1.1374141
1.1374146
1.1374146
1.1374146
1.1374146
1.1374146
1.1374146
1.1374146
1.1374146
1.1374146
1.1374146
1.1374146
1.1374146
1.1374146
1.1374146
1.1374146
1.1374146
1.1374146
1.1374146
1.1374146
1.1374146
1.1374146
1.1374146
1.1374146
1.1374145
1.1374144
1.1374144
1.1374143
1.1374143
)
;
    }
}


// ************************************************************************* //
