/*--------------------------------*- C++ -*----------------------------------*\
  =========                 |
  \\      /  F ield         | OpenFOAM: The Open Source CFD Toolbox
   \\    /   O peration     | Website:  https://openfoam.org
    \\  /    A nd           | Version:  10
     \\/     M anipulation  |
\*---------------------------------------------------------------------------*/
FoamFile
{
    format      ascii;
    class       volScalarField;
    location    "0.12";
    object      T;
}
// * * * * * * * * * * * * * * * * * * * * * * * * * * * * * * * * * * * * * //

dimensions      [0 0 0 1 0 0 0];

internalField   nonuniform List<scalar> 
4000
(
303.10129
299.34296
299.99042
300.00082
299.99993
300
300
300
300
300
300
300
300
300
300
300
300
300
300
300
300
300
300
300
300
300
300
300
300
300
300
300
300
300
300
300
300
300
300
300.00001
309.66307
298.49311
299.77926
300.00184
300.0008
299.99999
300
300
300
300
300
300
300
300
300
300
300
300
300
300
300
300
300
300
300
300
300
300
300
300
300
300
300
300
300
300
300
300
299.99999
300.00002
316.00327
298.6846
299.39239
299.97571
300.00405
300.00025
299.99999
300
300
300
300
300
300
300
300
300
300
300
300
300
300
300
300
300
300
300
300
300
300
300
300
300
300
300
300
300
300
299.99999
299.99999
300.00002
321.74041
299.8455
298.98516
299.89499
300.00715
300.00138
300
299.99999
300
300
300
300
300
300
300
300
300
300
300
300
300
300
300
300
300
300
300
300
300
300
300
300
300
300
300
300
299.99999
299.99999
299.99999
300.00003
326.66805
301.69918
298.71046
299.75335
300.00322
300.00378
300.00017
299.99998
300
300
300
300
300
300
300
300
300
300
300
300
300
300
300
300
300
300
300
300
300
300
300
300
300
300
299.99999
299.99999
299.99999
299.99998
299.99999
300.00004
330.68062
303.94529
298.66363
299.56876
299.9843
300.00694
300.00071
299.99996
299.99999
300
300
300
300
300
300
300
300
300
300
300
300
300
300
300
300
300
300
300
300
300
300
300
300
299.99999
299.99999
299.99999
299.99999
299.99998
300
300.00004
333.76843
306.32604
298.87083
299.37445
299.9453
300.00935
300.00179
300
299.99998
299.99999
300
300
300
300
300
300
300
300
300
300
300
300
300
300
300
300
300
300
300
300
300
300
299.99999
299.99999
299.99999
299.99999
299.99998
299.99998
300
300.00004
336.01432
308.6569
299.30683
299.20486
299.88609
300.00888
300.00343
300.00014
299.99996
299.99999
300
300
300
300
300
300
300
300
300
300
300
300
300
300
300
300
300
300
300
300
300
299.99999
299.99999
299.99999
299.99999
299.99999
299.99998
299.99998
300.00001
300.00004
337.56485
310.82704
299.92181
299.08589
299.81107
300.00353
300.00538
300.00045
299.99995
299.99999
299.99999
300
300
300
300
300
300
300
300
300
300
300
300
300
300
300
300
300
300
300
299.99999
299.99999
299.99999
299.99999
299.99999
299.99998
299.99998
299.99998
300.00001
300.00004
338.59132
312.78368
300.66113
299.03189
299.72727
299.99199
300.0072
300.00098
299.99996
299.99998
299.99999
299.99999
300
300
300
300
300
300
300
300
300
300
300
300
300
300
300
300
300
299.99999
299.99999
299.99999
299.99999
299.99999
299.99999
299.99998
299.99998
299.99998
300.00002
300.00004
339.25634
314.51389
301.47608
299.04719
299.64242
299.97389
300.00835
300.00173
300
299.99996
299.99999
299.99999
299.99999
300
300
300
300
300
300
300
300
300
300
300
300
300
300
299.99999
299.99999
299.99999
299.99999
299.99999
299.99999
299.99999
299.99998
299.99998
299.99998
299.99999
300.00002
300.00004
339.69307
316.02887
302.32819
299.12903
299.5635
299.94967
300.00829
300.00264
300.00011
299.99995
299.99999
299.99999
299.99999
299.99999
299.99999
300
300
300
300
300
300
300
300
300
300
300
299.99999
299.99999
299.99999
299.99999
299.99999
299.99999
299.99999
299.99999
299.99998
299.99998
299.99998
299.99999
300.00002
300.00004
339.99798
317.35196
303.18972
299.2706
299.49608
299.92045
300.00658
300.00362
300.00029
299.99995
299.99998
299.99999
299.99999
299.99999
299.99999
299.99999
299.99999
300
300
300
300
300
300
300
299.99999
299.99999
299.99999
299.99999
299.99999
299.99999
299.99999
299.99999
299.99999
299.99998
299.99998
299.99998
299.99998
299.99999
300.00003
300.00004
340.23361
318.51052
304.04215
299.46341
299.44407
299.88767
300.00295
300.00454
300.00054
299.99995
299.99998
299.99999
299.99999
299.99999
299.99999
299.99999
299.99999
299.99999
299.99999
299.99999
299.99999
299.99999
299.99999
299.99999
299.99999
299.99999
299.99999
299.99999
299.99999
299.99999
299.99999
299.99999
299.99999
299.99998
299.99998
299.99998
299.99998
299.99999
300.00003
300.00003
340.43629
319.53121
304.874
299.69877
299.40985
299.85297
299.99726
300.00526
300.00087
299.99997
299.99997
299.99999
299.99999
299.99999
299.99999
299.99999
299.99999
299.99999
299.99999
299.99999
299.99999
299.99999
299.99999
299.99999
299.99999
299.99999
299.99999
299.99999
299.99999
299.99999
299.99999
299.99999
299.99999
299.99998
299.99998
299.99997
299.99998
300
300.00003
300.00003
340.62465
320.43768
305.67871
299.96864
299.39463
299.81792
299.98955
300.00564
300.00126
300.00001
299.99996
299.99999
299.99999
299.99999
299.99999
299.99999
299.99999
299.99999
299.99999
299.99999
299.99999
299.99999
299.99999
299.99999
299.99999
299.99999
299.99999
299.99999
299.99999
299.99999
299.99999
299.99999
299.99998
299.99998
299.99998
299.99997
299.99998
300
300.00003
300.00003
340.80664
321.24974
306.45303
300.26592
299.39867
299.78398
299.97995
300.00557
300.00168
300.00008
299.99996
299.99998
299.99999
299.99999
299.99999
299.99999
299.99999
299.99999
299.99999
299.99999
299.99999
299.99999
299.99999
299.99999
299.99999
299.99999
299.99999
299.99999
299.99999
299.99999
299.99999
299.99999
299.99998
299.99998
299.99998
299.99997
299.99998
300
300.00003
300.00003
340.9844
321.98335
307.19568
300.58454
299.42161
299.75243
299.96872
300.00495
300.0021
300.00017
299.99996
299.99998
299.99999
299.99999
299.99999
299.99999
299.99999
299.99999
299.99999
299.99999
299.99999
299.99999
299.99999
299.99999
299.99999
299.99999
299.99999
299.99999
299.99999
299.99999
299.99999
299.99999
299.99998
299.99998
299.99998
299.99997
299.99998
300.00001
300.00003
300.00003
341.15741
322.65101
307.90658
300.91941
299.46268
299.72434
299.95617
300.00371
300.00249
300.00028
299.99996
299.99998
299.99999
299.99999
299.99999
299.99999
299.99999
299.99999
299.99999
299.99999
299.99999
299.99999
299.99999
299.99999
299.99999
299.99999
299.99999
299.99999
299.99999
299.99999
299.99999
299.99998
299.99998
299.99998
299.99998
299.99997
299.99998
300.00001
300.00003
300.00003
341.32415
323.26239
308.58622
301.26621
299.5208
299.70058
299.94264
300.00182
300.00281
300.00042
299.99997
299.99998
299.99999
299.99999
299.99999
299.99999
299.99999
299.99999
299.99999
299.99999
299.99999
299.99999
299.99999
299.99999
299.99999
299.99999
299.99999
299.99999
299.99999
299.99999
299.99999
299.99998
299.99998
299.99998
299.99997
299.99997
299.99999
300.00001
300.00003
300.00003
341.48302
323.82482
309.23536
301.62135
299.59476
299.68184
299.9285
299.99927
300.00302
300.00058
299.99999
299.99997
299.99999
299.99999
299.99999
299.99999
299.99999
299.99999
299.99999
299.99999
299.99999
299.99999
299.99999
299.99999
299.99999
299.99999
299.99999
299.99999
299.99999
299.99999
299.99998
299.99998
299.99998
299.99998
299.99997
299.99997
299.99999
300.00001
300.00003
300.00003
341.63271
324.34385
309.85482
301.98174
299.68323
299.66863
299.91415
299.99607
300.0031
300.00074
300.00002
299.99997
299.99998
299.99999
299.99999
299.99999
299.99999
299.99999
299.99999
299.99999
299.99999
299.99999
299.99999
299.99999
299.99999
299.99999
299.99999
299.99999
299.99999
299.99999
299.99998
299.99998
299.99998
299.99998
299.99997
299.99997
299.99999
300.00001
300.00003
300.00003
341.77225
324.82367
310.44538
302.34475
299.78488
299.66129
299.89993
299.99226
300.00301
300.00091
300.00005
299.99997
299.99998
299.99999
299.99999
299.99999
299.99999
299.99999
299.99999
299.99999
299.99999
299.99999
299.99999
299.99999
299.99999
299.99999
299.99999
299.99999
299.99999
299.99998
299.99998
299.99998
299.99998
299.99998
299.99997
299.99998
299.99999
300.00002
300.00003
300.00002
341.90104
325.26741
311.00771
302.70809
299.89832
299.66005
299.88621
299.98791
300.00274
300.00107
300.00009
299.99997
299.99998
299.99999
299.99999
299.99999
299.99999
299.99999
299.99999
299.99999
299.99999
299.99999
299.99999
299.99999
299.99999
299.99999
299.99999
299.99999
299.99999
299.99998
299.99998
299.99998
299.99998
299.99998
299.99997
299.99998
299.99999
300.00002
300.00003
300.00002
342.01873
325.6774
311.54233
303.06973
300.02219
299.66502
299.87331
299.9831
300.00226
300.00121
300.00014
299.99998
299.99998
299.99998
299.99999
299.99999
299.99999
299.99999
299.99999
299.99999
299.99999
299.99999
299.99999
299.99999
299.99999
299.99999
299.99999
299.99999
299.99998
299.99998
299.99998
299.99998
299.99998
299.99997
299.99997
299.99998
299.99999
300.00002
300.00003
300.00003
342.12506
326.05531
312.04964
303.42786
300.15514
299.67617
299.86153
299.97791
300.00157
300.00132
300.00019
299.99998
299.99998
299.99998
299.99999
299.99999
299.99999
299.99999
299.99999
299.99999
299.99999
299.99999
299.99999
299.99999
299.99999
299.99999
299.99999
299.99998
299.99998
299.99998
299.99998
299.99998
299.99998
299.99997
299.99997
299.99998
300
300.00002
300.00003
300.00003
342.21988
326.40232
312.52986
303.78085
300.29584
299.69342
299.85114
299.97245
300.00066
300.0014
300.00025
299.99999
299.99998
299.99998
299.99998
299.99999
299.99999
299.99999
299.99999
299.99999
299.99999
299.99999
299.99999
299.99999
299.99999
299.99999
299.99998
299.99998
299.99998
299.99998
299.99998
299.99998
299.99998
299.99997
299.99997
299.99998
300
300.00002
300.00003
300.00003
342.303
326.71912
312.98303
304.12715
300.443
299.71659
299.84236
299.96682
299.99954
300.00143
300.00031
300
299.99998
299.99998
299.99998
299.99998
299.99999
299.99999
299.99999
299.99999
299.99999
299.99999
299.99999
299.99999
299.99999
299.99998
299.99998
299.99998
299.99998
299.99998
299.99998
299.99998
299.99998
299.99997
299.99997
299.99998
300
300.00002
300.00003
300.00004
342.37427
327.006
313.40903
304.46534
300.59534
299.74542
299.8354
299.96114
299.99822
300.00141
300.00037
300.00001
299.99998
299.99998
299.99998
299.99998
299.99998
299.99998
299.99999
299.99999
299.99999
299.99999
299.99999
299.99998
299.99998
299.99998
299.99998
299.99998
299.99998
299.99998
299.99998
299.99998
299.99998
299.99997
299.99997
299.99998
300
300.00002
300.00003
300.00004
342.43355
327.26288
313.80752
304.79403
300.75159
299.7796
299.8304
299.95552
299.99671
300.00133
300.00043
300.00003
299.99998
299.99998
299.99998
299.99998
299.99998
299.99998
299.99998
299.99998
299.99998
299.99998
299.99998
299.99998
299.99998
299.99998
299.99998
299.99998
299.99998
299.99998
299.99998
299.99998
299.99997
299.99997
299.99997
299.99998
300
300.00002
300.00003
300.00004
342.48076
327.48938
314.17795
305.11185
300.91052
299.81877
299.8275
299.95008
299.99504
300.00118
300.00047
300.00004
299.99998
299.99998
299.99998
299.99998
299.99998
299.99998
299.99998
299.99998
299.99998
299.99998
299.99998
299.99998
299.99998
299.99998
299.99998
299.99998
299.99998
299.99998
299.99998
299.99998
299.99997
299.99997
299.99997
299.99998
300
300.00002
300.00003
300.00005
342.51595
327.68488
314.51956
305.41745
301.07091
299.8625
299.82677
299.94491
299.99323
300.00097
300.00051
300.00006
299.99998
299.99998
299.99998
299.99998
299.99998
299.99998
299.99998
299.99998
299.99998
299.99998
299.99998
299.99998
299.99998
299.99998
299.99998
299.99998
299.99998
299.99998
299.99998
299.99998
299.99997
299.99997
299.99997
299.99998
300
300.00002
300.00004
300.00005
342.53936
327.84867
314.8314
305.70945
301.23153
299.91033
299.82825
299.94011
299.99131
300.00069
300.00054
300.00008
299.99998
299.99998
299.99998
299.99998
299.99998
299.99998
299.99998
299.99998
299.99998
299.99998
299.99998
299.99998
299.99998
299.99998
299.99998
299.99998
299.99998
299.99998
299.99998
299.99998
299.99997
299.99997
299.99997
299.99998
300
300.00002
300.00004
300.00005
342.55146
327.98009
315.11238
305.98648
301.39119
299.96177
299.83195
299.93579
299.98932
300.00034
300.00055
300.0001
299.99999
299.99998
299.99998
299.99998
299.99998
299.99998
299.99998
299.99998
299.99998
299.99998
299.99998
299.99998
299.99998
299.99998
299.99998
299.99998
299.99998
299.99998
299.99998
299.99997
299.99997
299.99997
299.99997
299.99998
300
300.00002
300.00004
300.00005
342.55304
328.07879
315.36134
306.24714
301.5487
300.01628
299.83785
299.93202
299.98729
299.99992
300.00055
300.00011
299.99999
299.99998
299.99998
299.99998
299.99998
299.99998
299.99998
299.99998
299.99998
299.99998
299.99998
299.99998
299.99998
299.99998
299.99998
299.99998
299.99998
299.99998
299.99998
299.99997
299.99997
299.99997
299.99997
299.99998
300
300.00003
300.00004
300.00006
342.54525
328.145
315.57718
306.49004
301.70287
300.07331
299.84588
299.92888
299.98526
299.99945
300.00053
300.00013
299.99999
299.99998
299.99998
299.99998
299.99998
299.99998
299.99998
299.99998
299.99998
299.99998
299.99998
299.99998
299.99998
299.99998
299.99998
299.99998
299.99998
299.99998
299.99998
299.99997
299.99997
299.99997
299.99997
299.99998
300
300.00003
300.00004
300.00006
342.52957
328.17977
315.75904
306.71386
301.85257
300.13227
299.85595
299.92642
299.98326
299.99893
300.00049
300.00015
300
299.99998
299.99998
299.99998
299.99998
299.99998
299.99998
299.99998
299.99998
299.99998
299.99998
299.99998
299.99998
299.99998
299.99998
299.99998
299.99998
299.99998
299.99997
299.99997
299.99997
299.99997
299.99997
299.99998
300.00001
300.00003
300.00004
300.00006
342.50781
328.18528
315.90653
306.91741
301.99669
300.19258
299.86793
299.92468
299.98133
299.99836
300.00043
300.00016
300
299.99998
299.99998
299.99998
299.99998
299.99998
299.99998
299.99998
299.99998
299.99998
299.99998
299.99998
299.99998
299.99998
299.99998
299.99998
299.99998
299.99998
299.99997
299.99997
299.99997
299.99997
299.99997
299.99998
300.00001
300.00003
300.00005
300.00006
342.48199
328.16499
316.01997
307.09974
302.13423
300.25363
299.88167
299.9237
299.9795
299.99775
300.00034
300.00016
300.00001
299.99998
299.99998
299.99998
299.99998
299.99998
299.99998
299.99998
299.99998
299.99998
299.99998
299.99998
299.99998
299.99998
299.99998
299.99998
299.99998
299.99997
299.99997
299.99997
299.99997
299.99997
299.99997
299.99999
300.00001
300.00003
300.00005
300.00006
342.4542
328.1236
316.10058
307.26022
302.26426
300.31487
299.89701
299.92349
299.97781
299.99712
300.00024
300.00017
300.00001
299.99998
299.99998
299.99998
299.99998
299.99998
299.99998
299.99998
299.99998
299.99998
299.99998
299.99998
299.99998
299.99998
299.99998
299.99998
299.99997
299.99997
299.99997
299.99997
299.99997
299.99997
299.99997
299.99999
300.00001
300.00003
300.00005
300.00007
342.42641
328.06689
316.15069
307.3987
302.38603
300.37572
299.91374
299.92405
299.97628
299.99647
300.00012
300.00017
300.00002
299.99998
299.99997
299.99998
299.99998
299.99998
299.99998
299.99998
299.99998
299.99998
299.99998
299.99998
299.99998
299.99998
299.99998
299.99997
299.99997
299.99997
299.99997
299.99997
299.99997
299.99997
299.99997
299.99999
300.00001
300.00003
300.00005
300.00007
342.40028
328.00124
316.17372
307.51555
302.49898
300.43569
299.93167
299.92535
299.97494
299.99582
299.99999
300.00016
300.00002
299.99998
299.99997
299.99997
299.99998
299.99998
299.99998
299.99998
299.99998
299.99998
299.99998
299.99998
299.99998
299.99998
299.99997
299.99997
299.99997
299.99997
299.99997
299.99997
299.99997
299.99997
299.99997
299.99999
300.00001
300.00003
300.00005
300.00007
342.37701
327.93298
316.17414
307.61178
302.60278
300.4943
299.95058
299.92739
299.97379
299.99518
299.99984
300.00015
300.00002
299.99998
299.99997
299.99997
299.99997
299.99997
299.99998
299.99998
299.99998
299.99998
299.99998
299.99998
299.99997
299.99997
299.99997
299.99997
299.99997
299.99997
299.99997
299.99997
299.99997
299.99997
299.99997
299.99999
300.00001
300.00003
300.00005
300.00007
342.35721
327.86769
316.15716
307.68902
302.69735
300.55118
299.97027
299.93011
299.97287
299.99454
299.99967
300.00013
300.00002
299.99998
299.99997
299.99997
299.99997
299.99997
299.99997
299.99997
299.99997
299.99997
299.99997
299.99997
299.99997
299.99997
299.99997
299.99997
299.99997
299.99997
299.99997
299.99997
299.99997
299.99997
299.99997
299.99999
300.00001
300.00003
300.00005
300.00008
342.34093
327.80955
316.12836
307.74945
302.78289
300.60602
299.99052
299.93346
299.97216
299.99394
299.9995
300.00011
300.00003
299.99998
299.99997
299.99997
299.99997
299.99997
299.99997
299.99997
299.99997
299.99997
299.99997
299.99997
299.99997
299.99997
299.99997
299.99997
299.99997
299.99997
299.99997
299.99997
299.99997
299.99997
299.99997
299.99999
300.00001
300.00003
300.00006
300.00008
342.32773
327.76093
316.09323
307.79568
302.85985
300.65861
300.01114
299.93738
299.97166
299.99336
299.99931
300.00008
300.00003
299.99998
299.99997
299.99997
299.99997
299.99997
299.99997
299.99997
299.99997
299.99997
299.99997
299.99997
299.99997
299.99997
299.99997
299.99997
299.99997
299.99997
299.99997
299.99997
299.99996
299.99997
299.99997
299.99999
300.00001
300.00003
300.00006
300.00008
342.31681
327.72225
316.05668
307.83055
302.9289
300.70883
300.03195
299.94179
299.97139
299.99281
299.99912
300.00005
300.00002
299.99998
299.99997
299.99997
299.99997
299.99997
299.99997
299.99997
299.99997
299.99997
299.99997
299.99997
299.99997
299.99997
299.99997
299.99997
299.99997
299.99997
299.99997
299.99996
299.99996
299.99996
299.99997
299.99999
300.00001
300.00003
300.00006
300.00008
342.3072
327.69224
316.02259
307.85697
302.99084
300.75663
300.0528
299.94665
299.97132
299.99231
299.99893
300.00001
300.00002
299.99998
299.99997
299.99997
299.99997
299.99997
299.99997
299.99997
299.99997
299.99997
299.99997
299.99997
299.99997
299.99997
299.99997
299.99997
299.99997
299.99997
299.99996
299.99996
299.99996
299.99996
299.99997
299.99999
300.00001
300.00003
300.00006
300.00008
342.29795
327.66839
315.99352
307.87764
303.04653
300.80201
300.07358
299.9519
299.97146
299.99186
299.99873
299.99997
300.00002
299.99998
299.99997
299.99997
299.99997
299.99997
299.99997
299.99997
299.99997
299.99997
299.99997
299.99997
299.99997
299.99997
299.99997
299.99997
299.99997
299.99997
299.99996
299.99996
299.99996
299.99996
299.99997
299.99999
300.00001
300.00004
300.00006
300.00008
342.28825
327.64751
315.9705
307.89494
303.0969
300.84505
300.0942
299.95752
299.97183
299.99147
299.99854
299.99992
300.00001
299.99998
299.99997
299.99997
299.99997
299.99997
299.99997
299.99997
299.99997
299.99997
299.99997
299.99997
299.99997
299.99997
299.99997
299.99997
299.99997
299.99996
299.99996
299.99996
299.99996
299.99996
299.99997
299.99999
300.00001
300.00004
300.00006
300.00009
342.27754
327.62639
315.95299
307.91075
303.14285
300.88585
300.1146
299.96349
299.97243
299.99114
299.99836
299.99988
300.00001
299.99998
299.99997
299.99997
299.99997
299.99997
299.99997
299.99997
299.99997
299.99997
299.99997
299.99997
299.99997
299.99997
299.99997
299.99997
299.99997
299.99996
299.99996
299.99996
299.99996
299.99996
299.99997
299.99999
300.00001
300.00004
300.00007
300.00009
342.26556
327.60222
315.93898
307.92628
303.18529
300.92456
300.13473
299.96978
299.97325
299.99089
299.99819
299.99983
300
299.99998
299.99997
299.99997
299.99997
299.99997
299.99997
299.99997
299.99997
299.99997
299.99997
299.99997
299.99997
299.99997
299.99997
299.99997
299.99997
299.99996
299.99996
299.99996
299.99996
299.99996
299.99997
299.99999
300.00001
300.00004
300.00007
300.00009
342.2523
327.57298
315.92534
307.94198
303.2251
300.9614
300.1545
299.97629
299.97426
299.9907
299.99802
299.99978
299.99999
299.99998
299.99997
299.99997
299.99997
299.99997
299.99997
299.99997
299.99997
299.99997
299.99997
299.99997
299.99997
299.99997
299.99997
299.99997
299.99997
299.99996
299.99996
299.99996
299.99996
299.99996
299.99997
299.99999
300.00001
300.00004
300.00007
300.00009
342.23799
327.53762
315.90824
307.9573
303.26302
300.99664
300.17383
299.98289
299.97538
299.99056
299.99786
299.99973
299.99998
299.99998
299.99997
299.99997
299.99997
299.99997
299.99997
299.99997
299.99997
299.99997
299.99997
299.99997
299.99997
299.99997
299.99996
299.99996
299.99996
299.99996
299.99996
299.99996
299.99996
299.99996
299.99997
299.99999
300.00001
300.00004
300.00007
300.00009
342.22305
327.49604
315.8838
307.97066
303.29946
301.03061
300.19263
299.9894
299.97651
299.99041
299.9977
299.99967
299.99997
299.99998
299.99997
299.99996
299.99996
299.99996
299.99996
299.99996
299.99996
299.99996
299.99996
299.99996
299.99996
299.99996
299.99996
299.99996
299.99996
299.99996
299.99996
299.99996
299.99996
299.99996
299.99997
299.99999
300.00001
300.00004
300.00007
300.00009
342.20794
327.44905
315.8487
307.97943
303.33428
301.06357
300.21085
299.99563
299.97752
299.99021
299.99751
299.99961
299.99996
299.99997
299.99996
299.99996
299.99995
299.99995
299.99995
299.99995
299.99995
299.99995
299.99995
299.99995
299.99995
299.99995
299.99995
299.99995
299.99995
299.99995
299.99995
299.99995
299.99996
299.99996
299.99997
299.99998
300
300.00003
300.00007
300.00009
342.19317
327.39812
315.80085
307.98027
303.36648
301.09561
300.22851
300.00147
299.97829
299.98992
299.99731
299.99955
299.99994
299.99996
299.99995
299.99995
299.99995
299.99994
299.99994
299.99994
299.99994
299.99994
299.99994
299.99994
299.99994
299.99994
299.99994
299.99995
299.99995
299.99995
299.99995
299.99995
299.99995
299.99995
299.99996
299.99998
300
300.00004
300.00008
300.00009
342.17919
327.34522
315.73976
307.9696
303.39421
301.12647
300.24572
300.00693
299.97881
299.9895
299.99706
299.99947
299.99992
299.99995
299.99994
299.99993
299.99993
299.99993
299.99993
299.99993
299.99993
299.99993
299.99993
299.99993
299.99993
299.99993
299.99993
299.99993
299.99993
299.99994
299.99994
299.99994
299.99994
299.99995
299.99996
299.99997
300
300.00004
300.00008
300.00009
342.16637
327.29245
315.66678
307.94439
303.41484
301.15539
300.26257
300.01222
299.97916
299.98899
299.99678
299.99939
299.9999
299.99994
299.99993
299.99992
299.99992
299.99992
299.99992
299.99992
299.99992
299.99992
299.99992
299.99992
299.99992
299.99992
299.99992
299.99992
299.99992
299.99992
299.99993
299.99993
299.99993
299.99994
299.99995
299.99997
299.99999
300.00004
300.00008
300.00009
342.15499
327.24186
315.58485
307.90291
303.42548
301.18115
300.27909
300.01766
299.97958
299.98848
299.99649
299.99931
299.99989
299.99993
299.99992
299.99991
299.99991
299.99991
299.99991
299.99991
299.99991
299.99991
299.99991
299.99991
299.99991
299.99991
299.99991
299.99991
299.99991
299.99991
299.99992
299.99992
299.99992
299.99993
299.99994
299.99996
299.99999
300.00004
300.00008
300.00009
342.14516
327.1952
315.49809
307.8453
303.42363
301.20218
300.29514
300.02366
299.98038
299.9881
299.99623
299.99923
299.99987
299.99993
299.99991
299.99991
299.99991
299.99991
299.99991
299.99991
299.99991
299.99991
299.99991
299.99991
299.99991
299.99991
299.99991
299.99991
299.99991
299.99991
299.99991
299.99991
299.99991
299.99992
299.99993
299.99995
299.99999
300.00005
300.00009
300.00009
342.13695
327.15377
315.41106
307.77381
303.40788
301.21691
300.31034
300.03051
299.98189
299.98802
299.99605
299.99917
299.99986
299.99993
299.99991
299.99991
299.99991
299.99991
299.99991
299.99991
299.99991
299.99991
299.99991
299.99991
299.99991
299.99991
299.99991
299.99991
299.99991
299.99991
299.9999
299.9999
299.99991
299.99991
299.99993
299.99995
300
300.00006
300.00009
300.00009
342.13028
327.11832
315.32816
307.69251
303.37846
301.22417
300.32415
300.03833
299.98439
299.98839
299.996
299.99913
299.99985
299.99993
299.99992
299.99991
299.99991
299.99991
299.99991
299.99991
299.99991
299.99991
299.99991
299.99991
299.99991
299.99991
299.99991
299.99991
299.99991
299.99991
299.99991
299.99991
299.99991
299.99991
299.99993
299.99996
300.00001
300.00006
300.00009
300.00009
342.12503
327.08911
315.25295
307.6066
303.33727
301.22354
300.33594
300.04693
299.98792
299.98931
299.99612
299.99912
299.99985
299.99993
299.99992
299.99992
299.99992
299.99992
299.99992
299.99992
299.99992
299.99992
299.99992
299.99992
299.99992
299.99992
299.99992
299.99992
299.99992
299.99992
299.99991
299.99991
299.99991
299.99992
299.99993
299.99997
300.00002
300.00007
300.00009
300.00009
342.12103
327.06594
315.18789
307.52153
303.28765
301.2155
300.34515
300.05591
299.99237
299.99075
299.99642
299.99916
299.99986
299.99994
299.99994
299.99993
299.99993
299.99993
299.99993
299.99993
299.99994
299.99994
299.99994
299.99994
299.99994
299.99993
299.99993
299.99993
299.99993
299.99993
299.99993
299.99992
299.99992
299.99993
299.99995
299.99998
300.00003
300.00007
300.00009
300.00009
342.1181
327.04825
315.13413
307.44214
303.23371
301.20135
300.35149
300.06467
299.99739
299.99261
299.99689
299.99923
299.99987
299.99995
299.99995
299.99995
299.99995
299.99995
299.99995
299.99995
299.99995
299.99995
299.99995
299.99995
299.99995
299.99995
299.99995
299.99995
299.99995
299.99994
299.99994
299.99994
299.99994
299.99994
299.99996
299.99999
300.00004
300.00007
300.00009
300.00009
342.11603
327.03528
315.09167
307.37202
303.17958
301.18297
300.35492
300.07263
300.00255
299.99471
299.99747
299.99933
299.99988
299.99997
299.99996
299.99996
299.99996
299.99996
299.99996
299.99996
299.99996
299.99997
299.99997
299.99997
299.99996
299.99996
299.99996
299.99996
299.99996
299.99996
299.99996
299.99995
299.99995
299.99996
299.99997
300
300.00004
300.00008
300.00009
300.00009
342.11465
327.02618
315.05959
307.31322
303.12881
301.16243
300.35574
300.07932
300.00741
299.99684
299.9981
299.99946
299.9999
299.99998
299.99998
299.99998
299.99998
299.99998
299.99998
299.99998
299.99998
299.99998
299.99998
299.99998
299.99998
299.99998
299.99998
299.99998
299.99997
299.99997
299.99997
299.99997
299.99997
299.99997
299.99999
300.00001
300.00005
300.00008
300.00009
300.00009
342.11378
327.02007
315.03637
307.26626
303.0839
301.14162
300.35445
300.0845
300.01165
299.99881
299.99872
299.99959
299.99992
299.99998
299.99999
299.99999
299.99999
299.99999
299.99999
299.99999
299.99999
299.99999
299.99999
299.99999
299.99999
299.99999
299.99999
299.99999
299.99999
299.99999
299.99998
299.99998
299.99998
299.99999
300
300.00002
300.00005
300.00008
300.00009
300.00009
342.11328
327.01619
315.02025
307.23044
303.04622
301.12206
300.35167
300.08813
300.01506
300.00049
299.99927
299.99972
299.99994
299.99999
300
300
300
300
300
300
300
300
300
300
300
300
300
300
300
299.99999
299.99999
299.99999
299.99999
300
300.00001
300.00003
300.00006
300.00008
300.00009
300.00009
342.11304
327.01387
315.00948
307.20424
303.01605
301.10474
300.34802
300.09037
300.0176
300.00182
299.99974
299.99983
299.99996
300
300
300
300
300
300
300
300
300
300
300
300
300
300
300
300
300
300
300
300
300.00001
300.00002
300.00003
300.00006
300.00008
300.00009
300.00009
342.11297
327.01258
315.0025
307.18575
302.99287
301.09017
300.34406
300.09149
300.01935
300.00281
300.0001
299.99992
299.99998
300
300.00001
300.00001
300.00001
300.00001
300.00001
300.00001
300.00001
300.00001
300.00001
300.00001
300.00001
300.00001
300.00001
300.00001
300.00001
300.00001
300
300
300.00001
300.00001
300.00002
300.00004
300.00006
300.00008
300.00009
300.00009
342.113
327.01193
314.99804
307.17302
302.97566
301.0784
300.3402
300.0918
300.02045
300.00349
300.00036
299.99999
299.99999
300
300.00001
300.00001
300.00001
300.00001
300.00001
300.00001
300.00001
300.00001
300.00001
300.00001
300.00001
300.00001
300.00001
300.00001
300.00001
300.00001
300.00001
300.00001
300.00001
300.00001
300.00002
300.00004
300.00006
300.00008
300.00009
300.00009
342.11309
327.01166
314.99517
307.16435
302.96319
301.06923
300.33672
300.09162
300.02108
300.00393
300.00054
300.00004
300
300.00001
300.00001
300.00001
300.00001
300.00001
300.00001
300.00001
300.00001
300.00001
300.00001
300.00001
300.00001
300.00001
300.00001
300.00001
300.00001
300.00001
300.00001
300.00001
300.00001
300.00001
300.00002
300.00004
300.00006
300.00008
300.00009
300.00009
342.1132
327.01158
314.99324
307.15836
302.95425
301.06225
300.33375
300.09118
300.02138
300.00419
300.00066
300.00008
300.00001
300.00001
300.00001
300.00001
300.00001
300.00001
300.00001
300.00001
300.00001
300.00001
300.00001
300.00001
300.00001
300.00001
300.00001
300.00001
300.00001
300.00001
300.00001
300.00001
300.00001
300.00001
300.00002
300.00004
300.00006
300.00008
300.00009
300.00009
342.11332
327.01161
314.99185
307.15406
302.94781
301.05701
300.33132
300.09066
300.02149
300.00435
300.00073
300.0001
300.00001
300.00001
300.00001
300.00001
300.00001
300.00001
300.00001
300.00001
300.00001
300.00001
300.00001
300.00001
300.00001
300.00001
300.00001
300.00001
300.00001
300.00001
300.00001
300.00001
300.00001
300.00001
300.00002
300.00004
300.00006
300.00008
300.00009
300.00009
342.11344
327.01167
314.99076
307.15079
302.94305
301.05308
300.32939
300.09015
300.0215
300.00443
300.00078
300.00011
300.00002
300.00001
300.00001
300.00001
300.00001
300.00001
300.00001
300.00001
300.00001
300.00001
300.00001
300.00001
300.00001
300.00001
300.00001
300.00001
300.00001
300.00001
300.00001
300.00001
300.00001
300.00001
300.00002
300.00004
300.00006
300.00008
300.00009
300.00009
342.11356
327.01175
314.98986
307.14816
302.93939
301.05009
300.32789
300.0897
300.02147
300.00447
300.0008
300.00012
300.00002
300.00001
300.00001
300.00001
300.00001
300.00001
300.00001
300.00001
300.00001
300.00001
300.00001
300.00001
300.00001
300.00001
300.00001
300.00001
300.00001
300.00001
300.00001
300.00001
300.00001
300.00001
300.00002
300.00004
300.00006
300.00008
300.00009
300.00009
342.11368
327.01185
314.98908
307.14595
302.93647
301.04776
300.32671
300.08933
300.02142
300.00449
300.00082
300.00013
300.00002
300.00001
300.00001
300.00001
300.00001
300.00001
300.00001
300.00001
300.00001
300.00001
300.00001
300.00001
300.00001
300.00001
300.00001
300.00001
300.00001
300.00001
300.00001
300.00001
300.00001
300.00001
300.00002
300.00003
300.00006
300.00008
300.00009
300.00009
342.1138
327.01195
314.98842
307.14404
302.93404
301.0459
300.32578
300.08904
300.02138
300.00451
300.00083
300.00014
300.00002
300.00001
300
300
300
300
300
300
300
300
300
300
300
300
300
300
300
300
300.00001
300.00001
300.00001
300.00001
300.00002
300.00003
300.00006
300.00008
300.00009
300.00009
342.11392
327.01208
314.98787
307.1424
302.93198
301.04437
300.32504
300.08881
300.02135
300.00452
300.00084
300.00014
300.00002
300.00001
300
300
300
300
300
300
300
300
300
300
300
300
300
300
300
300
300
300.00001
300.00001
300.00001
300.00002
300.00003
300.00006
300.00008
300.00009
300.00009
342.11405
327.01224
314.98743
307.14099
302.93022
301.04308
300.32443
300.08863
300.02133
300.00453
300.00085
300.00014
300.00002
300.00001
300
300
300
300
300
300
300
300
300
300
300
300
300
300
300
300
300
300
300.00001
300.00001
300.00002
300.00003
300.00006
300.00008
300.00009
300.00009
342.11419
327.01243
314.9871
307.1398
302.92872
301.04199
300.32392
300.08848
300.02131
300.00453
300.00085
300.00014
300.00002
300.00001
300
300
300
300
300
300
300
300
300
300
300
300
300
300
300
300
300
300
300.00001
300.00001
300.00002
300.00003
300.00006
300.00008
300.00009
300.00009
342.11434
327.01266
314.98687
307.13882
302.92744
301.04107
300.3235
300.08836
300.0213
300.00454
300.00086
300.00015
300.00002
300.00001
300
300
300
300
300
300
300
300
300
300
300
300
300
300
300
300
300
300
300.00001
300.00001
300.00002
300.00003
300.00006
300.00008
300.00009
300.00009
342.1145
327.01293
314.98675
307.13801
302.92636
301.04028
300.32314
300.08825
300.02129
300.00455
300.00086
300.00015
300.00002
300.00001
300
300
300
300
300
300
300
300
300
300
300
300
300
300
300
300
300
300
300.00001
300.00001
300.00002
300.00003
300.00006
300.00008
300.00009
300.00009
342.11467
327.01325
314.98672
307.13737
302.92546
301.03961
300.32283
300.08817
300.02128
300.00455
300.00087
300.00015
300.00002
300.00001
300
300
300
300
300
300
300
300
300
300
300
300
300
300
300
300
300
300
300.00001
300.00001
300.00002
300.00003
300.00005
300.00008
300.00009
300.00009
342.11487
327.01362
314.9868
307.13689
302.92472
301.03906
300.32257
300.08809
300.02127
300.00456
300.00087
300.00015
300.00003
300.00001
300
300
300
300
300
300
300
300
300
300
300
300
300
300
300
300
300
300
300.00001
300.00001
300.00002
300.00003
300.00005
300.00008
300.00009
300.00009
342.11509
327.01405
314.98697
307.13654
302.92412
301.03859
300.32235
300.08803
300.02126
300.00456
300.00087
300.00015
300.00003
300.00001
300
300
300
300
300
300
300
300
300
300
300
300
300
300
300
300
300
300
300.00001
300.00001
300.00002
300.00003
300.00005
300.00008
300.00009
300.00009
342.11533
327.01454
314.98724
307.13632
302.92364
301.0382
300.32217
300.08798
300.02126
300.00456
300.00087
300.00015
300.00003
300.00001
300
300
300
300
300
300
300
300
300
300
300
300
300
300
300
300
300
300
300
300.00001
300.00002
300.00003
300.00005
300.00008
300.00009
300.00009
342.1156
327.0151
314.98761
307.13623
302.92327
301.03789
300.32202
300.08793
300.02125
300.00457
300.00088
300.00015
300.00003
300.00001
300
300
300
300
300
300
300
300
300
300
300
300
300
300
300
300
300
300
300
300.00001
300.00002
300.00003
300.00005
300.00008
300.00009
300.00009
342.1159
327.01574
314.98808
307.13625
302.923
301.03763
300.32189
300.0879
300.02125
300.00457
300.00088
300.00015
300.00003
300.00001
300
300
300
300
300
300
300
300
300
300
300
300
300
300
300
300
300
300
300
300.00001
300.00002
300.00003
300.00005
300.00008
300.00009
300.00009
342.11624
327.01646
314.98867
307.13638
302.92283
301.03744
300.32179
300.08787
300.02125
300.00457
300.00088
300.00015
300.00003
300.00001
300
300
300
300
300
300
300
300
300
300
300
300
300
300
300
300
300
300
300
300.00001
300.00002
300.00003
300.00005
300.00008
300.00009
300.00009
342.11662
327.01728
314.98936
307.13662
302.92274
301.0373
300.32171
300.08784
300.02124
300.00457
300.00088
300.00015
300.00002
300
300
300
300
300
300
300
300
300
300
300
300
300
300
300
300
300
300
300
300
300.00001
300.00002
300.00003
300.00005
300.00007
300.00009
300.00009
342.11706
327.01822
314.99019
307.13698
302.92274
301.0372
300.32165
300.08782
300.02124
300.00457
300.00088
300.00015
300.00002
300
300
300
300
300
300
300
300
300
300
300
300
300
300
300
300
300
300
300
300
300.00001
300.00002
300.00003
300.00005
300.00007
300.00009
300.00009
342.11755
327.01928
314.99116
307.13746
302.92283
301.03715
300.32161
300.08781
300.02124
300.00458
300.00088
300.00015
300.00002
300
300
300
300
300
300
300
300
300
300
300
300
300
300
300
300
300
300
300
300
300.00001
300.00002
300.00003
300.00005
300.00007
300.00009
300.00009
342.11813
327.0205
314.99228
307.13807
302.92299
301.03714
300.32158
300.0878
300.02124
300.00458
300.00088
300.00015
300.00002
300
300
300
300
300
300
300
300
300
300
300
300
300
300
300
300
300
300
300
300
300.00001
300.00002
300.00003
300.00005
300.00007
300.00009
300.00009
342.11882
327.02191
314.99359
307.13881
302.92324
301.03717
300.32157
300.08779
300.02124
300.00458
300.00088
300.00015
300.00002
300
300
300
300
300
300
300
300
300
300
300
300
300
300
300
300
300
300
300
300
300.00001
300.00002
300.00003
300.00005
300.00007
300.00009
300.00009
342.1197
327.02364
314.99517
307.13974
302.92359
301.03725
300.32157
300.08779
300.02124
300.00458
300.00088
300.00015
300.00002
300
300
300
300
300
300
300
300
300
300
300
300
300
300
300
300
300
300
300
300
300.00001
300.00001
300.00003
300.00005
300.00007
300.00009
300.00009
342.12078
327.02543
314.99673
307.14064
302.92394
301.03733
300.32158
300.08779
300.02124
300.00458
300.00088
300.00015
300.00002
300
300
300
300
300
300
300
300
300
300
300
300
300
300
300
300
300
300
300
300
300.00001
300.00001
300.00003
300.00005
300.00007
300.00009
300.00009
342.12327
327.02985
315.0003
307.1427
302.92481
301.0376
300.32164
300.0878
300.02124
300.00458
300.00088
300.00015
300.00002
300
300
300
300
300
300
300
300
300
300
300
300
300
300
300
300
300
300
300
300
300.00001
300.00001
300.00003
300.00005
300.00007
300.00009
300.00009
)
;

boundaryField
{
    wall
    {
        type            fixedValue;
        value           uniform 350;
    }
    sides
    {
        type            zeroGradient;
    }
    frontAndBack
    {
        type            empty;
    }
    inlet
    {
        type            fixedValue;
        value           uniform 300;
    }
    outlet
    {
        type            zeroGradient;
    }
}


// ************************************************************************* //
