/*--------------------------------*- C++ -*----------------------------------*\
  =========                 |
  \\      /  F ield         | OpenFOAM: The Open Source CFD Toolbox
   \\    /   O peration     | Website:  https://openfoam.org
    \\  /    A nd           | Version:  10
     \\/     M anipulation  |
\*---------------------------------------------------------------------------*/
FoamFile
{
    format      ascii;
    class       volScalarField;
    location    "0.09";
    object      rho_0;
}
// * * * * * * * * * * * * * * * * * * * * * * * * * * * * * * * * * * * * * //

dimensions      [1 -3 0 0 0 0 0];

internalField   nonuniform List<scalar> 
4000
(
1.1257788
1.1399116
1.1374518
1.1374123
1.1374156
1.1374153
1.1374152
1.1374152
1.1374152
1.1374152
1.1374152
1.1374151
1.1374151
1.1374151
1.1374151
1.1374151
1.1374151
1.1374151
1.1374151
1.1374151
1.1374151
1.1374151
1.1374151
1.1374151
1.1374151
1.1374151
1.1374151
1.1374151
1.1374151
1.1374151
1.1374152
1.1374152
1.1374152
1.1374152
1.1374152
1.1374153
1.1374153
1.1374154
1.1374155
1.1374158
1.1019262
1.1431561
1.1382524
1.1374084
1.1374123
1.1374153
1.1374152
1.1374152
1.1374152
1.1374152
1.1374152
1.1374151
1.1374151
1.1374151
1.1374151
1.1374151
1.1374151
1.1374151
1.1374151
1.1374151
1.1374151
1.1374151
1.1374151
1.1374151
1.1374151
1.1374151
1.1374151
1.1374151
1.1374151
1.1374151
1.1374152
1.1374152
1.1374152
1.1374152
1.1374152
1.1374153
1.1374153
1.1374154
1.1374154
1.1374156
1.0798225
1.1424241
1.1397218
1.1375073
1.1374
1.1374143
1.1374153
1.1374152
1.1374152
1.1374152
1.1374152
1.1374151
1.1374151
1.1374151
1.1374151
1.1374151
1.1374151
1.1374151
1.1374151
1.1374151
1.1374151
1.1374151
1.1374151
1.1374151
1.1374151
1.1374151
1.1374151
1.1374151
1.1374151
1.1374151
1.1374152
1.1374152
1.1374152
1.1374152
1.1374152
1.1374153
1.1374153
1.1374153
1.1374153
1.1374154
1.0605751
1.1380053
1.1412723
1.1378127
1.1373882
1.13741
1.1374152
1.1374152
1.1374152
1.1374152
1.1374151
1.1374151
1.1374151
1.1374151
1.1374151
1.1374151
1.1374151
1.1374151
1.1374151
1.1374151
1.1374151
1.1374151
1.1374151
1.1374151
1.1374151
1.1374151
1.1374151
1.1374151
1.1374151
1.1374151
1.1374151
1.1374152
1.1374152
1.1374152
1.1374152
1.1374152
1.1374152
1.1374153
1.1374153
1.1374153
1.0445864
1.1310219
1.1423207
1.1383488
1.137403
1.1374009
1.1374145
1.1374153
1.1374152
1.1374151
1.1374151
1.1374151
1.1374151
1.1374151
1.1374151
1.1374151
1.1374151
1.1374151
1.1374151
1.1374151
1.1374151
1.1374151
1.1374151
1.1374151
1.1374151
1.1374151
1.1374151
1.1374151
1.1374151
1.1374151
1.1374151
1.1374151
1.1374152
1.1374152
1.1374152
1.1374152
1.1374152
1.1374152
1.1374152
1.1374153
1.0319223
1.1226776
1.1425006
1.1390479
1.1374743
1.137389
1.1374125
1.1374153
1.1374152
1.1374151
1.1374151
1.1374151
1.1374151
1.1374151
1.1374151
1.1374151
1.1374151
1.1374151
1.1374151
1.1374151
1.1374151
1.1374151
1.1374151
1.1374151
1.1374151
1.1374151
1.1374151
1.1374151
1.1374151
1.1374151
1.1374151
1.1374151
1.1374151
1.1374151
1.1374152
1.1374152
1.1374152
1.1374152
1.1374152
1.1374152
1.0223879
1.1139713
1.1417127
1.1397842
1.1376211
1.1373799
1.1374084
1.1374151
1.1374152
1.1374151
1.1374151
1.1374151
1.1374151
1.1374151
1.1374151
1.1374151
1.1374151
1.1374151
1.1374151
1.1374151
1.1374151
1.1374151
1.1374151
1.1374151
1.1374151
1.1374151
1.1374151
1.1374151
1.1374151
1.1374151
1.1374151
1.1374151
1.1374151
1.1374151
1.1374151
1.1374151
1.1374151
1.1374151
1.1374151
1.1374151
1.0155676
1.1055835
1.1400581
1.1404272
1.137844
1.1373816
1.1374022
1.1374146
1.1374152
1.1374151
1.1374151
1.1374151
1.1374151
1.1374151
1.1374151
1.1374151
1.1374151
1.1374151
1.1374151
1.1374151
1.1374151
1.1374151
1.1374151
1.1374151
1.1374151
1.1374151
1.1374151
1.1374151
1.1374151
1.1374151
1.1374151
1.1374151
1.1374151
1.1374151
1.1374151
1.1374151
1.1374151
1.1374151
1.1374151
1.1374151
1.0109169
1.0978945
1.1377345
1.1408785
1.138126
1.1374015
1.1373949
1.1374134
1.1374153
1.1374151
1.1374151
1.1374151
1.1374151
1.1374151
1.1374151
1.1374151
1.1374151
1.1374151
1.1374151
1.1374151
1.1374151
1.1374151
1.1374151
1.1374151
1.1374151
1.1374151
1.1374151
1.1374151
1.1374151
1.1374151
1.1374151
1.1374151
1.1374151
1.1374151
1.1374151
1.1374151
1.1374151
1.1374151
1.1374151
1.137415
1.0078679
1.0910623
1.1349572
1.1410837
1.1384405
1.1374445
1.1373881
1.1374114
1.1374152
1.1374151
1.1374151
1.1374151
1.1374151
1.1374151
1.1374151
1.1374151
1.1374151
1.1374151
1.1374151
1.1374151
1.1374151
1.1374151
1.1374151
1.1374151
1.1374151
1.1374151
1.1374151
1.1374151
1.1374151
1.1374151
1.1374151
1.1374151
1.1374151
1.1374151
1.1374151
1.1374151
1.1374151
1.1374151
1.137415
1.137415
1.0059105
1.0851021
1.1319168
1.1410271
1.1387585
1.1375119
1.1373838
1.1374086
1.137415
1.1374152
1.1374151
1.1374151
1.1374151
1.1374151
1.1374151
1.1374151
1.1374151
1.1374151
1.1374151
1.1374151
1.1374151
1.1374151
1.1374151
1.1374151
1.1374151
1.1374151
1.1374151
1.1374151
1.1374151
1.1374151
1.1374151
1.1374151
1.1374151
1.1374151
1.1374151
1.137415
1.137415
1.137415
1.137415
1.137415
1.0046396
1.0799496
1.1287623
1.1407201
1.1390535
1.1376017
1.137384
1.1374052
1.1374146
1.1374152
1.1374151
1.1374151
1.1374151
1.1374151
1.1374151
1.1374151
1.1374151
1.1374151
1.1374151
1.1374151
1.137415
1.137415
1.137415
1.137415
1.137415
1.1374151
1.1374151
1.1374151
1.1374151
1.1374151
1.1374151
1.137415
1.137415
1.137415
1.137415
1.137415
1.137415
1.137415
1.137415
1.137415
1.0037668
1.0755048
1.1255998
1.1401902
1.1393047
1.1377097
1.1373902
1.1374016
1.137414
1.1374152
1.1374151
1.137415
1.137415
1.137415
1.137415
1.137415
1.137415
1.137415
1.137415
1.137415
1.137415
1.137415
1.137415
1.137415
1.137415
1.137415
1.137415
1.137415
1.137415
1.137415
1.137415
1.137415
1.137415
1.137415
1.137415
1.137415
1.137415
1.137415
1.137415
1.137415
1.0031076
1.0716607
1.1224994
1.1394714
1.1394976
1.1378302
1.1374035
1.1373983
1.137413
1.1374152
1.1374151
1.137415
1.137415
1.137415
1.137415
1.137415
1.137415
1.137415
1.137415
1.137415
1.137415
1.137415
1.137415
1.137415
1.137415
1.137415
1.137415
1.137415
1.137415
1.137415
1.137415
1.137415
1.137415
1.137415
1.137415
1.137415
1.137415
1.137415
1.137415
1.137415
1.0025572
1.0683179
1.1195042
1.1385987
1.1396235
1.137957
1.1374241
1.1373957
1.1374118
1.1374151
1.1374151
1.137415
1.137415
1.137415
1.137415
1.137415
1.137415
1.137415
1.137415
1.137415
1.137415
1.137415
1.137415
1.137415
1.137415
1.137415
1.137415
1.137415
1.137415
1.137415
1.137415
1.137415
1.137415
1.137415
1.137415
1.137415
1.137415
1.137415
1.137415
1.137415
1.0020644
1.065392
1.1166385
1.1376047
1.1396786
1.1380842
1.137452
1.1373943
1.1374104
1.1374149
1.1374151
1.137415
1.137415
1.137415
1.137415
1.137415
1.137415
1.137415
1.137415
1.137415
1.137415
1.137415
1.137415
1.137415
1.137415
1.137415
1.137415
1.137415
1.137415
1.137415
1.137415
1.137415
1.137415
1.137415
1.137415
1.137415
1.137415
1.137415
1.137415
1.137415
1.0016108
1.0628148
1.1139149
1.1365184
1.1396624
1.1382062
1.1374863
1.1373946
1.137409
1.1374147
1.1374151
1.137415
1.137415
1.137415
1.137415
1.137415
1.137415
1.137415
1.137415
1.137415
1.137415
1.137415
1.137415
1.137415
1.137415
1.137415
1.137415
1.137415
1.137415
1.137415
1.137415
1.137415
1.137415
1.137415
1.137415
1.137415
1.137415
1.137415
1.137415
1.1374149
1.0011942
1.0605344
1.1113389
1.1353652
1.1395773
1.1383183
1.137526
1.1373969
1.1374075
1.1374144
1.1374151
1.137415
1.137415
1.137415
1.137415
1.137415
1.137415
1.137415
1.137415
1.137415
1.137415
1.137415
1.137415
1.137415
1.137415
1.137415
1.137415
1.137415
1.137415
1.137415
1.137415
1.137415
1.137415
1.137415
1.137415
1.137415
1.137415
1.137415
1.1374149
1.1374149
1.0008187
1.0585125
1.1089128
1.1341668
1.1394272
1.1384166
1.1375699
1.1374012
1.1374062
1.137414
1.1374151
1.137415
1.137415
1.137415
1.137415
1.137415
1.137415
1.137415
1.137415
1.137415
1.137415
1.137415
1.137415
1.137415
1.137415
1.137415
1.137415
1.137415
1.137415
1.137415
1.137415
1.137415
1.137415
1.137415
1.137415
1.137415
1.137415
1.1374149
1.1374149
1.1374149
1.0004887
1.0567222
1.1066377
1.1329421
1.1392173
1.138498
1.1376165
1.1374078
1.1374051
1.1374135
1.137415
1.137415
1.137415
1.137415
1.137415
1.137415
1.137415
1.137415
1.137415
1.137415
1.137415
1.137415
1.137415
1.137415
1.137415
1.137415
1.137415
1.137415
1.137415
1.137415
1.137415
1.137415
1.137415
1.137415
1.137415
1.137415
1.1374149
1.1374149
1.1374149
1.1374149
1.0002077
1.0551458
1.1045145
1.1317077
1.1389538
1.1385602
1.1376643
1.1374165
1.1374045
1.137413
1.137415
1.137415
1.137415
1.137415
1.137415
1.137415
1.137415
1.137415
1.137415
1.137415
1.137415
1.137415
1.137415
1.137415
1.137415
1.137415
1.137415
1.137415
1.137415
1.137415
1.137415
1.137415
1.137415
1.137415
1.137415
1.1374149
1.1374149
1.1374149
1.1374149
1.1374149
0.9999787
1.0537723
1.1025455
1.1304785
1.138643
1.1386017
1.1377118
1.1374272
1.1374043
1.1374125
1.1374149
1.137415
1.137415
1.137415
1.137415
1.137415
1.137415
1.137415
1.137415
1.137415
1.137415
1.137415
1.137415
1.137415
1.137415
1.137415
1.137415
1.137415
1.137415
1.137415
1.137415
1.137415
1.137415
1.137415
1.1374149
1.1374149
1.1374149
1.1374149
1.1374149
1.1374149
0.99980416
1.0525962
1.100734
1.1292681
1.138292
1.1386216
1.1377577
1.1374397
1.1374047
1.1374119
1.1374147
1.137415
1.137415
1.137415
1.137415
1.137415
1.137415
1.137415
1.137415
1.137415
1.137415
1.137415
1.137415
1.137415
1.137415
1.137415
1.137415
1.137415
1.137415
1.137415
1.137415
1.137415
1.1374149
1.1374149
1.1374149
1.1374149
1.1374149
1.1374149
1.1374149
1.1374149
0.99968627
1.0516157
1.0990847
1.1280894
1.1379079
1.1386199
1.1378006
1.1374536
1.1374057
1.1374115
1.1374146
1.137415
1.137415
1.137415
1.137415
1.137415
1.137415
1.137415
1.137415
1.137415
1.137415
1.137415
1.137415
1.137415
1.137415
1.137415
1.137415
1.137415
1.137415
1.137415
1.1374149
1.1374149
1.1374149
1.1374149
1.1374149
1.1374149
1.1374149
1.1374149
1.1374149
1.1374149
0.99962573
1.0508315
1.0976037
1.1269544
1.1374979
1.1385967
1.1378394
1.1374685
1.1374073
1.1374111
1.1374145
1.137415
1.137415
1.137415
1.137415
1.137415
1.137415
1.137415
1.137415
1.137415
1.137415
1.137415
1.137415
1.137415
1.137415
1.137415
1.137415
1.1374149
1.1374149
1.1374149
1.1374149
1.1374149
1.1374149
1.1374149
1.1374149
1.1374149
1.1374149
1.1374149
1.1374149
1.1374149
0.99962093
1.0502444
1.0962977
1.1258749
1.1370696
1.1385529
1.137873
1.1374841
1.1374095
1.1374108
1.1374143
1.1374149
1.137415
1.1374149
1.1374149
1.1374149
1.1374149
1.1374149
1.1374149
1.1374149
1.1374149
1.1374149
1.1374149
1.1374149
1.1374149
1.1374149
1.1374149
1.1374149
1.1374149
1.1374149
1.1374149
1.1374149
1.1374149
1.1374149
1.1374149
1.1374149
1.1374149
1.1374149
1.1374149
1.1374149
0.99966736
1.0498538
1.0951732
1.1248619
1.1366303
1.13849
1.1379007
1.1375
1.1374123
1.1374106
1.1374141
1.1374149
1.137415
1.1374149
1.1374149
1.1374149
1.1374149
1.1374149
1.1374149
1.1374149
1.1374149
1.1374149
1.1374149
1.1374149
1.1374149
1.1374149
1.1374149
1.1374149
1.1374149
1.1374149
1.1374149
1.1374149
1.1374149
1.1374149
1.1374149
1.1374149
1.1374149
1.1374149
1.1374149
1.1374149
0.99975758
1.0496548
1.0942359
1.1239254
1.1361875
1.1384096
1.1379219
1.1375156
1.1374156
1.1374106
1.137414
1.1374149
1.1374149
1.1374149
1.1374149
1.1374149
1.1374149
1.1374149
1.1374149
1.1374149
1.1374149
1.1374149
1.1374149
1.1374149
1.1374149
1.1374149
1.1374149
1.1374149
1.1374149
1.1374149
1.1374149
1.1374149
1.1374149
1.1374149
1.1374149
1.1374149
1.1374149
1.1374149
1.1374149
1.1374149
0.99988152
1.0496365
1.0934882
1.1230744
1.1357481
1.1383137
1.1379362
1.1375306
1.1374194
1.1374108
1.1374138
1.1374148
1.1374149
1.1374149
1.1374149
1.1374149
1.1374149
1.1374149
1.1374149
1.1374149
1.1374149
1.1374149
1.1374149
1.1374149
1.1374149
1.1374149
1.1374149
1.1374149
1.1374149
1.1374149
1.1374149
1.1374149
1.1374149
1.1374149
1.1374149
1.1374149
1.1374149
1.1374149
1.1374149
1.1374149
1.0000272
1.0497799
1.092929
1.1223158
1.1353188
1.1382049
1.1379435
1.1375447
1.1374235
1.1374111
1.1374137
1.1374148
1.1374149
1.1374149
1.1374149
1.1374149
1.1374149
1.1374149
1.1374149
1.1374149
1.1374149
1.1374149
1.1374149
1.1374149
1.1374149
1.1374149
1.1374149
1.1374149
1.1374149
1.1374149
1.1374149
1.1374149
1.1374149
1.1374149
1.1374149
1.1374149
1.1374149
1.1374149
1.1374149
1.1374149
1.0001818
1.0500568
1.092551
1.1216542
1.1349056
1.1380857
1.1379439
1.1375575
1.1374279
1.1374116
1.1374136
1.1374148
1.1374149
1.1374149
1.1374149
1.1374149
1.1374149
1.1374149
1.1374149
1.1374149
1.1374149
1.1374149
1.1374149
1.1374149
1.1374149
1.1374149
1.1374149
1.1374149
1.1374149
1.1374149
1.1374149
1.1374149
1.1374149
1.1374149
1.1374149
1.1374149
1.1374149
1.1374149
1.1374149
1.1374149
1.000333
1.0504301
1.0923407
1.1210913
1.1345136
1.1379588
1.1379379
1.1375688
1.1374324
1.1374122
1.1374135
1.1374147
1.1374149
1.1374149
1.1374149
1.1374149
1.1374149
1.1374149
1.1374149
1.1374149
1.1374149
1.1374149
1.1374149
1.1374149
1.1374149
1.1374149
1.1374149
1.1374149
1.1374149
1.1374149
1.1374149
1.1374149
1.1374149
1.1374149
1.1374149
1.1374149
1.1374149
1.1374149
1.1374149
1.1374149
1.0004706
1.0508559
1.092277
1.1206254
1.1341467
1.1378266
1.1379257
1.1375784
1.1374369
1.1374129
1.1374135
1.1374147
1.1374149
1.1374149
1.1374149
1.1374149
1.1374149
1.1374149
1.1374149
1.1374149
1.1374149
1.1374149
1.1374149
1.1374149
1.1374149
1.1374149
1.1374149
1.1374149
1.1374149
1.1374149
1.1374149
1.1374149
1.1374149
1.1374149
1.1374149
1.1374149
1.1374149
1.1374149
1.1374149
1.1374149
1.0005877
1.0512885
1.0923321
1.1202514
1.1338076
1.1376913
1.1379079
1.1375862
1.1374414
1.1374138
1.1374135
1.1374146
1.1374149
1.1374149
1.1374149
1.1374149
1.1374149
1.1374149
1.1374149
1.1374149
1.1374149
1.1374149
1.1374149
1.1374149
1.1374149
1.1374149
1.1374149
1.1374149
1.1374149
1.1374149
1.1374149
1.1374149
1.1374149
1.1374149
1.1374149
1.1374149
1.1374149
1.1374149
1.1374149
1.1374149
1.0006818
1.0516878
1.0924728
1.1199604
1.1334975
1.1375548
1.1378847
1.1375919
1.1374456
1.1374148
1.1374136
1.1374146
1.1374149
1.1374149
1.1374149
1.1374149
1.1374149
1.1374149
1.1374149
1.1374149
1.1374149
1.1374149
1.1374149
1.1374149
1.1374149
1.1374149
1.1374149
1.1374149
1.1374149
1.1374149
1.1374149
1.1374149
1.1374149
1.1374149
1.1374149
1.1374149
1.1374149
1.1374149
1.1374149
1.1374149
1.0007546
1.0520264
1.092664
1.1197402
1.1332165
1.1374188
1.1378568
1.1375955
1.1374496
1.1374159
1.1374136
1.1374146
1.1374149
1.1374149
1.1374149
1.1374149
1.1374149
1.1374149
1.1374149
1.1374149
1.1374149
1.1374149
1.1374149
1.1374149
1.1374149
1.1374149
1.1374149
1.1374149
1.1374149
1.1374149
1.1374149
1.1374149
1.1374149
1.1374149
1.1374149
1.1374149
1.1374149
1.1374149
1.1374149
1.1374149
1.0008106
1.0522935
1.0928729
1.1195763
1.1329631
1.1372851
1.1378251
1.1375971
1.1374532
1.137417
1.1374138
1.1374145
1.1374148
1.1374149
1.1374149
1.1374149
1.1374149
1.1374149
1.1374149
1.1374149
1.1374149
1.1374149
1.1374149
1.1374149
1.1374149
1.1374149
1.1374149
1.1374149
1.1374149
1.1374149
1.1374149
1.1374149
1.1374149
1.1374149
1.1374149
1.1374149
1.1374149
1.1374149
1.1374149
1.1374149
1.0008562
1.0524958
1.0930742
1.1194533
1.1327352
1.1371557
1.1377911
1.1375974
1.1374565
1.1374182
1.1374139
1.1374145
1.1374148
1.1374149
1.1374149
1.1374149
1.1374149
1.1374149
1.1374149
1.1374149
1.1374149
1.1374149
1.1374149
1.1374149
1.1374149
1.1374149
1.1374149
1.1374149
1.1374149
1.1374149
1.1374149
1.1374149
1.1374149
1.1374149
1.1374149
1.1374149
1.1374149
1.1374149
1.1374149
1.1374149
1.0008976
1.0526529
1.0932541
1.1193572
1.1325296
1.1370326
1.1377571
1.137597
1.1374598
1.1374193
1.1374141
1.1374145
1.1374148
1.1374149
1.1374149
1.1374149
1.1374149
1.1374149
1.1374149
1.1374149
1.1374149
1.1374149
1.1374149
1.1374149
1.1374149
1.1374149
1.1374149
1.1374149
1.1374149
1.1374149
1.1374149
1.1374149
1.1374149
1.1374149
1.1374149
1.1374149
1.1374149
1.1374149
1.1374149
1.1374149
1.0009393
1.0527899
1.0934123
1.1192787
1.1323433
1.1369174
1.1377249
1.1375971
1.1374632
1.1374206
1.1374142
1.1374145
1.1374148
1.1374149
1.1374149
1.1374149
1.1374149
1.1374149
1.1374149
1.1374149
1.1374149
1.1374149
1.1374149
1.1374149
1.1374149
1.1374149
1.1374149
1.1374149
1.1374149
1.1374149
1.1374149
1.1374149
1.1374149
1.1374149
1.1374149
1.1374149
1.1374149
1.1374149
1.1374149
1.1374149
1.000984
1.05293
1.0935608
1.1192148
1.1321738
1.1368105
1.1376959
1.1375984
1.1374669
1.1374218
1.1374144
1.1374144
1.1374148
1.1374149
1.1374149
1.1374149
1.1374149
1.1374149
1.1374149
1.1374149
1.1374149
1.1374149
1.1374149
1.1374149
1.1374149
1.1374149
1.1374149
1.1374149
1.1374149
1.1374149
1.1374149
1.1374149
1.1374149
1.1374149
1.1374149
1.1374149
1.1374149
1.1374149
1.1374149
1.1374149
1.0010319
1.0530883
1.093719
1.1191698
1.13202
1.1367109
1.1376697
1.1376007
1.137471
1.1374232
1.1374145
1.1374144
1.1374148
1.1374149
1.1374149
1.1374149
1.1374149
1.1374149
1.1374149
1.1374149
1.1374149
1.1374149
1.1374149
1.1374149
1.1374149
1.1374149
1.1374149
1.1374149
1.1374149
1.1374149
1.1374149
1.1374149
1.1374149
1.1374149
1.1374149
1.1374149
1.1374149
1.1374149
1.1374149
1.1374149
1.0010816
1.0532697
1.0939067
1.1191539
1.1318832
1.136616
1.137644
1.1376032
1.1374753
1.1374245
1.1374146
1.1374143
1.1374147
1.1374148
1.1374149
1.1374149
1.1374149
1.1374149
1.1374149
1.1374149
1.1374149
1.1374149
1.1374149
1.1374149
1.1374149
1.1374149
1.1374149
1.1374149
1.1374149
1.1374149
1.1374149
1.1374149
1.1374149
1.1374149
1.1374149
1.1374149
1.1374149
1.1374149
1.1374149
1.1374149
1.0011306
1.0534694
1.0941373
1.1191797
1.1317668
1.1365231
1.137615
1.1376036
1.137479
1.1374259
1.1374148
1.1374143
1.1374147
1.1374148
1.1374149
1.1374149
1.1374149
1.1374149
1.1374149
1.1374149
1.1374149
1.1374149
1.1374149
1.1374149
1.1374149
1.1374149
1.1374149
1.1374149
1.1374149
1.1374149
1.1374149
1.1374149
1.1374149
1.1374149
1.1374149
1.1374149
1.1374148
1.1374148
1.1374148
1.1374148
1.0011766
1.0536763
1.0944129
1.1192569
1.1316755
1.1364301
1.1375785
1.1375993
1.1374812
1.137427
1.137415
1.1374143
1.1374147
1.1374148
1.1374149
1.1374149
1.1374149
1.1374149
1.1374149
1.1374149
1.1374149
1.1374149
1.1374149
1.1374149
1.1374149
1.1374149
1.1374149
1.1374149
1.1374149
1.1374148
1.1374148
1.1374148
1.1374148
1.1374148
1.1374148
1.1374148
1.1374148
1.1374148
1.1374148
1.1374148
1.0012174
1.0538775
1.0947237
1.1193889
1.1316139
1.136337
1.1375319
1.137588
1.137481
1.1374278
1.1374152
1.1374143
1.1374147
1.1374148
1.1374148
1.1374148
1.1374148
1.1374148
1.1374148
1.1374148
1.1374148
1.1374148
1.1374148
1.1374148
1.1374148
1.1374148
1.1374148
1.1374148
1.1374148
1.1374148
1.1374148
1.1374148
1.1374148
1.1374148
1.1374148
1.1374148
1.1374148
1.1374148
1.1374148
1.1374148
1.0012519
1.0540608
1.0950506
1.11957
1.1315847
1.1362461
1.1374746
1.1375685
1.1374777
1.1374279
1.1374154
1.1374143
1.1374147
1.1374148
1.1374148
1.1374148
1.1374148
1.1374148
1.1374148
1.1374148
1.1374148
1.1374148
1.1374148
1.1374148
1.1374148
1.1374148
1.1374148
1.1374148
1.1374148
1.1374148
1.1374148
1.1374148
1.1374148
1.1374148
1.1374148
1.1374148
1.1374148
1.1374148
1.1374148
1.1374148
1.0012795
1.054218
1.0953709
1.1197867
1.1315875
1.1361612
1.1374096
1.1375417
1.1374713
1.1374274
1.1374156
1.1374144
1.1374147
1.1374148
1.1374148
1.1374148
1.1374148
1.1374148
1.1374148
1.1374148
1.1374148
1.1374148
1.1374148
1.1374148
1.1374148
1.1374148
1.1374148
1.1374148
1.1374148
1.1374148
1.1374148
1.1374148
1.1374148
1.1374148
1.1374148
1.1374148
1.1374148
1.1374148
1.1374148
1.1374148
1.0013006
1.0543452
1.0956638
1.1200202
1.1316181
1.1360871
1.1373416
1.13751
1.1374623
1.1374262
1.1374157
1.1374145
1.1374147
1.1374148
1.1374148
1.1374148
1.1374148
1.1374148
1.1374148
1.1374148
1.1374148
1.1374148
1.1374148
1.1374148
1.1374148
1.1374148
1.1374148
1.1374148
1.1374148
1.1374148
1.1374148
1.1374148
1.1374148
1.1374148
1.1374148
1.1374148
1.1374148
1.1374148
1.1374148
1.1374148
1.0013159
1.0544425
1.0959144
1.1202511
1.1316698
1.1360273
1.1372766
1.1374766
1.1374519
1.1374244
1.1374158
1.1374146
1.1374147
1.1374148
1.1374148
1.1374148
1.1374148
1.1374148
1.1374148
1.1374148
1.1374148
1.1374148
1.1374148
1.1374148
1.1374148
1.1374148
1.1374148
1.1374148
1.1374148
1.1374148
1.1374148
1.1374148
1.1374148
1.1374148
1.1374148
1.1374148
1.1374148
1.1374148
1.1374148
1.1374148
1.0013265
1.0545131
1.0961157
1.120463
1.1317344
1.1359838
1.1372194
1.137445
1.1374414
1.1374224
1.1374157
1.1374147
1.1374147
1.1374148
1.1374148
1.1374148
1.1374148
1.1374148
1.1374148
1.1374148
1.1374148
1.1374148
1.1374148
1.1374148
1.1374148
1.1374148
1.1374148
1.1374148
1.1374148
1.1374148
1.1374148
1.1374148
1.1374148
1.1374148
1.1374148
1.1374148
1.1374148
1.1374148
1.1374148
1.1374148
1.0013334
1.0545618
1.0962683
1.1206451
1.1318038
1.1359564
1.1371734
1.1374177
1.1374317
1.1374204
1.1374156
1.1374148
1.1374148
1.1374148
1.1374148
1.1374148
1.1374148
1.1374148
1.1374148
1.1374148
1.1374148
1.1374148
1.1374148
1.1374148
1.1374148
1.1374148
1.1374148
1.1374148
1.1374148
1.1374148
1.1374148
1.1374148
1.1374148
1.1374148
1.1374148
1.1374148
1.1374148
1.1374148
1.1374148
1.1374148
1.0013379
1.054594
1.096378
1.1207925
1.1318713
1.1359428
1.1371393
1.1373961
1.1374237
1.1374186
1.1374155
1.1374148
1.1374148
1.1374148
1.1374148
1.1374148
1.1374148
1.1374148
1.1374148
1.1374148
1.1374148
1.1374148
1.1374148
1.1374148
1.1374148
1.1374148
1.1374148
1.1374148
1.1374148
1.1374148
1.1374148
1.1374148
1.1374148
1.1374148
1.1374148
1.1374148
1.1374148
1.1374148
1.1374148
1.1374148
1.0013405
1.0546148
1.0964536
1.1209058
1.1319319
1.1359397
1.1371164
1.1373803
1.1374175
1.1374171
1.1374153
1.1374148
1.1374148
1.1374148
1.1374148
1.1374148
1.1374148
1.1374148
1.1374148
1.1374148
1.1374148
1.1374148
1.1374148
1.1374148
1.1374148
1.1374148
1.1374148
1.1374148
1.1374148
1.1374148
1.1374148
1.1374148
1.1374148
1.1374148
1.1374148
1.1374148
1.1374148
1.1374148
1.1374148
1.1374148
1.0013422
1.0546281
1.0965043
1.1209894
1.1319833
1.1359434
1.1371025
1.1373696
1.1374131
1.137416
1.1374152
1.1374148
1.1374148
1.1374148
1.1374148
1.1374148
1.1374148
1.1374148
1.1374148
1.1374148
1.1374148
1.1374148
1.1374148
1.1374148
1.1374148
1.1374148
1.1374148
1.1374148
1.1374148
1.1374148
1.1374148
1.1374148
1.1374148
1.1374148
1.1374148
1.1374148
1.1374148
1.1374148
1.1374148
1.1374148
1.0013432
1.054637
1.0965385
1.1210493
1.1320246
1.1359506
1.137095
1.1373629
1.1374101
1.1374152
1.137415
1.1374148
1.1374148
1.1374148
1.1374148
1.1374148
1.1374148
1.1374148
1.1374148
1.1374148
1.1374148
1.1374148
1.1374148
1.1374148
1.1374148
1.1374148
1.1374148
1.1374148
1.1374148
1.1374148
1.1374148
1.1374148
1.1374148
1.1374148
1.1374148
1.1374148
1.1374148
1.1374148
1.1374148
1.1374148
1.0013439
1.0546433
1.0965624
1.1210919
1.1320566
1.135959
1.1370917
1.1373589
1.1374082
1.1374146
1.1374149
1.1374148
1.1374148
1.1374148
1.1374148
1.1374148
1.1374148
1.1374148
1.1374148
1.1374148
1.1374148
1.1374148
1.1374148
1.1374148
1.1374148
1.1374148
1.1374148
1.1374148
1.1374148
1.1374148
1.1374148
1.1374148
1.1374148
1.1374148
1.1374148
1.1374148
1.1374148
1.1374148
1.1374148
1.1374148
1.0013444
1.0546483
1.0965801
1.1211226
1.1320809
1.1359669
1.1370907
1.1373567
1.1374071
1.1374142
1.1374148
1.1374148
1.1374148
1.1374148
1.1374148
1.1374148
1.1374148
1.1374148
1.1374148
1.1374148
1.1374148
1.1374148
1.1374148
1.1374148
1.1374148
1.1374148
1.1374148
1.1374148
1.1374148
1.1374148
1.1374148
1.1374148
1.1374148
1.1374148
1.1374148
1.1374148
1.1374148
1.1374148
1.1374148
1.1374148
1.0013449
1.0546525
1.0965944
1.1211456
1.1320993
1.1359736
1.1370907
1.1373555
1.1374064
1.137414
1.1374148
1.1374148
1.1374148
1.1374148
1.1374148
1.1374148
1.1374148
1.1374148
1.1374148
1.1374148
1.1374148
1.1374148
1.1374148
1.1374148
1.1374148
1.1374148
1.1374148
1.1374148
1.1374148
1.1374148
1.1374148
1.1374148
1.1374148
1.1374148
1.1374148
1.1374148
1.1374148
1.1374148
1.1374148
1.1374148
1.0013454
1.0546563
1.0966065
1.1211637
1.1321134
1.135979
1.1370912
1.1373548
1.137406
1.1374139
1.1374147
1.1374148
1.1374148
1.1374148
1.1374148
1.1374148
1.1374148
1.1374148
1.1374148
1.1374148
1.1374148
1.1374148
1.1374148
1.1374148
1.1374148
1.1374148
1.1374148
1.1374148
1.1374148
1.1374148
1.1374148
1.1374148
1.1374148
1.1374148
1.1374148
1.1374148
1.1374148
1.1374148
1.1374148
1.1374148
1.0013458
1.0546597
1.0966172
1.1211787
1.1321245
1.1359833
1.1370916
1.1373544
1.1374057
1.1374137
1.1374147
1.1374148
1.1374148
1.1374148
1.1374148
1.1374148
1.1374148
1.1374148
1.1374148
1.1374148
1.1374148
1.1374148
1.1374148
1.1374148
1.1374148
1.1374148
1.1374148
1.1374148
1.1374148
1.1374148
1.1374148
1.1374148
1.1374148
1.1374148
1.1374148
1.1374148
1.1374148
1.1374148
1.1374148
1.1374148
1.0013462
1.0546628
1.0966266
1.1211914
1.1321334
1.1359866
1.1370919
1.137354
1.1374054
1.1374137
1.1374147
1.1374148
1.1374148
1.1374148
1.1374148
1.1374148
1.1374148
1.1374148
1.1374148
1.1374148
1.1374148
1.1374148
1.1374148
1.1374148
1.1374148
1.1374148
1.1374148
1.1374148
1.1374148
1.1374148
1.1374148
1.1374148
1.1374148
1.1374148
1.1374148
1.1374148
1.1374148
1.1374148
1.1374148
1.1374148
1.0013465
1.0546655
1.0966349
1.1212025
1.1321409
1.1359892
1.1370922
1.1373538
1.1374053
1.1374136
1.1374147
1.1374148
1.1374148
1.1374148
1.1374148
1.1374148
1.1374148
1.1374148
1.1374148
1.1374148
1.1374148
1.1374148
1.1374148
1.1374148
1.1374148
1.1374148
1.1374148
1.1374148
1.1374148
1.1374148
1.1374148
1.1374148
1.1374148
1.1374148
1.1374148
1.1374148
1.1374148
1.1374148
1.1374148
1.1374148
1.0013468
1.0546679
1.0966421
1.121212
1.1321472
1.1359914
1.1370923
1.1373535
1.1374051
1.1374136
1.1374147
1.1374148
1.1374148
1.1374148
1.1374148
1.1374148
1.1374148
1.1374148
1.1374148
1.1374148
1.1374148
1.1374148
1.1374148
1.1374148
1.1374148
1.1374148
1.1374148
1.1374148
1.1374148
1.1374148
1.1374148
1.1374148
1.1374148
1.1374148
1.1374148
1.1374148
1.1374148
1.1374148
1.1374148
1.1374148
1.0013471
1.05467
1.0966484
1.1212203
1.1321526
1.1359932
1.1370924
1.1373533
1.137405
1.1374135
1.1374146
1.1374148
1.1374148
1.1374148
1.1374148
1.1374148
1.1374148
1.1374148
1.1374148
1.1374148
1.1374148
1.1374148
1.1374148
1.1374148
1.1374148
1.1374148
1.1374148
1.1374148
1.1374148
1.1374148
1.1374148
1.1374148
1.1374148
1.1374148
1.1374148
1.1374148
1.1374148
1.1374148
1.1374148
1.1374148
1.0013473
1.0546719
1.0966538
1.1212274
1.1321572
1.1359947
1.1370924
1.1373531
1.1374049
1.1374135
1.1374146
1.1374148
1.1374148
1.1374148
1.1374148
1.1374148
1.1374148
1.1374148
1.1374148
1.1374148
1.1374148
1.1374148
1.1374148
1.1374148
1.1374148
1.1374148
1.1374148
1.1374148
1.1374148
1.1374148
1.1374148
1.1374148
1.1374148
1.1374148
1.1374148
1.1374148
1.1374148
1.1374148
1.1374148
1.1374148
1.0013475
1.0546734
1.0966584
1.1212335
1.1321612
1.135996
1.1370925
1.137353
1.1374048
1.1374134
1.1374146
1.1374148
1.1374148
1.1374148
1.1374148
1.1374148
1.1374148
1.1374148
1.1374148
1.1374148
1.1374148
1.1374148
1.1374148
1.1374148
1.1374148
1.1374148
1.1374148
1.1374148
1.1374148
1.1374148
1.1374148
1.1374148
1.1374148
1.1374148
1.1374148
1.1374148
1.1374148
1.1374148
1.1374148
1.1374148
1.0013477
1.0546748
1.0966624
1.1212387
1.1321646
1.1359971
1.1370926
1.1373529
1.1374047
1.1374134
1.1374146
1.1374147
1.1374148
1.1374148
1.1374148
1.1374148
1.1374148
1.1374148
1.1374148
1.1374148
1.1374148
1.1374148
1.1374148
1.1374148
1.1374148
1.1374148
1.1374148
1.1374148
1.1374148
1.1374148
1.1374148
1.1374148
1.1374148
1.1374148
1.1374148
1.1374148
1.1374148
1.1374148
1.1374148
1.1374148
1.0013478
1.0546759
1.0966659
1.1212432
1.1321675
1.135998
1.1370926
1.1373527
1.1374047
1.1374134
1.1374146
1.1374147
1.1374148
1.1374148
1.1374148
1.1374148
1.1374148
1.1374148
1.1374148
1.1374148
1.1374148
1.1374148
1.1374148
1.1374148
1.1374148
1.1374148
1.1374148
1.1374148
1.1374148
1.1374148
1.1374148
1.1374148
1.1374148
1.1374148
1.1374148
1.1374148
1.1374148
1.1374148
1.1374148
1.1374148
1.0013478
1.0546769
1.0966688
1.1212471
1.13217
1.1359988
1.1370926
1.1373527
1.1374046
1.1374134
1.1374146
1.1374147
1.1374148
1.1374148
1.1374148
1.1374148
1.1374148
1.1374148
1.1374148
1.1374148
1.1374148
1.1374148
1.1374148
1.1374148
1.1374148
1.1374148
1.1374148
1.1374148
1.1374148
1.1374148
1.1374148
1.1374148
1.1374148
1.1374148
1.1374148
1.1374148
1.1374148
1.1374148
1.1374148
1.1374148
1.0013479
1.0546776
1.0966714
1.1212504
1.1321722
1.1359995
1.1370927
1.1373526
1.1374046
1.1374133
1.1374146
1.1374147
1.1374147
1.1374147
1.1374147
1.1374147
1.1374148
1.1374148
1.1374148
1.1374148
1.1374148
1.1374148
1.1374148
1.1374148
1.1374148
1.1374148
1.1374148
1.1374148
1.1374148
1.1374148
1.1374148
1.1374148
1.1374148
1.1374148
1.1374148
1.1374148
1.1374148
1.1374148
1.1374148
1.1374148
1.0013479
1.0546782
1.0966735
1.1212533
1.1321741
1.1360001
1.1370927
1.1373525
1.1374045
1.1374133
1.1374146
1.1374147
1.1374147
1.1374147
1.1374147
1.1374147
1.1374147
1.1374147
1.1374147
1.1374147
1.1374147
1.1374147
1.1374147
1.1374147
1.1374147
1.1374147
1.1374147
1.1374147
1.1374147
1.1374147
1.1374147
1.1374147
1.1374147
1.1374147
1.1374147
1.1374147
1.1374147
1.1374147
1.1374147
1.1374147
1.0013478
1.0546787
1.0966753
1.1212557
1.1321756
1.1360007
1.1370927
1.1373524
1.1374045
1.1374133
1.1374146
1.1374147
1.1374147
1.1374147
1.1374147
1.1374147
1.1374147
1.1374147
1.1374147
1.1374147
1.1374147
1.1374147
1.1374147
1.1374147
1.1374147
1.1374147
1.1374147
1.1374147
1.1374147
1.1374147
1.1374147
1.1374147
1.1374147
1.1374147
1.1374147
1.1374147
1.1374147
1.1374147
1.1374147
1.1374147
1.0013478
1.054679
1.0966768
1.1212578
1.132177
1.1360011
1.1370928
1.1373524
1.1374045
1.1374133
1.1374146
1.1374147
1.1374147
1.1374147
1.1374147
1.1374147
1.1374147
1.1374147
1.1374147
1.1374147
1.1374147
1.1374147
1.1374147
1.1374147
1.1374147
1.1374147
1.1374147
1.1374147
1.1374147
1.1374147
1.1374147
1.1374147
1.1374147
1.1374147
1.1374147
1.1374147
1.1374147
1.1374147
1.1374147
1.1374147
1.0013477
1.0546791
1.096678
1.1212595
1.1321782
1.1360015
1.1370928
1.1373523
1.1374044
1.1374133
1.1374146
1.1374147
1.1374147
1.1374147
1.1374147
1.1374147
1.1374147
1.1374147
1.1374147
1.1374147
1.1374147
1.1374147
1.1374147
1.1374147
1.1374147
1.1374147
1.1374147
1.1374147
1.1374147
1.1374147
1.1374147
1.1374147
1.1374147
1.1374147
1.1374147
1.1374147
1.1374147
1.1374147
1.1374147
1.1374147
1.0013475
1.0546791
1.0966789
1.121261
1.1321792
1.1360018
1.1370928
1.1373523
1.1374044
1.1374133
1.1374146
1.1374147
1.1374147
1.1374147
1.1374147
1.1374147
1.1374147
1.1374147
1.1374147
1.1374147
1.1374147
1.1374147
1.1374147
1.1374147
1.1374147
1.1374147
1.1374147
1.1374147
1.1374147
1.1374147
1.1374147
1.1374147
1.1374147
1.1374147
1.1374147
1.1374147
1.1374147
1.1374147
1.1374147
1.1374147
1.0013473
1.054679
1.0966796
1.1212622
1.13218
1.1360021
1.1370928
1.1373523
1.1374044
1.1374133
1.1374146
1.1374147
1.1374147
1.1374147
1.1374147
1.1374147
1.1374147
1.1374147
1.1374147
1.1374147
1.1374147
1.1374147
1.1374147
1.1374147
1.1374147
1.1374147
1.1374147
1.1374147
1.1374147
1.1374147
1.1374147
1.1374147
1.1374147
1.1374147
1.1374147
1.1374147
1.1374147
1.1374147
1.1374147
1.1374147
1.0013471
1.0546787
1.09668
1.1212632
1.1321807
1.1360023
1.1370928
1.1373522
1.1374044
1.1374133
1.1374145
1.1374147
1.1374147
1.1374147
1.1374147
1.1374147
1.1374147
1.1374147
1.1374147
1.1374147
1.1374147
1.1374147
1.1374147
1.1374147
1.1374147
1.1374147
1.1374147
1.1374147
1.1374147
1.1374147
1.1374147
1.1374147
1.1374147
1.1374147
1.1374147
1.1374147
1.1374147
1.1374147
1.1374147
1.1374147
1.0013468
1.0546783
1.0966802
1.1212639
1.1321813
1.1360025
1.1370928
1.1373522
1.1374043
1.1374133
1.1374145
1.1374147
1.1374147
1.1374147
1.1374147
1.1374147
1.1374147
1.1374147
1.1374147
1.1374147
1.1374147
1.1374147
1.1374147
1.1374147
1.1374147
1.1374147
1.1374147
1.1374147
1.1374147
1.1374147
1.1374147
1.1374147
1.1374147
1.1374147
1.1374147
1.1374147
1.1374147
1.1374147
1.1374147
1.1374147
1.0013465
1.0546777
1.0966802
1.1212645
1.1321817
1.1360027
1.1370928
1.1373522
1.1374043
1.1374132
1.1374145
1.1374147
1.1374147
1.1374147
1.1374147
1.1374147
1.1374147
1.1374147
1.1374147
1.1374147
1.1374147
1.1374147
1.1374147
1.1374147
1.1374147
1.1374147
1.1374147
1.1374147
1.1374147
1.1374147
1.1374147
1.1374147
1.1374147
1.1374147
1.1374147
1.1374147
1.1374147
1.1374147
1.1374147
1.1374147
1.0013461
1.054677
1.09668
1.1212648
1.1321821
1.1360028
1.1370928
1.1373522
1.1374043
1.1374132
1.1374145
1.1374147
1.1374147
1.1374147
1.1374147
1.1374147
1.1374147
1.1374147
1.1374147
1.1374147
1.1374147
1.1374147
1.1374147
1.1374147
1.1374147
1.1374147
1.1374147
1.1374147
1.1374147
1.1374147
1.1374147
1.1374147
1.1374147
1.1374147
1.1374147
1.1374147
1.1374147
1.1374147
1.1374147
1.1374147
1.0013456
1.0546761
1.0966796
1.121265
1.1321824
1.1360029
1.1370928
1.1373522
1.1374043
1.1374132
1.1374145
1.1374147
1.1374147
1.1374147
1.1374147
1.1374147
1.1374147
1.1374147
1.1374147
1.1374147
1.1374147
1.1374147
1.1374147
1.1374147
1.1374147
1.1374147
1.1374147
1.1374147
1.1374147
1.1374147
1.1374147
1.1374147
1.1374147
1.1374147
1.1374147
1.1374147
1.1374147
1.1374147
1.1374147
1.1374147
1.0013451
1.054675
1.0966789
1.121265
1.1321825
1.136003
1.1370928
1.1373521
1.1374043
1.1374132
1.1374145
1.1374147
1.1374147
1.1374147
1.1374147
1.1374147
1.1374147
1.1374147
1.1374147
1.1374147
1.1374147
1.1374147
1.1374147
1.1374147
1.1374147
1.1374147
1.1374147
1.1374147
1.1374147
1.1374147
1.1374147
1.1374147
1.1374147
1.1374147
1.1374147
1.1374147
1.1374147
1.1374147
1.1374147
1.1374147
1.0013445
1.0546738
1.096678
1.1212648
1.1321826
1.136003
1.1370928
1.1373521
1.1374043
1.1374132
1.1374145
1.1374147
1.1374147
1.1374147
1.1374147
1.1374147
1.1374147
1.1374147
1.1374147
1.1374147
1.1374147
1.1374147
1.1374147
1.1374147
1.1374147
1.1374147
1.1374147
1.1374147
1.1374147
1.1374147
1.1374147
1.1374147
1.1374147
1.1374147
1.1374147
1.1374147
1.1374147
1.1374147
1.1374147
1.1374147
1.0013439
1.0546723
1.0966769
1.1212644
1.1321826
1.136003
1.1370928
1.1373521
1.1374043
1.1374132
1.1374145
1.1374147
1.1374147
1.1374147
1.1374147
1.1374147
1.1374147
1.1374147
1.1374147
1.1374147
1.1374147
1.1374147
1.1374147
1.1374147
1.1374147
1.1374147
1.1374147
1.1374147
1.1374147
1.1374147
1.1374147
1.1374147
1.1374147
1.1374147
1.1374147
1.1374147
1.1374147
1.1374147
1.1374147
1.1374147
1.0013432
1.0546707
1.0966755
1.1212639
1.1321825
1.136003
1.1370928
1.1373521
1.1374043
1.1374132
1.1374145
1.1374147
1.1374147
1.1374147
1.1374147
1.1374147
1.1374147
1.1374147
1.1374147
1.1374147
1.1374147
1.1374147
1.1374147
1.1374147
1.1374147
1.1374147
1.1374147
1.1374147
1.1374147
1.1374147
1.1374147
1.1374147
1.1374147
1.1374147
1.1374147
1.1374147
1.1374147
1.1374147
1.1374147
1.1374147
1.0013423
1.0546688
1.0966739
1.1212632
1.1321823
1.136003
1.1370928
1.1373521
1.1374043
1.1374132
1.1374145
1.1374147
1.1374147
1.1374147
1.1374147
1.1374147
1.1374147
1.1374147
1.1374147
1.1374147
1.1374147
1.1374147
1.1374147
1.1374147
1.1374147
1.1374147
1.1374147
1.1374147
1.1374147
1.1374147
1.1374147
1.1374147
1.1374147
1.1374147
1.1374147
1.1374147
1.1374147
1.1374147
1.1374147
1.1374147
1.0013414
1.0546666
1.096672
1.1212622
1.132182
1.1360029
1.1370928
1.1373521
1.1374043
1.1374132
1.1374145
1.1374147
1.1374147
1.1374147
1.1374147
1.1374147
1.1374147
1.1374147
1.1374147
1.1374147
1.1374147
1.1374147
1.1374147
1.1374147
1.1374147
1.1374147
1.1374147
1.1374147
1.1374147
1.1374147
1.1374147
1.1374147
1.1374147
1.1374147
1.1374147
1.1374147
1.1374147
1.1374147
1.1374147
1.1374147
1.0013403
1.0546642
1.0966697
1.1212611
1.1321817
1.1360028
1.1370927
1.1373521
1.1374042
1.1374132
1.1374145
1.1374147
1.1374147
1.1374147
1.1374147
1.1374147
1.1374147
1.1374147
1.1374147
1.1374147
1.1374147
1.1374147
1.1374147
1.1374147
1.1374147
1.1374147
1.1374147
1.1374147
1.1374147
1.1374147
1.1374147
1.1374147
1.1374147
1.1374147
1.1374147
1.1374147
1.1374147
1.1374147
1.1374147
1.1374147
1.0013391
1.0546614
1.0966672
1.1212598
1.1321812
1.1360027
1.1370927
1.137352
1.1374042
1.1374132
1.1374145
1.1374147
1.1374147
1.1374147
1.1374147
1.1374147
1.1374147
1.1374147
1.1374147
1.1374147
1.1374147
1.1374147
1.1374147
1.1374147
1.1374147
1.1374147
1.1374147
1.1374147
1.1374147
1.1374147
1.1374147
1.1374147
1.1374147
1.1374147
1.1374147
1.1374147
1.1374147
1.1374147
1.1374147
1.1374147
1.0013378
1.0546583
1.0966642
1.1212582
1.1321807
1.1360026
1.1370927
1.137352
1.1374042
1.1374132
1.1374145
1.1374147
1.1374147
1.1374147
1.1374147
1.1374147
1.1374147
1.1374147
1.1374147
1.1374147
1.1374147
1.1374147
1.1374147
1.1374147
1.1374147
1.1374147
1.1374147
1.1374147
1.1374147
1.1374147
1.1374147
1.1374147
1.1374147
1.1374147
1.1374147
1.1374147
1.1374147
1.1374147
1.1374147
1.1374147
1.0013362
1.0546547
1.0966609
1.1212563
1.13218
1.1360024
1.1370926
1.137352
1.1374042
1.1374132
1.1374145
1.1374147
1.1374147
1.1374147
1.1374147
1.1374147
1.1374147
1.1374147
1.1374147
1.1374147
1.1374147
1.1374147
1.1374147
1.1374147
1.1374147
1.1374147
1.1374147
1.1374147
1.1374147
1.1374147
1.1374147
1.1374147
1.1374147
1.1374147
1.1374147
1.1374147
1.1374147
1.1374147
1.1374147
1.1374147
1.0013345
1.0546507
1.0966571
1.1212542
1.1321792
1.1360022
1.1370926
1.137352
1.1374042
1.1374132
1.1374145
1.1374147
1.1374147
1.1374147
1.1374147
1.1374147
1.1374147
1.1374147
1.1374147
1.1374147
1.1374147
1.1374147
1.1374147
1.1374147
1.1374147
1.1374147
1.1374147
1.1374147
1.1374147
1.1374147
1.1374147
1.1374147
1.1374147
1.1374147
1.1374147
1.1374147
1.1374147
1.1374147
1.1374147
1.1374147
1.0013324
1.054646
1.0966527
1.1212518
1.1321783
1.136002
1.1370926
1.137352
1.1374042
1.1374132
1.1374145
1.1374146
1.1374147
1.1374147
1.1374147
1.1374147
1.1374147
1.1374147
1.1374147
1.1374147
1.1374147
1.1374147
1.1374147
1.1374147
1.1374147
1.1374147
1.1374147
1.1374147
1.1374147
1.1374147
1.1374147
1.1374147
1.1374147
1.1374147
1.1374147
1.1374147
1.1374147
1.1374147
1.1374147
1.1374147
1.0013301
1.0546408
1.0966478
1.121249
1.1321773
1.1360017
1.1370925
1.137352
1.1374042
1.1374132
1.1374145
1.1374146
1.1374147
1.1374147
1.1374147
1.1374147
1.1374147
1.1374147
1.1374147
1.1374147
1.1374147
1.1374147
1.1374147
1.1374147
1.1374147
1.1374147
1.1374147
1.1374147
1.1374147
1.1374147
1.1374147
1.1374147
1.1374147
1.1374147
1.1374147
1.1374147
1.1374147
1.1374147
1.1374147
1.1374147
1.0013273
1.0546347
1.0966421
1.1212458
1.1321761
1.1360014
1.1370924
1.137352
1.1374042
1.1374132
1.1374145
1.1374146
1.1374147
1.1374147
1.1374147
1.1374147
1.1374147
1.1374147
1.1374147
1.1374147
1.1374147
1.1374147
1.1374147
1.1374147
1.1374147
1.1374147
1.1374147
1.1374147
1.1374147
1.1374147
1.1374147
1.1374147
1.1374147
1.1374147
1.1374147
1.1374147
1.1374147
1.1374147
1.1374147
1.1374147
1.001324
1.0546276
1.0966356
1.1212422
1.1321748
1.1360011
1.1370924
1.137352
1.1374042
1.1374132
1.1374145
1.1374146
1.1374147
1.1374147
1.1374147
1.1374147
1.1374147
1.1374147
1.1374147
1.1374147
1.1374147
1.1374147
1.1374147
1.1374147
1.1374147
1.1374147
1.1374147
1.1374147
1.1374147
1.1374147
1.1374147
1.1374147
1.1374147
1.1374147
1.1374147
1.1374147
1.1374147
1.1374147
1.1374147
1.1374147
1.0013197
1.0546188
1.0966277
1.1212379
1.1321732
1.1360007
1.1370923
1.137352
1.1374042
1.1374132
1.1374145
1.1374146
1.1374147
1.1374147
1.1374147
1.1374147
1.1374147
1.1374147
1.1374147
1.1374147
1.1374147
1.1374147
1.1374147
1.1374147
1.1374147
1.1374147
1.1374147
1.1374147
1.1374147
1.1374147
1.1374147
1.1374147
1.1374147
1.1374147
1.1374147
1.1374147
1.1374147
1.1374147
1.1374147
1.1374147
1.0013145
1.0546099
1.0966201
1.1212338
1.1321717
1.1360003
1.1370923
1.137352
1.1374042
1.1374132
1.1374145
1.1374146
1.1374146
1.1374146
1.1374146
1.1374146
1.1374146
1.1374146
1.1374146
1.1374146
1.1374146
1.1374146
1.1374146
1.1374146
1.1374146
1.1374146
1.1374146
1.1374146
1.1374146
1.1374146
1.1374146
1.1374146
1.1374146
1.1374146
1.1374146
1.1374146
1.1374146
1.1374146
1.1374146
1.1374146
1.001302
1.0545873
1.0966026
1.1212248
1.1321685
1.1359995
1.1370921
1.137352
1.1374042
1.1374132
1.1374145
1.1374146
1.1374146
1.1374146
1.1374146
1.1374146
1.1374146
1.1374146
1.1374146
1.1374146
1.1374146
1.1374146
1.1374146
1.1374146
1.1374146
1.1374146
1.1374146
1.1374146
1.1374146
1.1374146
1.1374146
1.1374146
1.1374146
1.1374146
1.1374146
1.1374146
1.1374146
1.1374146
1.1374146
1.1374146
)
;

boundaryField
{
    wall
    {
        type            calculated;
        value           nonuniform List<scalar> 
100
(
0.97492804
0.97492776
0.97492755
0.97492744
0.97492737
0.9749273
0.97492724
0.9749272
0.97492717
0.97492715
0.97492713
0.97492712
0.97492712
0.97492711
0.97492711
0.9749271
0.9749271
0.9749271
0.97492709
0.97492709
0.97492708
0.97492708
0.97492708
0.97492707
0.97492707
0.97492706
0.97492706
0.97492706
0.97492705
0.97492705
0.97492705
0.97492705
0.97492704
0.97492704
0.97492704
0.97492704
0.97492703
0.97492703
0.97492703
0.97492703
0.97492702
0.97492702
0.97492701
0.97492701
0.97492701
0.974927
0.974927
0.974927
0.97492699
0.97492699
0.97492699
0.97492698
0.97492698
0.97492698
0.97492698
0.97492697
0.97492697
0.97492697
0.97492696
0.97492696
0.97492696
0.97492695
0.97492695
0.97492695
0.97492695
0.97492694
0.97492694
0.97492694
0.97492693
0.97492693
0.97492693
0.97492692
0.97492692
0.97492692
0.97492691
0.97492691
0.97492691
0.97492691
0.9749269
0.9749269
0.9749269
0.97492689
0.97492689
0.97492689
0.97492688
0.97492688
0.97492688
0.97492687
0.97492687
0.97492687
0.97492687
0.97492686
0.97492686
0.97492686
0.97492685
0.97492685
0.97492685
0.97492684
0.97492684
0.97492684
)
;
    }
    sides
    {
        type            calculated;
        value           nonuniform List<scalar> 
100
(
1.1374158
1.1374156
1.1374154
1.1374153
1.1374153
1.1374152
1.1374151
1.1374151
1.137415
1.137415
1.137415
1.137415
1.137415
1.137415
1.137415
1.137415
1.1374149
1.1374149
1.1374149
1.1374149
1.1374149
1.1374149
1.1374149
1.1374149
1.1374149
1.1374149
1.1374149
1.1374149
1.1374149
1.1374149
1.1374149
1.1374149
1.1374149
1.1374149
1.1374149
1.1374149
1.1374149
1.1374149
1.1374149
1.1374149
1.1374149
1.1374149
1.1374149
1.1374148
1.1374148
1.1374148
1.1374148
1.1374148
1.1374148
1.1374148
1.1374148
1.1374148
1.1374148
1.1374148
1.1374148
1.1374148
1.1374148
1.1374148
1.1374148
1.1374148
1.1374148
1.1374148
1.1374148
1.1374148
1.1374148
1.1374148
1.1374148
1.1374148
1.1374148
1.1374148
1.1374148
1.1374147
1.1374147
1.1374147
1.1374147
1.1374147
1.1374147
1.1374147
1.1374147
1.1374147
1.1374147
1.1374147
1.1374147
1.1374147
1.1374147
1.1374147
1.1374147
1.1374147
1.1374147
1.1374147
1.1374147
1.1374147
1.1374147
1.1374147
1.1374147
1.1374147
1.1374147
1.1374147
1.1374146
1.1374146
)
;
    }
    frontAndBack
    {
        type            empty;
    }
    inlet
    {
        type            calculated;
        value           nonuniform List<scalar> 
40
(
1.137416
1.1374156
1.1374155
1.1374154
1.1374153
1.1374153
1.1374152
1.1374152
1.1374152
1.1374152
1.1374152
1.1374151
1.1374151
1.1374151
1.1374151
1.1374151
1.1374151
1.1374151
1.1374151
1.1374151
1.1374151
1.1374151
1.1374151
1.1374151
1.1374151
1.1374151
1.1374151
1.1374151
1.1374151
1.1374151
1.1374152
1.1374152
1.1374152
1.1374152
1.1374152
1.1374153
1.1374153
1.1374154
1.1374155
1.1374158
)
;
    }
    outlet
    {
        type            calculated;
        value           nonuniform List<scalar> 
40
(
1.001302
1.0545873
1.0966026
1.1212248
1.1321685
1.1359995
1.1370921
1.137352
1.1374042
1.1374132
1.1374145
1.1374146
1.1374146
1.1374146
1.1374146
1.1374146
1.1374146
1.1374146
1.1374146
1.1374146
1.1374146
1.1374146
1.1374146
1.1374146
1.1374146
1.1374146
1.1374146
1.1374146
1.1374146
1.1374146
1.1374146
1.1374146
1.1374146
1.1374146
1.1374146
1.1374146
1.1374146
1.1374146
1.1374146
1.1374146
)
;
    }
}


// ************************************************************************* //
