/*--------------------------------*- C++ -*----------------------------------*\
  =========                 |
  \\      /  F ield         | OpenFOAM: The Open Source CFD Toolbox
   \\    /   O peration     | Website:  https://openfoam.org
    \\  /    A nd           | Version:  10
     \\/     M anipulation  |
\*---------------------------------------------------------------------------*/
FoamFile
{
    format      ascii;
    class       volScalarField;
    location    "0.13";
    object      T;
}
// * * * * * * * * * * * * * * * * * * * * * * * * * * * * * * * * * * * * * //

dimensions      [0 0 0 1 0 0 0];

internalField   nonuniform List<scalar> 
4000
(
303.1013
299.34294
299.99042
300.00082
299.99993
300
300
300
300
300
300
300
300
300
300
300
300
300
300
300
300
300
300
300
300
300
300
300
300
300
300
300
300
300
300
300
300
300
300
300
309.66318
298.49307
299.77925
300.00184
300.0008
299.99999
300
300
300
300
300
300
300
300
300
300
300
300
300
300
300
300
300
300
300
300
300
300
300
300
300
300
300
300
300
300
300
300
300
300
316.00358
298.6846
299.39234
299.97571
300.00406
300.00025
299.99999
300
300
300
300
300
300
300
300
300
300
300
300
300
300
300
300
300
300
300
300
300
300
300
300
300
300
300
300
300
300
300
300
300
321.74102
299.84566
298.98505
299.89497
300.00716
300.00139
300
299.99999
300
300
300
300
300
300
300
300
300
300
300
300
300
300
300
300
300
300
300
300
300
300
300
300
300
300
300
300
300
300
300
300
326.66905
301.69963
298.71032
299.75329
300.00323
300.00379
300.00017
299.99998
300
300
300
300
300
300
300
300
300
300
300
300
300
300
300
300
300
300
300
300
300
300
300
300
300
300
300
300
300
300
300
300
330.68209
303.94621
298.66353
299.56862
299.9843
300.00696
300.00072
299.99997
299.99999
300
300
300
300
300
300
300
300
300
300
300
300
300
300
300
300
300
300
300
300
300
300
300
300
300
300
300
300
300
300
300
333.77041
306.32764
298.87087
299.37421
299.94527
300.00937
300.00181
300
299.99998
300
300
300
300
300
300
300
300
300
300
300
300
300
300
300
300
300
300
300
300
300
300
300
300
300
300
300
300
300
300
300
336.01684
308.65937
299.30716
299.20453
299.886
300.0089
300.00345
300.00014
299.99997
300
300
300
300
300
300
300
300
300
300
300
300
300
300
300
300
300
300
300
300
300
300
300
300
300
300
300
300
300
300
300
337.56793
310.83057
299.92261
299.08548
299.8109
300.00354
300.0054
300.00046
299.99996
299.99999
300
300
300
300
300
300
300
300
300
300
300
300
300
300
300
300
300
300
300
300
300
300
300
300
300
300
300
300
300
300
338.595
312.78848
300.66262
299.03147
299.72698
299.99198
300.00723
300.001
299.99996
299.99998
300
300
300
300
300
300
300
300
300
300
300
300
300
300
300
300
300
300
300
300
300
300
300
300
300
300
300
300
300
300
339.26069
314.52019
301.47848
299.04683
299.64198
299.97384
300.00838
300.00175
300.00001
299.99997
300
300
300
300
300
300
300
300
300
300
300
300
300
300
300
300
300
300
300
300
300
300
300
300
300
300
300
300
300
300
339.69822
316.03692
302.33178
299.12885
299.5629
299.94956
300.00832
300.00267
300.00012
299.99996
300
300
300
300
300
300
300
300
300
300
300
300
300
300
300
300
300
300
300
300
300
300
300
300
300
300
300
300
300
300
340.00411
317.36203
303.19481
299.27075
299.49531
299.92023
300.00661
300.00365
300.0003
299.99996
299.99999
300
300
300
300
300
300
300
300
300
300
300
300
300
300
300
300
300
300
300
300
300
300
300
300
300
300
300
300
300
340.24093
318.52295
304.04909
299.46406
299.44313
299.88733
300.00296
300.00458
300.00056
299.99996
299.99999
300
300
300
300
300
300
300
300
300
300
300
300
300
300
300
300
300
300
300
300
300
300
300
300
300
300
300
300
300
340.44507
319.5464
304.88317
299.70016
299.40878
299.85247
299.99724
300.0053
300.00089
299.99998
299.99998
300
300
300
300
300
300
300
300
300
300
300
300
300
300
300
300
300
300
300
300
300
300
300
300
300
300
300
300
300
340.6352
320.45608
305.69056
299.97103
299.39347
299.81722
299.98948
300.00569
300.00128
300.00003
299.99998
300
300
300
300
300
300
300
300
300
300
300
300
300
300
300
300
300
300
300
300
300
300
300
300
300
300
300
300
300
340.81932
321.2719
306.46807
300.26962
299.3975
299.78306
299.97981
300.00562
300.00171
300.00009
299.99997
300
300
300
300
300
300
300
300
300
300
300
300
300
300
300
300
300
300
300
300
300
300
300
300
300
300
300
300
300
340.99967
322.00991
307.21451
300.58993
299.42054
299.75126
299.96849
300.005
300.00213
300.00019
299.99997
299.99999
300
300
300
300
300
300
300
300
300
300
300
300
300
300
300
300
300
300
300
300
300
300
300
300
300
300
300
300
341.17579
322.68273
307.92986
300.92691
299.46183
299.72289
299.95581
300.00375
300.00253
300.0003
299.99998
299.99999
300
300
300
300
300
300
300
300
300
300
300
300
300
300
300
300
300
300
300
300
300
300
300
300
300
300
300
300
341.34634
323.30017
308.61474
301.27634
299.52036
299.69885
299.94211
300.00184
300.00286
300.00044
299.99999
299.99999
300
300
300
300
300
300
300
300
300
300
300
300
300
300
300
300
300
300
300
300
300
300
300
300
300
300
300
300
341.50985
323.86975
309.27001
301.63468
299.59493
299.67982
299.92778
299.99925
300.00308
300.0006
300.00001
299.99999
300
300
300
300
300
300
300
300
300
300
300
300
300
300
300
300
300
300
300
300
300
300
300
300
300
300
300
300
341.66515
324.39722
309.89663
301.99893
299.6843
299.66633
299.91319
299.996
300.00316
300.00077
300.00003
299.99999
300
300
300
300
300
300
300
300
300
300
300
300
300
300
300
300
300
300
300
300
300
300
300
300
300
300
300
300
341.81143
324.88702
310.49555
302.36658
299.78715
299.65876
299.8987
299.99212
300.00308
300.00095
300.00007
299.99999
300
300
300
300
300
300
300
300
300
300
300
300
300
300
300
300
300
300
300
300
300
300
300
300
300
300
300
300
341.94823
325.34259
311.06763
302.73544
299.90218
299.65734
299.88466
299.98768
300.0028
300.00111
300.00011
299.99999
300
300
300
300
300
300
300
300
300
300
300
300
300
300
300
300
300
300
300
300
300
300
300
300
300
300
300
300
342.0753
325.76661
311.61363
303.10362
300.0281
299.6622
299.8714
299.98274
300.00232
300.00126
300.00016
299.99999
299.99999
300
300
300
300
300
300
300
300
300
300
300
300
300
300
300
300
300
300
300
300
300
300
300
300
300
300
300
342.19261
326.16116
312.13421
303.46946
300.16363
299.67337
299.85923
299.9774
300.00161
300.00138
300.00022
300
299.99999
300
300
300
300
300
300
300
300
300
300
300
300
300
300
300
300
300
300
300
300
300
300
300
300
300
300
300
342.30017
326.52788
312.62991
303.83149
300.30754
299.69078
299.84842
299.97175
300.00068
300.00147
300.00028
300.00001
299.99999
300
300
300
300
300
300
300
300
300
300
300
300
300
300
300
300
300
300
300
300
300
300
300
300
300
300
300
342.39801
326.868
313.10115
304.18838
300.45863
299.71429
299.83921
299.96591
299.99953
300.0015
300.00035
300.00002
299.99999
300
300
300
300
300
300
300
300
300
300
300
300
300
300
300
300
300
300
300
300
300
300
300
300
300
300
300
342.48613
327.18243
313.54825
304.5389
300.61572
299.74371
299.83179
299.95997
299.99815
300.00149
300.00041
300.00003
299.99999
300
300
300
300
300
300
300
300
300
300
300
300
300
300
300
300
300
300
300
300
300
300
300
300
300
300
300
342.56449
327.47173
313.97136
304.88194
300.77768
299.77876
299.82635
299.95404
299.99658
300.00141
300.00047
300.00005
300
300
300
300
300
300
300
300
300
300
300
300
300
300
300
300
300
300
300
300
300
300
300
300
300
300
300
300
342.63303
327.73617
314.37051
305.21643
300.9434
299.81913
299.82302
299.94825
299.99482
300.00126
300.00052
300.00007
300
300
300
300
300
300
300
300
300
300
300
300
300
300
300
300
300
300
300
300
300
300
300
300
300
300
300
300
342.69165
327.97576
314.74555
305.54132
301.11181
299.86448
299.82189
299.9427
299.9929
300.00104
300.00057
300.00009
300
300
300
300
300
300
300
300
300
300
300
300
300
300
300
300
300
300
300
300
300
300
300
300
300
300
300
300
342.74028
328.19023
315.09616
305.85559
301.28185
299.9144
299.82304
299.93749
299.99085
300.00075
300.0006
300.00011
300
300
300
300
300
300
300
300
300
300
300
300
300
300
300
300
300
300
300
300
300
300
300
300
300
300
300
300
342.77888
328.37912
315.42186
306.15823
301.45247
299.96847
299.8265
299.93272
299.9887
300.00038
300.00062
300.00013
300.00001
300
300
300
300
300
300
300
300
300
300
300
300
300
300
300
300
300
300
300
300
300
300
300
300
300
300
300
342.80753
328.54184
315.72197
306.44819
301.62265
300.02623
299.83227
299.92847
299.98649
299.99994
300.00062
300.00015
300.00001
300
300
300
300
300
300
300
300
300
300
300
300
300
300
300
300
300
300
300
300
300
300
300
300
300
300
300
342.82646
328.67777
315.99569
306.72439
301.79137
300.0872
299.84033
299.92484
299.98425
299.99944
300.0006
300.00017
300.00002
300
300
300
300
300
300
300
300
300
300
300
300
300
300
300
300
300
300
300
300
300
300
300
300
300
300
300
342.83612
328.78643
316.24207
306.98574
301.95762
300.15087
299.85061
299.92188
299.98201
299.99887
300.00056
300.00019
300.00002
300
300
300
300
300
300
300
300
300
300
300
300
300
300
300
300
300
300
300
300
300
300
300
300
300
300
300
342.8372
328.86765
316.46017
307.23111
302.1204
300.21671
299.86303
299.91965
299.97982
299.99824
300.0005
300.0002
300.00003
300
300
300
300
300
300
300
300
300
300
300
300
300
300
300
300
300
300
300
300
300
300
300
300
300
300
300
342.83067
328.9218
316.64913
307.45938
302.27871
300.28419
299.87747
299.91821
299.97772
299.99756
300.00042
300.00021
300.00004
300
300
300
300
300
300
300
300
300
300
300
300
300
300
300
300
300
300
300
300
300
300
300
300
300
300
300
342.81779
328.95
316.80832
307.6695
302.4316
300.35274
299.8938
299.91757
299.97573
299.99685
300.00031
300.00022
300.00004
300
300
300
300
300
300
300
300
300
300
300
300
300
300
300
300
300
300
300
300
300
300
300
300
300
300
300
342.80005
328.95427
316.93755
307.86052
302.57815
300.42183
299.91186
299.91777
299.97389
299.99611
300.00018
300.00022
300.00005
300
300
300
300
300
300
300
300
300
300
300
300
300
300
300
300
300
300
300
300
300
300
300
300
300
300
300
342.77906
328.93763
317.03722
308.03169
302.7175
300.49091
299.93146
299.91881
299.97224
299.99536
300.00003
300.00022
300.00005
300.00001
300
300
300
300
300
300
300
300
300
300
300
300
300
300
300
300
300
300
300
300
300
300
300
300
300
300
342.75648
328.90408
317.10853
308.18255
302.8489
300.55944
299.95242
299.92068
299.97079
299.9946
299.99986
300.00021
300.00006
300.00001
300
300
300
300
300
300
300
300
300
300
300
300
300
300
300
300
300
300
300
300
300
300
300
300
300
300
342.73386
328.85831
317.15355
308.31305
302.97172
300.62694
299.97453
299.92335
299.96956
299.99384
299.99967
300.00019
300.00006
300.00001
300
300
300
300
300
300
300
300
300
300
300
300
300
300
300
300
300
300
300
300
300
300
300
300
300
300
342.71248
328.80541
317.17528
308.42358
303.08552
300.69293
299.99758
299.9268
299.96858
299.99311
299.99947
300.00017
300.00007
300.00001
300
300
300
300
300
300
300
300
300
300
300
300
300
300
300
300
300
300
300
300
300
300
300
300
300
300
342.69326
328.7503
317.17752
308.51506
303.19004
300.75702
300.02136
299.93098
299.96786
299.9924
299.99925
300.00014
300.00007
300.00001
300
300
300
300
300
300
300
300
300
300
300
300
300
300
300
300
300
300
300
300
300
300
300
300
300
300
342.67671
328.69729
317.16469
308.58897
303.28525
300.81888
300.04566
299.93584
299.9674
299.99173
299.99902
300.0001
300.00007
300.00001
300
300
300
300
300
300
300
300
300
300
300
300
300
300
300
300
300
300
300
300
300
300
300
300
300
300
342.66288
328.64962
317.14148
308.64725
303.37137
300.87826
300.07029
299.94132
299.96721
299.99111
299.99879
300.00006
300.00007
300.00002
300
300
300
300
300
300
300
300
300
300
300
300
300
300
300
300
300
300
300
300
300
300
300
300
300
300
342.65148
328.60919
317.11251
308.69225
303.44887
300.93497
300.09507
299.94737
299.96729
299.99054
299.99856
300.00001
300.00006
300.00002
300
300
300
300
300
300
300
300
300
300
300
300
300
300
300
300
300
300
300
300
300
300
300
300
300
300
342.64193
328.57648
317.08193
308.72656
303.5184
300.98896
300.11984
299.9539
299.96761
299.99003
299.99832
299.99996
300.00006
300.00002
300
300
300
300
300
300
300
300
300
300
300
300
300
300
300
300
300
300
300
300
300
300
300
300
300
300
342.6335
328.55074
317.0531
308.75284
303.58079
301.04021
300.14446
299.96085
299.96818
299.98958
299.99808
299.9999
300.00005
300.00002
300
300
300
300
300
300
300
300
300
300
300
300
300
300
300
300
300
300
300
300
300
300
300
300
300
300
342.62545
328.53025
317.02833
308.77359
303.63697
301.08879
300.16881
299.96814
299.96897
299.9892
299.99785
299.99984
300.00005
300.00002
300
300
300
300
300
300
300
300
300
300
300
300
300
300
300
300
300
300
300
300
300
300
300
300
300
300
342.6171
328.5127
317.00872
308.79101
303.68787
301.13484
300.1928
299.97572
299.96998
299.98888
299.99763
299.99977
300.00004
300.00002
300
300
300
300
300
300
300
300
300
300
300
300
300
300
300
300
300
300
300
300
300
300
300
300
300
300
342.60794
328.49562
316.99416
308.8068
303.73437
301.17847
300.21638
299.98355
299.97119
299.98863
299.99742
299.99971
300.00003
300.00002
300
300
300
300
300
300
300
300
300
300
300
300
300
300
300
300
300
300
300
300
300
300
300
300
300
300
342.59763
328.47667
316.98339
308.82212
303.77724
301.21983
300.2395
299.9916
299.97262
299.98847
299.99722
299.99964
300.00001
300.00002
300
300
300
300
300
300
300
300
300
300
300
300
300
300
300
300
300
300
300
300
300
300
300
300
300
300
342.58608
328.45399
316.97422
308.83752
303.81716
301.25908
300.26212
299.99985
299.97426
299.98839
299.99703
299.99957
300
300.00002
300
300
300
300
300
300
300
300
300
300
300
300
300
300
300
300
300
300
300
300
300
300
300
300
300
300
342.57336
328.42629
316.96381
308.85291
303.85472
301.29638
300.28422
300.00827
299.97611
299.9884
299.99687
299.9995
299.99998
300.00002
300
300
300
300
300
300
300
300
300
300
300
300
300
300
300
300
300
300
300
300
300
300
300
300
300
300
342.55972
328.393
316.94906
308.86758
303.89041
301.33196
300.30577
300.0168
299.97814
299.9885
299.99673
299.99944
299.99997
300.00001
300
300
300
300
300
300
300
300
300
300
300
300
300
300
300
300
300
300
300
300
300
300
300
300
300
300
342.54552
328.35422
316.92698
308.88012
303.92453
301.36614
300.32678
300.02534
299.98029
299.98866
299.9966
299.99937
299.99995
300.00001
300
300
300
300
300
300
300
300
300
300
300
300
300
300
300
300
300
300
300
300
300
300
300
300
300
300
342.53117
328.3107
316.89514
308.88852
303.95712
301.39922
300.34728
300.03378
299.98245
299.98882
299.99647
299.9993
299.99993
300.00001
300
300
300
300
300
300
300
300
300
300
300
300
300
300
300
300
300
300
300
300
300
300
300
300
300
300
342.5171
328.26367
316.85199
308.89023
303.98765
301.43148
300.36732
300.04199
299.9845
299.98894
299.99633
299.99923
299.99992
300.00001
300.00001
300
300
300
300
300
300
300
300
300
300
300
300
300
300
300
300
300
300
300
300
300
300
300
300
300
342.5037
328.21469
316.79716
308.88241
304.01493
301.46294
300.387
300.04991
299.98634
299.98895
299.99615
299.99915
299.9999
300
300.00001
300
300
300
300
300
300
300
300
300
300
300
300
300
300
300
300
300
300
300
300
300
300
300
300
300
342.49129
328.16548
316.73154
308.86238
304.03701
301.49318
300.40638
300.05755
299.98795
299.98883
299.99592
299.99907
299.99988
300
300.00001
300
300
300
300
300
300
300
300
300
300
300
300
300
300
300
300
300
300
300
300
300
300
300
300
300
342.4801
328.11768
316.65722
308.82814
304.05132
301.52127
300.42543
300.06504
299.98937
299.98859
299.99564
299.99896
299.99986
300
300.00001
300
300
300
300
300
300
300
300
300
300
300
300
300
300
300
300
300
300
300
300
300
300
300
300
300
342.47028
328.07279
316.57721
308.77887
304.05515
301.5457
300.44392
300.07258
299.9908
299.98831
299.99534
299.99886
299.99984
300
300.00001
300
300
300
300
300
300
300
300
300
300
300
300
300
300
300
300
300
300
300
300
300
300
300
300
300
342.46186
328.03195
316.49507
308.71535
304.04623
301.56464
300.46137
300.08038
299.99248
299.98812
299.99505
299.99875
299.99982
300
300.00001
300
300
300
300
300
300
300
300
300
300
300
300
300
300
300
300
300
300
300
300
300
300
300
300
300
342.45483
327.99597
316.41444
308.64004
304.02332
301.57625
300.4771
300.08855
299.99472
299.98821
299.99484
299.99865
299.9998
300
300.00001
300
300
300
300
300
300
300
300
300
300
300
300
300
300
300
300
300
300
300
300
300
300
300
300
300
342.4491
327.96525
316.33864
308.55677
303.98675
301.57921
300.49027
300.09705
299.99773
299.98873
299.99479
299.99859
299.99978
300
300.00001
300
300
300
300
300
300
300
300
300
300
300
300
300
300
300
300
300
300
300
300
300
300
300
300
300
342.44456
327.93985
316.27029
308.47023
303.93845
301.57303
300.50014
300.10565
300.0016
299.98981
299.99494
299.99858
299.99977
300
300.00001
300
300
300
300
300
300
300
300
300
300
300
300
300
300
300
300
300
300
300
300
300
300
300
300
300
342.44106
327.91951
316.21114
308.38526
303.88172
301.55827
300.50621
300.11396
300.0062
299.99145
299.99533
299.99862
299.99976
299.99999
300.00001
300
300
300
300
300
300
300
300
300
300
300
300
300
300
300
300
300
300
300
300
300
300
300
300
300
342.43844
327.90379
316.16197
308.30612
303.82069
301.53649
300.50837
300.12151
300.01129
299.99358
299.99594
299.99873
299.99977
299.99999
300.00001
300
300
300
300
300
300
300
300
300
300
300
300
300
300
300
300
300
300
300
300
300
300
300
300
300
342.43656
327.89206
316.12272
308.23602
303.75957
301.50992
300.50694
300.12791
300.01646
299.996
299.99671
299.9989
299.99979
299.99999
300.00001
300
300
300
300
300
300
300
300
300
300
300
300
300
300
300
300
300
300
300
300
300
300
300
300
300
342.43528
327.88365
316.09264
308.17682
303.70204
301.48107
300.50256
300.13286
300.02134
299.9985
299.99758
299.9991
299.99981
299.99998
300
300
300
300
300
300
300
300
300
300
300
300
300
300
300
300
300
300
300
300
300
300
300
300
300
300
342.43445
327.87789
316.0705
308.12907
303.65083
301.45227
300.49612
300.13628
300.02559
300.00087
299.99845
299.99932
299.99984
299.99998
300
300
300
300
300
300
300
300
300
300
300
300
300
300
300
300
300
300
300
300
300
300
300
300
300
300
342.43396
327.87416
316.05487
308.09222
303.60747
301.42539
300.48853
300.13825
300.02903
300.00294
299.99926
299.99953
299.99988
299.99998
300
300
300
300
300
300
300
300
300
300
300
300
300
300
300
300
300
300
300
300
300
300
300
300
300
300
342.43373
327.87191
316.04428
308.06494
303.57242
301.40168
300.48061
300.13899
300.03159
300.00463
299.99995
299.99973
299.99991
299.99999
300
300
300
300
300
300
300
300
300
300
300
300
300
300
300
300
300
300
300
300
300
300
300
300
300
300
342.43368
327.87068
316.03739
308.04548
303.54524
301.38176
300.473
300.13881
300.03332
300.00589
300.0005
299.99989
299.99995
299.99999
300
300
300
300
300
300
300
300
300
300
300
300
300
300
300
300
300
300
300
300
300
300
300
300
300
300
342.43373
327.87014
316.03305
308.03205
303.52493
301.36571
300.46614
300.13801
300.03438
300.00679
300.00091
300.00002
299.99997
299.99999
300
300
300
300
300
300
300
300
300
300
300
300
300
300
300
300
300
300
300
300
300
300
300
300
300
300
342.43386
327.87001
316.0304
308.02295
303.51019
301.35323
300.46026
300.13689
300.03492
300.00737
300.00119
300.00012
300
300
300
300
300
300
300
300
300
300
300
300
300
300
300
300
300
300
300
300
300
300
300
300
300
300
300
300
342.43402
327.87012
316.02879
308.01682
303.49969
301.34378
300.45542
300.13567
300.03511
300.00772
300.00138
300.00018
300.00001
300
300
300
300
300
300
300
300
300
300
300
300
300
300
300
300
300
300
300
300
300
300
300
300
300
300
300
342.4342
327.87037
316.02779
308.01261
303.49224
301.33676
300.45157
300.13451
300.03509
300.00791
300.0015
300.00023
300.00002
300
300
300
300
300
300
300
300
300
300
300
300
300
300
300
300
300
300
300
300
300
300
300
300
300
300
300
342.43439
327.87067
316.02714
308.00959
303.48689
301.33158
300.44857
300.13348
300.03497
300.008
300.00157
300.00026
300.00003
300
300
300
300
300
300
300
300
300
300
300
300
300
300
300
300
300
300
300
300
300
300
300
300
300
300
300
342.43458
327.871
316.02668
308.00729
303.48292
301.32772
300.44626
300.13261
300.03481
300.00803
300.00162
300.00028
300.00004
300
300
300
300
300
300
300
300
300
300
300
300
300
300
300
300
300
300
300
300
300
300
300
300
300
300
300
342.43477
327.87134
316.02635
308.00545
303.47985
301.32478
300.44448
300.13191
300.03465
300.00804
300.00164
300.00029
300.00004
300.00001
300
300
300
300
300
300
300
300
300
300
300
300
300
300
300
300
300
300
300
300
300
300
300
300
300
300
342.43497
327.87169
316.02611
308.00391
303.47738
301.32248
300.4431
300.13136
300.03452
300.00804
300.00165
300.0003
300.00005
300.00001
300
300
300
300
300
300
300
300
300
300
300
300
300
300
300
300
300
300
300
300
300
300
300
300
300
300
342.43517
327.87206
316.02595
308.00262
303.47532
301.32063
300.44201
300.13092
300.03441
300.00803
300.00166
300.0003
300.00005
300.00001
300
300
300
300
300
300
300
300
300
300
300
300
300
300
300
300
300
300
300
300
300
300
300
300
300
300
342.43538
327.87246
316.02588
308.00154
303.47358
301.3191
300.44112
300.13058
300.03432
300.00802
300.00167
300.00031
300.00005
300.00001
300
300
300
300
300
300
300
300
300
300
300
300
300
300
300
300
300
300
300
300
300
300
300
300
300
300
342.43559
327.87289
316.02591
308.00065
303.47211
301.31781
300.4404
300.1303
300.03426
300.00802
300.00167
300.00031
300.00005
300.00001
300
300
300
300
300
300
300
300
300
300
300
300
300
300
300
300
300
300
300
300
300
300
300
300
300
300
342.43583
327.87336
316.02603
307.99995
303.47088
301.31673
300.43979
300.13007
300.0342
300.00802
300.00168
300.00031
300.00005
300.00001
300
300
300
300
300
300
300
300
300
300
300
300
300
300
300
300
300
300
300
300
300
300
300
300
300
300
342.43609
327.87389
316.02626
307.99942
303.46985
301.31582
300.43928
300.12988
300.03416
300.00802
300.00168
300.00032
300.00005
300.00001
300
300
300
300
300
300
300
300
300
300
300
300
300
300
300
300
300
300
300
300
300
300
300
300
300
300
342.43637
327.87448
316.02659
307.99907
303.46902
301.31505
300.43885
300.12972
300.03412
300.00801
300.00168
300.00032
300.00005
300.00001
300
300
300
300
300
300
300
300
300
300
300
300
300
300
300
300
300
300
300
300
300
300
300
300
300
300
342.43667
327.87513
316.02702
307.99887
303.46836
301.31442
300.43849
300.12958
300.03409
300.00801
300.00169
300.00032
300.00005
300.00001
300
300
300
300
300
300
300
300
300
300
300
300
300
300
300
300
300
300
300
300
300
300
300
300
300
300
342.43702
327.87587
316.02758
307.99882
303.46785
301.3139
300.43819
300.12947
300.03407
300.00801
300.00169
300.00032
300.00005
300.00001
300
300
300
300
300
300
300
300
300
300
300
300
300
300
300
300
300
300
300
300
300
300
300
300
300
300
342.4374
327.8767
316.02825
307.99892
303.4675
301.31349
300.43794
300.12937
300.03404
300.00801
300.00169
300.00032
300.00005
300.00001
300
300
300
300
300
300
300
300
300
300
300
300
300
300
300
300
300
300
300
300
300
300
300
300
300
300
342.43784
327.87764
316.02906
307.99916
303.46727
301.31316
300.43774
300.1293
300.03403
300.00801
300.00169
300.00032
300.00006
300.00001
300
300
300
300
300
300
300
300
300
300
300
300
300
300
300
300
300
300
300
300
300
300
300
300
300
300
342.43835
327.87872
316.03002
307.99955
303.46717
301.31293
300.43758
300.12923
300.03401
300.00801
300.0017
300.00032
300.00006
300.00001
300
300
300
300
300
300
300
300
300
300
300
300
300
300
300
300
300
300
300
300
300
300
300
300
300
300
342.43895
327.87997
316.03115
308.00008
303.46719
301.31276
300.43745
300.12918
300.034
300.00801
300.0017
300.00032
300.00006
300.00001
300
300
300
300
300
300
300
300
300
300
300
300
300
300
300
300
300
300
300
300
300
300
300
300
300
300
342.43972
327.88149
316.03254
308.00081
303.46733
301.31267
300.43736
300.12914
300.03399
300.00801
300.0017
300.00032
300.00006
300.00001
300
300
300
300
300
300
300
300
300
300
300
300
300
300
300
300
300
300
300
300
300
300
300
300
300
300
342.44066
327.88307
316.03391
308.00155
303.46752
301.31263
300.4373
300.12911
300.03398
300.00801
300.0017
300.00033
300.00006
300.00001
300
300
300
300
300
300
300
300
300
300
300
300
300
300
300
300
300
300
300
300
300
300
300
300
300
300
342.44282
327.88696
316.03708
308.00333
303.46817
301.31273
300.43727
300.12909
300.03398
300.00801
300.0017
300.00033
300.00006
300.00001
300
300
300
300
300
300
300
300
300
300
300
300
300
300
300
300
300
300
300
300
300
300
300
300
300
300
)
;

boundaryField
{
    wall
    {
        type            fixedValue;
        value           uniform 350;
    }
    sides
    {
        type            zeroGradient;
    }
    frontAndBack
    {
        type            empty;
    }
    inlet
    {
        type            fixedValue;
        value           uniform 300;
    }
    outlet
    {
        type            zeroGradient;
    }
}


// ************************************************************************* //
