/*--------------------------------*- C++ -*----------------------------------*\
  =========                 |
  \\      /  F ield         | OpenFOAM: The Open Source CFD Toolbox
   \\    /   O peration     | Website:  https://openfoam.org
    \\  /    A nd           | Version:  10
     \\/     M anipulation  |
\*---------------------------------------------------------------------------*/
FoamFile
{
    format      ascii;
    class       volScalarField;
    location    "0.17";
    object      rho_0;
}
// * * * * * * * * * * * * * * * * * * * * * * * * * * * * * * * * * * * * * //

dimensions      [1 -3 0 0 0 0 0];

internalField   nonuniform List<scalar> 
4000
(
1.125778
1.1399123
1.1374518
1.1374123
1.1374156
1.1374153
1.1374153
1.1374152
1.1374152
1.1374152
1.1374152
1.1374152
1.1374151
1.1374151
1.1374151
1.1374151
1.1374151
1.1374151
1.1374151
1.1374151
1.1374151
1.1374151
1.1374151
1.1374151
1.1374151
1.1374151
1.1374151
1.1374151
1.1374151
1.1374152
1.1374152
1.1374152
1.1374152
1.1374152
1.1374153
1.1374153
1.1374153
1.1374154
1.1374155
1.1374158
1.1019213
1.1431581
1.1382532
1.1374084
1.1374123
1.1374153
1.1374153
1.1374152
1.1374152
1.1374152
1.1374152
1.1374152
1.1374151
1.1374151
1.1374151
1.1374151
1.1374151
1.1374151
1.1374151
1.1374151
1.1374151
1.1374151
1.1374151
1.1374151
1.1374151
1.1374151
1.1374151
1.1374151
1.1374151
1.1374152
1.1374152
1.1374152
1.1374152
1.1374152
1.1374153
1.1374153
1.1374153
1.1374154
1.1374155
1.1374155
1.0798106
1.1424247
1.1397244
1.1375075
1.1373999
1.1374143
1.1374153
1.1374152
1.1374152
1.1374152
1.1374152
1.1374152
1.1374151
1.1374151
1.1374151
1.1374151
1.1374151
1.1374151
1.1374151
1.1374151
1.1374151
1.1374151
1.1374151
1.1374151
1.1374151
1.1374151
1.1374151
1.1374151
1.1374151
1.1374151
1.1374152
1.1374152
1.1374152
1.1374152
1.1374152
1.1374153
1.1374153
1.1374154
1.1374154
1.1374153
1.0605531
1.138
1.1412773
1.1378139
1.1373881
1.13741
1.1374152
1.1374152
1.1374152
1.1374152
1.1374152
1.1374151
1.1374151
1.1374151
1.1374151
1.1374151
1.1374151
1.1374151
1.1374151
1.1374151
1.1374151
1.1374151
1.1374151
1.1374151
1.1374151
1.1374151
1.1374151
1.1374151
1.1374151
1.1374151
1.1374152
1.1374152
1.1374152
1.1374152
1.1374152
1.1374153
1.1374153
1.1374153
1.1374153
1.1374152
1.0445518
1.1310049
1.1423272
1.138352
1.137403
1.1374009
1.1374146
1.1374153
1.1374152
1.1374152
1.1374152
1.1374151
1.1374151
1.1374151
1.1374151
1.1374151
1.1374151
1.1374151
1.1374151
1.1374151
1.1374151
1.1374151
1.1374151
1.1374151
1.1374151
1.1374151
1.1374151
1.1374151
1.1374151
1.1374151
1.1374151
1.1374152
1.1374152
1.1374152
1.1374152
1.1374152
1.1374153
1.1374153
1.1374153
1.1374151
1.0318731
1.1226421
1.1425059
1.1390542
1.1374749
1.1373888
1.1374125
1.1374153
1.1374152
1.1374152
1.1374151
1.1374151
1.1374151
1.1374151
1.1374151
1.1374151
1.1374151
1.1374151
1.1374151
1.1374151
1.1374151
1.1374151
1.1374151
1.1374151
1.1374151
1.1374151
1.1374151
1.1374151
1.1374151
1.1374151
1.1374151
1.1374152
1.1374152
1.1374152
1.1374152
1.1374152
1.1374152
1.1374153
1.1374152
1.137415
1.0223227
1.1139104
1.1417123
1.1397945
1.1376231
1.1373796
1.1374083
1.1374152
1.1374152
1.1374151
1.1374151
1.1374151
1.1374151
1.1374151
1.1374151
1.1374151
1.1374151
1.1374151
1.1374151
1.1374151
1.1374151
1.1374151
1.1374151
1.1374151
1.1374151
1.1374151
1.1374151
1.1374151
1.1374151
1.1374151
1.1374151
1.1374151
1.1374152
1.1374152
1.1374152
1.1374152
1.1374152
1.1374152
1.1374151
1.137415
1.0154854
1.1054903
1.1400462
1.1404415
1.1378483
1.1373814
1.1374021
1.1374146
1.1374153
1.1374151
1.1374151
1.1374151
1.1374151
1.1374151
1.1374151
1.1374151
1.1374151
1.1374151
1.1374151
1.1374151
1.1374151
1.1374151
1.1374151
1.1374151
1.1374151
1.1374151
1.1374151
1.1374151
1.1374151
1.1374151
1.1374151
1.1374151
1.1374151
1.1374151
1.1374152
1.1374152
1.1374152
1.1374152
1.1374151
1.1374149
1.0108167
1.097762
1.1377037
1.1408959
1.1381339
1.1374018
1.1373946
1.1374134
1.1374153
1.1374152
1.1374151
1.1374151
1.1374151
1.1374151
1.1374151
1.1374151
1.1374151
1.1374151
1.1374151
1.1374151
1.1374151
1.1374151
1.1374151
1.1374151
1.1374151
1.1374151
1.1374151
1.1374151
1.1374151
1.1374151
1.1374151
1.1374151
1.1374151
1.1374151
1.1374151
1.1374152
1.1374152
1.1374152
1.137415
1.1374149
1.0077478
1.0908832
1.1348992
1.141102
1.1384533
1.1374457
1.1373877
1.1374113
1.1374153
1.1374152
1.1374151
1.1374151
1.1374151
1.1374151
1.1374151
1.1374151
1.1374151
1.1374151
1.1374151
1.1374151
1.1374151
1.1374151
1.1374151
1.1374151
1.1374151
1.1374151
1.1374151
1.1374151
1.1374151
1.1374151
1.1374151
1.1374151
1.1374151
1.1374151
1.1374151
1.1374151
1.1374152
1.1374151
1.137415
1.1374149
1.0057673
1.0848685
1.1318221
1.141043
1.1387772
1.1375148
1.1373833
1.1374085
1.1374151
1.1374152
1.1374151
1.1374151
1.1374151
1.1374151
1.1374151
1.1374151
1.1374151
1.1374151
1.1374151
1.1374151
1.1374151
1.1374151
1.1374151
1.1374151
1.1374151
1.1374151
1.1374151
1.1374151
1.1374151
1.1374151
1.1374151
1.1374151
1.1374151
1.1374151
1.1374151
1.1374151
1.1374151
1.1374151
1.1374149
1.1374149
1.0044681
1.0796524
1.1286202
1.140729
1.1390788
1.1376073
1.1373835
1.1374049
1.1374146
1.1374152
1.1374151
1.1374151
1.1374151
1.1374151
1.1374151
1.1374151
1.1374151
1.1374151
1.1374151
1.1374151
1.1374151
1.1374151
1.1374151
1.1374151
1.1374151
1.1374151
1.1374151
1.1374151
1.1374151
1.1374151
1.1374151
1.1374151
1.1374151
1.1374151
1.1374151
1.1374151
1.1374151
1.1374151
1.1374149
1.1374148
1.00356
1.0751333
1.1253984
1.140186
1.1393369
1.1377191
1.13739
1.1374012
1.1374139
1.1374152
1.1374151
1.1374151
1.1374151
1.1374151
1.1374151
1.1374151
1.1374151
1.1374151
1.1374151
1.1374151
1.1374151
1.1374151
1.1374151
1.1374151
1.1374151
1.1374151
1.1374151
1.1374151
1.1374151
1.1374151
1.1374151
1.1374151
1.1374151
1.1374151
1.1374151
1.1374151
1.1374151
1.137415
1.1374149
1.1374148
1.0028561
1.071202
1.1222252
1.1394466
1.1395365
1.1378448
1.1374039
1.1373976
1.1374129
1.1374152
1.1374151
1.1374151
1.1374151
1.1374151
1.1374151
1.1374151
1.1374151
1.1374151
1.1374151
1.1374151
1.1374151
1.1374151
1.1374151
1.1374151
1.1374151
1.1374151
1.1374151
1.1374151
1.1374151
1.1374151
1.1374151
1.1374151
1.1374151
1.1374151
1.1374151
1.1374151
1.1374151
1.137415
1.1374149
1.1374148
1.0022482
1.0677565
1.1191416
1.1385443
1.1396681
1.1379781
1.1374258
1.1373948
1.1374117
1.1374151
1.1374151
1.1374151
1.1374151
1.1374151
1.1374151
1.1374151
1.1374151
1.1374151
1.1374151
1.1374151
1.1374151
1.1374151
1.1374151
1.1374151
1.1374151
1.1374151
1.1374151
1.1374151
1.1374151
1.1374151
1.1374151
1.1374151
1.1374151
1.1374151
1.1374151
1.1374151
1.1374151
1.137415
1.1374149
1.1374148
1.0016809
1.0647085
1.1161696
1.1375098
1.1397268
1.1381131
1.1374555
1.1373933
1.1374101
1.137415
1.1374152
1.1374151
1.1374151
1.1374151
1.1374151
1.137415
1.137415
1.137415
1.137415
1.137415
1.137415
1.137415
1.137415
1.137415
1.137415
1.137415
1.137415
1.137415
1.1374151
1.1374151
1.1374151
1.1374151
1.1374151
1.1374151
1.1374151
1.1374151
1.1374151
1.137415
1.1374148
1.1374148
1.0011304
1.0619852
1.113319
1.1363704
1.1397115
1.1382443
1.1374926
1.1373936
1.1374085
1.1374147
1.1374152
1.1374151
1.137415
1.137415
1.137415
1.137415
1.137415
1.137415
1.137415
1.137415
1.137415
1.137415
1.137415
1.137415
1.137415
1.137415
1.137415
1.137415
1.137415
1.137415
1.1374151
1.1374151
1.1374151
1.1374151
1.1374151
1.1374151
1.137415
1.1374149
1.1374148
1.1374148
1.0005901
1.0595287
1.1105918
1.1351488
1.1396232
1.1383666
1.1375362
1.137396
1.1374068
1.1374143
1.1374152
1.1374151
1.137415
1.137415
1.137415
1.137415
1.137415
1.137415
1.137415
1.137415
1.137415
1.137415
1.137415
1.137415
1.137415
1.137415
1.137415
1.137415
1.137415
1.137415
1.137415
1.137415
1.1374151
1.1374151
1.1374151
1.1374151
1.137415
1.1374149
1.1374148
1.1374148
1.0000607
1.0572933
1.1079858
1.1338644
1.1394646
1.1384761
1.1375851
1.1374008
1.1374053
1.1374139
1.1374151
1.1374151
1.137415
1.137415
1.137415
1.137415
1.137415
1.137415
1.137415
1.137415
1.137415
1.137415
1.137415
1.137415
1.137415
1.137415
1.137415
1.137415
1.137415
1.137415
1.137415
1.137415
1.137415
1.1374151
1.1374151
1.1374151
1.137415
1.1374149
1.1374148
1.1374148
0.99954608
1.0552438
1.1054969
1.132533
1.1392393
1.1385692
1.1376381
1.1374081
1.137404
1.1374133
1.1374151
1.1374151
1.137415
1.137415
1.137415
1.137415
1.137415
1.137415
1.137415
1.137415
1.137415
1.137415
1.137415
1.137415
1.137415
1.137415
1.137415
1.137415
1.137415
1.137415
1.137415
1.137415
1.137415
1.137415
1.1374151
1.1374151
1.137415
1.1374149
1.1374148
1.1374148
0.99904992
1.053353
1.1031196
1.1311677
1.1389517
1.1386433
1.1376937
1.1374182
1.1374031
1.1374127
1.137415
1.1374151
1.137415
1.137415
1.137415
1.137415
1.137415
1.137415
1.137415
1.137415
1.137415
1.137415
1.137415
1.137415
1.137415
1.137415
1.137415
1.137415
1.137415
1.137415
1.137415
1.137415
1.137415
1.137415
1.1374151
1.137415
1.137415
1.1374149
1.1374148
1.1374148
0.99857511
1.0515998
1.1008487
1.1297795
1.1386063
1.1386963
1.1377506
1.1374308
1.1374028
1.137412
1.1374149
1.1374151
1.137415
1.137415
1.137415
1.137415
1.137415
1.137415
1.137415
1.137415
1.137415
1.137415
1.137415
1.137415
1.137415
1.137415
1.137415
1.137415
1.137415
1.137415
1.137415
1.137415
1.137415
1.137415
1.137415
1.137415
1.137415
1.1374149
1.1374148
1.1374148
0.99812338
1.0499677
1.0986787
1.1283774
1.1382079
1.1387265
1.1378074
1.137446
1.1374031
1.1374113
1.1374147
1.1374151
1.137415
1.137415
1.137415
1.137415
1.137415
1.137415
1.137415
1.137415
1.137415
1.137415
1.137415
1.137415
1.137415
1.137415
1.137415
1.137415
1.137415
1.137415
1.137415
1.137415
1.137415
1.137415
1.137415
1.137415
1.137415
1.1374149
1.1374148
1.1374148
0.99769542
1.0484433
1.0966045
1.1269689
1.137761
1.138733
1.1378627
1.1374635
1.1374041
1.1374106
1.1374146
1.1374151
1.137415
1.137415
1.137415
1.137415
1.137415
1.137415
1.137415
1.137415
1.137415
1.137415
1.137415
1.137415
1.137415
1.137415
1.137415
1.137415
1.137415
1.137415
1.137415
1.137415
1.137415
1.137415
1.137415
1.137415
1.137415
1.1374149
1.1374148
1.1374148
0.99729111
1.047016
1.0946215
1.1255604
1.1372704
1.1387151
1.1379153
1.137483
1.137406
1.13741
1.1374144
1.137415
1.137415
1.137415
1.137415
1.137415
1.137415
1.137415
1.137415
1.137415
1.137415
1.137415
1.137415
1.137415
1.137415
1.137415
1.137415
1.137415
1.137415
1.137415
1.137415
1.137415
1.137415
1.137415
1.137415
1.137415
1.1374149
1.1374148
1.1374148
1.1374148
0.9969098
1.0456769
1.0927253
1.1241572
1.1367403
1.1386725
1.137964
1.1375042
1.1374088
1.1374095
1.1374141
1.137415
1.137415
1.137415
1.137415
1.137415
1.137415
1.137415
1.137415
1.137415
1.137415
1.137415
1.137415
1.137415
1.137415
1.137415
1.137415
1.137415
1.137415
1.137415
1.137415
1.137415
1.137415
1.137415
1.137415
1.137415
1.1374149
1.1374148
1.1374148
1.1374148
0.9965505
1.0444182
1.0909116
1.1227639
1.1361751
1.1386051
1.1380077
1.1375269
1.1374125
1.1374092
1.1374139
1.137415
1.137415
1.137415
1.137415
1.137415
1.137415
1.137415
1.137415
1.137415
1.137415
1.137415
1.137415
1.137415
1.137415
1.137415
1.137415
1.137415
1.137415
1.137415
1.137415
1.137415
1.137415
1.137415
1.137415
1.137415
1.1374149
1.1374148
1.1374148
1.1374148
0.99621209
1.0432336
1.0891768
1.1213842
1.1355787
1.1385133
1.1380455
1.1375505
1.1374171
1.137409
1.1374136
1.1374149
1.137415
1.137415
1.137415
1.137415
1.137415
1.137415
1.137415
1.137415
1.137415
1.137415
1.137415
1.137415
1.137415
1.137415
1.137415
1.137415
1.137415
1.137415
1.137415
1.137415
1.137415
1.137415
1.137415
1.137415
1.1374149
1.1374148
1.1374148
1.1374148
0.99589339
1.0421174
1.0875173
1.1200214
1.1349551
1.1383976
1.1380766
1.1375748
1.1374226
1.137409
1.1374133
1.1374149
1.137415
1.137415
1.137415
1.137415
1.137415
1.137415
1.137415
1.137415
1.137415
1.137415
1.137415
1.137415
1.137415
1.137415
1.137415
1.137415
1.137415
1.137415
1.137415
1.137415
1.137415
1.137415
1.137415
1.137415
1.1374149
1.1374148
1.1374148
1.1374148
0.99559331
1.0410647
1.0859297
1.1186781
1.1343078
1.1382585
1.1381001
1.1375993
1.1374291
1.1374093
1.1374131
1.1374148
1.137415
1.137415
1.137415
1.137415
1.137415
1.137415
1.137415
1.137415
1.137415
1.137415
1.137415
1.137415
1.137415
1.137415
1.137415
1.137415
1.137415
1.137415
1.137415
1.137415
1.137415
1.137415
1.137415
1.137415
1.1374149
1.1374148
1.1374148
1.1374148
0.99531082
1.0400711
1.084411
1.1173569
1.1336401
1.1380969
1.1381155
1.1376236
1.1374363
1.1374099
1.1374128
1.1374147
1.137415
1.137415
1.137415
1.137415
1.137415
1.137415
1.137415
1.137415
1.137415
1.137415
1.137415
1.137415
1.137415
1.137415
1.137415
1.137415
1.137415
1.137415
1.137415
1.137415
1.137415
1.137415
1.137415
1.137415
1.1374149
1.1374148
1.1374148
1.1374148
0.99504505
1.0391329
1.0829585
1.1160595
1.1329555
1.1379137
1.1381223
1.1376473
1.1374443
1.1374107
1.1374126
1.1374146
1.137415
1.137415
1.137415
1.137415
1.137415
1.137415
1.137415
1.137415
1.137415
1.137415
1.137415
1.137415
1.137415
1.137415
1.137415
1.137415
1.137415
1.137415
1.137415
1.137415
1.137415
1.137415
1.137415
1.1374149
1.1374149
1.1374148
1.1374148
1.1374148
0.99479527
1.0382469
1.0815694
1.1147878
1.1322568
1.13771
1.13812
1.1376699
1.1374531
1.1374119
1.1374124
1.1374145
1.137415
1.137415
1.137415
1.137415
1.137415
1.137415
1.137415
1.137415
1.137415
1.137415
1.137415
1.137415
1.137415
1.137415
1.137415
1.137415
1.137415
1.137415
1.137415
1.137415
1.137415
1.137415
1.137415
1.1374149
1.1374149
1.1374148
1.1374148
1.1374148
0.99456088
1.0374104
1.0802415
1.1135431
1.1315468
1.1374868
1.1381083
1.1376912
1.1374623
1.1374134
1.1374123
1.1374144
1.1374149
1.137415
1.137415
1.137415
1.137415
1.137415
1.137415
1.137415
1.137415
1.137415
1.137415
1.137415
1.137415
1.137415
1.137415
1.137415
1.137415
1.137415
1.137415
1.137415
1.137415
1.137415
1.137415
1.1374149
1.1374148
1.1374148
1.1374147
1.1374147
0.99434147
1.0366211
1.0789726
1.1123269
1.1308284
1.1372454
1.1380871
1.1377107
1.1374721
1.1374153
1.1374123
1.1374143
1.1374149
1.137415
1.137415
1.137415
1.137415
1.1374149
1.1374149
1.1374149
1.1374149
1.1374149
1.1374149
1.1374149
1.137415
1.137415
1.137415
1.137415
1.137415
1.137415
1.137415
1.137415
1.137415
1.137415
1.137415
1.1374149
1.1374148
1.1374148
1.1374147
1.1374147
0.99413675
1.0358771
1.0777611
1.1111402
1.130104
1.1369869
1.1380561
1.1377281
1.1374821
1.1374174
1.1374123
1.1374142
1.1374149
1.137415
1.137415
1.1374149
1.1374149
1.1374149
1.1374149
1.1374149
1.1374149
1.1374149
1.1374149
1.1374149
1.1374149
1.1374149
1.1374149
1.137415
1.137415
1.137415
1.137415
1.137415
1.137415
1.137415
1.137415
1.1374149
1.1374148
1.1374148
1.1374147
1.1374147
0.99394655
1.035177
1.0766052
1.1099842
1.1293761
1.1367126
1.1380153
1.137743
1.1374924
1.1374199
1.1374124
1.1374141
1.1374148
1.137415
1.1374149
1.1374149
1.1374149
1.1374149
1.1374149
1.1374149
1.1374149
1.1374149
1.1374149
1.1374149
1.1374149
1.1374149
1.1374149
1.1374149
1.1374149
1.137415
1.137415
1.137415
1.137415
1.137415
1.137415
1.1374149
1.1374148
1.1374148
1.1374147
1.1374147
0.99377086
1.0345198
1.0755038
1.1088597
1.1286469
1.1364239
1.1379648
1.1377552
1.1375028
1.1374228
1.1374127
1.137414
1.1374148
1.1374149
1.1374149
1.1374149
1.1374149
1.1374149
1.1374149
1.1374149
1.1374149
1.1374149
1.1374149
1.1374149
1.1374149
1.1374149
1.1374149
1.1374149
1.1374149
1.1374149
1.137415
1.137415
1.137415
1.137415
1.137415
1.1374149
1.1374148
1.1374147
1.1374147
1.1374147
0.99360975
1.0339049
1.0744559
1.1077679
1.1279185
1.136122
1.1379046
1.1377645
1.1375131
1.1374259
1.137413
1.137414
1.1374148
1.1374149
1.1374149
1.1374149
1.1374149
1.1374149
1.1374149
1.1374149
1.1374149
1.1374149
1.1374149
1.1374149
1.1374149
1.1374149
1.1374149
1.1374149
1.1374149
1.1374149
1.137415
1.137415
1.137415
1.137415
1.1374149
1.1374149
1.1374148
1.1374147
1.1374147
1.1374147
0.99346338
1.033332
1.0734607
1.1067095
1.1271932
1.1358083
1.137835
1.1377704
1.1375231
1.1374292
1.1374135
1.1374139
1.1374147
1.1374149
1.1374149
1.1374149
1.1374149
1.1374149
1.1374149
1.1374149
1.1374149
1.1374149
1.1374149
1.1374149
1.1374149
1.1374149
1.1374149
1.1374149
1.1374149
1.1374149
1.1374149
1.137415
1.137415
1.137415
1.1374149
1.1374149
1.1374148
1.1374147
1.1374147
1.1374147
0.99333196
1.0328012
1.0725179
1.1056857
1.126473
1.1354842
1.1377562
1.137773
1.1375328
1.1374328
1.137414
1.1374139
1.1374147
1.1374149
1.1374149
1.1374149
1.1374149
1.1374149
1.1374149
1.1374149
1.1374149
1.1374149
1.1374149
1.1374149
1.1374149
1.1374149
1.1374149
1.1374149
1.1374149
1.1374149
1.1374149
1.137415
1.137415
1.137415
1.1374149
1.1374149
1.1374148
1.1374147
1.1374147
1.1374147
0.99321574
1.0323129
1.0716276
1.1046975
1.1257598
1.135151
1.1376685
1.1377719
1.137542
1.1374367
1.1374147
1.1374139
1.1374147
1.1374149
1.1374149
1.1374149
1.1374149
1.1374149
1.1374149
1.1374149
1.1374149
1.1374149
1.1374149
1.1374149
1.1374149
1.1374149
1.1374149
1.1374149
1.1374149
1.1374149
1.1374149
1.1374149
1.137415
1.137415
1.1374149
1.1374149
1.1374148
1.1374147
1.1374147
1.1374147
0.99311493
1.0318679
1.0707899
1.1037459
1.1250556
1.1348102
1.1375722
1.1377671
1.1375506
1.1374406
1.1374155
1.1374139
1.1374146
1.1374149
1.1374149
1.1374149
1.1374149
1.1374149
1.1374149
1.1374149
1.1374149
1.1374149
1.1374149
1.1374149
1.1374149
1.1374149
1.1374149
1.1374149
1.1374149
1.1374149
1.1374149
1.1374149
1.137415
1.1374149
1.1374149
1.1374149
1.1374148
1.1374147
1.1374147
1.1374146
0.99302967
1.031467
1.0700056
1.1028323
1.1243622
1.1344632
1.1374677
1.1377584
1.1375583
1.1374447
1.1374164
1.1374139
1.1374146
1.1374149
1.1374149
1.1374149
1.1374149
1.1374149
1.1374149
1.1374149
1.1374149
1.1374149
1.1374149
1.1374149
1.1374149
1.1374149
1.1374149
1.1374149
1.1374149
1.1374149
1.1374149
1.1374149
1.1374149
1.1374149
1.1374149
1.1374149
1.1374148
1.1374147
1.1374147
1.1374146
0.99295998
1.0311113
1.0692756
1.1019579
1.1236816
1.1341114
1.1373557
1.1377458
1.1375652
1.1374488
1.1374175
1.137414
1.1374146
1.1374149
1.1374149
1.1374149
1.1374149
1.1374149
1.1374149
1.1374149
1.1374149
1.1374149
1.1374149
1.1374149
1.1374149
1.1374149
1.1374149
1.1374149
1.1374149
1.1374149
1.1374149
1.1374149
1.1374149
1.1374149
1.1374149
1.1374148
1.1374148
1.1374147
1.1374147
1.1374146
0.99290567
1.0308016
1.068601
1.1011242
1.1230157
1.1337563
1.1372365
1.1377292
1.1375711
1.1374529
1.1374186
1.1374141
1.1374145
1.1374149
1.1374149
1.1374149
1.1374149
1.1374149
1.1374149
1.1374149
1.1374149
1.1374149
1.1374149
1.1374149
1.1374149
1.1374149
1.1374149
1.1374149
1.1374149
1.1374149
1.1374149
1.1374149
1.1374149
1.1374149
1.1374149
1.1374148
1.1374148
1.1374147
1.1374147
1.1374146
0.9928663
1.0305389
1.0679833
1.1003328
1.1223664
1.1333993
1.1371107
1.1377087
1.1375758
1.137457
1.1374198
1.1374143
1.1374145
1.1374148
1.1374149
1.1374149
1.1374149
1.1374149
1.1374149
1.1374149
1.1374149
1.1374149
1.1374149
1.1374149
1.1374149
1.1374149
1.1374149
1.1374149
1.1374149
1.1374149
1.1374149
1.1374149
1.1374149
1.1374149
1.1374149
1.1374148
1.1374148
1.1374147
1.1374146
1.1374146
0.99284115
1.0303233
1.0674238
1.0995855
1.1217356
1.1330419
1.136979
1.1376843
1.1375793
1.1374611
1.1374211
1.1374145
1.1374145
1.1374148
1.1374149
1.1374149
1.1374149
1.1374149
1.1374149
1.1374149
1.1374149
1.1374149
1.1374149
1.1374149
1.1374149
1.1374149
1.1374149
1.1374149
1.1374149
1.1374149
1.1374149
1.1374149
1.1374149
1.1374149
1.1374149
1.1374148
1.1374147
1.1374147
1.1374146
1.1374146
0.99282913
1.0301544
1.0669241
1.098884
1.1211251
1.1326855
1.1368419
1.137656
1.1375815
1.1374649
1.1374225
1.1374147
1.1374145
1.1374148
1.1374149
1.1374149
1.1374149
1.1374149
1.1374149
1.1374149
1.1374149
1.1374149
1.1374149
1.1374149
1.1374149
1.1374149
1.1374149
1.1374149
1.1374149
1.1374149
1.1374149
1.1374149
1.1374149
1.1374149
1.1374149
1.1374148
1.1374147
1.1374147
1.1374146
1.1374146
0.99282886
1.0300311
1.0664853
1.0982301
1.120537
1.1323316
1.1367002
1.137624
1.1375823
1.1374686
1.137424
1.137415
1.1374145
1.1374148
1.1374149
1.1374149
1.1374149
1.1374149
1.1374149
1.1374149
1.1374149
1.1374149
1.1374149
1.1374149
1.1374149
1.1374149
1.1374149
1.1374149
1.1374149
1.1374149
1.1374149
1.1374149
1.1374149
1.1374149
1.1374149
1.1374148
1.1374147
1.1374147
1.1374146
1.1374146
0.99283865
1.0299509
1.0661078
1.0976255
1.119973
1.1319818
1.1365546
1.1375884
1.1375817
1.137472
1.1374255
1.1374153
1.1374145
1.1374148
1.1374149
1.1374149
1.1374149
1.1374149
1.1374149
1.1374149
1.1374149
1.1374149
1.1374149
1.1374149
1.1374149
1.1374149
1.1374149
1.1374149
1.1374149
1.1374149
1.1374149
1.1374149
1.1374149
1.1374149
1.1374149
1.1374148
1.1374147
1.1374147
1.1374146
1.1374146
0.99285656
1.0299105
1.0657917
1.0970718
1.119435
1.1316373
1.1364058
1.1375494
1.1375796
1.1374751
1.137427
1.1374157
1.1374146
1.1374148
1.1374149
1.1374149
1.1374149
1.1374149
1.1374149
1.1374149
1.1374149
1.1374149
1.1374149
1.1374149
1.1374149
1.1374149
1.1374149
1.1374149
1.1374149
1.1374149
1.1374149
1.1374149
1.1374149
1.1374149
1.1374149
1.1374148
1.1374147
1.1374147
1.1374146
1.1374146
0.99288053
1.029905
1.0655357
1.0965702
1.1189246
1.1312997
1.1362546
1.1375071
1.137576
1.1374779
1.1374285
1.1374161
1.1374146
1.1374148
1.1374149
1.1374149
1.1374149
1.1374149
1.1374149
1.1374149
1.1374149
1.1374149
1.1374149
1.1374149
1.1374149
1.1374149
1.1374149
1.1374149
1.1374149
1.1374149
1.1374149
1.1374149
1.1374149
1.1374149
1.1374149
1.1374148
1.1374147
1.1374147
1.1374146
1.1374145
0.99290848
1.0299291
1.0653375
1.0961213
1.1184434
1.1309703
1.1361016
1.1374618
1.1375709
1.1374803
1.1374301
1.1374165
1.1374147
1.1374148
1.1374149
1.1374149
1.1374149
1.1374149
1.1374149
1.1374149
1.1374149
1.1374149
1.1374149
1.1374149
1.1374149
1.1374149
1.1374149
1.1374149
1.1374149
1.1374149
1.1374149
1.1374149
1.1374149
1.1374149
1.1374149
1.1374148
1.1374147
1.1374146
1.1374146
1.1374145
0.99293843
1.0299762
1.0651934
1.095725
1.1179926
1.1306503
1.1359477
1.1374138
1.1375642
1.1374823
1.1374316
1.137417
1.1374147
1.1374148
1.1374149
1.1374149
1.1374149
1.1374149
1.1374149
1.1374149
1.1374149
1.1374149
1.1374149
1.1374149
1.1374149
1.1374149
1.1374149
1.1374149
1.1374149
1.1374149
1.1374149
1.1374149
1.1374149
1.1374149
1.1374149
1.1374148
1.1374147
1.1374146
1.1374146
1.1374145
0.99296865
1.0300397
1.0650985
1.0953806
1.1175731
1.1303409
1.1357936
1.1373632
1.137556
1.1374838
1.137433
1.1374174
1.1374148
1.1374148
1.1374149
1.1374149
1.1374149
1.1374149
1.1374149
1.1374149
1.1374149
1.1374149
1.1374149
1.1374149
1.1374149
1.1374149
1.1374149
1.1374149
1.1374149
1.1374149
1.1374149
1.1374149
1.1374149
1.1374149
1.1374148
1.1374148
1.1374147
1.1374146
1.1374146
1.1374145
0.9929977
1.030113
1.0650465
1.0950862
1.1171855
1.130043
1.1356399
1.1373104
1.1375464
1.1374849
1.1374344
1.1374179
1.1374149
1.1374148
1.1374149
1.1374149
1.1374149
1.1374149
1.1374149
1.1374149
1.1374149
1.1374149
1.1374149
1.1374149
1.1374149
1.1374149
1.1374149
1.1374149
1.1374149
1.1374149
1.1374149
1.1374149
1.1374149
1.1374149
1.1374148
1.1374148
1.1374147
1.1374146
1.1374146
1.1374145
0.99302457
1.03019
1.0650301
1.0948391
1.1168297
1.1297575
1.1354874
1.1372557
1.1375354
1.1374854
1.1374357
1.1374185
1.137415
1.1374148
1.1374148
1.1374149
1.1374149
1.1374149
1.1374149
1.1374149
1.1374149
1.1374149
1.1374149
1.1374149
1.1374149
1.1374149
1.1374149
1.1374149
1.1374149
1.1374149
1.1374149
1.1374149
1.1374149
1.1374149
1.1374148
1.1374148
1.1374147
1.1374146
1.1374146
1.1374145
0.99304863
1.0302657
1.0650414
1.0946353
1.1165052
1.129485
1.1353366
1.1371992
1.1375229
1.1374855
1.137437
1.137419
1.1374151
1.1374148
1.1374148
1.1374149
1.1374149
1.1374149
1.1374149
1.1374149
1.1374149
1.1374149
1.1374149
1.1374149
1.1374149
1.1374149
1.1374149
1.1374149
1.1374149
1.1374149
1.1374149
1.1374149
1.1374149
1.1374149
1.1374148
1.1374148
1.1374147
1.1374146
1.1374145
1.1374145
0.99306969
1.0303358
1.0650723
1.0944702
1.116211
1.1292259
1.1351881
1.1371414
1.1375092
1.137485
1.1374381
1.1374195
1.1374153
1.1374148
1.1374148
1.1374149
1.1374149
1.1374149
1.1374149
1.1374149
1.1374149
1.1374149
1.1374149
1.1374149
1.1374149
1.1374149
1.1374149
1.1374149
1.1374149
1.1374149
1.1374149
1.1374149
1.1374149
1.1374149
1.1374148
1.1374148
1.1374147
1.1374146
1.1374145
1.1374145
0.99308793
1.0303978
1.0651148
1.0943383
1.1159455
1.1289803
1.1350424
1.1370825
1.1374943
1.1374839
1.1374391
1.13742
1.1374154
1.1374148
1.1374148
1.1374149
1.1374149
1.1374149
1.1374149
1.1374149
1.1374149
1.1374149
1.1374149
1.1374149
1.1374149
1.1374149
1.1374149
1.1374149
1.1374149
1.1374149
1.1374149
1.1374149
1.1374149
1.1374149
1.1374148
1.1374148
1.1374147
1.1374146
1.1374145
1.1374145
0.99310382
1.0304505
1.0651617
1.0942338
1.1157065
1.1287481
1.1348997
1.1370228
1.1374782
1.1374824
1.13744
1.1374206
1.1374156
1.1374148
1.1374148
1.1374149
1.1374149
1.1374149
1.1374149
1.1374149
1.1374149
1.1374149
1.1374149
1.1374149
1.1374149
1.1374149
1.1374149
1.1374149
1.1374149
1.1374149
1.1374149
1.1374149
1.1374149
1.1374149
1.1374148
1.1374148
1.1374147
1.1374146
1.1374145
1.1374145
0.9931181
1.0304938
1.0652069
1.0941505
1.1154915
1.1285289
1.1347605
1.1369624
1.1374611
1.1374803
1.1374407
1.1374211
1.1374157
1.1374149
1.1374148
1.1374149
1.1374149
1.1374149
1.1374149
1.1374149
1.1374149
1.1374149
1.1374149
1.1374149
1.1374149
1.1374149
1.1374149
1.1374149
1.1374149
1.1374149
1.1374149
1.1374149
1.1374149
1.1374149
1.1374148
1.1374147
1.1374147
1.1374146
1.1374145
1.1374145
0.99313161
1.0305289
1.0652459
1.0940823
1.1152976
1.1283223
1.1346249
1.1369017
1.137443
1.1374777
1.1374413
1.1374216
1.1374159
1.1374149
1.1374148
1.1374149
1.1374149
1.1374149
1.1374149
1.1374149
1.1374149
1.1374149
1.1374149
1.1374149
1.1374149
1.1374149
1.1374149
1.1374149
1.1374149
1.1374149
1.1374149
1.1374149
1.1374149
1.1374149
1.1374148
1.1374147
1.1374147
1.1374146
1.1374145
1.1374145
0.99314527
1.0305582
1.0652758
1.0940239
1.1151218
1.1281275
1.1344931
1.1368408
1.1374241
1.1374746
1.1374417
1.137422
1.1374161
1.1374149
1.1374148
1.1374149
1.1374149
1.1374149
1.1374149
1.1374149
1.1374149
1.1374149
1.1374149
1.1374149
1.1374149
1.1374149
1.1374149
1.1374149
1.1374149
1.1374149
1.1374149
1.1374149
1.1374149
1.1374149
1.1374148
1.1374147
1.1374147
1.1374146
1.1374145
1.1374145
0.99315993
1.0305843
1.0652957
1.0939705
1.1149611
1.1279436
1.1343651
1.1367799
1.1374044
1.1374711
1.137442
1.1374225
1.1374162
1.137415
1.1374148
1.1374149
1.1374149
1.1374149
1.1374149
1.1374149
1.1374149
1.1374149
1.1374149
1.1374149
1.1374149
1.1374149
1.1374149
1.1374149
1.1374149
1.1374149
1.1374149
1.1374149
1.1374149
1.1374149
1.1374148
1.1374147
1.1374147
1.1374146
1.1374145
1.1374144
0.99317635
1.0306107
1.0653063
1.0939184
1.1148125
1.1277696
1.1342409
1.1367191
1.1373839
1.137467
1.1374421
1.1374229
1.1374164
1.137415
1.1374149
1.1374149
1.1374149
1.1374149
1.1374149
1.1374149
1.1374149
1.1374149
1.1374149
1.1374149
1.1374149
1.1374149
1.1374149
1.1374149
1.1374149
1.1374149
1.1374149
1.1374149
1.1374149
1.1374149
1.1374148
1.1374147
1.1374146
1.1374146
1.1374145
1.1374144
0.99319511
1.0306406
1.0653103
1.0938654
1.1146733
1.1276046
1.1341204
1.1366587
1.1373628
1.1374626
1.137442
1.1374233
1.1374166
1.1374151
1.1374149
1.1374149
1.1374149
1.1374149
1.1374149
1.1374149
1.1374149
1.1374149
1.1374149
1.1374149
1.1374149
1.1374149
1.1374149
1.1374149
1.1374149
1.1374149
1.1374149
1.1374149
1.1374149
1.1374149
1.1374148
1.1374147
1.1374146
1.1374146
1.1374145
1.1374144
0.99321656
1.0306769
1.0653115
1.0938106
1.1145415
1.1274475
1.1340035
1.1365987
1.1373412
1.1374576
1.1374418
1.1374236
1.1374167
1.1374151
1.1374149
1.1374149
1.1374149
1.1374149
1.1374149
1.1374149
1.1374149
1.1374149
1.1374149
1.1374149
1.1374149
1.1374149
1.1374149
1.1374149
1.1374149
1.1374149
1.1374149
1.1374149
1.1374149
1.1374149
1.1374148
1.1374147
1.1374146
1.1374146
1.1374145
1.1374144
0.99324082
1.0307222
1.0653146
1.0937545
1.1144153
1.1272974
1.1338901
1.1365392
1.1373192
1.1374523
1.1374414
1.1374239
1.1374169
1.1374152
1.1374149
1.1374149
1.1374149
1.1374149
1.1374149
1.1374149
1.1374149
1.1374149
1.1374149
1.1374149
1.1374149
1.1374149
1.1374149
1.1374149
1.1374149
1.1374149
1.1374149
1.1374149
1.1374149
1.1374148
1.1374148
1.1374147
1.1374146
1.1374145
1.1374145
1.1374144
0.99326778
1.0307782
1.0653247
1.093699
1.114294
1.1271536
1.1337799
1.1364802
1.1372967
1.1374467
1.1374408
1.1374242
1.1374171
1.1374152
1.1374149
1.1374149
1.1374149
1.1374149
1.1374149
1.1374149
1.1374149
1.1374149
1.1374149
1.1374149
1.1374149
1.1374149
1.1374149
1.1374149
1.1374149
1.1374149
1.1374149
1.1374149
1.1374149
1.1374148
1.1374148
1.1374147
1.1374146
1.1374145
1.1374145
1.1374144
0.99329712
1.0308459
1.0653468
1.0936472
1.1141775
1.1270154
1.1336729
1.1364219
1.137274
1.1374407
1.1374401
1.1374244
1.1374173
1.1374153
1.1374149
1.1374149
1.1374149
1.1374149
1.1374149
1.1374149
1.1374149
1.1374149
1.1374149
1.1374149
1.1374149
1.1374149
1.1374149
1.1374149
1.1374149
1.1374149
1.1374149
1.1374149
1.1374149
1.1374148
1.1374148
1.1374147
1.1374146
1.1374145
1.1374145
1.1374144
0.99332834
1.0309252
1.0653853
1.0936026
1.1140666
1.1268828
1.1335689
1.1363643
1.1372509
1.1374344
1.1374393
1.1374246
1.1374174
1.1374153
1.1374149
1.1374149
1.1374149
1.1374149
1.1374149
1.1374149
1.1374149
1.1374149
1.1374149
1.1374149
1.1374149
1.1374149
1.1374149
1.1374149
1.1374149
1.1374149
1.1374149
1.1374149
1.1374149
1.1374148
1.1374148
1.1374147
1.1374146
1.1374145
1.1374144
1.1374144
0.99336084
1.0310153
1.0654434
1.0935692
1.1139626
1.1267559
1.1334681
1.1363075
1.1372277
1.1374278
1.1374383
1.1374248
1.1374176
1.1374154
1.1374149
1.1374149
1.1374149
1.1374149
1.1374149
1.1374149
1.1374149
1.1374149
1.1374149
1.1374149
1.1374149
1.1374149
1.1374149
1.1374149
1.1374149
1.1374149
1.1374149
1.1374149
1.1374149
1.1374148
1.1374148
1.1374147
1.1374146
1.1374145
1.1374144
1.1374144
0.99339393
1.0311147
1.0655233
1.0935506
1.1138671
1.1266351
1.1333707
1.1362517
1.1372043
1.1374208
1.1374371
1.1374248
1.1374177
1.1374154
1.1374149
1.1374149
1.1374149
1.1374149
1.1374149
1.1374149
1.1374149
1.1374149
1.1374149
1.1374149
1.1374149
1.1374149
1.1374149
1.1374149
1.1374149
1.1374149
1.1374149
1.1374149
1.1374149
1.1374148
1.1374148
1.1374147
1.1374146
1.1374145
1.1374144
1.1374144
0.99342692
1.0312214
1.0656256
1.0935503
1.1137817
1.126521
1.1332769
1.1361969
1.1371808
1.1374135
1.1374357
1.1374248
1.1374178
1.1374155
1.1374149
1.1374149
1.1374149
1.1374149
1.1374149
1.1374149
1.1374149
1.1374149
1.1374149
1.1374149
1.1374149
1.1374149
1.1374149
1.1374149
1.1374149
1.1374149
1.1374149
1.1374149
1.1374149
1.1374148
1.1374148
1.1374147
1.1374146
1.1374145
1.1374144
1.1374144
0.99345918
1.031333
1.0657497
1.0935706
1.1137081
1.126414
1.1331868
1.1361433
1.1371572
1.1374059
1.1374341
1.1374248
1.1374179
1.1374155
1.137415
1.1374149
1.1374149
1.1374149
1.1374149
1.1374149
1.1374149
1.1374149
1.1374149
1.1374149
1.1374149
1.1374149
1.1374149
1.1374149
1.1374149
1.1374149
1.1374149
1.1374149
1.1374149
1.1374148
1.1374148
1.1374147
1.1374146
1.1374145
1.1374144
1.1374144
0.99349012
1.0314471
1.0658938
1.0936137
1.1136473
1.1263139
1.1331005
1.1360909
1.1371336
1.1373981
1.1374323
1.1374246
1.137418
1.1374156
1.137415
1.1374149
1.1374149
1.1374149
1.1374149
1.1374149
1.1374149
1.1374149
1.1374149
1.1374149
1.1374149
1.1374149
1.1374149
1.1374149
1.1374149
1.1374149
1.1374149
1.1374149
1.1374149
1.1374148
1.1374148
1.1374147
1.1374146
1.1374145
1.1374144
1.1374144
0.99351927
1.031561
1.0660556
1.093681
1.1136003
1.1262206
1.1330175
1.1360398
1.1371101
1.13739
1.1374304
1.1374244
1.1374181
1.1374156
1.137415
1.1374149
1.1374149
1.1374149
1.1374149
1.1374149
1.1374149
1.1374149
1.1374149
1.1374149
1.1374149
1.1374149
1.1374149
1.1374149
1.1374149
1.1374149
1.1374149
1.1374149
1.1374149
1.1374148
1.1374148
1.1374147
1.1374146
1.1374145
1.1374144
1.1374144
0.99354628
1.0316728
1.0662319
1.0937737
1.1135683
1.1261333
1.132937
1.1359896
1.1370868
1.1373819
1.1374284
1.1374242
1.1374181
1.1374157
1.137415
1.1374149
1.1374149
1.1374149
1.1374149
1.1374149
1.1374149
1.1374149
1.1374149
1.1374149
1.1374149
1.1374149
1.1374149
1.1374149
1.1374149
1.1374149
1.1374149
1.1374149
1.1374149
1.1374148
1.1374148
1.1374147
1.1374146
1.1374145
1.1374144
1.1374144
0.9935709
1.0317803
1.0664191
1.0938928
1.1135533
1.1260519
1.1328582
1.1359399
1.1370636
1.1373738
1.1374265
1.137424
1.1374182
1.1374157
1.137415
1.1374149
1.1374149
1.1374149
1.1374149
1.1374149
1.1374149
1.1374149
1.1374149
1.1374149
1.1374149
1.1374149
1.1374149
1.1374149
1.1374149
1.1374149
1.1374149
1.1374149
1.1374149
1.1374148
1.1374148
1.1374147
1.1374146
1.1374145
1.1374144
1.1374144
0.99359302
1.0318821
1.0666136
1.0940389
1.113558
1.1259768
1.1327801
1.1358901
1.1370406
1.137366
1.1374247
1.1374239
1.1374183
1.1374158
1.1374151
1.1374149
1.1374149
1.1374149
1.1374149
1.1374149
1.1374149
1.1374149
1.1374149
1.1374149
1.1374149
1.1374149
1.1374149
1.1374149
1.1374149
1.1374149
1.1374149
1.1374149
1.1374149
1.1374148
1.1374148
1.1374147
1.1374146
1.1374145
1.1374144
1.1374144
0.9936126
1.0319768
1.0668115
1.0942119
1.1135866
1.1259102
1.1327026
1.1358397
1.1370175
1.1373584
1.1374232
1.1374239
1.1374185
1.1374159
1.1374151
1.1374149
1.1374149
1.1374149
1.1374149
1.1374149
1.1374149
1.1374149
1.1374149
1.1374149
1.1374149
1.1374149
1.1374149
1.1374149
1.1374149
1.1374149
1.1374149
1.1374149
1.1374149
1.1374148
1.1374148
1.1374147
1.1374146
1.1374145
1.1374144
1.1374144
0.99362969
1.0320635
1.0670088
1.0944107
1.1136438
1.1258561
1.1326268
1.1357885
1.1369941
1.1373511
1.137422
1.1374241
1.1374187
1.137416
1.1374152
1.137415
1.137415
1.137415
1.137415
1.137415
1.137415
1.137415
1.137415
1.137415
1.137415
1.137415
1.137415
1.1374149
1.1374149
1.1374149
1.1374149
1.1374149
1.1374149
1.1374149
1.1374148
1.1374147
1.1374146
1.1374145
1.1374144
1.1374143
0.99364443
1.0321418
1.0672018
1.0946326
1.1137341
1.12582
1.1325553
1.135737
1.1369701
1.1373437
1.1374209
1.1374244
1.137419
1.1374161
1.1374152
1.137415
1.137415
1.137415
1.137415
1.137415
1.137415
1.137415
1.137415
1.137415
1.137415
1.137415
1.137415
1.137415
1.137415
1.137415
1.137415
1.1374149
1.1374149
1.1374149
1.1374148
1.1374147
1.1374146
1.1374144
1.1374144
1.1374143
0.99365696
1.0322112
1.0673865
1.0948731
1.1138607
1.1258087
1.1324923
1.1356863
1.1369457
1.1373362
1.1374199
1.1374248
1.1374194
1.1374163
1.1374153
1.137415
1.137415
1.137415
1.137415
1.137415
1.137415
1.137415
1.137415
1.137415
1.137415
1.137415
1.137415
1.137415
1.137415
1.137415
1.137415
1.137415
1.1374149
1.1374149
1.1374148
1.1374147
1.1374146
1.1374144
1.1374144
1.1374143
0.99366747
1.0322719
1.0675596
1.0951259
1.1140242
1.1258285
1.1324431
1.1356385
1.1369208
1.137328
1.1374187
1.1374252
1.1374197
1.1374164
1.1374153
1.1374151
1.137415
1.137415
1.137415
1.137415
1.137415
1.137415
1.137415
1.137415
1.137415
1.137415
1.137415
1.137415
1.137415
1.137415
1.137415
1.137415
1.137415
1.1374149
1.1374149
1.1374147
1.1374146
1.1374144
1.1374143
1.1374143
0.99367614
1.0323238
1.0677182
1.0953834
1.1142222
1.125884
1.1324132
1.1355967
1.1368963
1.1373191
1.1374169
1.1374253
1.1374199
1.1374165
1.1374154
1.1374151
1.137415
1.137415
1.137415
1.137415
1.137415
1.137415
1.137415
1.137415
1.137415
1.137415
1.137415
1.137415
1.137415
1.137415
1.137415
1.137415
1.137415
1.1374149
1.1374149
1.1374147
1.1374146
1.1374144
1.1374143
1.1374143
0.99368317
1.0323675
1.0678599
1.0956372
1.1144484
1.1259768
1.1324073
1.1355639
1.1368729
1.1373093
1.1374143
1.137425
1.13742
1.1374166
1.1374154
1.1374151
1.137415
1.137415
1.137415
1.137415
1.137415
1.137415
1.137415
1.137415
1.137415
1.137415
1.137415
1.137415
1.137415
1.137415
1.137415
1.137415
1.137415
1.1374149
1.1374149
1.1374147
1.1374145
1.1374144
1.1374143
1.1374143
0.99368873
1.0324034
1.0679833
1.0958791
1.1146937
1.1261048
1.132428
1.1355428
1.1368521
1.1372987
1.1374107
1.1374242
1.13742
1.1374166
1.1374154
1.1374151
1.137415
1.137415
1.137415
1.137415
1.137415
1.137415
1.137415
1.137415
1.137415
1.137415
1.137415
1.137415
1.137415
1.137415
1.137415
1.137415
1.137415
1.1374149
1.1374148
1.1374147
1.1374145
1.1374144
1.1374143
1.1374143
0.993693
1.0324321
1.0680878
1.0961018
1.1149468
1.1262618
1.1324752
1.1355353
1.1368349
1.1372878
1.1374062
1.1374229
1.1374197
1.1374165
1.1374153
1.137415
1.137415
1.137415
1.137415
1.137415
1.137415
1.137415
1.137415
1.137415
1.137415
1.137415
1.137415
1.137415
1.137415
1.137415
1.137415
1.137415
1.137415
1.1374149
1.1374148
1.1374146
1.1374145
1.1374144
1.1374143
1.1374143
0.99369614
1.0324544
1.0681737
1.0963
1.1151963
1.1264388
1.1325458
1.1355418
1.1368224
1.1372772
1.137401
1.137421
1.1374192
1.1374164
1.1374153
1.137415
1.1374149
1.1374149
1.1374149
1.1374149
1.1374149
1.1374149
1.1374149
1.1374149
1.1374149
1.1374149
1.1374149
1.1374149
1.1374149
1.137415
1.137415
1.1374149
1.1374149
1.1374149
1.1374148
1.1374146
1.1374145
1.1374144
1.1374143
1.1374143
0.99369828
1.032471
1.0682421
1.0964701
1.1154316
1.1266253
1.1326345
1.1355612
1.1368152
1.1372674
1.1373953
1.1374187
1.1374184
1.1374162
1.1374152
1.1374149
1.1374149
1.1374149
1.1374149
1.1374149
1.1374149
1.1374149
1.1374149
1.1374149
1.1374149
1.1374149
1.1374149
1.1374149
1.1374149
1.1374149
1.1374149
1.1374149
1.1374149
1.1374148
1.1374147
1.1374146
1.1374144
1.1374144
1.1374143
1.1374143
0.99369958
1.0324826
1.0682945
1.0966109
1.1156441
1.1268105
1.1327343
1.135591
1.1368133
1.1372591
1.1373895
1.1374161
1.1374175
1.137416
1.1374151
1.1374149
1.1374148
1.1374148
1.1374148
1.1374148
1.1374148
1.1374148
1.1374148
1.1374148
1.1374148
1.1374148
1.1374148
1.1374148
1.1374148
1.1374149
1.1374149
1.1374149
1.1374148
1.1374148
1.1374147
1.1374146
1.1374144
1.1374144
1.1374143
1.1374143
0.99370013
1.0324902
1.0683329
1.0967233
1.1158283
1.1269852
1.1328379
1.135628
1.1368161
1.1372527
1.1373842
1.1374135
1.1374166
1.1374157
1.137415
1.1374148
1.1374148
1.1374148
1.1374148
1.1374148
1.1374148
1.1374148
1.1374148
1.1374148
1.1374148
1.1374148
1.1374148
1.1374148
1.1374148
1.1374148
1.1374148
1.1374148
1.1374148
1.1374147
1.1374146
1.1374145
1.1374144
1.1374143
1.1374143
1.1374143
0.99370005
1.0324943
1.0683597
1.0968095
1.1159816
1.1271422
1.1329389
1.1356688
1.1368226
1.1372482
1.1373795
1.137411
1.1374156
1.1374154
1.1374149
1.1374148
1.1374148
1.1374147
1.1374147
1.1374147
1.1374147
1.1374147
1.1374147
1.1374147
1.1374147
1.1374147
1.1374147
1.1374148
1.1374148
1.1374148
1.1374148
1.1374148
1.1374147
1.1374147
1.1374146
1.1374145
1.1374144
1.1374143
1.1374143
1.1374143
0.99369939
1.0324957
1.068377
1.0968729
1.1161044
1.1272772
1.1330319
1.13571
1.1368316
1.1372456
1.1373758
1.1374088
1.1374147
1.1374151
1.1374149
1.1374147
1.1374147
1.1374147
1.1374147
1.1374147
1.1374147
1.1374147
1.1374147
1.1374147
1.1374147
1.1374147
1.1374147
1.1374147
1.1374147
1.1374147
1.1374147
1.1374147
1.1374147
1.1374147
1.1374146
1.1374145
1.1374144
1.1374143
1.1374143
1.1374143
0.99369813
1.0324947
1.0683867
1.0969176
1.1161992
1.1273894
1.1331143
1.1357495
1.1368423
1.1372447
1.137373
1.137407
1.137414
1.1374148
1.1374148
1.1374147
1.1374147
1.1374147
1.1374147
1.1374147
1.1374147
1.1374147
1.1374147
1.1374147
1.1374147
1.1374147
1.1374147
1.1374147
1.1374147
1.1374147
1.1374147
1.1374147
1.1374147
1.1374146
1.1374146
1.1374145
1.1374144
1.1374143
1.1374143
1.1374143
0.99369629
1.0324922
1.0683914
1.0969469
1.116267
1.1274743
1.1331798
1.1357826
1.1368523
1.1372448
1.1373711
1.1374057
1.1374134
1.1374146
1.1374147
1.1374147
1.1374147
1.1374147
1.1374147
1.1374147
1.1374147
1.1374147
1.1374147
1.1374147
1.1374147
1.1374147
1.1374147
1.1374147
1.1374147
1.1374147
1.1374147
1.1374147
1.1374146
1.1374146
1.1374145
1.1374145
1.1374144
1.1374143
1.1374143
1.1374143
0.9936921
1.0324838
1.068389
1.0969697
1.1163335
1.1275672
1.1332578
1.1358256
1.1368676
1.137247
1.1373697
1.1374044
1.1374127
1.1374144
1.1374146
1.1374147
1.1374147
1.1374146
1.1374146
1.1374146
1.1374146
1.1374146
1.1374146
1.1374146
1.1374146
1.1374146
1.1374146
1.1374146
1.1374147
1.1374147
1.1374146
1.1374146
1.1374146
1.1374146
1.1374145
1.1374145
1.1374144
1.1374143
1.1374143
1.1374143
)
;

boundaryField
{
    wall
    {
        type            calculated;
        value           nonuniform List<scalar> 
100
(
0.97492804
0.97492776
0.97492755
0.97492745
0.97492737
0.97492731
0.97492725
0.97492721
0.97492718
0.97492716
0.97492714
0.97492713
0.97492712
0.97492712
0.97492711
0.97492711
0.97492711
0.9749271
0.9749271
0.97492709
0.97492709
0.97492709
0.97492708
0.97492708
0.97492707
0.97492707
0.97492706
0.97492706
0.97492706
0.97492705
0.97492705
0.97492704
0.97492704
0.97492703
0.97492703
0.97492703
0.97492702
0.97492702
0.97492701
0.97492701
0.97492701
0.974927
0.974927
0.97492699
0.97492699
0.97492699
0.97492698
0.97492698
0.97492698
0.97492697
0.97492697
0.97492697
0.97492696
0.97492696
0.97492696
0.97492695
0.97492695
0.97492695
0.97492695
0.97492694
0.97492694
0.97492694
0.97492694
0.97492693
0.97492693
0.97492693
0.97492692
0.97492692
0.97492692
0.97492692
0.97492691
0.97492691
0.97492691
0.97492691
0.9749269
0.9749269
0.9749269
0.97492689
0.97492689
0.97492689
0.97492689
0.97492688
0.97492688
0.97492688
0.97492687
0.97492687
0.97492687
0.97492687
0.97492686
0.97492686
0.97492686
0.97492686
0.97492685
0.97492685
0.97492685
0.97492685
0.97492684
0.97492684
0.97492684
0.97492684
)
;
    }
    sides
    {
        type            calculated;
        value           nonuniform List<scalar> 
100
(
1.1374158
1.1374155
1.1374153
1.1374152
1.1374151
1.137415
1.137415
1.1374149
1.1374149
1.1374149
1.1374149
1.1374148
1.1374148
1.1374148
1.1374148
1.1374148
1.1374148
1.1374148
1.1374148
1.1374148
1.1374148
1.1374148
1.1374148
1.1374148
1.1374148
1.1374148
1.1374148
1.1374148
1.1374148
1.1374148
1.1374148
1.1374148
1.1374148
1.1374147
1.1374147
1.1374147
1.1374147
1.1374147
1.1374147
1.1374147
1.1374147
1.1374147
1.1374146
1.1374146
1.1374146
1.1374146
1.1374146
1.1374146
1.1374146
1.1374146
1.1374146
1.1374146
1.1374145
1.1374145
1.1374145
1.1374145
1.1374145
1.1374145
1.1374145
1.1374145
1.1374145
1.1374145
1.1374145
1.1374145
1.1374145
1.1374144
1.1374144
1.1374144
1.1374144
1.1374144
1.1374144
1.1374144
1.1374144
1.1374144
1.1374144
1.1374144
1.1374144
1.1374144
1.1374144
1.1374144
1.1374144
1.1374144
1.1374144
1.1374143
1.1374143
1.1374143
1.1374143
1.1374143
1.1374143
1.1374143
1.1374143
1.1374143
1.1374143
1.1374143
1.1374143
1.1374143
1.1374143
1.1374143
1.1374143
1.1374143
)
;
    }
    frontAndBack
    {
        type            empty;
    }
    inlet
    {
        type            calculated;
        value           nonuniform List<scalar> 
40
(
1.1374161
1.1374156
1.1374155
1.1374154
1.1374153
1.1374153
1.1374153
1.1374152
1.1374152
1.1374152
1.1374152
1.1374152
1.1374151
1.1374151
1.1374151
1.1374151
1.1374151
1.1374151
1.1374151
1.1374151
1.1374151
1.1374151
1.1374151
1.1374151
1.1374151
1.1374151
1.1374151
1.1374151
1.1374151
1.1374152
1.1374152
1.1374152
1.1374152
1.1374152
1.1374153
1.1374153
1.1374153
1.1374154
1.1374155
1.1374158
)
;
    }
    outlet
    {
        type            calculated;
        value           nonuniform List<scalar> 
40
(
0.9936921
1.0324838
1.068389
1.0969697
1.1163335
1.1275672
1.1332578
1.1358256
1.1368676
1.137247
1.1373697
1.1374044
1.1374127
1.1374144
1.1374146
1.1374147
1.1374146
1.1374146
1.1374146
1.1374146
1.1374146
1.1374146
1.1374146
1.1374146
1.1374146
1.1374146
1.1374146
1.1374146
1.1374146
1.1374146
1.1374146
1.1374146
1.1374146
1.1374146
1.1374145
1.1374145
1.1374144
1.1374143
1.1374143
1.1374143
)
;
    }
}


// ************************************************************************* //
