/*--------------------------------*- C++ -*----------------------------------*\
  =========                 |
  \\      /  F ield         | OpenFOAM: The Open Source CFD Toolbox
   \\    /   O peration     | Website:  https://openfoam.org
    \\  /    A nd           | Version:  10
     \\/     M anipulation  |
\*---------------------------------------------------------------------------*/
FoamFile
{
    format      ascii;
    class       volScalarField;
    location    "0.17";
    object      T;
}
// * * * * * * * * * * * * * * * * * * * * * * * * * * * * * * * * * * * * * //

dimensions      [0 0 0 1 0 0 0];

internalField   nonuniform List<scalar> 
4000
(
303.10135
299.34291
299.99042
300.00082
299.99993
300
300
300
300
300
300
300
300
300
300
300
300
300
300
300
300
300
300
300
300
300
300
300
300
300
300
300
300
300
300
300
300
300
300
300.00001
309.66342
298.49298
299.77921
300.00184
300.0008
299.99999
300
300
300
300
300
300
300
300
300
300
300
300
300
300
300
300
300
300
300
300
300
300
300
300
300
300
300
300
300
300
300
300
299.99999
300.00002
316.00418
298.68457
299.39221
299.97569
300.00406
300.00025
299.99999
300
300
300
300
300
300
300
300
300
300
300
300
300
300
300
300
300
300
300
300
300
300
300
300
300
300
300
300
300
300
299.99999
299.99999
300.00002
321.74214
299.84587
298.98482
299.89491
300.00716
300.00138
300
299.99999
300
300
300
300
300
300
300
300
300
300
300
300
300
300
300
300
300
300
300
300
300
300
300
300
300
300
300
300
299.99999
299.99999
299.99999
300.00003
326.67085
301.70038
298.71002
299.75314
300.00322
300.00378
300.00017
299.99998
300
300
300
300
300
300
300
300
300
300
300
300
300
300
300
300
300
300
300
300
300
300
300
300
300
300
299.99999
299.99999
299.99999
299.99998
299.99999
300.00004
330.68466
303.94778
298.66328
299.56833
299.98426
300.00696
300.00071
299.99996
299.99999
300
300
300
300
300
300
300
300
300
300
300
300
300
300
300
300
300
300
300
300
300
300
300
300
299.99999
299.99999
299.99999
299.99999
299.99998
300
300.00004
333.77384
306.33036
298.87086
299.37375
299.94517
300.00937
300.0018
300
299.99998
299.99999
300
300
300
300
300
300
300
300
300
300
300
300
300
300
300
300
300
300
300
300
300
300
299.99999
299.99999
299.99999
299.99999
299.99998
299.99998
300
300.00004
336.02115
308.66358
299.30766
299.2039
299.8858
300.00889
300.00344
300.00014
299.99996
299.99999
300
300
300
300
300
300
300
300
300
300
300
300
300
300
300
300
300
300
300
300
300
299.99999
299.99999
299.99999
299.99999
299.99999
299.99998
299.99998
300.00001
300.00004
337.57316
310.83659
299.92392
299.08472
299.81054
300.00351
300.0054
300.00045
299.99995
299.99999
299.99999
300
300
300
300
300
300
300
300
300
300
300
300
300
300
300
300
300
300
300
299.99999
299.99999
299.99999
299.99999
299.99999
299.99998
299.99998
299.99998
300.00001
300.00004
338.60119
312.79666
300.66509
299.03067
299.72641
299.99192
300.00723
300.00099
299.99996
299.99998
299.99999
299.99999
300
300
300
300
300
300
300
300
300
300
300
300
300
300
300
300
300
299.99999
299.99999
299.99999
299.99999
299.99999
299.99999
299.99998
299.99998
299.99998
300.00002
300.00004
339.26796
314.53089
301.48253
299.04614
299.64115
299.97369
300.00839
300.00175
300
299.99996
299.99999
299.99999
299.99999
300
300
300
300
300
300
300
300
300
300
300
300
300
300
300
299.99999
299.99999
299.99999
299.99999
299.99999
299.99999
299.99998
299.99998
299.99998
299.99999
300.00002
300.00004
339.70676
316.05054
302.33786
299.12847
299.5618
299.94929
300.00833
300.00267
300.00011
299.99995
299.99999
299.99999
299.99999
299.99999
300
300
300
300
300
300
300
300
300
300
300
300
300
299.99999
299.99999
299.99999
299.99999
299.99999
299.99999
299.99999
299.99998
299.99998
299.99998
299.99999
300.00002
300.00004
340.01418
317.37902
303.20342
299.27092
299.49392
299.9198
300.0066
300.00366
300.00029
299.99995
299.99998
299.99999
299.99999
299.99999
299.99999
299.99999
300
300
300
300
300
300
300
300
300
299.99999
299.99999
299.99999
299.99999
299.99999
299.99999
299.99999
299.99999
299.99999
299.99998
299.99998
299.99998
299.99999
300.00003
300.00004
340.25287
318.54384
304.06081
299.46512
299.44147
299.88668
300.00292
300.00459
300.00055
299.99995
299.99998
299.99999
299.99999
299.99999
299.99999
299.99999
299.99999
299.99999
300
300
300
300
300
299.99999
299.99999
299.99999
299.99999
299.99999
299.99999
299.99999
299.99999
299.99999
299.99999
299.99998
299.99998
299.99998
299.99998
300
300.00003
300.00004
340.45928
319.57181
304.89864
299.70247
299.40689
299.85154
299.99715
300.00533
300.00089
299.99997
299.99997
299.99999
299.99999
299.99999
299.99999
299.99999
299.99999
299.99999
299.99999
299.99999
299.99999
299.99999
299.99999
299.99999
299.99999
299.99999
299.99999
299.99999
299.99999
299.99999
299.99999
299.99999
299.99999
299.99998
299.99998
299.99997
299.99998
300
300.00003
300.00003
340.65213
320.48674
305.71053
299.97504
299.39144
299.81596
299.9893
300.00572
300.00128
300.00001
299.99996
299.99999
299.99999
299.99999
299.99999
299.99999
299.99999
299.99999
299.99999
299.99999
299.99999
299.99999
299.99999
299.99999
299.99999
299.99999
299.99999
299.99999
299.99999
299.99999
299.99999
299.99999
299.99999
299.99998
299.99998
299.99997
299.99998
300
300.00003
300.00003
340.83947
321.30864
306.49337
300.27587
299.39546
299.78141
299.97952
300.00565
300.00172
300.00008
299.99996
299.99998
299.99999
299.99999
299.99999
299.99999
299.99999
299.99999
299.99999
299.99999
299.99999
299.99999
299.99999
299.99999
299.99999
299.99999
299.99999
299.99999
299.99999
299.99999
299.99999
299.99999
299.99998
299.99998
299.99998
299.99997
299.99998
300
300.00003
300.00003
341.02359
322.05371
307.2461
300.59904
299.41866
299.74918
299.96802
300.00502
300.00215
300.00018
299.99996
299.99998
299.99999
299.99999
299.99999
299.99999
299.99999
299.99999
299.99999
299.99999
299.99999
299.99999
299.99999
299.99999
299.99999
299.99999
299.99999
299.99999
299.99999
299.99999
299.99999
299.99999
299.99998
299.99998
299.99998
299.99997
299.99998
300.00001
300.00003
300.00003
341.20415
322.73473
307.96883
300.9396
299.46036
299.72035
299.95512
300.00375
300.00256
300.0003
299.99996
299.99998
299.99999
299.99999
299.99999
299.99999
299.99999
299.99999
299.99999
299.99999
299.99999
299.99999
299.99999
299.99999
299.99999
299.99999
299.99999
299.99999
299.99999
299.99999
299.99999
299.99999
299.99998
299.99998
299.99998
299.99997
299.99998
300.00001
300.00003
300.00003
341.37989
323.36167
308.66232
301.29344
299.51958
299.69582
299.94115
300.0018
300.00289
300.00044
299.99997
299.99998
299.99999
299.99999
299.99999
299.99999
299.99999
299.99999
299.99999
299.99999
299.99999
299.99999
299.99999
299.99999
299.99999
299.99999
299.99999
299.99999
299.99999
299.99999
299.99999
299.99998
299.99998
299.99998
299.99998
299.99997
299.99999
300.00001
300.00003
300.00003
341.54951
323.94225
309.32763
301.65716
299.59523
299.67631
299.92648
299.99915
300.00313
300.0006
299.99999
299.99997
299.99999
299.99999
299.99999
299.99999
299.99999
299.99999
299.99999
299.99999
299.99999
299.99999
299.99999
299.99999
299.99999
299.99999
299.99999
299.99999
299.99999
299.99999
299.99999
299.99998
299.99998
299.99998
299.99997
299.99998
299.99999
300.00001
300.00003
300.00003
341.71199
324.48249
309.9659
302.02791
299.68613
299.66236
299.91147
299.99581
300.00322
300.00078
300.00002
299.99997
299.99998
299.99999
299.99999
299.99999
299.99999
299.99999
299.99999
299.99999
299.99999
299.99999
299.99999
299.99999
299.99999
299.99999
299.99999
299.99999
299.99999
299.99999
299.99998
299.99998
299.99998
299.99998
299.99997
299.99998
299.99999
300.00002
300.00003
300.00003
341.86674
324.98708
310.5783
302.40333
299.79106
299.65439
299.8965
299.99181
300.00314
300.00096
300.00006
299.99997
299.99998
299.99999
299.99999
299.99999
299.99999
299.99999
299.99999
299.99999
299.99999
299.99999
299.99999
299.99999
299.99999
299.99999
299.99999
299.99999
299.99999
299.99999
299.99998
299.99998
299.99998
299.99998
299.99997
299.99998
299.99999
300.00002
300.00003
300.00003
342.0135
325.4598
311.16595
302.7814
299.90884
299.65268
299.88191
299.9872
300.00286
300.00114
300.0001
299.99997
299.99998
299.99999
299.99999
299.99999
299.99999
299.99999
299.99999
299.99999
299.99999
299.99999
299.99999
299.99999
299.99999
299.99999
299.99999
299.99999
299.99999
299.99999
299.99998
299.99998
299.99998
299.99998
299.99997
299.99998
299.99999
300.00002
300.00003
300.00003
342.15228
325.90372
311.72989
303.16045
300.03828
299.65739
299.86804
299.98205
300.00236
300.0013
300.00015
299.99998
299.99998
299.99999
299.99999
299.99999
299.99999
299.99999
299.99999
299.99999
299.99999
299.99999
299.99999
299.99999
299.99999
299.99999
299.99999
299.99999
299.99999
299.99998
299.99998
299.99998
299.99998
299.99998
299.99997
299.99998
300
300.00002
300.00003
300.00003
342.2833
326.32138
312.27114
303.53903
300.17825
299.66862
299.8552
299.97644
300.00163
300.00143
300.00022
299.99998
299.99998
299.99999
299.99999
299.99999
299.99999
299.99999
299.99999
299.99999
299.99999
299.99999
299.99999
299.99999
299.99999
299.99999
299.99999
299.99999
299.99999
299.99998
299.99998
299.99998
299.99998
299.99998
299.99997
299.99998
300
300.00002
300.00003
300.00003
342.40688
326.71496
312.7906
303.91593
300.32766
299.68634
299.84366
299.97046
300.00065
300.00152
300.00028
299.99999
299.99998
299.99998
299.99999
299.99999
299.99999
299.99999
299.99999
299.99999
299.99999
299.99999
299.99999
299.99999
299.99999
299.99999
299.99999
299.99999
299.99998
299.99998
299.99998
299.99998
299.99998
299.99997
299.99997
299.99998
300
300.00002
300.00003
300.00003
342.52339
327.08632
313.28917
304.29009
300.48547
299.71052
299.83368
299.96421
299.99943
300.00157
300.00035
300
299.99998
299.99998
299.99999
299.99999
299.99999
299.99999
299.99999
299.99999
299.99999
299.99999
299.99999
299.99999
299.99999
299.99999
299.99999
299.99999
299.99998
299.99998
299.99998
299.99998
299.99998
299.99997
299.99997
299.99998
300
300.00002
300.00003
300.00003
342.63323
327.43709
313.76766
304.66062
300.6507
299.74101
299.82549
299.9578
299.99796
300.00156
300.00042
300.00002
299.99998
299.99998
299.99999
299.99999
299.99999
299.99999
299.99999
299.99999
299.99999
299.99999
299.99999
299.99999
299.99999
299.99999
299.99999
299.99998
299.99998
299.99998
299.99998
299.99998
299.99998
299.99997
299.99997
299.99998
300
300.00003
300.00003
300.00003
342.73677
327.7687
314.22684
305.02676
300.82242
299.77766
299.81928
299.95133
299.99626
300.00148
300.00049
300.00003
299.99998
299.99998
299.99998
299.99999
299.99999
299.99999
299.99999
299.99999
299.99999
299.99999
299.99999
299.99999
299.99999
299.99999
299.99999
299.99998
299.99998
299.99998
299.99998
299.99998
299.99998
299.99997
299.99997
299.99998
300
300.00003
300.00003
300.00003
342.83434
328.08238
314.66744
305.38782
300.99975
299.82025
299.8152
299.94492
299.99434
300.00133
300.00055
300.00005
299.99998
299.99998
299.99998
299.99999
299.99999
299.99999
299.99999
299.99999
299.99999
299.99999
299.99999
299.99999
299.99999
299.99999
299.99998
299.99998
299.99998
299.99998
299.99998
299.99998
299.99998
299.99997
299.99997
299.99998
300
300.00003
300.00003
300.00003
342.92626
328.37923
315.09011
305.74324
301.18185
299.86856
299.81341
299.93866
299.99222
300.0011
300.00061
300.00008
299.99998
299.99998
299.99998
299.99998
299.99999
299.99999
299.99999
299.99999
299.99999
299.99999
299.99999
299.99999
299.99999
299.99998
299.99998
299.99998
299.99998
299.99998
299.99998
299.99998
299.99998
299.99997
299.99997
299.99998
300.00001
300.00003
300.00003
300.00003
343.01277
328.66018
315.49547
306.0925
301.36794
299.92231
299.814
299.93267
299.98992
300.00079
300.00065
300.0001
299.99998
299.99998
299.99998
299.99998
299.99998
299.99999
299.99999
299.99999
299.99999
299.99999
299.99999
299.99999
299.99998
299.99998
299.99998
299.99998
299.99998
299.99998
299.99998
299.99998
299.99997
299.99997
299.99997
299.99999
300.00001
300.00003
300.00003
300.00003
343.09407
328.92604
315.88407
306.43517
301.55728
299.98122
299.81707
299.92705
299.98747
300.00039
300.00068
300.00013
299.99999
299.99998
299.99998
299.99998
299.99998
299.99998
299.99998
299.99999
299.99999
299.99999
299.99998
299.99998
299.99998
299.99998
299.99998
299.99998
299.99998
299.99998
299.99998
299.99998
299.99997
299.99997
299.99997
299.99999
300.00001
300.00003
300.00003
300.00004
343.17032
329.17746
316.25641
306.77085
301.74917
300.045
299.82267
299.9219
299.98489
299.9999
300.00069
300.00015
299.99999
299.99998
299.99998
299.99998
299.99998
299.99998
299.99998
299.99998
299.99998
299.99998
299.99998
299.99998
299.99998
299.99998
299.99998
299.99998
299.99998
299.99998
299.99998
299.99998
299.99997
299.99997
299.99997
299.99999
300.00001
300.00003
300.00003
300.00004
343.2416
329.41498
316.61293
307.09917
301.94295
300.11333
299.83084
299.9173
299.98223
299.99932
300.00068
300.00018
300
299.99998
299.99998
299.99998
299.99998
299.99998
299.99998
299.99998
299.99998
299.99998
299.99998
299.99998
299.99998
299.99998
299.99998
299.99998
299.99998
299.99998
299.99998
299.99998
299.99997
299.99997
299.99998
299.99999
300.00001
300.00003
300.00003
300.00004
343.30798
329.63903
316.95397
307.4198
302.13799
300.18587
299.84159
299.91334
299.97951
299.99866
300.00064
300.0002
300.00001
299.99998
299.99998
299.99998
299.99998
299.99998
299.99998
299.99998
299.99998
299.99998
299.99998
299.99998
299.99998
299.99998
299.99998
299.99998
299.99998
299.99998
299.99998
299.99998
299.99997
299.99997
299.99998
299.99999
300.00001
300.00003
300.00003
300.00004
343.36948
329.84988
317.27984
307.73243
302.33368
300.26231
299.85491
299.9101
299.97677
299.99791
300.00058
300.00022
300.00001
299.99998
299.99998
299.99998
299.99998
299.99998
299.99998
299.99998
299.99998
299.99998
299.99998
299.99998
299.99998
299.99998
299.99998
299.99998
299.99998
299.99998
299.99998
299.99998
299.99997
299.99997
299.99998
299.99999
300.00001
300.00003
300.00004
300.00004
343.42606
330.04773
317.59073
308.03675
302.52944
300.34228
299.87079
299.90766
299.97404
299.99709
300.00049
300.00024
300.00002
299.99998
299.99998
299.99998
299.99998
299.99998
299.99998
299.99998
299.99998
299.99998
299.99998
299.99998
299.99998
299.99998
299.99998
299.99998
299.99998
299.99998
299.99998
299.99997
299.99997
299.99997
299.99998
299.99999
300.00001
300.00003
300.00004
300.00004
343.47769
330.23262
317.8868
308.33245
302.72472
300.42546
299.88917
299.90607
299.97138
299.99619
300.00037
300.00025
300.00003
299.99998
299.99998
299.99998
299.99998
299.99998
299.99998
299.99998
299.99998
299.99998
299.99998
299.99998
299.99998
299.99998
299.99998
299.99998
299.99998
299.99998
299.99998
299.99997
299.99997
299.99997
299.99998
299.99999
300.00001
300.00003
300.00004
300.00004
343.52427
330.40451
318.16808
308.61922
302.91897
300.51148
299.90999
299.90538
299.96881
299.99524
300.00022
300.00026
300.00004
299.99998
299.99998
299.99998
299.99998
299.99998
299.99998
299.99998
299.99998
299.99998
299.99998
299.99998
299.99998
299.99998
299.99998
299.99998
299.99998
299.99998
299.99998
299.99997
299.99997
299.99997
299.99998
299.99999
300.00001
300.00003
300.00004
300.00005
343.56573
330.56325
318.43453
308.89673
303.11167
300.59999
299.93318
299.90565
299.96637
299.99423
300.00004
300.00026
300.00005
299.99999
299.99998
299.99998
299.99998
299.99998
299.99998
299.99998
299.99998
299.99998
299.99998
299.99998
299.99998
299.99998
299.99998
299.99998
299.99998
299.99998
299.99998
299.99997
299.99997
299.99997
299.99998
299.99999
300.00001
300.00003
300.00004
300.00005
343.60199
330.7086
318.68601
309.16464
303.30229
300.69062
299.95864
299.90691
299.9641
299.99318
299.99982
300.00026
300.00006
299.99999
299.99998
299.99998
299.99998
299.99998
299.99998
299.99998
299.99998
299.99998
299.99998
299.99998
299.99998
299.99998
299.99998
299.99998
299.99998
299.99998
299.99998
299.99997
299.99997
299.99997
299.99998
299.99999
300.00002
300.00003
300.00004
300.00005
343.63297
330.84027
318.92231
309.42257
303.49033
300.783
299.98627
299.90919
299.96203
299.9921
299.99958
300.00024
300.00006
299.99999
299.99998
299.99998
299.99998
299.99998
299.99998
299.99998
299.99998
299.99998
299.99998
299.99998
299.99998
299.99998
299.99998
299.99998
299.99998
299.99998
299.99997
299.99997
299.99997
299.99997
299.99998
300
300.00002
300.00003
300.00004
300.00005
343.65867
330.9579
319.14309
309.67012
303.67526
300.87677
300.01595
299.91251
299.96019
299.991
299.9993
300.00022
300.00007
299.99999
299.99998
299.99998
299.99998
299.99998
299.99998
299.99998
299.99998
299.99998
299.99998
299.99998
299.99998
299.99998
299.99998
299.99998
299.99998
299.99998
299.99997
299.99997
299.99997
299.99997
299.99998
300
300.00002
300.00003
300.00004
300.00005
343.67911
331.06115
319.34798
309.90684
303.85658
300.97155
300.04753
299.91688
299.95863
299.9899
299.999
300.00019
300.00008
299.99999
299.99998
299.99998
299.99998
299.99998
299.99998
299.99998
299.99998
299.99998
299.99998
299.99998
299.99998
299.99998
299.99998
299.99998
299.99998
299.99998
299.99997
299.99997
299.99997
299.99997
299.99998
300
300.00002
300.00003
300.00004
300.00005
343.69441
331.14974
319.53651
310.13225
304.03377
301.06696
300.08089
299.92229
299.95736
299.98881
299.99867
300.00014
300.00008
300
299.99998
299.99998
299.99998
299.99998
299.99998
299.99998
299.99998
299.99998
299.99998
299.99998
299.99998
299.99998
299.99998
299.99998
299.99998
299.99997
299.99997
299.99997
299.99997
299.99997
299.99998
300
300.00002
300.00003
300.00005
300.00006
343.70479
331.2235
319.7082
310.34584
304.20631
301.16262
300.11585
299.92874
299.95642
299.98774
299.99832
300.00009
300.00008
300
299.99998
299.99998
299.99998
299.99998
299.99998
299.99998
299.99998
299.99998
299.99998
299.99998
299.99998
299.99998
299.99998
299.99998
299.99998
299.99997
299.99997
299.99997
299.99997
299.99997
299.99998
300
300.00002
300.00003
300.00005
300.00006
343.71055
331.28244
319.86257
310.54708
304.37367
301.25814
300.15226
299.93622
299.95582
299.98671
299.99795
300.00002
300.00008
300
299.99998
299.99998
299.99998
299.99998
299.99998
299.99998
299.99998
299.99998
299.99998
299.99998
299.99998
299.99998
299.99998
299.99998
299.99998
299.99997
299.99997
299.99997
299.99997
299.99997
299.99998
300
300.00002
300.00003
300.00005
300.00006
343.71214
331.32685
319.9992
310.7354
304.53533
301.35313
300.18994
299.94469
299.95559
299.98573
299.99757
299.99995
300.00008
300
299.99998
299.99998
299.99998
299.99998
299.99998
299.99998
299.99998
299.99998
299.99998
299.99998
299.99998
299.99998
299.99998
299.99998
299.99997
299.99997
299.99997
299.99997
299.99997
299.99997
299.99998
300
300.00002
300.00004
300.00005
300.00006
343.71009
331.35733
320.11783
310.91028
304.69076
301.4472
300.2287
299.95412
299.95574
299.98482
299.99717
299.99986
300.00007
300.00001
299.99998
299.99998
299.99998
299.99998
299.99998
299.99998
299.99998
299.99998
299.99998
299.99998
299.99998
299.99998
299.99998
299.99998
299.99997
299.99997
299.99997
299.99997
299.99997
299.99997
299.99998
300
300.00002
300.00004
300.00005
300.00006
343.70504
331.37484
320.21835
311.07123
304.83947
301.53999
300.26836
299.96447
299.95628
299.98398
299.99676
299.99976
300.00006
300.00001
299.99998
299.99998
299.99998
299.99998
299.99998
299.99998
299.99998
299.99998
299.99998
299.99998
299.99998
299.99998
299.99998
299.99998
299.99997
299.99997
299.99997
299.99997
299.99997
299.99997
299.99998
300
300.00002
300.00004
300.00005
300.00006
343.69766
331.38072
320.30097
311.21782
304.98096
301.63109
300.30871
299.97568
299.95722
299.98323
299.99635
299.99966
300.00005
300.00001
299.99998
299.99998
299.99998
299.99998
299.99998
299.99998
299.99998
299.99998
299.99998
299.99998
299.99998
299.99998
299.99998
299.99997
299.99997
299.99997
299.99997
299.99997
299.99997
299.99997
299.99998
300
300.00002
300.00004
300.00005
300.00007
343.68866
331.37662
320.36623
311.34979
305.11479
301.72017
300.34957
299.98771
299.95857
299.98258
299.99594
299.99954
300.00003
300.00001
299.99998
299.99998
299.99998
299.99998
299.99998
299.99998
299.99998
299.99998
299.99998
299.99998
299.99998
299.99998
299.99997
299.99997
299.99997
299.99997
299.99997
299.99997
299.99997
299.99997
299.99998
300
300.00002
300.00004
300.00005
300.00007
343.67874
331.36447
320.41503
311.46702
305.24058
301.80686
300.39073
300.00049
299.96032
299.98205
299.99554
299.99942
300.00001
300.00001
299.99998
299.99998
299.99998
299.99998
299.99998
299.99998
299.99998
299.99998
299.99998
299.99998
299.99998
299.99998
299.99997
299.99997
299.99997
299.99997
299.99997
299.99997
299.99997
299.99997
299.99998
300
300.00002
300.00004
300.00006
300.00007
343.6685
331.34635
320.44871
311.56965
305.35802
301.89086
300.432
300.01395
299.96248
299.98163
299.99515
299.99929
299.99999
300.00001
299.99998
299.99998
299.99997
299.99998
299.99998
299.99998
299.99998
299.99998
299.99998
299.99998
299.99997
299.99997
299.99997
299.99997
299.99997
299.99997
299.99997
299.99997
299.99997
299.99997
299.99998
300
300.00002
300.00004
300.00006
300.00007
343.65847
331.32434
320.46896
311.65804
305.46694
301.97189
300.4732
300.02802
299.96503
299.98134
299.99477
299.99916
299.99996
300.00001
299.99998
299.99998
299.99997
299.99997
299.99997
299.99998
299.99998
299.99998
299.99998
299.99997
299.99997
299.99997
299.99997
299.99997
299.99997
299.99997
299.99997
299.99997
299.99997
299.99997
299.99998
300
300.00002
300.00004
300.00006
300.00007
343.64906
331.30042
320.47782
311.73285
305.56724
302.0497
300.51415
300.04262
299.96795
299.98119
299.99441
299.99902
299.99993
300
299.99998
299.99998
299.99997
299.99997
299.99997
299.99997
299.99997
299.99997
299.99997
299.99997
299.99997
299.99997
299.99997
299.99997
299.99997
299.99997
299.99997
299.99997
299.99997
299.99997
299.99998
300
300.00002
300.00004
300.00006
300.00007
343.64052
331.27635
320.47756
311.79503
305.65899
302.12411
300.55468
300.05768
299.97125
299.98117
299.99408
299.99888
299.9999
300
299.99998
299.99997
299.99997
299.99997
299.99997
299.99997
299.99997
299.99997
299.99997
299.99997
299.99997
299.99997
299.99997
299.99997
299.99997
299.99997
299.99997
299.99997
299.99997
299.99997
299.99998
300
300.00002
300.00004
300.00006
300.00007
343.63298
331.25352
320.47058
311.84581
305.74243
302.195
300.59465
300.07313
299.97489
299.98129
299.99378
299.99874
299.99987
299.99999
299.99998
299.99997
299.99997
299.99997
299.99997
299.99997
299.99997
299.99997
299.99997
299.99997
299.99997
299.99997
299.99997
299.99997
299.99997
299.99997
299.99997
299.99997
299.99997
299.99997
299.99998
300
300.00002
300.00004
300.00006
300.00007
343.62643
331.23295
320.45926
311.88662
305.81791
302.26229
300.63391
300.08889
299.97887
299.98155
299.99351
299.9986
299.99983
299.99999
299.99998
299.99997
299.99997
299.99997
299.99997
299.99997
299.99997
299.99997
299.99997
299.99997
299.99997
299.99997
299.99997
299.99997
299.99997
299.99997
299.99997
299.99997
299.99997
299.99997
299.99998
300
300.00002
300.00004
300.00006
300.00008
343.62074
331.21521
320.44582
311.91907
305.88595
302.32599
300.67238
300.10489
299.98315
299.98196
299.99327
299.99845
299.99979
299.99998
299.99998
299.99997
299.99997
299.99997
299.99997
299.99997
299.99997
299.99997
299.99997
299.99997
299.99997
299.99997
299.99997
299.99997
299.99997
299.99997
299.99997
299.99997
299.99997
299.99997
299.99998
300
300.00002
300.00004
300.00006
300.00008
343.61571
331.20046
320.4322
311.94488
305.94719
302.38616
300.70996
300.12106
299.98772
299.98251
299.99307
299.99832
299.99974
299.99997
299.99998
299.99997
299.99997
299.99997
299.99997
299.99997
299.99997
299.99997
299.99997
299.99997
299.99997
299.99997
299.99997
299.99997
299.99997
299.99997
299.99997
299.99997
299.99997
299.99997
299.99998
300
300.00002
300.00005
300.00006
300.00008
343.61105
331.18845
320.41995
311.96576
306.00238
302.44293
300.74658
300.13735
299.99255
299.98319
299.99291
299.99818
299.9997
299.99996
299.99998
299.99997
299.99997
299.99997
299.99997
299.99997
299.99997
299.99997
299.99997
299.99997
299.99997
299.99997
299.99997
299.99997
299.99997
299.99997
299.99997
299.99996
299.99997
299.99997
299.99998
300
300.00002
300.00005
300.00007
300.00008
343.60646
331.1786
320.4101
311.9833
306.05231
302.49647
300.78221
300.15369
299.99761
299.98401
299.9928
299.99805
299.99965
299.99995
299.99998
299.99997
299.99997
299.99997
299.99997
299.99997
299.99997
299.99997
299.99997
299.99997
299.99997
299.99997
299.99997
299.99997
299.99997
299.99997
299.99997
299.99996
299.99997
299.99997
299.99998
300
300.00003
300.00005
300.00007
300.00008
343.60165
331.1701
320.40317
311.99893
306.09781
302.54699
300.81682
300.17004
300.00289
299.98496
299.99272
299.99793
299.99961
299.99994
299.99998
299.99997
299.99997
299.99997
299.99997
299.99997
299.99997
299.99997
299.99997
299.99997
299.99997
299.99997
299.99997
299.99997
299.99997
299.99997
299.99996
299.99996
299.99997
299.99997
299.99998
300
300.00003
300.00005
300.00007
300.00008
343.59633
331.16197
320.39912
312.01381
306.13971
302.59474
300.85041
300.18636
300.00837
299.98603
299.99269
299.99782
299.99956
299.99993
299.99997
299.99997
299.99997
299.99997
299.99997
299.99997
299.99997
299.99997
299.99997
299.99997
299.99997
299.99997
299.99997
299.99997
299.99997
299.99997
299.99996
299.99996
299.99997
299.99997
299.99998
300
300.00003
300.00005
300.00007
300.00008
343.5903
331.15317
320.3974
312.02874
306.17875
302.64
300.883
300.2026
300.01401
299.98723
299.9927
299.99771
299.99951
299.99992
299.99997
299.99997
299.99997
299.99997
299.99997
299.99997
299.99997
299.99997
299.99997
299.99997
299.99997
299.99997
299.99997
299.99997
299.99997
299.99996
299.99996
299.99996
299.99996
299.99997
299.99998
300
300.00003
300.00005
300.00007
300.00008
343.58338
331.1427
320.39702
312.04414
306.21559
302.68303
300.91461
300.21874
300.01981
299.98854
299.99276
299.99762
299.99946
299.9999
299.99997
299.99997
299.99997
299.99997
299.99997
299.99997
299.99997
299.99997
299.99997
299.99997
299.99997
299.99997
299.99997
299.99997
299.99997
299.99996
299.99996
299.99996
299.99996
299.99997
299.99998
300
300.00003
300.00005
300.00007
300.00008
343.5755
331.1297
320.39668
312.06003
306.25073
302.72409
300.94529
300.23474
300.02573
299.98996
299.99287
299.99753
299.99942
299.99989
299.99996
299.99997
299.99997
299.99997
299.99997
299.99997
299.99997
299.99997
299.99997
299.99997
299.99997
299.99997
299.99997
299.99997
299.99996
299.99996
299.99996
299.99996
299.99996
299.99997
299.99998
300
300.00003
300.00005
300.00007
300.00008
343.56668
331.11351
320.3949
312.07601
306.28449
302.76341
300.97507
300.2506
300.03176
299.99148
299.99301
299.99746
299.99937
299.99987
299.99996
299.99997
299.99997
299.99997
299.99997
299.99997
299.99997
299.99997
299.99997
299.99997
299.99997
299.99997
299.99996
299.99996
299.99996
299.99996
299.99996
299.99996
299.99996
299.99997
299.99998
300
300.00003
300.00005
300.00007
300.00008
343.55698
331.09373
320.39018
312.09139
306.31698
302.80116
301.00401
300.26629
300.03788
299.9931
299.9932
299.9974
299.99933
299.99986
299.99996
299.99997
299.99997
299.99997
299.99997
299.99997
299.99997
299.99997
299.99997
299.99996
299.99996
299.99996
299.99996
299.99996
299.99996
299.99996
299.99996
299.99996
299.99996
299.99997
299.99998
300
300.00003
300.00005
300.00007
300.00008
343.54655
331.07022
320.38113
312.10518
306.34808
302.83744
301.03212
300.2818
300.04407
299.99479
299.99343
299.99735
299.99928
299.99984
299.99995
299.99996
299.99996
299.99996
299.99996
299.99996
299.99996
299.99996
299.99996
299.99996
299.99996
299.99996
299.99996
299.99996
299.99996
299.99996
299.99996
299.99996
299.99996
299.99997
299.99998
300
300.00003
300.00005
300.00007
300.00009
343.53558
331.04314
320.36664
312.11631
306.37751
302.87225
301.05942
300.2971
300.05031
299.99657
299.9937
299.99731
299.99924
299.99983
299.99995
299.99996
299.99996
299.99996
299.99996
299.99996
299.99996
299.99996
299.99996
299.99996
299.99996
299.99996
299.99996
299.99996
299.99996
299.99996
299.99996
299.99996
299.99996
299.99997
299.99998
300
300.00003
300.00005
300.00007
300.00009
343.5243
331.01286
320.34594
312.12368
306.40483
302.90548
301.08586
300.31217
300.05661
299.99843
299.99401
299.99728
299.9992
299.99981
299.99994
299.99996
299.99996
299.99996
299.99996
299.99996
299.99996
299.99996
299.99996
299.99996
299.99996
299.99996
299.99996
299.99996
299.99996
299.99996
299.99996
299.99996
299.99996
299.99997
299.99998
300
300.00003
300.00005
300.00007
300.00009
343.51293
330.97996
320.31864
312.12629
306.42956
302.93701
301.11138
300.32697
300.06294
300.00037
299.99438
299.99728
299.99917
299.9998
299.99994
299.99996
299.99996
299.99996
299.99996
299.99996
299.99996
299.99996
299.99996
299.99996
299.99996
299.99996
299.99996
299.99996
299.99996
299.99996
299.99996
299.99996
299.99996
299.99997
299.99998
300
300.00003
300.00005
300.00008
300.00009
343.50171
330.94516
320.28478
312.12335
306.45126
302.96669
301.13591
300.34147
300.06928
300.0024
299.99479
299.99729
299.99914
299.99978
299.99994
299.99996
299.99996
299.99996
299.99996
299.99996
299.99996
299.99996
299.99996
299.99996
299.99996
299.99996
299.99996
299.99996
299.99996
299.99996
299.99996
299.99996
299.99996
299.99997
299.99998
300
300.00003
300.00005
300.00008
300.00009
343.49084
330.90921
320.24472
312.11423
306.46955
302.99444
301.15942
300.35562
300.07564
300.00451
299.99526
299.99733
299.99911
299.99977
299.99993
299.99996
299.99996
299.99996
299.99996
299.99996
299.99996
299.99996
299.99996
299.99996
299.99996
299.99996
299.99996
299.99996
299.99996
299.99996
299.99996
299.99996
299.99996
299.99997
299.99998
300
300.00003
300.00005
300.00008
300.00009
343.4805
330.87289
320.1991
312.09849
306.48415
303.02029
301.18196
300.36944
300.08197
300.00668
299.99578
299.99738
299.99909
299.99976
299.99993
299.99996
299.99996
299.99996
299.99996
299.99996
299.99996
299.99996
299.99996
299.99996
299.99996
299.99996
299.99996
299.99996
299.99996
299.99996
299.99996
299.99996
299.99996
299.99997
299.99998
300
300.00003
300.00005
300.00008
300.00009
343.47084
330.83695
320.14877
312.07578
306.4948
303.04438
301.20367
300.38294
300.08827
300.00889
299.99632
299.99744
299.99908
299.99974
299.99992
299.99996
299.99996
299.99996
299.99996
299.99996
299.99996
299.99996
299.99996
299.99996
299.99996
299.99996
299.99996
299.99996
299.99996
299.99996
299.99996
299.99996
299.99996
299.99997
299.99998
300
300.00003
300.00005
300.00008
300.00009
343.46195
330.80203
320.09471
312.04585
306.50112
303.06683
301.22477
300.39623
300.09452
300.0111
299.99687
299.99751
299.99906
299.99973
299.99991
299.99995
299.99996
299.99996
299.99996
299.99996
299.99996
299.99996
299.99996
299.99996
299.99996
299.99996
299.99996
299.99996
299.99996
299.99996
299.99996
299.99996
299.99996
299.99997
299.99998
300
300.00002
300.00005
300.00008
300.00009
343.45389
330.7687
320.03798
312.00851
306.50254
303.08768
301.24554
300.40944
300.10073
300.01328
299.99741
299.99757
299.99904
299.99971
299.99991
299.99995
299.99995
299.99995
299.99995
299.99995
299.99995
299.99995
299.99995
299.99995
299.99995
299.99995
299.99995
299.99995
299.99995
299.99995
299.99995
299.99995
299.99996
299.99997
299.99998
300
300.00002
300.00006
300.00008
300.00009
343.4467
330.7374
319.97968
311.96365
306.49817
303.10663
301.26613
300.42273
300.10693
300.01541
299.99788
299.99759
299.999
299.99969
299.99989
299.99994
299.99995
299.99995
299.99995
299.99995
299.99995
299.99994
299.99994
299.99995
299.99995
299.99995
299.99995
299.99995
299.99995
299.99995
299.99995
299.99995
299.99996
299.99996
299.99998
300
300.00002
300.00006
300.00008
300.00009
343.44037
330.70845
319.92094
311.91143
306.48685
303.12297
301.2865
300.43623
300.11318
300.01747
299.9983
299.99758
299.99895
299.99966
299.99988
299.99993
299.99994
299.99994
299.99994
299.99994
299.99994
299.99994
299.99994
299.99994
299.99994
299.99994
299.99994
299.99994
299.99994
299.99994
299.99994
299.99994
299.99995
299.99996
299.99997
299.99999
300.00002
300.00006
300.00008
300.00009
343.43487
330.6821
319.86289
311.85233
306.46731
303.13547
301.30622
300.44993
300.11954
300.01949
299.99864
299.99753
299.99888
299.99963
299.99987
299.99992
299.99993
299.99993
299.99993
299.99993
299.99993
299.99993
299.99993
299.99993
299.99993
299.99993
299.99993
299.99993
299.99993
299.99993
299.99993
299.99994
299.99994
299.99995
299.99997
299.99999
300.00002
300.00006
300.00009
300.00009
343.43015
330.65848
319.80663
311.78729
306.43843
303.14249
301.32445
300.46365
300.12606
300.02153
299.99894
299.99744
299.9988
299.99959
299.99985
299.99991
299.99992
299.99992
299.99992
299.99992
299.99992
299.99992
299.99992
299.99992
299.99992
299.99992
299.99992
299.99992
299.99992
299.99992
299.99993
299.99993
299.99994
299.99995
299.99996
299.99999
300.00002
300.00006
300.00009
300.00009
343.42615
330.63763
319.75322
311.71775
306.39957
303.14225
301.33993
300.47697
300.13271
300.02366
299.99926
299.99735
299.99872
299.99955
299.99984
299.9999
299.99991
299.99991
299.99991
299.99991
299.99991
299.99991
299.99991
299.99991
299.99991
299.99991
299.99991
299.99991
299.99991
299.99992
299.99992
299.99992
299.99993
299.99994
299.99996
299.99999
300.00003
300.00007
300.00009
300.00009
343.42282
330.61955
319.70361
311.64562
306.35084
303.13316
301.35119
300.48921
300.1394
300.02597
299.99967
299.99729
299.99864
299.99952
299.99982
299.9999
299.99991
299.99991
299.99991
299.99991
299.99991
299.99991
299.99991
299.99991
299.99991
299.99991
299.99991
299.99991
299.99991
299.99991
299.99991
299.99991
299.99992
299.99993
299.99995
299.99999
300.00003
300.00007
300.00009
300.00009
343.42009
330.60416
319.65856
311.57311
306.29332
303.11424
301.35679
300.49957
300.14592
300.02849
300.00024
299.99729
299.99858
299.99949
299.99981
299.99989
299.9999
299.99991
299.99991
299.99991
299.99991
299.99991
299.99991
299.99991
299.99991
299.99991
299.99991
299.99991
299.99991
299.99991
299.99991
299.99991
299.99992
299.99993
299.99995
299.99999
300.00004
300.00007
300.00009
300.00009
343.41789
330.59131
319.61867
311.50257
306.229
303.0854
301.35565
300.50721
300.15197
300.03123
300.00104
299.99741
299.99856
299.99947
299.99981
299.99989
299.99991
299.99991
299.99991
299.99991
299.99991
299.99991
299.99991
299.99991
299.99991
299.99991
299.99991
299.99991
299.99991
299.99991
299.99991
299.99991
299.99992
299.99993
299.99996
299.99999
300.00004
300.00008
300.00009
300.00009
343.41617
330.58084
319.58424
311.43618
306.16059
303.04762
301.3473
300.51146
300.1572
300.0341
300.00209
299.99767
299.9986
299.99948
299.99981
299.9999
299.99991
299.99991
299.99991
299.99992
299.99992
299.99992
299.99992
299.99992
299.99992
299.99991
299.99991
299.99991
299.99991
299.99991
299.99991
299.99991
299.99992
299.99993
299.99996
300
300.00005
300.00008
300.00009
300.00009
343.41487
330.57255
319.55538
311.3758
306.0912
303.00282
301.33205
300.51195
300.16129
300.03699
300.00338
299.99809
299.9987
299.9995
299.99982
299.9999
299.99992
299.99992
299.99992
299.99992
299.99992
299.99993
299.99993
299.99992
299.99992
299.99992
299.99992
299.99992
299.99992
299.99992
299.99992
299.99992
299.99993
299.99994
299.99997
300.00001
300.00005
300.00008
300.00009
300.00009
343.41393
330.5662
319.5319
311.32275
306.02392
302.95362
301.31094
300.50872
300.164
300.03972
300.00483
299.99864
299.99887
299.99954
299.99983
299.99992
299.99993
299.99993
299.99993
299.99994
299.99994
299.99994
299.99994
299.99994
299.99994
299.99993
299.99993
299.99993
299.99993
299.99993
299.99993
299.99993
299.99994
299.99995
299.99998
300.00002
300.00006
300.00008
300.00009
300.00009
343.41332
330.56156
319.51345
311.27776
305.96145
302.9029
301.28561
300.5022
300.16526
300.04214
300.00635
299.9993
299.99908
299.9996
299.99985
299.99993
299.99994
299.99995
299.99995
299.99995
299.99995
299.99995
299.99995
299.99995
299.99995
299.99995
299.99995
299.99994
299.99994
299.99994
299.99994
299.99994
299.99995
299.99996
299.99999
300.00002
300.00006
300.00008
300.00009
300.00009
343.41299
330.55839
319.4995
311.24097
305.90583
302.85347
301.25796
300.49315
300.16513
300.04412
300.00784
300
299.99933
299.99967
299.99988
299.99994
299.99995
299.99996
299.99996
299.99996
299.99996
299.99996
299.99996
299.99996
299.99996
299.99996
299.99996
299.99996
299.99995
299.99995
299.99995
299.99995
299.99996
299.99997
300
300.00003
300.00006
300.00008
300.00009
300.00009
343.41291
330.55644
319.48943
311.21199
305.85827
302.80763
301.22991
300.48247
300.1638
300.04558
300.00919
300.0007
299.99959
299.99975
299.9999
299.99995
299.99997
299.99997
299.99997
299.99997
299.99997
299.99997
299.99997
299.99997
299.99997
299.99997
299.99997
299.99997
299.99997
299.99996
299.99996
299.99997
299.99997
299.99998
300.00001
300.00004
300.00006
300.00008
300.00009
300.00009
343.41304
330.55551
319.48259
311.19006
305.8192
302.76706
301.20315
300.47114
300.16159
300.04651
300.01034
300.00134
299.99985
299.99983
299.99993
299.99997
299.99998
299.99998
299.99998
299.99998
299.99998
299.99998
299.99998
299.99998
299.99998
299.99998
299.99998
299.99998
299.99998
299.99998
299.99997
299.99998
299.99998
299.99999
300.00001
300.00004
300.00007
300.00008
300.00009
300.00009
343.4134
330.55547
319.47839
311.17415
305.78821
302.73242
301.17867
300.45983
300.15876
300.04694
300.01123
300.00189
300.00008
299.99991
299.99995
299.99998
299.99998
299.99999
299.99999
299.99999
299.99999
299.99999
299.99999
299.99999
299.99999
299.99999
299.99999
299.99999
299.99998
299.99998
299.99998
299.99999
299.99999
300
300.00002
300.00004
300.00007
300.00008
300.00009
300.00009
343.41398
330.55597
319.47606
311.16335
305.76554
302.7056
301.15875
300.45008
300.15599
300.04704
300.01187
300.00231
300.00026
299.99997
299.99997
299.99999
299.99999
299.99999
299.99999
299.99999
299.99999
299.99999
299.99999
299.99999
299.99999
299.99999
299.99999
299.99999
299.99999
299.99999
299.99999
299.99999
300
300.00001
300.00002
300.00005
300.00007
300.00008
300.00009
300.00009
343.41537
330.55841
319.47593
311.15437
305.74256
302.67528
301.13418
300.43687
300.15147
300.04654
300.01239
300.00275
300.00047
300.00005
299.99999
299.99999
300
300
300
300
300
300
300
300
300
300
300
300
300
300
300
300
300
300.00001
300.00003
300.00005
300.00007
300.00008
300.00009
300.00009
)
;

boundaryField
{
    wall
    {
        type            fixedValue;
        value           uniform 350;
    }
    sides
    {
        type            zeroGradient;
    }
    frontAndBack
    {
        type            empty;
    }
    inlet
    {
        type            fixedValue;
        value           uniform 300;
    }
    outlet
    {
        type            zeroGradient;
    }
}


// ************************************************************************* //
