/*--------------------------------*- C++ -*----------------------------------*\
  =========                 |
  \\      /  F ield         | OpenFOAM: The Open Source CFD Toolbox
   \\    /   O peration     | Website:  https://openfoam.org
    \\  /    A nd           | Version:  10
     \\/     M anipulation  |
\*---------------------------------------------------------------------------*/
FoamFile
{
    format      ascii;
    class       volScalarField;
    location    "0.17";
    object      T_0;
}
// * * * * * * * * * * * * * * * * * * * * * * * * * * * * * * * * * * * * * //

dimensions      [0 0 0 1 0 0 0];

internalField   nonuniform List<scalar> 
4000
(
303.10135
299.34291
299.99042
300.00082
299.99993
300
300
300
300
300
300
300
300
300
300
300
300
300
300
300
300
300
300
300
300
300
300
300
300
300
300
300
300
300
300
300
300
300
300
300.00001
309.66342
298.49298
299.77921
300.00184
300.0008
299.99999
300
300
300
300
300
300
300
300
300
300
300
300
300
300
300
300
300
300
300
300
300
300
300
300
300
300
300
300
300
300
300
300
299.99999
300.00002
316.00417
298.68457
299.39221
299.97569
300.00406
300.00025
299.99999
300
300
300
300
300
300
300
300
300
300
300
300
300
300
300
300
300
300
300
300
300
300
300
300
300
300
300
300
300
300
299.99999
299.99999
300.00002
321.74212
299.84587
298.98482
299.89491
300.00716
300.00138
300
299.99999
300
300
300
300
300
300
300
300
300
300
300
300
300
300
300
300
300
300
300
300
300
300
300
300
300
300
300
300
299.99999
299.99999
299.99999
300.00003
326.67082
301.70037
298.71003
299.75314
300.00322
300.00378
300.00017
299.99998
300
300
300
300
300
300
300
300
300
300
300
300
300
300
300
300
300
300
300
300
300
300
300
300
300
300
299.99999
299.99999
299.99999
299.99998
299.99999
300.00004
330.68462
303.94776
298.66329
299.56833
299.98426
300.00696
300.00071
299.99996
299.99999
300
300
300
300
300
300
300
300
300
300
300
300
300
300
300
300
300
300
300
300
300
300
300
300
299.99999
299.99999
299.99999
299.99999
299.99998
300
300.00004
333.77379
306.33032
298.87086
299.37375
299.94517
300.00937
300.0018
300
299.99998
299.99999
300
300
300
300
300
300
300
300
300
300
300
300
300
300
300
300
300
300
300
300
300
300
299.99999
299.99999
299.99999
299.99999
299.99998
299.99998
300
300.00004
336.02109
308.66352
299.30765
299.20391
299.8858
300.00889
300.00344
300.00014
299.99996
299.99999
300
300
300
300
300
300
300
300
300
300
300
300
300
300
300
300
300
300
300
300
300
299.99999
299.99999
299.99999
299.99999
299.99999
299.99998
299.99998
300.00001
300.00004
337.57308
310.83651
299.9239
299.08473
299.81054
300.00351
300.0054
300.00045
299.99995
299.99999
299.99999
300
300
300
300
300
300
300
300
300
300
300
300
300
300
300
300
300
300
300
299.99999
299.99999
299.99999
299.99999
299.99999
299.99998
299.99998
299.99998
300.00001
300.00004
338.6011
312.79655
300.66505
299.03068
299.72642
299.99192
300.00723
300.00099
299.99996
299.99998
299.99999
299.99999
300
300
300
300
300
300
300
300
300
300
300
300
300
300
300
300
300
299.99999
299.99999
299.99999
299.99999
299.99999
299.99999
299.99998
299.99998
299.99998
300.00002
300.00004
339.26786
314.53074
301.48247
299.04615
299.64117
299.97369
300.00839
300.00175
300
299.99996
299.99999
299.99999
299.99999
300
300
300
300
300
300
300
300
300
300
300
300
300
300
300
299.99999
299.99999
299.99999
299.99999
299.99999
299.99999
299.99998
299.99998
299.99998
299.99999
300.00002
300.00004
339.70664
316.05034
302.33777
299.12847
299.56181
299.9493
300.00832
300.00267
300.00011
299.99995
299.99999
299.99999
299.99999
299.99999
300
300
300
300
300
300
300
300
300
300
300
300
300
299.99999
299.99999
299.99999
299.99999
299.99999
299.99999
299.99999
299.99998
299.99998
299.99998
299.99999
300.00002
300.00004
340.01404
317.37878
303.2033
299.27092
299.49394
299.91981
300.0066
300.00366
300.00029
299.99995
299.99998
299.99999
299.99999
299.99999
299.99999
299.99999
300
300
300
300
300
300
300
300
300
299.99999
299.99999
299.99999
299.99999
299.99999
299.99999
299.99999
299.99999
299.99999
299.99998
299.99998
299.99998
299.99999
300.00003
300.00004
340.2527
318.54355
304.06064
299.4651
299.44149
299.88669
300.00292
300.00459
300.00055
299.99995
299.99998
299.99999
299.99999
299.99999
299.99999
299.99999
299.99999
299.99999
300
300
300
300
300
299.99999
299.99999
299.99999
299.99999
299.99999
299.99999
299.99999
299.99999
299.99999
299.99999
299.99998
299.99998
299.99998
299.99998
300
300.00003
300.00004
340.45908
319.57145
304.89842
299.70244
299.40692
299.85155
299.99715
300.00533
300.00089
299.99997
299.99997
299.99999
299.99999
299.99999
299.99999
299.99999
299.99999
299.99999
299.99999
299.99999
299.99999
299.99999
299.99999
299.99999
299.99999
299.99999
299.99999
299.99999
299.99999
299.99999
299.99999
299.99999
299.99999
299.99998
299.99998
299.99997
299.99998
300
300.00003
300.00003
340.6519
320.48631
305.71025
299.97498
299.39147
299.81598
299.98931
300.00572
300.00128
300.00001
299.99996
299.99999
299.99999
299.99999
299.99999
299.99999
299.99999
299.99999
299.99999
299.99999
299.99999
299.99999
299.99999
299.99999
299.99999
299.99999
299.99999
299.99999
299.99999
299.99999
299.99999
299.99999
299.99999
299.99998
299.99998
299.99997
299.99998
300
300.00003
300.00003
340.83919
321.30813
306.49301
300.27578
299.39549
299.78143
299.97952
300.00565
300.00172
300.00008
299.99996
299.99998
299.99999
299.99999
299.99999
299.99999
299.99999
299.99999
299.99999
299.99999
299.99999
299.99999
299.99999
299.99999
299.99999
299.99999
299.99999
299.99999
299.99999
299.99999
299.99999
299.99999
299.99998
299.99998
299.99998
299.99997
299.99998
300
300.00003
300.00003
341.02326
322.0531
307.24565
300.59891
299.41869
299.74921
299.96803
300.00502
300.00215
300.00018
299.99996
299.99998
299.99999
299.99999
299.99999
299.99999
299.99999
299.99999
299.99999
299.99999
299.99999
299.99999
299.99999
299.99999
299.99999
299.99999
299.99999
299.99999
299.99999
299.99999
299.99999
299.99999
299.99998
299.99998
299.99998
299.99997
299.99998
300.00001
300.00003
300.00003
341.20377
322.734
307.96828
300.93942
299.46038
299.72038
299.95513
300.00375
300.00256
300.0003
299.99996
299.99998
299.99999
299.99999
299.99999
299.99999
299.99999
299.99999
299.99999
299.99999
299.99999
299.99999
299.99999
299.99999
299.99999
299.99999
299.99999
299.99999
299.99999
299.99999
299.99999
299.99999
299.99998
299.99998
299.99998
299.99997
299.99998
300.00001
300.00003
300.00003
341.37944
323.36081
308.66165
301.2932
299.51959
299.69586
299.94116
300.0018
300.00289
300.00044
299.99997
299.99998
299.99999
299.99999
299.99999
299.99999
299.99999
299.99999
299.99999
299.99999
299.99999
299.99999
299.99999
299.99999
299.99999
299.99999
299.99999
299.99999
299.99999
299.99999
299.99999
299.99998
299.99998
299.99998
299.99998
299.99997
299.99999
300.00001
300.00003
300.00003
341.54898
323.94125
309.32681
301.65684
299.59522
299.67636
299.92649
299.99915
300.00312
300.0006
299.99999
299.99997
299.99999
299.99999
299.99999
299.99999
299.99999
299.99999
299.99999
299.99999
299.99999
299.99999
299.99999
299.99999
299.99999
299.99999
299.99999
299.99999
299.99999
299.99999
299.99999
299.99998
299.99998
299.99998
299.99997
299.99998
299.99999
300.00001
300.00003
300.00003
341.71138
324.48131
309.96492
302.0275
299.6861
299.66242
299.91149
299.99581
300.00321
300.00078
300.00002
299.99997
299.99998
299.99999
299.99999
299.99999
299.99999
299.99999
299.99999
299.99999
299.99999
299.99999
299.99999
299.99999
299.99999
299.99999
299.99999
299.99999
299.99999
299.99999
299.99998
299.99998
299.99998
299.99998
299.99997
299.99998
299.99999
300.00002
300.00003
300.00003
341.86603
324.98571
310.57714
302.4028
299.79101
299.65446
299.89653
299.99181
300.00313
300.00096
300.00006
299.99997
299.99998
299.99999
299.99999
299.99999
299.99999
299.99999
299.99999
299.99999
299.99999
299.99999
299.99999
299.99999
299.99999
299.99999
299.99999
299.99999
299.99999
299.99999
299.99998
299.99998
299.99998
299.99998
299.99997
299.99998
299.99999
300.00002
300.00003
300.00003
342.01267
325.4582
311.16457
302.78075
299.90874
299.65275
299.88195
299.98721
300.00286
300.00114
300.0001
299.99997
299.99998
299.99999
299.99999
299.99999
299.99999
299.99999
299.99999
299.99999
299.99999
299.99999
299.99999
299.99999
299.99999
299.99999
299.99999
299.99999
299.99999
299.99999
299.99998
299.99998
299.99998
299.99998
299.99997
299.99998
299.99999
300.00002
300.00003
300.00003
342.15132
325.90186
311.72827
303.15964
300.03813
299.65746
299.86809
299.98206
300.00236
300.00129
300.00015
299.99998
299.99998
299.99999
299.99999
299.99999
299.99999
299.99999
299.99999
299.99999
299.99999
299.99999
299.99999
299.99999
299.99999
299.99999
299.99999
299.99999
299.99999
299.99998
299.99998
299.99998
299.99998
299.99998
299.99997
299.99998
300
300.00002
300.00003
300.00003
342.2822
326.31923
312.26923
303.53804
300.17804
299.66868
299.85525
299.97645
300.00163
300.00143
300.00022
299.99998
299.99998
299.99999
299.99999
299.99999
299.99999
299.99999
299.99999
299.99999
299.99999
299.99999
299.99999
299.99999
299.99999
299.99999
299.99999
299.99999
299.99999
299.99998
299.99998
299.99998
299.99998
299.99998
299.99997
299.99998
300
300.00002
300.00003
300.00003
342.4056
326.71248
312.78837
303.91473
300.32737
299.68641
299.84373
299.97048
300.00065
300.00152
300.00028
299.99999
299.99998
299.99998
299.99999
299.99999
299.99999
299.99999
299.99999
299.99999
299.99999
299.99999
299.99999
299.99999
299.99999
299.99999
299.99999
299.99999
299.99998
299.99998
299.99998
299.99998
299.99998
299.99997
299.99997
299.99998
300
300.00002
300.00003
300.00003
342.52191
327.08346
313.28657
304.28865
300.48508
299.71057
299.83376
299.96424
299.99943
300.00157
300.00035
300
299.99998
299.99998
299.99999
299.99999
299.99999
299.99999
299.99999
299.99999
299.99999
299.99999
299.99999
299.99999
299.99999
299.99999
299.99999
299.99999
299.99998
299.99998
299.99998
299.99998
299.99998
299.99997
299.99997
299.99998
300
300.00002
300.00003
300.00003
342.63152
327.4338
313.76464
304.6589
300.6502
299.74105
299.82558
299.95783
299.99797
300.00156
300.00042
300.00002
299.99998
299.99998
299.99999
299.99999
299.99999
299.99999
299.99999
299.99999
299.99999
299.99999
299.99999
299.99999
299.99999
299.99999
299.99999
299.99998
299.99998
299.99998
299.99998
299.99998
299.99998
299.99997
299.99997
299.99998
300
300.00003
300.00003
300.00003
342.73479
327.76491
314.22335
305.0247
300.82177
299.77767
299.81938
299.95137
299.99627
300.00148
300.00049
300.00003
299.99998
299.99998
299.99998
299.99999
299.99999
299.99999
299.99999
299.99999
299.99999
299.99999
299.99999
299.99999
299.99999
299.99999
299.99999
299.99998
299.99998
299.99998
299.99998
299.99998
299.99998
299.99997
299.99997
299.99998
300
300.00003
300.00003
300.00003
342.83207
328.07802
314.6634
305.3854
300.99893
299.82023
299.81532
299.94497
299.99435
300.00133
300.00055
300.00005
299.99998
299.99998
299.99998
299.99999
299.99999
299.99999
299.99999
299.99999
299.99999
299.99999
299.99999
299.99999
299.99999
299.99999
299.99998
299.99998
299.99998
299.99998
299.99998
299.99998
299.99998
299.99997
299.99997
299.99998
300
300.00003
300.00003
300.00003
342.92363
328.37423
315.08546
305.74039
301.18083
299.86849
299.81353
299.93872
299.99223
300.0011
300.00061
300.00008
299.99998
299.99998
299.99998
299.99998
299.99999
299.99999
299.99999
299.99999
299.99999
299.99999
299.99999
299.99999
299.99999
299.99998
299.99998
299.99998
299.99998
299.99998
299.99998
299.99998
299.99998
299.99997
299.99997
299.99998
300.00001
300.00003
300.00003
300.00003
343.00974
328.65444
315.49013
306.08917
301.36669
299.92218
299.81414
299.93275
299.98994
300.00079
300.00065
300.0001
299.99998
299.99998
299.99998
299.99998
299.99998
299.99999
299.99999
299.99999
299.99999
299.99999
299.99999
299.99999
299.99998
299.99998
299.99998
299.99998
299.99998
299.99998
299.99998
299.99998
299.99997
299.99997
299.99997
299.99999
300.00001
300.00003
300.00003
300.00003
343.09057
328.91945
315.87795
306.43129
301.55576
299.98103
299.81721
299.92714
299.98749
300.00039
300.00068
300.00013
299.99999
299.99998
299.99998
299.99998
299.99998
299.99998
299.99998
299.99999
299.99999
299.99999
299.99998
299.99998
299.99998
299.99998
299.99998
299.99998
299.99998
299.99998
299.99998
299.99998
299.99997
299.99997
299.99997
299.99999
300.00001
300.00003
300.00003
300.00004
343.16628
329.1699
316.24941
306.76635
301.74733
300.04471
299.82281
299.922
299.98492
299.9999
300.00069
300.00015
299.99999
299.99998
299.99998
299.99998
299.99998
299.99998
299.99998
299.99998
299.99998
299.99998
299.99998
299.99998
299.99998
299.99998
299.99998
299.99998
299.99998
299.99998
299.99998
299.99998
299.99997
299.99997
299.99997
299.99999
300.00001
300.00003
300.00003
300.00004
343.23694
329.40632
316.60492
307.09397
301.94075
300.11292
299.83098
299.91741
299.98226
299.99932
300.00067
300.00018
300
299.99998
299.99998
299.99998
299.99998
299.99998
299.99998
299.99998
299.99998
299.99998
299.99998
299.99998
299.99998
299.99998
299.99998
299.99998
299.99998
299.99998
299.99998
299.99998
299.99997
299.99997
299.99998
299.99999
300.00001
300.00003
300.00003
300.00004
343.30262
329.62909
316.94483
307.4138
302.13537
300.18533
299.84172
299.91347
299.97954
299.99866
300.00064
300.0002
300.00001
299.99998
299.99998
299.99998
299.99998
299.99998
299.99998
299.99998
299.99998
299.99998
299.99998
299.99998
299.99998
299.99998
299.99998
299.99998
299.99998
299.99998
299.99998
299.99998
299.99997
299.99997
299.99998
299.99999
300.00001
300.00003
300.00004
300.00004
343.36331
329.83849
317.26941
307.72554
302.33058
300.2616
299.85503
299.91025
299.97681
299.99792
300.00058
300.00022
300.00001
299.99998
299.99998
299.99998
299.99998
299.99998
299.99998
299.99998
299.99998
299.99998
299.99998
299.99998
299.99998
299.99998
299.99998
299.99998
299.99998
299.99998
299.99998
299.99998
299.99997
299.99997
299.99998
299.99999
300.00001
300.00003
300.00004
300.00004
343.41899
330.03467
317.57885
308.02884
302.5258
300.34139
299.87087
299.90782
299.9741
299.9971
300.00049
300.00024
300.00002
299.99998
299.99998
299.99998
299.99998
299.99998
299.99998
299.99998
299.99998
299.99998
299.99998
299.99998
299.99998
299.99998
299.99998
299.99998
299.99998
299.99998
299.99998
299.99997
299.99997
299.99997
299.99998
299.99999
300.00001
300.00003
300.00004
300.00004
343.46958
330.21765
317.87327
308.3234
302.72046
300.42434
299.88922
299.90624
299.97145
299.99621
300.00037
300.00025
300.00003
299.99998
299.99998
299.99998
299.99998
299.99998
299.99998
299.99998
299.99998
299.99998
299.99998
299.99998
299.99998
299.99998
299.99998
299.99998
299.99998
299.99998
299.99998
299.99997
299.99997
299.99997
299.99998
299.99999
300.00001
300.00003
300.00004
300.00005
343.51502
330.38737
318.15268
308.60889
302.91401
300.51009
299.91
299.90557
299.96889
299.99525
300.00022
300.00026
300.00004
299.99998
299.99998
299.99998
299.99998
299.99998
299.99998
299.99998
299.99998
299.99998
299.99998
299.99998
299.99998
299.99998
299.99998
299.99998
299.99998
299.99998
299.99998
299.99997
299.99997
299.99997
299.99998
299.99999
300.00001
300.00003
300.00004
300.00005
343.55522
330.54363
318.41701
308.88497
303.10591
300.59828
299.93312
299.90586
299.96646
299.99425
300.00004
300.00026
300.00005
299.99999
299.99998
299.99998
299.99998
299.99998
299.99998
299.99998
299.99998
299.99998
299.99998
299.99998
299.99998
299.99998
299.99998
299.99998
299.99998
299.99998
299.99998
299.99997
299.99997
299.99997
299.99998
299.99999
300.00001
300.00003
300.00004
300.00005
343.59009
330.68619
318.66609
309.15126
303.29564
300.68855
299.95851
299.90713
299.96421
299.9932
299.99982
300.00026
300.00006
299.99999
299.99998
299.99998
299.99998
299.99998
299.99998
299.99998
299.99998
299.99998
299.99998
299.99998
299.99998
299.99998
299.99998
299.99998
299.99998
299.99998
299.99998
299.99997
299.99997
299.99997
299.99998
299.99999
300.00002
300.00003
300.00004
300.00005
343.61959
330.81471
318.89967
309.40738
303.48267
300.78053
299.98604
299.90942
299.96215
299.99213
299.99958
300.00024
300.00006
299.99999
299.99998
299.99998
299.99998
299.99998
299.99998
299.99998
299.99998
299.99998
299.99998
299.99998
299.99998
299.99998
299.99998
299.99998
299.99998
299.99998
299.99997
299.99997
299.99997
299.99997
299.99998
300
300.00002
300.00003
300.00004
300.00005
343.6437
330.92883
319.1174
309.6529
303.66648
300.87383
300.0156
299.91274
299.96034
299.99104
299.99931
300.00022
300.00007
299.99999
299.99998
299.99998
299.99998
299.99998
299.99998
299.99998
299.99998
299.99998
299.99998
299.99998
299.99998
299.99998
299.99998
299.99998
299.99998
299.99998
299.99997
299.99997
299.99997
299.99997
299.99998
300
300.00002
300.00003
300.00004
300.00005
343.6625
331.02823
319.31885
309.88734
303.84654
300.96807
300.04705
299.9171
299.95879
299.98995
299.99901
300.00018
300.00008
299.99999
299.99998
299.99998
299.99998
299.99998
299.99998
299.99998
299.99998
299.99998
299.99998
299.99998
299.99998
299.99998
299.99998
299.99998
299.99998
299.99998
299.99997
299.99997
299.99997
299.99997
299.99998
300
300.00002
300.00003
300.00004
300.00006
343.67613
331.11263
319.50355
310.11021
304.02232
301.06287
300.08024
299.92251
299.95754
299.98886
299.99868
300.00014
300.00008
300
299.99998
299.99998
299.99998
299.99998
299.99998
299.99998
299.99998
299.99998
299.99998
299.99998
299.99998
299.99998
299.99998
299.99998
299.99998
299.99997
299.99997
299.99997
299.99997
299.99997
299.99998
300
300.00002
300.00003
300.00005
300.00006
343.68483
331.18193
319.671
310.32098
304.1933
301.15785
300.115
299.92895
299.95662
299.9878
299.99833
300.00009
300.00008
300
299.99998
299.99998
299.99998
299.99998
299.99998
299.99998
299.99998
299.99998
299.99998
299.99998
299.99998
299.99998
299.99998
299.99998
299.99998
299.99997
299.99997
299.99997
299.99997
299.99997
299.99998
300
300.00002
300.00003
300.00005
300.00006
343.68899
331.23621
319.82072
310.51908
304.35893
301.2526
300.15118
299.9364
299.95603
299.98678
299.99796
300.00002
300.00008
300
299.99998
299.99998
299.99998
299.99998
299.99998
299.99998
299.99998
299.99998
299.99998
299.99998
299.99998
299.99998
299.99998
299.99998
299.99998
299.99997
299.99997
299.99997
299.99997
299.99997
299.99998
300
300.00002
300.00003
300.00005
300.00006
343.68908
331.27587
319.95233
310.70397
304.51868
301.34674
300.18859
299.94483
299.95582
299.98582
299.99758
299.99995
300.00008
300
299.99998
299.99998
299.99998
299.99998
299.99998
299.99998
299.99998
299.99998
299.99998
299.99998
299.99998
299.99998
299.99998
299.99998
299.99997
299.99997
299.99997
299.99997
299.99997
299.99997
299.99998
300
300.00002
300.00004
300.00005
300.00006
343.68569
331.30165
320.0656
310.8751
304.67202
301.43988
300.22705
299.95422
299.95598
299.98491
299.99718
299.99986
300.00007
300.00001
299.99998
299.99998
299.99998
299.99998
299.99998
299.99998
299.99998
299.99998
299.99998
299.99998
299.99998
299.99998
299.99998
299.99998
299.99997
299.99997
299.99997
299.99997
299.99997
299.99997
299.99998
300
300.00002
300.00004
300.00005
300.00006
343.67949
331.31467
320.16054
311.03199
304.81845
301.53162
300.26636
299.96451
299.95654
299.98409
299.99678
299.99977
300.00006
300.00001
299.99998
299.99998
299.99998
299.99998
299.99998
299.99998
299.99998
299.99998
299.99998
299.99998
299.99998
299.99998
299.99998
299.99997
299.99997
299.99997
299.99997
299.99997
299.99997
299.99997
299.99998
300
300.00002
300.00004
300.00005
300.00006
343.67119
331.3164
320.23746
311.17427
304.95748
301.62161
300.30633
299.97565
299.95749
299.98335
299.99638
299.99966
300.00005
300.00001
299.99998
299.99998
299.99998
299.99998
299.99998
299.99998
299.99998
299.99998
299.99998
299.99998
299.99998
299.99998
299.99998
299.99997
299.99997
299.99997
299.99997
299.99997
299.99997
299.99997
299.99998
300
300.00002
300.00004
300.00005
300.00007
343.66152
331.30868
320.29704
311.30171
305.08869
301.70946
300.34676
299.98759
299.95884
299.98272
299.99597
299.99955
300.00003
300.00001
299.99998
299.99998
299.99998
299.99998
299.99998
299.99998
299.99998
299.99998
299.99998
299.99998
299.99998
299.99998
299.99997
299.99997
299.99997
299.99997
299.99997
299.99997
299.99997
299.99997
299.99998
300
300.00002
300.00004
300.00005
300.00007
343.65115
331.29353
320.34035
311.41429
305.21171
301.79485
300.38746
300.00027
299.9606
299.98219
299.99558
299.99943
300.00001
300.00001
299.99998
299.99998
299.99998
299.99998
299.99998
299.99998
299.99998
299.99998
299.99998
299.99998
299.99998
299.99997
299.99997
299.99997
299.99997
299.99997
299.99997
299.99997
299.99997
299.99997
299.99998
300
300.00002
300.00004
300.00006
300.00007
343.64069
331.2731
320.3689
311.5122
305.32627
301.87746
300.42822
300.0136
299.96275
299.98179
299.99519
299.9993
299.99999
300.00001
299.99998
299.99998
299.99997
299.99998
299.99998
299.99998
299.99998
299.99998
299.99998
299.99998
299.99997
299.99997
299.99997
299.99997
299.99997
299.99997
299.99997
299.99997
299.99997
299.99997
299.99998
300
300.00002
300.00004
300.00006
300.00007
343.63064
331.24952
320.38455
311.59595
305.43221
301.95703
300.46887
300.02753
299.96529
299.98151
299.99482
299.99917
299.99996
300
299.99998
299.99998
299.99997
299.99997
299.99997
299.99997
299.99998
299.99998
299.99997
299.99997
299.99997
299.99997
299.99997
299.99997
299.99997
299.99997
299.99997
299.99997
299.99997
299.99997
299.99998
300
300.00002
300.00004
300.00006
300.00007
343.62134
331.22474
320.38949
311.66629
305.52951
302.03334
300.50922
300.04197
299.9682
299.98137
299.99447
299.99903
299.99993
300
299.99998
299.99997
299.99997
299.99997
299.99997
299.99997
299.99997
299.99997
299.99997
299.99997
299.99997
299.99997
299.99997
299.99997
299.99997
299.99997
299.99997
299.99997
299.99997
299.99997
299.99998
300
300.00002
300.00004
300.00006
300.00007
343.61301
331.20043
320.38608
311.72431
305.6183
302.1062
300.54913
300.05686
299.97147
299.98136
299.99415
299.99889
299.9999
300
299.99998
299.99997
299.99997
299.99997
299.99997
299.99997
299.99997
299.99997
299.99997
299.99997
299.99997
299.99997
299.99997
299.99997
299.99997
299.99997
299.99997
299.99997
299.99997
299.99997
299.99998
300
300.00002
300.00004
300.00006
300.00007
343.60572
331.17788
320.37679
311.77133
305.69885
302.17553
300.58845
300.07211
299.97509
299.98149
299.99385
299.99875
299.99987
299.99999
299.99998
299.99997
299.99997
299.99997
299.99997
299.99997
299.99997
299.99997
299.99997
299.99997
299.99997
299.99997
299.99997
299.99997
299.99997
299.99997
299.99997
299.99997
299.99997
299.99997
299.99998
300
300.00002
300.00004
300.00006
300.00007
343.59941
331.15794
320.364
311.80889
305.77159
302.24127
300.62705
300.08765
299.97902
299.98176
299.99358
299.99861
299.99983
299.99999
299.99998
299.99997
299.99997
299.99997
299.99997
299.99997
299.99997
299.99997
299.99997
299.99997
299.99997
299.99997
299.99997
299.99997
299.99997
299.99997
299.99997
299.99997
299.99997
299.99997
299.99998
300
300.00002
300.00004
300.00006
300.00008
343.59391
331.14103
320.34989
311.83868
305.83709
302.30345
300.66483
300.10343
299.98326
299.98216
299.99335
299.99847
299.99979
299.99998
299.99998
299.99997
299.99997
299.99997
299.99997
299.99997
299.99997
299.99997
299.99997
299.99997
299.99997
299.99997
299.99997
299.99997
299.99997
299.99997
299.99997
299.99997
299.99997
299.99997
299.99998
300
300.00002
300.00004
300.00006
300.00008
343.58897
331.12712
320.33629
311.86243
305.89604
302.36215
300.70171
300.11936
299.98777
299.98271
299.99316
299.99834
299.99975
299.99997
299.99998
299.99997
299.99997
299.99997
299.99997
299.99997
299.99997
299.99997
299.99997
299.99997
299.99997
299.99997
299.99997
299.99997
299.99997
299.99997
299.99997
299.99996
299.99997
299.99997
299.99998
300
300.00002
300.00005
300.00006
300.00008
343.5843
331.11582
320.32456
311.88185
305.94921
302.41752
300.73764
300.13539
299.99254
299.98339
299.99301
299.99821
299.9997
299.99996
299.99998
299.99997
299.99997
299.99997
299.99997
299.99997
299.99997
299.99997
299.99997
299.99997
299.99997
299.99997
299.99997
299.99997
299.99997
299.99997
299.99997
299.99996
299.99997
299.99997
299.99998
300
300.00002
300.00005
300.00007
300.00008
343.57957
331.10643
320.31557
311.89851
305.99743
302.46974
300.77259
300.15147
299.99754
299.9842
299.99289
299.99808
299.99966
299.99995
299.99998
299.99997
299.99997
299.99997
299.99997
299.99997
299.99997
299.99997
299.99997
299.99997
299.99997
299.99997
299.99997
299.99997
299.99997
299.99997
299.99996
299.99996
299.99997
299.99997
299.99998
300
300.00003
300.00005
300.00007
300.00008
343.5745
331.09801
320.3096
311.91374
306.04155
302.51906
300.80653
300.16755
300.00274
299.98514
299.99282
299.99796
299.99961
299.99994
299.99998
299.99997
299.99997
299.99997
299.99997
299.99997
299.99997
299.99997
299.99997
299.99997
299.99997
299.99997
299.99997
299.99997
299.99997
299.99997
299.99996
299.99996
299.99997
299.99997
299.99998
300
300.00003
300.00005
300.00007
300.00008
343.56882
331.08954
320.30639
311.92858
306.08234
302.56572
300.83947
300.18358
300.00813
299.98621
299.99279
299.99785
299.99956
299.99993
299.99997
299.99997
299.99997
299.99997
299.99997
299.99997
299.99997
299.99997
299.99997
299.99997
299.99997
299.99997
299.99997
299.99997
299.99997
299.99997
299.99996
299.99996
299.99996
299.99997
299.99998
300
300.00003
300.00005
300.00007
300.00008
343.56233
331.07995
320.30518
311.94369
306.12056
302.60999
300.87142
300.19954
300.01369
299.98739
299.99281
299.99775
299.99952
299.99992
299.99997
299.99997
299.99997
299.99997
299.99997
299.99997
299.99997
299.99997
299.99997
299.99997
299.99997
299.99997
299.99997
299.99997
299.99997
299.99996
299.99996
299.99996
299.99996
299.99997
299.99998
300
300.00003
300.00005
300.00007
300.00008
343.55491
331.06828
320.30483
311.95933
306.15678
302.65215
300.90243
300.21539
300.01939
299.98868
299.99287
299.99766
299.99947
299.9999
299.99997
299.99997
299.99997
299.99997
299.99997
299.99997
299.99997
299.99997
299.99997
299.99997
299.99997
299.99997
299.99997
299.99997
299.99996
299.99996
299.99996
299.99996
299.99996
299.99997
299.99998
300
300.00003
300.00005
300.00007
300.00008
343.54651
331.05373
320.3039
311.97533
306.19144
302.69245
300.93254
300.23111
300.02521
299.99008
299.99297
299.99757
299.99942
299.99989
299.99996
299.99997
299.99997
299.99997
299.99997
299.99997
299.99997
299.99997
299.99997
299.99997
299.99997
299.99997
299.99997
299.99996
299.99996
299.99996
299.99996
299.99996
299.99996
299.99997
299.99998
300
300.00003
300.00005
300.00007
300.00008
343.53719
331.03573
320.30086
311.99115
306.22477
302.73108
300.96178
300.24669
300.03113
299.99157
299.99311
299.9975
299.99938
299.99988
299.99996
299.99997
299.99997
299.99997
299.99997
299.99997
299.99997
299.99997
299.99997
299.99997
299.99997
299.99996
299.99996
299.99996
299.99996
299.99996
299.99996
299.99996
299.99996
299.99997
299.99998
300
300.00003
300.00005
300.00007
300.00008
343.52704
331.01401
320.29421
312.00594
306.25678
302.7682
300.9902
300.26209
300.03713
299.99315
299.9933
299.99744
299.99934
299.99986
299.99996
299.99997
299.99996
299.99996
299.99996
299.99996
299.99996
299.99996
299.99996
299.99996
299.99996
299.99996
299.99996
299.99996
299.99996
299.99996
299.99996
299.99996
299.99996
299.99997
299.99998
300
300.00003
300.00005
300.00007
300.00009
343.51624
330.98855
320.28264
312.01867
306.28727
302.80382
301.0178
300.27731
300.04321
299.99482
299.99352
299.99739
299.99929
299.99984
299.99995
299.99996
299.99996
299.99996
299.99996
299.99996
299.99996
299.99996
299.99996
299.99996
299.99996
299.99996
299.99996
299.99996
299.99996
299.99996
299.99996
299.99996
299.99996
299.99997
299.99998
300
300.00003
300.00005
300.00007
300.00009
343.505
330.95961
320.26516
312.0282
306.31587
302.83793
301.04456
300.29231
300.04933
299.99656
299.99379
299.99735
299.99925
299.99983
299.99995
299.99996
299.99996
299.99996
299.99996
299.99996
299.99996
299.99996
299.99996
299.99996
299.99996
299.99996
299.99996
299.99996
299.99996
299.99996
299.99996
299.99996
299.99996
299.99997
299.99998
300
300.00003
300.00005
300.00007
300.00009
343.49356
330.92769
320.24115
312.03349
306.34214
302.87038
301.07044
300.30708
300.05551
299.9984
299.9941
299.99733
299.99922
299.99981
299.99994
299.99996
299.99996
299.99996
299.99996
299.99996
299.99996
299.99996
299.99996
299.99996
299.99996
299.99996
299.99996
299.99996
299.99996
299.99996
299.99996
299.99996
299.99996
299.99997
299.99998
300
300.00003
300.00005
300.00007
300.00009
343.48215
330.89345
320.21042
312.03359
306.3656
302.90106
301.09537
300.32156
300.06171
300.00031
299.99447
299.99733
299.99918
299.9998
299.99994
299.99996
299.99996
299.99996
299.99996
299.99996
299.99996
299.99996
299.99996
299.99996
299.99996
299.99996
299.99996
299.99996
299.99996
299.99996
299.99996
299.99996
299.99996
299.99997
299.99998
300
300.00003
300.00005
300.00008
300.00009
343.471
330.85764
320.17314
312.02777
306.38586
302.92985
301.11929
300.33573
300.06794
300.00231
299.99489
299.99735
299.99916
299.99979
299.99994
299.99996
299.99996
299.99996
299.99996
299.99996
299.99996
299.99996
299.99996
299.99996
299.99996
299.99996
299.99996
299.99996
299.99996
299.99996
299.99996
299.99996
299.99996
299.99997
299.99998
300
300.00003
300.00005
300.00008
300.00009
343.4603
330.82107
320.12983
312.01548
306.40259
302.95676
301.14223
300.34956
300.07416
300.00439
299.99536
299.99739
299.99913
299.99977
299.99993
299.99996
299.99996
299.99996
299.99996
299.99996
299.99996
299.99996
299.99996
299.99996
299.99996
299.99996
299.99996
299.99996
299.99996
299.99996
299.99996
299.99996
299.99996
299.99997
299.99998
300
300.00003
300.00005
300.00008
300.00009
343.45022
330.78451
320.08125
311.99628
306.41552
302.98187
301.1643
300.36308
300.08036
300.00651
299.99586
299.99744
299.99911
299.99976
299.99993
299.99996
299.99996
299.99996
299.99996
299.99996
299.99996
299.99996
299.99996
299.99996
299.99996
299.99996
299.99996
299.99996
299.99996
299.99996
299.99996
299.99996
299.99996
299.99997
299.99998
300
300.00003
300.00005
300.00008
300.00009
343.44088
330.74868
320.02834
311.96983
306.42432
303.00535
301.18568
300.37635
300.08652
300.00866
299.99638
299.99749
299.99909
299.99975
299.99992
299.99995
299.99996
299.99996
299.99996
299.99996
299.99996
299.99996
299.99996
299.99996
299.99996
299.99996
299.99996
299.99996
299.99996
299.99996
299.99996
299.99996
299.99996
299.99997
299.99998
300
300.00002
300.00005
300.00008
300.00009
343.43237
330.71421
319.97215
311.93587
306.42846
303.02726
301.20665
300.38949
300.09263
300.01078
299.99689
299.99754
299.99907
299.99973
299.99991
299.99995
299.99995
299.99995
299.99995
299.99995
299.99995
299.99995
299.99995
299.99995
299.99995
299.99995
299.99995
299.99995
299.99995
299.99995
299.99995
299.99996
299.99996
299.99997
299.99998
300
300.00002
300.00006
300.00008
300.00009
343.42473
330.6816
319.9138
311.89422
306.42715
303.04746
301.22742
300.40265
300.09871
300.01285
299.99735
299.99757
299.99904
299.99971
299.9999
299.99994
299.99995
299.99995
299.99995
299.99995
299.99995
299.99995
299.99995
299.99995
299.99995
299.99995
299.99995
299.99995
299.99995
299.99995
299.99995
299.99995
299.99996
299.99997
299.99998
300
300.00002
300.00006
300.00008
300.00009
343.41796
330.65125
319.85446
311.84491
306.41927
303.06538
301.24802
300.41598
300.10481
300.01484
299.99775
299.99756
299.99899
299.99968
299.99989
299.99993
299.99994
299.99994
299.99994
299.99994
299.99994
299.99994
299.99994
299.99994
299.99994
299.99994
299.99994
299.99994
299.99994
299.99994
299.99994
299.99995
299.99995
299.99996
299.99997
299.99999
300.00002
300.00006
300.00008
300.00009
343.41205
330.62345
319.7953
311.78826
306.40354
303.07995
301.26818
300.42952
300.11099
300.01678
299.99808
299.99752
299.99893
299.99965
299.99988
299.99992
299.99993
299.99993
299.99993
299.99993
299.99993
299.99993
299.99993
299.99993
299.99993
299.99993
299.99993
299.99993
299.99993
299.99993
299.99994
299.99994
299.99995
299.99996
299.99997
299.99999
300.00002
300.00006
300.00008
300.00009
343.40695
330.59838
319.73748
311.72505
306.37871
303.08966
301.28719
300.44316
300.1173
300.01871
299.99836
299.99743
299.99885
299.99962
299.99986
299.99991
299.99992
299.99992
299.99992
299.99992
299.99992
299.99992
299.99992
299.99992
299.99992
299.99992
299.99992
299.99992
299.99992
299.99993
299.99993
299.99993
299.99994
299.99995
299.99996
299.99999
300.00002
300.00006
300.00009
300.00009
343.40262
330.57614
319.68214
311.65658
306.34389
303.09271
301.30396
300.45658
300.12376
300.02071
299.99862
299.99733
299.99877
299.99958
299.99985
299.99991
299.99991
299.99991
299.99991
299.99991
299.99991
299.99991
299.99991
299.99991
299.99991
299.99991
299.99992
299.99992
299.99992
299.99992
299.99992
299.99992
299.99993
299.99994
299.99996
299.99999
300.00003
300.00007
300.00009
300.00009
343.39899
330.55672
319.6303
311.58463
306.29891
303.08738
301.31705
300.4692
300.13031
300.02285
299.99895
299.99724
299.99868
299.99955
299.99983
299.9999
299.99991
299.99991
299.99991
299.99991
299.99991
299.99991
299.99991
299.99991
299.99991
299.99991
299.99991
299.99991
299.99991
299.99991
299.99991
299.99992
299.99992
299.99993
299.99995
299.99999
300.00003
300.00007
300.00009
300.00009
343.39599
330.54008
319.58284
311.51138
306.24448
303.07243
301.325
300.48027
300.13679
300.02521
299.99942
299.99721
299.99862
299.99952
299.99982
299.99989
299.99991
299.99991
299.99991
299.99991
299.99991
299.99991
299.99991
299.99991
299.99991
299.99991
299.99991
299.99991
299.99991
299.99991
299.99991
299.99991
299.99992
299.99993
299.99995
299.99999
300.00003
300.00007
300.00009
300.00009
343.39356
330.5261
319.54042
311.43923
306.18232
303.04744
301.32656
300.48896
300.14296
300.0278
300.00011
299.99727
299.99858
299.9995
299.99982
299.99989
299.99991
299.99991
299.99991
299.99991
299.99991
299.99991
299.99991
299.99991
299.99991
299.99991
299.99991
299.99991
299.99991
299.99991
299.99991
299.99991
299.99992
299.99993
299.99995
299.99999
300.00004
300.00007
300.00009
300.00009
343.39164
330.51461
319.5035
311.37049
306.11496
303.01302
301.32105
300.49453
300.14847
300.03059
300.00104
299.99748
299.9986
299.99949
299.99982
299.9999
299.99991
299.99991
299.99991
299.99991
299.99991
299.99991
299.99991
299.99991
299.99991
299.99991
299.99991
299.99991
299.99991
299.99991
299.99991
299.99991
299.99992
299.99993
299.99996
300
300.00004
300.00008
300.00009
300.00009
343.39016
330.50541
319.47223
311.3072
306.04545
302.97078
301.3085
300.49651
300.153
300.03346
300.00223
299.99783
299.99868
299.99951
299.99982
299.9999
299.99992
299.99992
299.99992
299.99992
299.99992
299.99992
299.99992
299.99992
299.99992
299.99992
299.99992
299.99992
299.99992
299.99992
299.99991
299.99992
299.99992
299.99994
299.99997
300.00001
300.00005
300.00008
300.00009
300.00009
343.38908
330.49829
319.44653
311.25094
305.97697
302.92316
301.2897
300.49479
300.15629
300.03627
300.00362
299.99833
299.99882
299.99954
299.99984
299.99991
299.99993
299.99993
299.99993
299.99993
299.99993
299.99993
299.99993
299.99993
299.99993
299.99993
299.99993
299.99993
299.99993
299.99993
299.99992
299.99993
299.99993
299.99995
299.99997
300.00001
300.00005
300.00008
300.00009
300.00009
343.38833
330.49298
319.4261
311.20265
305.91245
302.87302
301.26612
300.48966
300.15818
300.03884
300.00512
299.99894
299.99901
299.99959
299.99985
299.99993
299.99994
299.99994
299.99994
299.99994
299.99994
299.99994
299.99994
299.99994
299.99994
299.99994
299.99994
299.99994
299.99994
299.99994
299.99994
299.99994
299.99994
299.99996
299.99998
300.00002
300.00006
300.00008
300.00009
300.00009
343.38789
330.48924
319.41043
311.16268
305.85418
302.82322
301.23958
300.48177
300.15869
300.04103
300.00663
299.99963
299.99924
299.99966
299.99987
299.99994
299.99995
299.99995
299.99995
299.99996
299.99996
299.99996
299.99996
299.99996
299.99996
299.99996
299.99995
299.99995
299.99995
299.99995
299.99995
299.99995
299.99996
299.99997
299.99999
300.00003
300.00006
300.00008
300.00009
300.00009
343.38769
330.48682
319.39893
311.1308
305.80369
302.7763
301.21202
300.47197
300.15796
300.04274
300.00804
300.00032
299.9995
299.99973
299.9999
299.99995
299.99996
299.99997
299.99997
299.99997
299.99997
299.99997
299.99997
299.99997
299.99997
299.99997
299.99997
299.99996
299.99996
299.99996
299.99996
299.99996
299.99997
299.99998
300
300.00003
300.00006
300.00008
300.00009
300.00009
343.38772
330.48549
319.39093
311.10635
305.76166
302.73411
301.18517
300.46119
300.15625
300.04392
300.00927
300.00097
299.99975
299.99981
299.99992
299.99996
299.99997
299.99998
299.99998
299.99998
299.99998
299.99998
299.99998
299.99998
299.99998
299.99998
299.99998
299.99997
299.99997
299.99997
299.99997
299.99997
299.99998
299.99999
300.00001
300.00004
300.00006
300.00008
300.00009
300.00009
343.38795
330.48505
319.38575
311.08835
305.72803
302.69786
301.16045
300.45029
300.15385
300.0446
300.01026
300.00154
299.99998
299.99989
299.99995
299.99997
299.99998
299.99998
299.99998
299.99999
299.99999
299.99999
299.99999
299.99999
299.99999
299.99998
299.99998
299.99998
299.99998
299.99998
299.99998
299.99998
299.99999
300
300.00002
300.00004
300.00007
300.00008
300.00009
300.00009
343.38838
330.48538
319.38284
311.0757
305.70206
302.66775
301.13854
300.43985
300.15105
300.04484
300.011
300.00202
300.00018
299.99995
299.99997
299.99998
299.99999
299.99999
299.99999
299.99999
299.99999
299.99999
299.99999
299.99999
299.99999
299.99999
299.99999
299.99999
299.99999
299.99999
299.99999
299.99999
300
300.00001
300.00002
300.00004
300.00007
300.00008
300.00009
300.00009
343.38902
330.48616
319.38144
311.06737
305.68348
302.64495
301.12114
300.43109
300.14841
300.04481
300.0115
300.00237
300.00033
300
299.99998
299.99999
299.99999
300
300
300
300
300
300
300
300
300
300
299.99999
299.99999
299.99999
299.99999
300
300
300.00001
300.00003
300.00005
300.00007
300.00008
300.00009
300.00009
343.39046
330.48886
319.38218
311.06092
305.66529
302.62001
301.10042
300.4197
300.14436
300.04424
300.01186
300.00271
300.0005
300.00007
300
300
300
300
300
300
300
300
300
300
300
300
300
300
300
300
300
300
300.00001
300.00001
300.00003
300.00005
300.00007
300.00008
300.00009
300.00009
)
;

boundaryField
{
    wall
    {
        type            fixedValue;
        value           uniform 350;
    }
    sides
    {
        type            zeroGradient;
    }
    frontAndBack
    {
        type            empty;
    }
    inlet
    {
        type            fixedValue;
        value           uniform 300;
    }
    outlet
    {
        type            zeroGradient;
    }
}


// ************************************************************************* //
