/*--------------------------------*- C++ -*----------------------------------*\
  =========                 |
  \\      /  F ield         | OpenFOAM: The Open Source CFD Toolbox
   \\    /   O peration     | Website:  https://openfoam.org
    \\  /    A nd           | Version:  10
     \\/     M anipulation  |
\*---------------------------------------------------------------------------*/
FoamFile
{
    format      ascii;
    class       volScalarField;
    location    "0.13";
    object      rho;
}
// * * * * * * * * * * * * * * * * * * * * * * * * * * * * * * * * * * * * * //

dimensions      [1 -3 0 0 0 0 0];

internalField   nonuniform List<scalar> 
4000
(
1.1257781
1.1399122
1.1374518
1.1374123
1.1374156
1.1374153
1.1374152
1.1374152
1.1374152
1.1374152
1.1374152
1.1374151
1.1374151
1.1374151
1.1374151
1.1374151
1.1374151
1.1374151
1.1374151
1.1374151
1.1374151
1.1374151
1.1374151
1.1374151
1.1374151
1.1374151
1.1374151
1.1374151
1.1374151
1.1374151
1.1374152
1.1374152
1.1374152
1.1374152
1.1374152
1.1374153
1.1374153
1.1374154
1.1374155
1.1374158
1.1019221
1.1431577
1.138253
1.1374084
1.1374123
1.1374153
1.1374152
1.1374152
1.1374152
1.1374152
1.1374152
1.1374151
1.1374151
1.1374151
1.1374151
1.1374151
1.1374151
1.1374151
1.1374151
1.1374151
1.1374151
1.1374151
1.1374151
1.1374151
1.1374151
1.1374151
1.1374151
1.1374151
1.1374151
1.1374151
1.1374152
1.1374152
1.1374152
1.1374152
1.1374152
1.1374153
1.1374153
1.1374154
1.1374154
1.1374155
1.0798125
1.1424246
1.139724
1.1375075
1.1373999
1.1374143
1.1374153
1.1374152
1.1374152
1.1374152
1.1374152
1.1374151
1.1374151
1.1374151
1.1374151
1.1374151
1.1374151
1.1374151
1.1374151
1.1374151
1.1374151
1.1374151
1.1374151
1.1374151
1.1374151
1.1374151
1.1374151
1.1374151
1.1374151
1.1374151
1.1374152
1.1374152
1.1374152
1.1374152
1.1374152
1.1374153
1.1374153
1.1374154
1.1374154
1.1374153
1.0605566
1.1380009
1.1412765
1.1378137
1.1373881
1.13741
1.1374152
1.1374152
1.1374152
1.1374152
1.1374151
1.1374151
1.1374151
1.1374151
1.1374151
1.1374151
1.1374151
1.1374151
1.1374151
1.1374151
1.1374151
1.1374151
1.1374151
1.1374151
1.1374151
1.1374151
1.1374151
1.1374151
1.1374151
1.1374151
1.1374151
1.1374152
1.1374152
1.1374152
1.1374152
1.1374152
1.1374153
1.1374153
1.1374153
1.1374152
1.0445573
1.1310076
1.1423261
1.1383514
1.137403
1.1374009
1.1374145
1.1374153
1.1374152
1.1374152
1.1374151
1.1374151
1.1374151
1.1374151
1.1374151
1.1374151
1.1374151
1.1374151
1.1374151
1.1374151
1.1374151
1.1374151
1.1374151
1.1374151
1.1374151
1.1374151
1.1374151
1.1374151
1.1374151
1.1374151
1.1374151
1.1374152
1.1374152
1.1374152
1.1374152
1.1374152
1.1374153
1.1374153
1.1374153
1.1374151
1.0318809
1.1226478
1.142505
1.1390531
1.1374748
1.1373888
1.1374125
1.1374153
1.1374152
1.1374151
1.1374151
1.1374151
1.1374151
1.1374151
1.1374151
1.1374151
1.1374151
1.1374151
1.1374151
1.1374151
1.1374151
1.1374151
1.1374151
1.1374151
1.1374151
1.1374151
1.1374151
1.1374151
1.1374151
1.1374151
1.1374151
1.1374151
1.1374152
1.1374152
1.1374152
1.1374152
1.1374152
1.1374153
1.1374152
1.137415
1.022333
1.1139202
1.1417124
1.1397928
1.1376228
1.1373797
1.1374083
1.1374151
1.1374152
1.1374151
1.1374151
1.1374151
1.1374151
1.1374151
1.1374151
1.1374151
1.1374151
1.1374151
1.1374151
1.1374151
1.1374151
1.1374151
1.1374151
1.1374151
1.1374151
1.1374151
1.1374151
1.1374151
1.1374151
1.1374151
1.1374151
1.1374151
1.1374151
1.1374152
1.1374152
1.1374152
1.1374152
1.1374152
1.1374151
1.137415
1.0154982
1.1055051
1.1400481
1.1404392
1.1378476
1.1373814
1.1374021
1.1374146
1.1374153
1.1374151
1.1374151
1.1374151
1.1374151
1.1374151
1.1374151
1.1374151
1.1374151
1.1374151
1.1374151
1.1374151
1.1374151
1.1374151
1.1374151
1.1374151
1.1374151
1.1374151
1.1374151
1.1374151
1.1374151
1.1374151
1.1374151
1.1374151
1.1374151
1.1374151
1.1374152
1.1374152
1.1374152
1.1374152
1.1374151
1.1374149
1.0108321
1.097783
1.1377086
1.1408931
1.1381326
1.1374017
1.1373947
1.1374134
1.1374153
1.1374151
1.1374151
1.1374151
1.1374151
1.1374151
1.1374151
1.1374151
1.1374151
1.1374151
1.1374151
1.1374151
1.1374151
1.1374151
1.1374151
1.1374151
1.1374151
1.1374151
1.1374151
1.1374151
1.1374151
1.1374151
1.1374151
1.1374151
1.1374151
1.1374151
1.1374151
1.1374152
1.1374152
1.1374151
1.137415
1.1374149
1.0077659
1.0909113
1.1349084
1.1410991
1.1384512
1.1374455
1.1373877
1.1374113
1.1374152
1.1374152
1.1374151
1.1374151
1.1374151
1.1374151
1.1374151
1.1374151
1.1374151
1.1374151
1.1374151
1.1374151
1.1374151
1.1374151
1.1374151
1.1374151
1.1374151
1.1374151
1.1374151
1.1374151
1.1374151
1.1374151
1.1374151
1.1374151
1.1374151
1.1374151
1.1374151
1.1374151
1.1374151
1.1374151
1.137415
1.1374149
1.0057884
1.0849049
1.1318371
1.1410405
1.1387742
1.1375143
1.1373834
1.1374085
1.1374151
1.1374152
1.1374151
1.1374151
1.1374151
1.1374151
1.1374151
1.1374151
1.1374151
1.1374151
1.1374151
1.1374151
1.1374151
1.1374151
1.1374151
1.1374151
1.1374151
1.1374151
1.1374151
1.1374151
1.1374151
1.1374151
1.1374151
1.1374151
1.1374151
1.1374151
1.1374151
1.1374151
1.1374151
1.1374151
1.1374149
1.1374148
1.004493
1.0796981
1.1286425
1.1407276
1.1390748
1.1376064
1.1373836
1.137405
1.1374146
1.1374152
1.1374151
1.1374151
1.1374151
1.1374151
1.1374151
1.1374151
1.1374151
1.1374151
1.1374151
1.1374151
1.1374151
1.1374151
1.1374151
1.1374151
1.1374151
1.1374151
1.1374151
1.1374151
1.1374151
1.1374151
1.1374151
1.1374151
1.1374151
1.1374151
1.1374151
1.1374151
1.1374151
1.1374151
1.1374149
1.1374148
1.0035893
1.07519
1.1254299
1.1401867
1.1393318
1.1377176
1.13739
1.1374012
1.1374139
1.1374152
1.1374151
1.1374151
1.1374151
1.1374151
1.1374151
1.1374151
1.1374151
1.1374151
1.1374151
1.1374151
1.1374151
1.1374151
1.1374151
1.1374151
1.1374151
1.1374151
1.1374151
1.1374151
1.1374151
1.1374151
1.1374151
1.1374151
1.1374151
1.1374151
1.1374151
1.1374151
1.1374151
1.137415
1.1374149
1.1374148
1.0028908
1.0712712
1.1222678
1.1394507
1.1395303
1.1378424
1.1374039
1.1373977
1.137413
1.1374152
1.1374151
1.1374151
1.1374151
1.1374151
1.1374151
1.1374151
1.1374151
1.1374151
1.137415
1.137415
1.137415
1.137415
1.137415
1.137415
1.137415
1.1374151
1.1374151
1.1374151
1.1374151
1.1374151
1.1374151
1.1374151
1.1374151
1.1374151
1.1374151
1.1374151
1.1374151
1.137415
1.1374149
1.1374148
1.0022894
1.0678401
1.1191976
1.138553
1.1396611
1.1379747
1.1374255
1.137395
1.1374117
1.1374151
1.1374151
1.1374151
1.1374151
1.1374151
1.137415
1.137415
1.137415
1.137415
1.137415
1.137415
1.137415
1.137415
1.137415
1.137415
1.137415
1.137415
1.137415
1.137415
1.1374151
1.1374151
1.1374151
1.1374151
1.1374151
1.1374151
1.1374151
1.1374151
1.1374151
1.137415
1.1374149
1.1374148
1.0017299
1.0648088
1.1162415
1.1375249
1.1397193
1.1381085
1.137455
1.1373935
1.1374102
1.137415
1.1374151
1.1374151
1.137415
1.137415
1.137415
1.137415
1.137415
1.137415
1.137415
1.137415
1.137415
1.137415
1.137415
1.137415
1.137415
1.137415
1.137415
1.137415
1.137415
1.137415
1.137415
1.1374151
1.1374151
1.1374151
1.1374151
1.1374151
1.1374151
1.137415
1.1374148
1.1374148
1.0011888
1.0621049
1.1134096
1.1363937
1.139704
1.1382382
1.1374916
1.1373938
1.1374086
1.1374147
1.1374151
1.1374151
1.137415
1.137415
1.137415
1.137415
1.137415
1.137415
1.137415
1.137415
1.137415
1.137415
1.137415
1.137415
1.137415
1.137415
1.137415
1.137415
1.137415
1.137415
1.137415
1.137415
1.137415
1.1374151
1.1374151
1.1374151
1.137415
1.1374149
1.1374148
1.1374148
1.0006593
1.0596707
1.1107043
1.1351828
1.1396163
1.1383589
1.1375346
1.1373961
1.137407
1.1374143
1.1374151
1.1374151
1.137415
1.137415
1.137415
1.137415
1.137415
1.137415
1.137415
1.137415
1.137415
1.137415
1.137415
1.137415
1.137415
1.137415
1.137415
1.137415
1.137415
1.137415
1.137415
1.137415
1.137415
1.1374151
1.1374151
1.1374151
1.137415
1.1374149
1.1374148
1.1374148
1.0001427
1.0574612
1.108124
1.1339116
1.1394591
1.1384667
1.1375826
1.1374008
1.1374054
1.1374139
1.1374151
1.1374151
1.137415
1.137415
1.137415
1.137415
1.137415
1.137415
1.137415
1.137415
1.137415
1.137415
1.137415
1.137415
1.137415
1.137415
1.137415
1.137415
1.137415
1.137415
1.137415
1.137415
1.137415
1.137415
1.1374151
1.1374151
1.137415
1.1374149
1.1374148
1.1374148
0.99964298
1.0554416
1.1056649
1.1325964
1.1392365
1.138558
1.1376346
1.1374081
1.1374042
1.1374133
1.1374151
1.1374151
1.137415
1.137415
1.137415
1.137415
1.137415
1.137415
1.137415
1.137415
1.137415
1.137415
1.137415
1.137415
1.137415
1.137415
1.137415
1.137415
1.137415
1.137415
1.137415
1.137415
1.137415
1.137415
1.1374151
1.137415
1.137415
1.1374149
1.1374148
1.1374148
0.99916435
1.0535855
1.1033222
1.1312509
1.1389529
1.1386303
1.1376889
1.1374179
1.1374034
1.1374127
1.137415
1.1374151
1.137415
1.137415
1.137415
1.137415
1.137415
1.137415
1.137415
1.137415
1.137415
1.137415
1.137415
1.137415
1.137415
1.137415
1.137415
1.137415
1.137415
1.137415
1.137415
1.137415
1.137415
1.137415
1.137415
1.137415
1.137415
1.1374149
1.1374148
1.1374148
0.99871019
1.0518723
1.1010912
1.1298864
1.1386132
1.1386815
1.1377443
1.1374302
1.137403
1.1374121
1.1374149
1.1374151
1.137415
1.137415
1.137415
1.137415
1.137415
1.137415
1.137415
1.137415
1.137415
1.137415
1.137415
1.137415
1.137415
1.137415
1.137415
1.137415
1.137415
1.137415
1.137415
1.137415
1.137415
1.137415
1.137415
1.137415
1.137415
1.1374149
1.1374148
1.1374148
0.99828277
1.0502865
1.0989673
1.1285126
1.1382226
1.1387103
1.1377993
1.1374449
1.1374034
1.1374114
1.1374148
1.1374151
1.137415
1.137415
1.137415
1.137415
1.137415
1.137415
1.137415
1.137415
1.137415
1.137415
1.137415
1.137415
1.137415
1.137415
1.137415
1.137415
1.137415
1.137415
1.137415
1.137415
1.137415
1.137415
1.137415
1.137415
1.137415
1.1374149
1.1374148
1.1374148
0.99788343
1.0488158
1.0969462
1.1271375
1.137786
1.1387157
1.1378525
1.1374618
1.1374044
1.1374108
1.1374146
1.1374151
1.137415
1.137415
1.137415
1.137415
1.137415
1.137415
1.137415
1.137415
1.137415
1.137415
1.137415
1.137415
1.137415
1.137415
1.137415
1.137415
1.137415
1.137415
1.137415
1.137415
1.137415
1.137415
1.137415
1.137415
1.1374149
1.1374148
1.1374148
1.1374148
0.99751272
1.0474506
1.0950241
1.1257684
1.1373085
1.1386972
1.1379028
1.1374805
1.1374062
1.1374102
1.1374144
1.137415
1.137415
1.137415
1.137415
1.137415
1.137415
1.137415
1.137415
1.137415
1.137415
1.137415
1.137415
1.137415
1.137415
1.137415
1.137415
1.137415
1.137415
1.137415
1.137415
1.137415
1.137415
1.137415
1.137415
1.137415
1.1374149
1.1374148
1.1374148
1.1374148
0.99717076
1.0461836
1.0931978
1.1244112
1.1367949
1.1386548
1.137949
1.1375007
1.1374089
1.1374098
1.1374142
1.137415
1.137415
1.137415
1.137415
1.137415
1.137415
1.137415
1.137415
1.137415
1.137415
1.137415
1.137415
1.137415
1.137415
1.137415
1.137415
1.137415
1.137415
1.137415
1.137415
1.137415
1.137415
1.137415
1.137415
1.137415
1.1374149
1.1374148
1.1374148
1.1374148
0.99685744
1.0450086
1.0914645
1.1230714
1.1362502
1.1385886
1.13799
1.1375221
1.1374124
1.1374094
1.1374139
1.137415
1.137415
1.137415
1.137415
1.137415
1.137415
1.137415
1.137415
1.137415
1.137415
1.137415
1.137415
1.137415
1.137415
1.137415
1.137415
1.137415
1.137415
1.137415
1.137415
1.137415
1.137415
1.137415
1.137415
1.137415
1.1374149
1.1374148
1.1374148
1.1374148
0.99657261
1.0439212
1.0898217
1.1217538
1.1356788
1.1384993
1.138025
1.1375443
1.1374168
1.1374093
1.1374137
1.1374149
1.137415
1.137415
1.137415
1.137415
1.137415
1.137415
1.137415
1.137415
1.137415
1.137415
1.137415
1.137415
1.137415
1.137415
1.137415
1.137415
1.137415
1.137415
1.137415
1.137415
1.137415
1.137415
1.137415
1.137415
1.1374149
1.1374148
1.1374148
1.1374148
0.99631621
1.042918
1.0882677
1.1204626
1.1350853
1.1383876
1.1380531
1.1375668
1.137422
1.1374094
1.1374134
1.1374149
1.137415
1.137415
1.137415
1.137415
1.137415
1.137415
1.137415
1.137415
1.137415
1.137415
1.137415
1.137415
1.137415
1.137415
1.137415
1.137415
1.137415
1.137415
1.137415
1.137415
1.137415
1.137415
1.137415
1.137415
1.1374149
1.1374148
1.1374148
1.1374148
0.99608831
1.0419967
1.0868011
1.1192019
1.1344741
1.1382545
1.1380738
1.1375893
1.137428
1.1374097
1.1374132
1.1374148
1.137415
1.137415
1.137415
1.137415
1.137415
1.137415
1.137415
1.137415
1.137415
1.137415
1.137415
1.137415
1.137415
1.137415
1.137415
1.137415
1.137415
1.137415
1.137415
1.137415
1.137415
1.137415
1.137415
1.137415
1.1374149
1.1374148
1.1374148
1.1374147
0.99588909
1.0411559
1.0854212
1.1179753
1.1338493
1.1381012
1.1380864
1.1376112
1.1374346
1.1374102
1.137413
1.1374147
1.137415
1.137415
1.137415
1.137415
1.137415
1.137415
1.137415
1.137415
1.137415
1.137415
1.137415
1.137415
1.137415
1.137415
1.137415
1.137415
1.137415
1.137415
1.137415
1.137415
1.137415
1.137415
1.137415
1.137415
1.1374149
1.1374148
1.1374148
1.1374147
0.99571877
1.0403954
1.0841279
1.1167866
1.1332152
1.137929
1.1380907
1.1376323
1.1374419
1.137411
1.1374128
1.1374146
1.137415
1.137415
1.137415
1.137415
1.137415
1.137415
1.137415
1.137415
1.137415
1.137415
1.137415
1.137415
1.137415
1.137415
1.137415
1.137415
1.137415
1.137415
1.137415
1.137415
1.137415
1.137415
1.137415
1.1374149
1.1374149
1.1374148
1.1374147
1.1374147
0.99557755
1.0397155
1.0829215
1.115639
1.1325756
1.1377396
1.1380863
1.1376521
1.1374497
1.1374121
1.1374127
1.1374146
1.137415
1.137415
1.137415
1.137415
1.137415
1.137415
1.137415
1.137415
1.137415
1.137415
1.137415
1.137415
1.137415
1.137415
1.137415
1.137415
1.137415
1.137415
1.137415
1.137415
1.137415
1.137415
1.137415
1.1374149
1.1374149
1.1374148
1.1374147
1.1374147
0.9954655
1.0391176
1.0818034
1.1145362
1.1319345
1.1375345
1.1380732
1.1376701
1.1374578
1.1374135
1.1374126
1.1374145
1.1374149
1.137415
1.137415
1.137415
1.137415
1.137415
1.137415
1.137415
1.137415
1.137415
1.137415
1.137415
1.137415
1.137415
1.137415
1.137415
1.137415
1.137415
1.137415
1.137415
1.137415
1.137415
1.137415
1.1374149
1.1374149
1.1374148
1.1374147
1.1374147
0.99538236
1.038603
1.0807751
1.1134816
1.1312959
1.1373155
1.1380513
1.1376862
1.1374662
1.1374152
1.1374126
1.1374144
1.1374149
1.137415
1.137415
1.137415
1.137415
1.137415
1.137415
1.137415
1.137415
1.137415
1.137415
1.137415
1.137415
1.137415
1.137415
1.137415
1.137415
1.137415
1.137415
1.137415
1.137415
1.137415
1.137415
1.1374149
1.1374148
1.1374148
1.1374147
1.1374147
0.99532747
1.0381736
1.079839
1.1124789
1.1306634
1.1370844
1.1380207
1.1377
1.1374747
1.1374171
1.1374127
1.1374143
1.1374149
1.137415
1.137415
1.137415
1.1374149
1.1374149
1.1374149
1.1374149
1.1374149
1.1374149
1.1374149
1.1374149
1.1374149
1.137415
1.137415
1.137415
1.137415
1.137415
1.137415
1.137415
1.137415
1.137415
1.137415
1.1374149
1.1374148
1.1374148
1.1374147
1.1374147
0.99529952
1.0378307
1.0789978
1.1115319
1.1300409
1.1368432
1.1379817
1.1377113
1.1374832
1.1374193
1.1374128
1.1374142
1.1374149
1.137415
1.137415
1.1374149
1.1374149
1.1374149
1.1374149
1.1374149
1.1374149
1.1374149
1.1374149
1.1374149
1.1374149
1.1374149
1.1374149
1.137415
1.137415
1.137415
1.137415
1.137415
1.137415
1.137415
1.137415
1.1374149
1.1374148
1.1374148
1.1374147
1.1374146
0.99529648
1.0375746
1.0782542
1.1106442
1.129432
1.1365939
1.1379345
1.1377197
1.1374915
1.1374216
1.1374131
1.1374142
1.1374148
1.1374149
1.1374149
1.1374149
1.1374149
1.1374149
1.1374149
1.1374149
1.1374149
1.1374149
1.1374149
1.1374149
1.1374149
1.1374149
1.1374149
1.1374149
1.137415
1.137415
1.137415
1.137415
1.137415
1.137415
1.137415
1.1374149
1.1374148
1.1374147
1.1374147
1.1374146
0.99531551
1.037404
1.0776109
1.1098196
1.1288405
1.1363385
1.1378797
1.1377252
1.1374995
1.1374242
1.1374134
1.1374141
1.1374148
1.1374149
1.1374149
1.1374149
1.1374149
1.1374149
1.1374149
1.1374149
1.1374149
1.1374149
1.1374149
1.1374149
1.1374149
1.1374149
1.1374149
1.1374149
1.1374149
1.137415
1.137415
1.137415
1.137415
1.137415
1.137415
1.1374149
1.1374148
1.1374147
1.1374147
1.1374146
0.99535298
1.0373154
1.0770696
1.1090617
1.1282698
1.1360791
1.1378178
1.1377276
1.137507
1.1374269
1.1374138
1.1374141
1.1374148
1.1374149
1.1374149
1.1374149
1.1374149
1.1374149
1.1374149
1.1374149
1.1374149
1.1374149
1.1374149
1.1374149
1.1374149
1.1374149
1.1374149
1.1374149
1.1374149
1.1374149
1.137415
1.137415
1.137415
1.137415
1.1374149
1.1374149
1.1374148
1.1374147
1.1374147
1.1374146
0.99540457
1.0373022
1.0766307
1.1083736
1.1277234
1.1358178
1.1377493
1.1377268
1.137514
1.1374297
1.1374143
1.1374141
1.1374148
1.1374149
1.1374149
1.1374149
1.1374149
1.1374149
1.1374149
1.1374149
1.1374149
1.1374149
1.1374149
1.1374149
1.1374149
1.1374149
1.1374149
1.1374149
1.1374149
1.1374149
1.137415
1.137415
1.137415
1.137415
1.1374149
1.1374149
1.1374148
1.1374147
1.1374147
1.1374146
0.99546557
1.0373549
1.0762925
1.1077578
1.1272043
1.1355567
1.1376749
1.1377229
1.1375202
1.1374326
1.1374148
1.1374141
1.1374147
1.1374149
1.1374149
1.1374149
1.1374149
1.1374149
1.1374149
1.1374149
1.1374149
1.1374149
1.1374149
1.1374149
1.1374149
1.1374149
1.1374149
1.1374149
1.1374149
1.1374149
1.1374149
1.137415
1.137415
1.137415
1.1374149
1.1374149
1.1374148
1.1374147
1.1374147
1.1374146
0.99553116
1.037461
1.0760507
1.1072157
1.1267152
1.1352978
1.1375954
1.1377158
1.1375257
1.1374354
1.1374155
1.1374142
1.1374147
1.1374149
1.1374149
1.1374149
1.1374149
1.1374149
1.1374149
1.1374149
1.1374149
1.1374149
1.1374149
1.1374149
1.1374149
1.1374149
1.1374149
1.1374149
1.1374149
1.1374149
1.1374149
1.137415
1.137415
1.137415
1.1374149
1.1374149
1.1374148
1.1374147
1.1374146
1.1374146
0.99559688
1.0376056
1.0758983
1.1067472
1.1262585
1.1350429
1.1375115
1.1377057
1.1375304
1.1374383
1.1374162
1.1374142
1.1374147
1.1374149
1.1374149
1.1374149
1.1374149
1.1374149
1.1374149
1.1374149
1.1374149
1.1374149
1.1374149
1.1374149
1.1374149
1.1374149
1.1374149
1.1374149
1.1374149
1.1374149
1.1374149
1.137415
1.137415
1.137415
1.1374149
1.1374149
1.1374148
1.1374147
1.1374146
1.1374146
0.99565898
1.0377727
1.0758249
1.1063507
1.1258357
1.1347938
1.1374241
1.1376926
1.1375341
1.1374411
1.137417
1.1374143
1.1374147
1.1374149
1.1374149
1.1374149
1.1374149
1.1374149
1.1374149
1.1374149
1.1374149
1.1374149
1.1374149
1.1374149
1.1374149
1.1374149
1.1374149
1.1374149
1.1374149
1.1374149
1.1374149
1.137415
1.137415
1.137415
1.1374149
1.1374149
1.1374148
1.1374147
1.1374146
1.1374146
0.99571481
1.0379467
1.0758175
1.1060229
1.1254477
1.134552
1.137334
1.1376767
1.1375368
1.1374438
1.1374178
1.1374144
1.1374147
1.1374149
1.1374149
1.1374149
1.1374149
1.1374149
1.1374149
1.1374149
1.1374149
1.1374149
1.1374149
1.1374149
1.1374149
1.1374149
1.1374149
1.1374149
1.1374149
1.1374149
1.1374149
1.1374149
1.137415
1.137415
1.1374149
1.1374149
1.1374148
1.1374147
1.1374146
1.1374145
0.9957629
1.0381141
1.0758613
1.1057582
1.1250944
1.1343187
1.1372419
1.1376583
1.1375386
1.1374463
1.1374186
1.1374146
1.1374147
1.1374149
1.1374149
1.1374149
1.1374149
1.1374149
1.1374149
1.1374149
1.1374149
1.1374149
1.1374149
1.1374149
1.1374149
1.1374149
1.1374149
1.1374149
1.1374149
1.1374149
1.1374149
1.1374149
1.137415
1.1374149
1.1374149
1.1374149
1.1374148
1.1374147
1.1374146
1.1374145
0.99580306
1.0382647
1.0759403
1.1055496
1.1247751
1.1340949
1.1371485
1.1376375
1.1375393
1.1374487
1.1374195
1.1374147
1.1374147
1.1374149
1.1374149
1.1374149
1.1374149
1.1374149
1.1374149
1.1374149
1.1374149
1.1374149
1.1374149
1.1374149
1.1374149
1.1374149
1.1374149
1.1374149
1.1374149
1.1374149
1.1374149
1.1374149
1.137415
1.1374149
1.1374149
1.1374149
1.1374148
1.1374147
1.1374146
1.1374145
0.99583617
1.0383924
1.0760387
1.1053886
1.1244879
1.1338812
1.1370546
1.1376145
1.137539
1.1374508
1.1374204
1.1374149
1.1374147
1.1374149
1.1374149
1.1374149
1.1374149
1.1374149
1.1374149
1.1374149
1.1374149
1.1374149
1.1374149
1.1374149
1.1374149
1.1374149
1.1374149
1.1374149
1.1374149
1.1374149
1.1374149
1.1374149
1.1374149
1.1374149
1.1374149
1.1374148
1.1374148
1.1374147
1.1374146
1.1374145
0.99586391
1.0384957
1.0761426
1.1052659
1.1242305
1.1336778
1.1369608
1.1375898
1.1375378
1.1374528
1.1374213
1.1374151
1.1374147
1.1374149
1.1374149
1.1374149
1.1374149
1.1374149
1.1374149
1.1374149
1.1374149
1.1374149
1.1374149
1.1374149
1.1374149
1.1374149
1.1374149
1.1374149
1.1374149
1.1374149
1.1374149
1.1374149
1.1374149
1.1374149
1.1374149
1.1374148
1.1374148
1.1374147
1.1374146
1.1374145
0.99588837
1.0385771
1.0762406
1.1051721
1.1239995
1.1334849
1.1368675
1.1375634
1.1375356
1.1374545
1.1374222
1.1374153
1.1374147
1.1374149
1.1374149
1.1374149
1.1374149
1.1374149
1.1374149
1.1374149
1.1374149
1.1374149
1.1374149
1.1374149
1.1374149
1.1374149
1.1374149
1.1374149
1.1374149
1.1374149
1.1374149
1.1374149
1.1374149
1.1374149
1.1374149
1.1374148
1.1374148
1.1374147
1.1374146
1.1374145
0.99591175
1.0386418
1.0763247
1.105098
1.1237916
1.133302
1.1367753
1.1375358
1.1375326
1.1374559
1.1374231
1.1374155
1.1374148
1.1374149
1.1374149
1.1374149
1.1374149
1.1374149
1.1374149
1.1374149
1.1374149
1.1374149
1.1374149
1.1374149
1.1374149
1.1374149
1.1374149
1.1374149
1.1374149
1.1374149
1.1374149
1.1374149
1.1374149
1.1374149
1.1374149
1.1374148
1.1374148
1.1374147
1.1374146
1.1374145
0.99593599
1.0386973
1.0763914
1.1050358
1.1236034
1.1331288
1.1366845
1.137507
1.1375288
1.1374571
1.1374239
1.1374158
1.1374148
1.1374149
1.1374149
1.1374149
1.1374149
1.1374149
1.1374149
1.1374149
1.1374149
1.1374149
1.1374149
1.1374149
1.1374149
1.1374149
1.1374149
1.1374149
1.1374149
1.1374149
1.1374149
1.1374149
1.1374149
1.1374149
1.1374149
1.1374148
1.1374147
1.1374147
1.1374146
1.1374145
0.99596262
1.0387513
1.0764408
1.1049794
1.1234315
1.1329647
1.1365952
1.1374773
1.1375242
1.137458
1.1374247
1.137416
1.1374148
1.1374149
1.1374149
1.1374149
1.1374149
1.1374149
1.1374149
1.1374149
1.1374149
1.1374149
1.1374149
1.1374149
1.1374149
1.1374149
1.1374149
1.1374149
1.1374149
1.1374149
1.1374149
1.1374149
1.1374149
1.1374149
1.1374149
1.1374148
1.1374147
1.1374146
1.1374145
1.1374145
0.99599255
1.0388111
1.0764775
1.1049247
1.1232731
1.1328091
1.1365077
1.1374468
1.1375188
1.1374587
1.1374255
1.1374163
1.1374149
1.1374149
1.1374149
1.1374149
1.1374149
1.1374149
1.1374149
1.1374149
1.1374149
1.1374149
1.1374149
1.1374149
1.1374149
1.1374149
1.1374149
1.1374149
1.1374149
1.1374149
1.1374149
1.1374149
1.1374149
1.1374149
1.1374149
1.1374148
1.1374147
1.1374146
1.1374145
1.1374145
0.99602612
1.0388828
1.0765086
1.1048698
1.1231256
1.1326616
1.1364221
1.1374155
1.1375125
1.137459
1.1374262
1.1374166
1.1374149
1.1374149
1.1374149
1.1374149
1.1374149
1.1374149
1.1374149
1.1374149
1.1374149
1.1374149
1.1374149
1.1374149
1.1374149
1.1374149
1.1374149
1.1374149
1.1374149
1.1374149
1.1374149
1.1374149
1.1374149
1.1374149
1.1374149
1.1374148
1.1374147
1.1374146
1.1374145
1.1374145
0.99606308
1.0389704
1.076544
1.1048148
1.1229869
1.1325215
1.1363385
1.1373836
1.1375055
1.1374589
1.1374268
1.1374168
1.137415
1.1374149
1.1374149
1.1374149
1.1374149
1.1374149
1.1374149
1.1374149
1.1374149
1.1374149
1.1374149
1.1374149
1.1374149
1.1374149
1.1374149
1.1374149
1.1374149
1.1374149
1.1374149
1.1374149
1.1374149
1.1374149
1.1374149
1.1374148
1.1374147
1.1374146
1.1374145
1.1374144
0.99610271
1.0390756
1.0765941
1.1047625
1.1228552
1.1323878
1.136257
1.1373513
1.1374978
1.1374585
1.1374273
1.1374171
1.137415
1.1374149
1.1374149
1.1374149
1.1374149
1.1374149
1.1374149
1.1374149
1.1374149
1.1374149
1.1374149
1.1374149
1.1374149
1.1374149
1.1374149
1.1374149
1.1374149
1.1374149
1.1374149
1.1374149
1.1374149
1.1374149
1.1374149
1.1374148
1.1374147
1.1374146
1.1374145
1.1374144
0.996144
1.0391983
1.0766691
1.1047177
1.1227292
1.1322595
1.1361775
1.1373189
1.1374897
1.1374579
1.1374278
1.1374173
1.1374151
1.1374149
1.1374149
1.1374149
1.1374149
1.1374149
1.1374149
1.1374149
1.1374149
1.1374149
1.1374149
1.1374149
1.1374149
1.1374149
1.1374149
1.1374149
1.1374149
1.1374149
1.1374149
1.1374149
1.1374149
1.1374149
1.1374149
1.1374148
1.1374147
1.1374146
1.1374145
1.1374144
0.99618571
1.039336
1.0767772
1.1046878
1.122609
1.1321353
1.1361
1.1372869
1.1374815
1.1374573
1.1374283
1.1374176
1.1374152
1.1374149
1.1374149
1.1374149
1.1374149
1.1374149
1.1374149
1.1374149
1.1374149
1.1374149
1.1374149
1.1374149
1.1374149
1.1374149
1.1374149
1.1374149
1.1374149
1.1374149
1.1374149
1.1374149
1.1374149
1.1374149
1.1374149
1.1374148
1.1374147
1.1374146
1.1374145
1.1374144
0.99622662
1.0394848
1.0769238
1.1046818
1.1224964
1.1320142
1.1360242
1.1372558
1.1374737
1.1374569
1.1374289
1.1374178
1.1374153
1.1374149
1.1374149
1.1374149
1.1374149
1.1374149
1.1374149
1.1374149
1.1374149
1.1374149
1.1374149
1.1374149
1.1374149
1.1374149
1.1374149
1.1374149
1.1374149
1.1374149
1.1374149
1.1374149
1.1374149
1.1374149
1.1374149
1.1374148
1.1374147
1.1374146
1.1374145
1.1374144
0.99626559
1.0396399
1.0771101
1.1047098
1.1223958
1.1318962
1.1359499
1.1372258
1.1374668
1.1374568
1.1374296
1.1374182
1.1374154
1.1374149
1.1374149
1.137415
1.137415
1.137415
1.137415
1.137415
1.137415
1.137415
1.137415
1.137415
1.137415
1.137415
1.137415
1.137415
1.137415
1.137415
1.137415
1.137415
1.137415
1.1374149
1.1374149
1.1374148
1.1374147
1.1374146
1.1374145
1.1374144
0.99630168
1.0397957
1.077333
1.1047814
1.1223144
1.1317828
1.1358767
1.1371969
1.1374607
1.1374573
1.1374305
1.1374185
1.1374155
1.137415
1.137415
1.137415
1.137415
1.137415
1.137415
1.137415
1.137415
1.137415
1.137415
1.137415
1.137415
1.137415
1.137415
1.137415
1.137415
1.137415
1.137415
1.137415
1.137415
1.137415
1.1374149
1.1374148
1.1374148
1.1374146
1.1374145
1.1374144
0.99633423
1.0399471
1.0775857
1.1049038
1.1222616
1.1316774
1.1358047
1.1371686
1.1374553
1.1374583
1.1374315
1.137419
1.1374156
1.137415
1.137415
1.137415
1.137415
1.137415
1.137415
1.137415
1.137415
1.137415
1.137415
1.137415
1.137415
1.137415
1.137415
1.137415
1.137415
1.137415
1.137415
1.137415
1.137415
1.137415
1.1374149
1.1374149
1.1374148
1.1374146
1.1374144
1.1374144
0.99636282
1.0400894
1.0778579
1.1050799
1.1222475
1.1315858
1.1357349
1.1371401
1.13745
1.1374594
1.1374327
1.1374194
1.1374157
1.1374151
1.137415
1.1374151
1.1374151
1.1374151
1.1374151
1.1374151
1.1374151
1.1374151
1.1374151
1.1374151
1.1374151
1.1374151
1.1374151
1.1374151
1.1374151
1.1374151
1.1374151
1.1374151
1.137415
1.137415
1.137415
1.1374149
1.1374148
1.1374146
1.1374144
1.1374144
0.99638731
1.0402189
1.0781374
1.1053071
1.1222804
1.1315148
1.135669
1.1371106
1.1374436
1.1374601
1.1374339
1.1374199
1.1374158
1.1374151
1.1374151
1.1374151
1.1374151
1.1374151
1.1374151
1.1374151
1.1374151
1.1374151
1.1374151
1.1374151
1.1374151
1.1374151
1.1374151
1.1374151
1.1374151
1.1374151
1.1374151
1.1374151
1.1374151
1.137415
1.137415
1.1374149
1.1374147
1.1374145
1.1374144
1.1374144
0.99640777
1.040333
1.078412
1.1055765
1.1223648
1.1314712
1.1356096
1.1370797
1.1374352
1.1374598
1.1374347
1.1374202
1.1374159
1.1374151
1.1374151
1.1374151
1.1374151
1.1374151
1.1374151
1.1374151
1.1374151
1.1374151
1.1374151
1.1374151
1.1374151
1.1374151
1.1374151
1.1374151
1.1374151
1.1374151
1.1374151
1.1374151
1.1374151
1.1374151
1.137415
1.1374149
1.1374147
1.1374145
1.1374144
1.1374144
0.99642443
1.0404304
1.0786703
1.1058746
1.1224996
1.1314601
1.1355598
1.1370475
1.1374238
1.1374579
1.1374349
1.1374205
1.1374159
1.1374151
1.1374151
1.1374151
1.1374151
1.1374151
1.1374151
1.1374151
1.1374151
1.1374151
1.1374151
1.1374151
1.1374151
1.1374151
1.1374151
1.1374151
1.1374151
1.1374151
1.1374151
1.1374151
1.1374151
1.1374151
1.137415
1.1374149
1.1374147
1.1374145
1.1374144
1.1374144
0.99643765
1.040511
1.0789034
1.1061846
1.1226778
1.1314832
1.1355225
1.1370149
1.1374091
1.1374538
1.1374343
1.1374205
1.137416
1.1374151
1.137415
1.1374151
1.1374151
1.1374151
1.1374151
1.1374151
1.1374151
1.1374151
1.1374151
1.1374151
1.1374151
1.1374151
1.1374151
1.1374151
1.1374151
1.1374151
1.1374151
1.1374151
1.1374151
1.137415
1.137415
1.1374149
1.1374147
1.1374145
1.1374144
1.1374144
0.99644783
1.0405756
1.0791052
1.1064892
1.1228871
1.1315384
1.1354995
1.1369834
1.1373916
1.1374475
1.1374328
1.1374203
1.1374159
1.1374151
1.137415
1.137415
1.137415
1.137415
1.137415
1.137415
1.137415
1.137415
1.137415
1.137415
1.137415
1.137415
1.137415
1.137415
1.137415
1.137415
1.137415
1.137415
1.137415
1.137415
1.1374149
1.1374148
1.1374146
1.1374145
1.1374144
1.1374144
0.99645544
1.0406255
1.079273
1.1067731
1.1231124
1.1316199
1.1354912
1.1369547
1.1373723
1.1374394
1.1374304
1.1374198
1.1374159
1.137415
1.137415
1.137415
1.137415
1.137415
1.137415
1.137415
1.137415
1.137415
1.137415
1.137415
1.137415
1.137415
1.137415
1.137415
1.137415
1.137415
1.137415
1.137415
1.137415
1.137415
1.1374149
1.1374148
1.1374146
1.1374144
1.1374144
1.1374144
0.9964609
1.0406627
1.079407
1.1070247
1.1233382
1.1317195
1.1354965
1.1369304
1.1373526
1.1374302
1.1374274
1.1374191
1.1374158
1.137415
1.1374149
1.1374149
1.1374149
1.1374149
1.1374149
1.1374149
1.1374149
1.1374149
1.1374149
1.1374149
1.1374149
1.1374149
1.1374149
1.1374149
1.1374149
1.1374149
1.1374149
1.1374149
1.1374149
1.1374149
1.1374148
1.1374147
1.1374146
1.1374144
1.1374144
1.1374144
0.99646465
1.0406894
1.0795098
1.1072373
1.1235509
1.1318276
1.1355129
1.1369115
1.1373341
1.1374206
1.1374241
1.1374183
1.1374156
1.1374149
1.1374149
1.1374149
1.1374149
1.1374149
1.1374148
1.1374148
1.1374148
1.1374148
1.1374148
1.1374148
1.1374148
1.1374148
1.1374149
1.1374149
1.1374149
1.1374149
1.1374149
1.1374149
1.1374149
1.1374149
1.1374148
1.1374147
1.1374145
1.1374144
1.1374144
1.1374144
0.99646705
1.0407076
1.0795854
1.1074089
1.1237403
1.1319357
1.1355372
1.1368985
1.1373179
1.1374116
1.1374207
1.1374174
1.1374154
1.1374149
1.1374148
1.1374148
1.1374148
1.1374148
1.1374148
1.1374148
1.1374148
1.1374148
1.1374148
1.1374148
1.1374148
1.1374148
1.1374148
1.1374148
1.1374148
1.1374148
1.1374148
1.1374148
1.1374148
1.1374148
1.1374147
1.1374146
1.1374145
1.1374144
1.1374144
1.1374144
0.99646845
1.0407195
1.0796388
1.1075414
1.1239008
1.1320365
1.1355658
1.136891
1.1373048
1.1374036
1.1374176
1.1374166
1.1374152
1.1374148
1.1374148
1.1374148
1.1374148
1.1374148
1.1374148
1.1374148
1.1374148
1.1374148
1.1374148
1.1374148
1.1374148
1.1374148
1.1374148
1.1374148
1.1374148
1.1374148
1.1374148
1.1374148
1.1374148
1.1374147
1.1374147
1.1374146
1.1374145
1.1374144
1.1374144
1.1374144
0.99646911
1.0407266
1.079675
1.1076395
1.1240305
1.1321255
1.1355957
1.1368881
1.137295
1.1373972
1.137415
1.1374158
1.1374151
1.1374148
1.1374147
1.1374147
1.1374147
1.1374147
1.1374147
1.1374147
1.1374147
1.1374147
1.1374147
1.1374147
1.1374147
1.1374147
1.1374147
1.1374147
1.1374147
1.1374147
1.1374147
1.1374147
1.1374147
1.1374147
1.1374147
1.1374146
1.1374145
1.1374144
1.1374144
1.1374144
0.99646927
1.0407305
1.0796985
1.1077095
1.1241311
1.1322003
1.1356244
1.1368888
1.1372884
1.1373924
1.1374128
1.1374151
1.1374149
1.1374148
1.1374147
1.1374147
1.1374147
1.1374147
1.1374147
1.1374147
1.1374147
1.1374147
1.1374147
1.1374147
1.1374147
1.1374147
1.1374147
1.1374147
1.1374147
1.1374147
1.1374147
1.1374147
1.1374147
1.1374147
1.1374146
1.1374146
1.1374145
1.1374144
1.1374144
1.1374144
0.99646911
1.0407322
1.0797134
1.1077578
1.1242064
1.1322606
1.1356503
1.1368917
1.1372844
1.137389
1.1374113
1.1374146
1.1374148
1.1374147
1.1374147
1.1374147
1.1374147
1.1374147
1.1374147
1.1374147
1.1374147
1.1374147
1.1374147
1.1374147
1.1374147
1.1374147
1.1374147
1.1374147
1.1374147
1.1374147
1.1374147
1.1374147
1.1374147
1.1374147
1.1374146
1.1374146
1.1374145
1.1374144
1.1374144
1.1374144
0.99646874
1.0407326
1.0797224
1.1077905
1.124261
1.1323075
1.1356725
1.136896
1.1372823
1.1373868
1.1374102
1.1374143
1.1374147
1.1374147
1.1374147
1.1374147
1.1374147
1.1374147
1.1374147
1.1374147
1.1374147
1.1374147
1.1374147
1.1374147
1.1374147
1.1374147
1.1374147
1.1374147
1.1374147
1.1374147
1.1374147
1.1374147
1.1374147
1.1374147
1.1374146
1.1374146
1.1374145
1.1374144
1.1374144
1.1374144
0.99646826
1.0407323
1.0797279
1.1078126
1.1242999
1.132343
1.1356907
1.1369006
1.1372816
1.1373854
1.1374094
1.137414
1.1374146
1.1374147
1.1374147
1.1374147
1.1374147
1.1374147
1.1374147
1.1374147
1.1374147
1.1374147
1.1374147
1.1374147
1.1374147
1.1374147
1.1374147
1.1374147
1.1374147
1.1374147
1.1374147
1.1374147
1.1374147
1.1374147
1.1374146
1.1374146
1.1374145
1.1374144
1.1374144
1.1374144
0.99646773
1.0407315
1.0797313
1.1078278
1.1243275
1.1323694
1.1357053
1.136905
1.1372817
1.1373847
1.137409
1.1374138
1.1374146
1.1374147
1.1374147
1.1374147
1.1374147
1.1374147
1.1374147
1.1374147
1.1374147
1.1374147
1.1374147
1.1374147
1.1374147
1.1374147
1.1374147
1.1374147
1.1374147
1.1374147
1.1374147
1.1374147
1.1374147
1.1374147
1.1374146
1.1374146
1.1374145
1.1374144
1.1374144
1.1374144
0.99646718
1.0407305
1.0797336
1.1078386
1.1243474
1.1323889
1.1357166
1.1369089
1.1372821
1.1373844
1.1374087
1.1374137
1.1374146
1.1374147
1.1374147
1.1374147
1.1374147
1.1374147
1.1374147
1.1374147
1.1374147
1.1374147
1.1374147
1.1374147
1.1374147
1.1374147
1.1374147
1.1374147
1.1374147
1.1374147
1.1374147
1.1374147
1.1374147
1.1374147
1.1374146
1.1374146
1.1374145
1.1374144
1.1374144
1.1374144
0.99646662
1.0407295
1.0797351
1.1078469
1.1243621
1.1324034
1.1357254
1.1369122
1.1372827
1.1373842
1.1374086
1.1374136
1.1374145
1.1374147
1.1374147
1.1374147
1.1374147
1.1374147
1.1374147
1.1374147
1.1374147
1.1374147
1.1374147
1.1374147
1.1374147
1.1374147
1.1374147
1.1374147
1.1374147
1.1374147
1.1374147
1.1374147
1.1374147
1.1374147
1.1374146
1.1374146
1.1374145
1.1374144
1.1374144
1.1374144
0.99646606
1.0407284
1.0797363
1.1078535
1.1243734
1.1324144
1.1357321
1.1369148
1.1372833
1.1373842
1.1374085
1.1374136
1.1374145
1.1374147
1.1374147
1.1374147
1.1374147
1.1374147
1.1374147
1.1374147
1.1374147
1.1374147
1.1374147
1.1374147
1.1374147
1.1374147
1.1374147
1.1374147
1.1374147
1.1374147
1.1374147
1.1374147
1.1374147
1.1374147
1.1374146
1.1374146
1.1374145
1.1374144
1.1374144
1.1374144
0.99646549
1.0407273
1.0797371
1.107859
1.1243826
1.132423
1.1357373
1.1369169
1.1372838
1.1373842
1.1374084
1.1374135
1.1374145
1.1374147
1.1374147
1.1374147
1.1374147
1.1374147
1.1374147
1.1374147
1.1374147
1.1374147
1.1374147
1.1374147
1.1374147
1.1374147
1.1374147
1.1374147
1.1374147
1.1374147
1.1374147
1.1374147
1.1374147
1.1374146
1.1374146
1.1374146
1.1374145
1.1374144
1.1374144
1.1374143
0.99646491
1.0407261
1.0797376
1.1078637
1.1243902
1.13243
1.1357415
1.1369185
1.1372842
1.1373842
1.1374084
1.1374135
1.1374145
1.1374146
1.1374147
1.1374147
1.1374147
1.1374147
1.1374147
1.1374147
1.1374147
1.1374147
1.1374147
1.1374147
1.1374147
1.1374147
1.1374147
1.1374147
1.1374147
1.1374147
1.1374147
1.1374147
1.1374147
1.1374146
1.1374146
1.1374145
1.1374145
1.1374144
1.1374144
1.1374143
0.9964643
1.0407248
1.0797378
1.1078676
1.1243967
1.1324358
1.1357448
1.1369199
1.1372846
1.1373843
1.1374084
1.1374135
1.1374145
1.1374146
1.1374147
1.1374147
1.1374147
1.1374147
1.1374147
1.1374147
1.1374147
1.1374147
1.1374147
1.1374147
1.1374147
1.1374147
1.1374147
1.1374147
1.1374147
1.1374147
1.1374147
1.1374147
1.1374147
1.1374146
1.1374146
1.1374145
1.1374145
1.1374144
1.1374143
1.1374143
0.99646366
1.0407235
1.0797377
1.1078708
1.1244021
1.1324406
1.1357475
1.1369209
1.1372848
1.1373843
1.1374083
1.1374135
1.1374145
1.1374146
1.1374147
1.1374147
1.1374147
1.1374147
1.1374147
1.1374147
1.1374147
1.1374147
1.1374147
1.1374147
1.1374147
1.1374147
1.1374147
1.1374147
1.1374147
1.1374147
1.1374147
1.1374147
1.1374147
1.1374146
1.1374146
1.1374145
1.1374145
1.1374144
1.1374143
1.1374143
0.99646297
1.040722
1.0797373
1.1078733
1.1244067
1.1324447
1.1357498
1.1369218
1.137285
1.1373843
1.1374083
1.1374135
1.1374145
1.1374146
1.1374147
1.1374147
1.1374147
1.1374147
1.1374147
1.1374147
1.1374147
1.1374147
1.1374147
1.1374147
1.1374147
1.1374147
1.1374147
1.1374147
1.1374147
1.1374147
1.1374147
1.1374147
1.1374147
1.1374146
1.1374146
1.1374145
1.1374145
1.1374144
1.1374143
1.1374143
0.99646223
1.0407203
1.0797366
1.1078752
1.1244105
1.1324481
1.1357518
1.1369225
1.1372852
1.1373843
1.1374083
1.1374135
1.1374145
1.1374146
1.1374147
1.1374147
1.1374147
1.1374147
1.1374147
1.1374147
1.1374147
1.1374147
1.1374147
1.1374147
1.1374147
1.1374147
1.1374147
1.1374147
1.1374147
1.1374147
1.1374147
1.1374147
1.1374147
1.1374146
1.1374146
1.1374145
1.1374145
1.1374144
1.1374143
1.1374143
0.99646141
1.0407184
1.0797354
1.1078765
1.1244136
1.132451
1.1357534
1.1369231
1.1372853
1.1373843
1.1374083
1.1374135
1.1374145
1.1374146
1.1374147
1.1374147
1.1374147
1.1374147
1.1374147
1.1374147
1.1374147
1.1374147
1.1374147
1.1374147
1.1374147
1.1374147
1.1374147
1.1374147
1.1374147
1.1374147
1.1374147
1.1374147
1.1374147
1.1374146
1.1374146
1.1374145
1.1374145
1.1374144
1.1374143
1.1374143
0.99646051
1.0407163
1.0797339
1.1078772
1.124416
1.1324533
1.1357548
1.1369236
1.1372854
1.1373843
1.1374083
1.1374135
1.1374145
1.1374146
1.1374147
1.1374147
1.1374147
1.1374147
1.1374147
1.1374147
1.1374147
1.1374147
1.1374147
1.1374147
1.1374147
1.1374147
1.1374147
1.1374147
1.1374147
1.1374147
1.1374147
1.1374147
1.1374147
1.1374146
1.1374146
1.1374145
1.1374145
1.1374144
1.1374143
1.1374143
0.99645951
1.040714
1.079732
1.1078774
1.1244179
1.1324553
1.1357559
1.1369241
1.1372855
1.1373843
1.1374083
1.1374134
1.1374145
1.1374146
1.1374147
1.1374147
1.1374147
1.1374147
1.1374147
1.1374147
1.1374147
1.1374147
1.1374147
1.1374147
1.1374147
1.1374147
1.1374147
1.1374147
1.1374147
1.1374147
1.1374147
1.1374147
1.1374146
1.1374146
1.1374146
1.1374145
1.1374145
1.1374144
1.1374143
1.1374143
0.99645838
1.0407114
1.0797297
1.107877
1.1244192
1.1324568
1.1357568
1.1369244
1.1372856
1.1373843
1.1374082
1.1374134
1.1374144
1.1374146
1.1374147
1.1374147
1.1374147
1.1374147
1.1374147
1.1374147
1.1374147
1.1374147
1.1374147
1.1374147
1.1374147
1.1374147
1.1374147
1.1374147
1.1374147
1.1374147
1.1374147
1.1374147
1.1374146
1.1374146
1.1374146
1.1374145
1.1374144
1.1374144
1.1374143
1.1374143
0.99645711
1.0407084
1.079727
1.1078761
1.12442
1.132458
1.1357576
1.1369247
1.1372857
1.1373843
1.1374082
1.1374134
1.1374144
1.1374146
1.1374147
1.1374147
1.1374147
1.1374147
1.1374147
1.1374147
1.1374147
1.1374147
1.1374147
1.1374147
1.1374147
1.1374147
1.1374147
1.1374147
1.1374147
1.1374147
1.1374147
1.1374147
1.1374146
1.1374146
1.1374146
1.1374145
1.1374144
1.1374144
1.1374143
1.1374143
0.99645563
1.0407049
1.0797237
1.1078747
1.1244204
1.1324589
1.1357582
1.1369249
1.1372857
1.1373843
1.1374082
1.1374134
1.1374144
1.1374146
1.1374146
1.1374147
1.1374147
1.1374147
1.1374147
1.1374147
1.1374147
1.1374147
1.1374147
1.1374147
1.1374147
1.1374147
1.1374147
1.1374147
1.1374147
1.1374147
1.1374147
1.1374146
1.1374146
1.1374146
1.1374146
1.1374145
1.1374144
1.1374144
1.1374143
1.1374143
0.99645387
1.040701
1.0797198
1.1078728
1.1244203
1.1324596
1.1357587
1.1369251
1.1372858
1.1373843
1.1374082
1.1374134
1.1374144
1.1374146
1.1374146
1.1374147
1.1374147
1.1374147
1.1374147
1.1374147
1.1374147
1.1374147
1.1374147
1.1374147
1.1374147
1.1374147
1.1374147
1.1374147
1.1374147
1.1374147
1.1374146
1.1374146
1.1374146
1.1374146
1.1374146
1.1374145
1.1374144
1.1374144
1.1374143
1.1374143
0.99645164
1.0406961
1.0797151
1.1078702
1.1244198
1.1324599
1.135759
1.1369253
1.1372858
1.1373843
1.1374082
1.1374134
1.1374144
1.1374146
1.1374146
1.1374146
1.1374146
1.1374146
1.1374146
1.1374146
1.1374146
1.1374146
1.1374146
1.1374146
1.1374146
1.1374146
1.1374146
1.1374146
1.1374146
1.1374146
1.1374146
1.1374146
1.1374146
1.1374146
1.1374146
1.1374145
1.1374144
1.1374144
1.1374143
1.1374143
0.99644888
1.0406911
1.0797104
1.1078675
1.1244191
1.13246
1.1357592
1.1369254
1.1372858
1.1373843
1.1374082
1.1374134
1.1374144
1.1374146
1.1374146
1.1374146
1.1374146
1.1374146
1.1374146
1.1374146
1.1374146
1.1374146
1.1374146
1.1374146
1.1374146
1.1374146
1.1374146
1.1374146
1.1374146
1.1374146
1.1374146
1.1374146
1.1374146
1.1374146
1.1374146
1.1374145
1.1374144
1.1374144
1.1374143
1.1374143
0.99644262
1.0406788
1.0796996
1.1078611
1.1244167
1.1324597
1.1357594
1.1369255
1.1372858
1.1373843
1.1374082
1.1374134
1.1374144
1.1374146
1.1374146
1.1374146
1.1374146
1.1374146
1.1374146
1.1374146
1.1374146
1.1374146
1.1374146
1.1374146
1.1374146
1.1374146
1.1374146
1.1374146
1.1374146
1.1374146
1.1374146
1.1374146
1.1374146
1.1374146
1.1374146
1.1374145
1.1374144
1.1374144
1.1374143
1.1374143
)
;

boundaryField
{
    wall
    {
        type            calculated;
        value           nonuniform List<scalar> 
100
(
0.97492804
0.97492776
0.97492755
0.97492744
0.97492737
0.9749273
0.97492724
0.9749272
0.97492717
0.97492715
0.97492713
0.97492712
0.97492712
0.97492711
0.97492711
0.9749271
0.9749271
0.97492709
0.97492709
0.97492709
0.97492708
0.97492708
0.97492707
0.97492707
0.97492706
0.97492706
0.97492706
0.97492705
0.97492705
0.97492704
0.97492704
0.97492703
0.97492703
0.97492703
0.97492702
0.97492702
0.97492702
0.97492701
0.97492701
0.974927
0.974927
0.974927
0.97492699
0.97492699
0.97492699
0.97492699
0.97492698
0.97492698
0.97492698
0.97492698
0.97492697
0.97492697
0.97492697
0.97492697
0.97492696
0.97492696
0.97492696
0.97492695
0.97492695
0.97492695
0.97492694
0.97492694
0.97492694
0.97492693
0.97492693
0.97492693
0.97492692
0.97492692
0.97492692
0.97492692
0.97492691
0.97492691
0.97492691
0.9749269
0.9749269
0.9749269
0.9749269
0.97492689
0.97492689
0.97492689
0.97492689
0.97492688
0.97492688
0.97492688
0.97492688
0.97492687
0.97492687
0.97492687
0.97492687
0.97492686
0.97492686
0.97492686
0.97492686
0.97492685
0.97492685
0.97492685
0.97492685
0.97492684
0.97492684
0.97492684
)
;
    }
    sides
    {
        type            calculated;
        value           nonuniform List<scalar> 
100
(
1.1374158
1.1374155
1.1374153
1.1374152
1.1374151
1.137415
1.137415
1.1374149
1.1374149
1.1374149
1.1374148
1.1374148
1.1374148
1.1374148
1.1374148
1.1374148
1.1374148
1.1374148
1.1374148
1.1374148
1.1374148
1.1374148
1.1374148
1.1374148
1.1374148
1.1374148
1.1374148
1.1374148
1.1374148
1.1374147
1.1374147
1.1374147
1.1374147
1.1374147
1.1374147
1.1374147
1.1374146
1.1374146
1.1374146
1.1374146
1.1374146
1.1374146
1.1374146
1.1374146
1.1374146
1.1374145
1.1374145
1.1374145
1.1374145
1.1374145
1.1374145
1.1374145
1.1374145
1.1374145
1.1374145
1.1374145
1.1374144
1.1374144
1.1374144
1.1374144
1.1374144
1.1374144
1.1374144
1.1374144
1.1374144
1.1374144
1.1374144
1.1374144
1.1374144
1.1374144
1.1374144
1.1374144
1.1374144
1.1374144
1.1374144
1.1374144
1.1374144
1.1374144
1.1374144
1.1374144
1.1374144
1.1374144
1.1374144
1.1374144
1.1374143
1.1374143
1.1374143
1.1374143
1.1374143
1.1374143
1.1374143
1.1374143
1.1374143
1.1374143
1.1374143
1.1374143
1.1374143
1.1374143
1.1374143
1.1374143
)
;
    }
    frontAndBack
    {
        type            empty;
    }
    inlet
    {
        type            calculated;
        value           nonuniform List<scalar> 
40
(
1.137416
1.1374156
1.1374155
1.1374154
1.1374153
1.1374153
1.1374152
1.1374152
1.1374152
1.1374152
1.1374152
1.1374151
1.1374151
1.1374151
1.1374151
1.1374151
1.1374151
1.1374151
1.1374151
1.1374151
1.1374151
1.1374151
1.1374151
1.1374151
1.1374151
1.1374151
1.1374151
1.1374151
1.1374151
1.1374151
1.1374152
1.1374152
1.1374152
1.1374152
1.1374152
1.1374153
1.1374153
1.1374154
1.1374155
1.1374158
)
;
    }
    outlet
    {
        type            calculated;
        value           nonuniform List<scalar> 
40
(
0.99644262
1.0406788
1.0796996
1.1078611
1.1244167
1.1324597
1.1357594
1.1369255
1.1372858
1.1373843
1.1374082
1.1374134
1.1374144
1.1374146
1.1374146
1.1374146
1.1374146
1.1374146
1.1374146
1.1374146
1.1374146
1.1374146
1.1374146
1.1374146
1.1374146
1.1374146
1.1374146
1.1374146
1.1374146
1.1374146
1.1374146
1.1374146
1.1374146
1.1374146
1.1374146
1.1374145
1.1374144
1.1374144
1.1374143
1.1374143
)
;
    }
}


// ************************************************************************* //
