/*--------------------------------*- C++ -*----------------------------------*\
  =========                 |
  \\      /  F ield         | OpenFOAM: The Open Source CFD Toolbox
   \\    /   O peration     | Website:  https://openfoam.org
    \\  /    A nd           | Version:  10
     \\/     M anipulation  |
\*---------------------------------------------------------------------------*/
FoamFile
{
    format      ascii;
    class       volScalarField;
    location    "0.13";
    object      T_0;
}
// * * * * * * * * * * * * * * * * * * * * * * * * * * * * * * * * * * * * * //

dimensions      [0 0 0 1 0 0 0];

internalField   nonuniform List<scalar> 
4000
(
303.10131
299.34294
299.99042
300.00082
299.99993
300
300
300
300
300
300
300
300
300
300
300
300
300
300
300
300
300
300
300
300
300
300
300
300
300
300
300
300
300
300
300
300
300
300
300.00001
309.66318
298.49306
299.77925
300.00184
300.0008
299.99999
300
300
300
300
300
300
300
300
300
300
300
300
300
300
300
300
300
300
300
300
300
300
300
300
300
300
300
300
300
300
300
300
299.99999
300.00002
316.00357
298.68459
299.39233
299.9757
300.00405
300.00025
299.99999
300
300
300
300
300
300
300
300
300
300
300
300
300
300
300
300
300
300
300
300
300
300
300
300
300
300
300
300
300
300
299.99999
299.99999
300.00002
321.74098
299.84563
298.98504
299.89496
300.00715
300.00138
300
299.99999
300
300
300
300
300
300
300
300
300
300
300
300
300
300
300
300
300
300
300
300
300
300
300
300
300
300
300
300
299.99999
299.99999
299.99999
300.00003
326.66897
301.69958
298.71031
299.75328
300.00322
300.00378
300.00017
299.99998
300
300
300
300
300
300
300
300
300
300
300
300
300
300
300
300
300
300
300
300
300
300
300
300
300
300
299.99999
299.99999
299.99999
299.99998
299.99999
300.00004
330.68196
303.94611
298.66352
299.56862
299.98429
300.00695
300.00071
299.99996
299.99999
300
300
300
300
300
300
300
300
300
300
300
300
300
300
300
300
300
300
300
300
300
300
300
300
299.99999
299.99999
299.99999
299.99999
299.99998
300
300.00004
333.77023
306.32747
298.87084
299.37421
299.94526
300.00936
300.0018
300
299.99998
299.99999
300
300
300
300
300
300
300
300
300
300
300
300
300
300
300
300
300
300
300
300
300
300
299.99999
299.99999
299.99999
299.99999
299.99998
299.99998
300
300.00004
336.0166
308.65912
299.30711
299.20454
299.886
300.00888
300.00344
300.00014
299.99996
299.99999
300
300
300
300
300
300
300
300
300
300
300
300
300
300
300
300
300
300
300
300
300
299.99999
299.99999
299.99999
299.99999
299.99999
299.99998
299.99998
300.00001
300.00004
337.56762
310.83021
299.92251
299.0855
299.8109
300.00352
300.00539
300.00045
299.99995
299.99999
299.99999
300
300
300
300
300
300
300
300
300
300
300
300
300
300
300
300
300
300
300
299.99999
299.99999
299.99999
299.99999
299.99999
299.99998
299.99998
299.99998
300.00001
300.00004
338.59463
312.78799
300.66244
299.03149
299.72699
299.99197
300.00721
300.00099
299.99996
299.99998
299.99999
299.99999
300
300
300
300
300
300
300
300
300
300
300
300
300
300
300
300
300
299.99999
299.99999
299.99999
299.99999
299.99999
299.99999
299.99998
299.99998
299.99998
300.00002
300.00004
339.26025
314.51955
301.47822
299.04684
299.642
299.97382
300.00836
300.00174
300
299.99996
299.99999
299.99999
299.99999
300
300
300
300
300
300
300
300
300
300
300
300
300
300
300
299.99999
299.99999
299.99999
299.99999
299.99999
299.99999
299.99998
299.99998
299.99998
299.99999
300.00002
300.00004
339.69769
316.0361
302.3314
299.12884
299.56294
299.94955
300.0083
300.00265
300.00011
299.99995
299.99999
299.99999
299.99999
299.99999
299.99999
300
300
300
300
300
300
300
300
300
300
300
299.99999
299.99999
299.99999
299.99999
299.99999
299.99999
299.99999
299.99999
299.99998
299.99998
299.99998
299.99999
300.00002
300.00004
340.00348
317.361
303.19427
299.2707
299.49537
299.92023
300.00659
300.00364
300.00029
299.99995
299.99998
299.99999
299.99999
299.99999
299.99999
299.99999
300
300
300
300
300
300
300
300
300
299.99999
299.99999
299.99999
299.99999
299.99999
299.99999
299.99999
299.99999
299.99999
299.99998
299.99998
299.99998
299.99999
300.00003
300.00004
340.24018
318.52168
304.04836
299.46397
299.4432
299.88735
300.00294
300.00456
300.00054
299.99995
299.99998
299.99999
299.99999
299.99999
299.99999
299.99999
299.99999
299.99999
299.99999
300
300
300
299.99999
299.99999
299.99999
299.99999
299.99999
299.99999
299.99999
299.99999
299.99999
299.99999
299.99999
299.99998
299.99998
299.99998
299.99998
299.99999
300.00003
300.00003
340.44417
319.54484
304.88221
299.69999
299.40887
299.8525
299.99723
300.00528
300.00088
299.99997
299.99997
299.99999
299.99999
299.99999
299.99999
299.99999
299.99999
299.99999
299.99999
299.99999
299.99999
299.99999
299.99999
299.99999
299.99999
299.99999
299.99999
299.99999
299.99999
299.99999
299.99999
299.99999
299.99999
299.99998
299.99998
299.99997
299.99998
300
300.00003
300.00003
340.63413
320.45419
305.68933
299.97076
299.39357
299.81727
299.98947
300.00567
300.00127
300.00001
299.99996
299.99999
299.99999
299.99999
299.99999
299.99999
299.99999
299.99999
299.99999
299.99999
299.99999
299.99999
299.99999
299.99999
299.99999
299.99999
299.99999
299.99999
299.99999
299.99999
299.99999
299.99999
299.99998
299.99998
299.99998
299.99997
299.99998
300
300.00003
300.00003
340.81803
321.26962
306.46651
300.26922
299.3976
299.78313
299.97981
300.0056
300.00169
300.00008
299.99996
299.99998
299.99999
299.99999
299.99999
299.99999
299.99999
299.99999
299.99999
299.99999
299.99999
299.99999
299.99999
299.99999
299.99999
299.99999
299.99999
299.99999
299.99999
299.99999
299.99999
299.99999
299.99998
299.99998
299.99998
299.99997
299.99998
300
300.00003
300.00003
340.99812
322.00718
307.21255
300.58935
299.42063
299.75135
299.96849
300.00497
300.00212
300.00017
299.99996
299.99998
299.99999
299.99999
299.99999
299.99999
299.99999
299.99999
299.99999
299.99999
299.99999
299.99999
299.99999
299.99999
299.99999
299.99999
299.99999
299.99999
299.99999
299.99999
299.99999
299.99999
299.99998
299.99998
299.99998
299.99997
299.99998
300.00001
300.00003
300.00003
341.17394
322.67947
307.92745
300.92611
299.46189
299.72302
299.95582
300.00373
300.00251
300.00029
299.99996
299.99998
299.99999
299.99999
299.99999
299.99999
299.99999
299.99999
299.99999
299.99999
299.99999
299.99999
299.99999
299.99999
299.99999
299.99999
299.99999
299.99999
299.99999
299.99999
299.99999
299.99998
299.99998
299.99998
299.99998
299.99997
299.99998
300.00001
300.00003
300.00003
341.34412
323.2963
308.61178
301.27527
299.52038
299.69901
299.94215
300.00182
300.00284
300.00043
299.99997
299.99998
299.99999
299.99999
299.99999
299.99999
299.99999
299.99999
299.99999
299.99999
299.99999
299.99999
299.99999
299.99999
299.99999
299.99999
299.99999
299.99999
299.99999
299.99999
299.99999
299.99998
299.99998
299.99998
299.99997
299.99997
299.99999
300.00001
300.00003
300.00003
341.50719
323.86515
309.26642
301.63327
299.59489
299.68001
299.92784
299.99923
300.00306
300.00059
299.99999
299.99997
299.99999
299.99999
299.99999
299.99999
299.99999
299.99999
299.99999
299.99999
299.99999
299.99999
299.99999
299.99999
299.99999
299.99999
299.99999
299.99999
299.99999
299.99999
299.99998
299.99998
299.99998
299.99998
299.99997
299.99997
299.99999
300.00001
300.00003
300.00003
341.66196
324.39178
309.89231
301.99713
299.68416
299.66655
299.91327
299.99598
300.00314
300.00075
300.00002
299.99997
299.99998
299.99999
299.99999
299.99999
299.99999
299.99999
299.99999
299.99999
299.99999
299.99999
299.99999
299.99999
299.99999
299.99999
299.99999
299.99999
299.99999
299.99999
299.99998
299.99998
299.99998
299.99998
299.99997
299.99998
299.99999
300.00002
300.00003
300.00003
341.8076
324.88059
310.49038
302.3643
299.78689
299.659
299.8988
299.99211
300.00305
300.00093
300.00005
299.99997
299.99998
299.99999
299.99999
299.99999
299.99999
299.99999
299.99999
299.99999
299.99999
299.99999
299.99999
299.99999
299.99999
299.99999
299.99999
299.99999
299.99999
299.99999
299.99998
299.99998
299.99998
299.99998
299.99997
299.99998
299.99999
300.00002
300.00003
300.00003
341.94362
325.33499
311.06146
302.73259
299.90175
299.6576
299.88479
299.98768
300.00278
300.00109
300.0001
299.99997
299.99998
299.99999
299.99999
299.99999
299.99999
299.99999
299.99999
299.99999
299.99999
299.99999
299.99999
299.99999
299.99999
299.99999
299.99999
299.99999
299.99999
299.99998
299.99998
299.99998
299.99998
299.99998
299.99997
299.99998
299.99999
300.00002
300.00003
300.00003
342.0698
325.75762
311.6063
303.10009
300.02746
299.66247
299.87158
299.98276
300.00229
300.00124
300.00015
299.99998
299.99998
299.99999
299.99999
299.99999
299.99999
299.99999
299.99999
299.99999
299.99999
299.99999
299.99999
299.99999
299.99999
299.99999
299.99999
299.99999
299.99999
299.99998
299.99998
299.99998
299.99998
299.99998
299.99997
299.99998
299.99999
300.00002
300.00003
300.00003
342.18604
326.15055
312.12554
303.46514
300.16272
299.67363
299.85945
299.97743
300.00159
300.00136
300.0002
299.99998
299.99998
299.99998
299.99999
299.99999
299.99999
299.99999
299.99999
299.99999
299.99999
299.99999
299.99999
299.99999
299.99999
299.99999
299.99999
299.99999
299.99998
299.99998
299.99998
299.99998
299.99998
299.99997
299.99997
299.99998
300
300.00002
300.00003
300.00003
342.29236
326.51534
312.61968
303.82624
300.3063
299.69102
299.84868
299.9718
300.00066
300.00144
300.00026
299.99999
299.99998
299.99998
299.99999
299.99999
299.99999
299.99999
299.99999
299.99999
299.99999
299.99999
299.99999
299.99999
299.99999
299.99999
299.99999
299.99998
299.99998
299.99998
299.99998
299.99998
299.99998
299.99997
299.99997
299.99998
300
300.00002
300.00003
300.00003
342.38876
326.8532
313.08912
304.18204
300.45697
299.7145
299.83951
299.96598
299.99951
300.00148
300.00032
300
299.99998
299.99998
299.99998
299.99999
299.99999
299.99999
299.99999
299.99999
299.99999
299.99999
299.99999
299.99999
299.99999
299.99999
299.99998
299.99998
299.99998
299.99998
299.99998
299.99998
299.99998
299.99997
299.99997
299.99998
300
300.00002
300.00003
300.00003
342.47521
327.16495
313.53411
304.5313
300.61357
299.74385
299.83214
299.96007
299.99814
300.00146
300.00039
300.00001
299.99998
299.99998
299.99998
299.99998
299.99999
299.99999
299.99999
299.99999
299.99999
299.99999
299.99999
299.99999
299.99999
299.99998
299.99998
299.99998
299.99998
299.99998
299.99998
299.99998
299.99998
299.99997
299.99997
299.99998
300
300.00002
300.00003
300.00004
342.55166
327.4511
313.95477
304.87287
300.77493
299.77881
299.82675
299.95418
299.99657
300.00138
300.00045
300.00003
299.99998
299.99998
299.99998
299.99998
299.99998
299.99999
299.99999
299.99999
299.99999
299.99999
299.99999
299.99999
299.99998
299.99998
299.99998
299.99998
299.99998
299.99998
299.99998
299.99998
299.99998
299.99997
299.99997
299.99998
300
300.00002
300.00003
300.00004
342.61802
327.71185
314.35106
305.20565
300.93995
299.81906
299.82346
299.94842
299.99482
300.00123
300.0005
300.00005
299.99998
299.99998
299.99998
299.99998
299.99998
299.99998
299.99998
299.99998
299.99998
299.99998
299.99998
299.99998
299.99998
299.99998
299.99998
299.99998
299.99998
299.99998
299.99998
299.99998
299.99997
299.99997
299.99997
299.99998
300
300.00002
300.00003
300.00004
342.67421
327.94711
314.72279
305.52858
301.10752
299.86423
299.82237
299.94291
299.99291
300.00101
300.00054
300.00007
299.99998
299.99998
299.99998
299.99998
299.99998
299.99998
299.99998
299.99998
299.99998
299.99998
299.99998
299.99998
299.99998
299.99998
299.99998
299.99998
299.99998
299.99998
299.99998
299.99998
299.99997
299.99997
299.99997
299.99998
300
300.00002
300.00003
300.00004
342.72014
328.15656
315.06955
305.84058
301.27657
299.91393
299.82356
299.93774
299.99088
300.00072
300.00057
300.00009
299.99998
299.99998
299.99998
299.99998
299.99998
299.99998
299.99998
299.99998
299.99998
299.99998
299.99998
299.99998
299.99998
299.99998
299.99998
299.99998
299.99998
299.99998
299.99998
299.99998
299.99997
299.99997
299.99997
299.99998
300
300.00002
300.00004
300.00005
342.75583
328.33967
315.39079
306.14061
301.44605
299.96772
299.82704
299.93302
299.98875
300.00035
300.00059
300.00011
299.99999
299.99998
299.99998
299.99998
299.99998
299.99998
299.99998
299.99998
299.99998
299.99998
299.99998
299.99998
299.99998
299.99998
299.99998
299.99998
299.99998
299.99998
299.99998
299.99998
299.99997
299.99997
299.99997
299.99998
300
300.00003
300.00004
300.00005
342.7814
328.49582
315.68576
306.42757
301.6149
300.02513
299.83283
299.92882
299.98655
299.99992
300.00059
300.00013
299.99999
299.99998
299.99998
299.99998
299.99998
299.99998
299.99998
299.99998
299.99998
299.99998
299.99998
299.99998
299.99998
299.99998
299.99998
299.99998
299.99998
299.99998
299.99998
299.99997
299.99997
299.99997
299.99997
299.99998
300.00001
300.00003
300.00004
300.00005
342.79716
328.6244
315.95359
306.70034
301.78209
300.08567
299.84088
299.92524
299.98433
299.99941
300.00057
300.00014
300
299.99998
299.99998
299.99998
299.99998
299.99998
299.99998
299.99998
299.99998
299.99998
299.99998
299.99998
299.99998
299.99998
299.99998
299.99998
299.99998
299.99998
299.99998
299.99997
299.99997
299.99997
299.99997
299.99999
300.00001
300.00003
300.00004
300.00005
342.80364
328.725
316.19329
306.95779
301.94658
300.14883
299.85113
299.92234
299.98212
299.99885
300.00053
300.00016
300
299.99998
299.99998
299.99998
299.99998
299.99998
299.99998
299.99998
299.99998
299.99998
299.99998
299.99998
299.99998
299.99998
299.99998
299.99998
299.99998
299.99998
299.99998
299.99997
299.99997
299.99997
299.99997
299.99999
300.00001
300.00003
300.00004
300.00006
342.80167
328.79762
316.40392
307.19876
302.10736
300.21407
299.86351
299.92017
299.97996
299.99823
300.00047
300.00018
300.00001
299.99998
299.99998
299.99998
299.99998
299.99998
299.99998
299.99998
299.99998
299.99998
299.99998
299.99998
299.99998
299.99998
299.99998
299.99998
299.99998
299.99998
299.99997
299.99997
299.99997
299.99997
299.99997
299.99999
300.00001
300.00003
300.00004
300.00006
342.79234
328.84285
316.58465
307.42212
302.26342
300.28084
299.87787
299.91877
299.97789
299.99756
300.00038
300.00019
300.00001
299.99998
299.99998
299.99998
299.99998
299.99998
299.99998
299.99998
299.99998
299.99998
299.99998
299.99998
299.99998
299.99998
299.99998
299.99998
299.99998
299.99998
299.99997
299.99997
299.99997
299.99997
299.99997
299.99999
300.00001
300.00003
300.00004
300.00006
342.77704
328.86216
316.73496
307.62681
302.4138
300.34858
299.89409
299.91819
299.97594
299.99686
300.00028
300.00019
300.00002
299.99998
299.99998
299.99998
299.99998
299.99998
299.99998
299.99998
299.99998
299.99998
299.99998
299.99998
299.99998
299.99998
299.99998
299.99998
299.99998
299.99998
299.99997
299.99997
299.99997
299.99997
299.99997
299.99999
300.00001
300.00003
300.00005
300.00006
342.75736
328.85797
316.85486
307.81193
302.55758
300.41675
299.912
299.91843
299.97413
299.99613
300.00015
300.00019
300.00002
299.99998
299.99998
299.99998
299.99998
299.99998
299.99998
299.99998
299.99998
299.99998
299.99998
299.99998
299.99998
299.99998
299.99998
299.99998
299.99998
299.99997
299.99997
299.99997
299.99997
299.99997
299.99997
299.99999
300.00001
300.00003
300.00005
300.00006
342.735
328.83375
316.94501
307.9768
302.69391
300.48479
299.93142
299.91951
299.97251
299.99538
300
300.00019
300.00003
299.99998
299.99998
299.99998
299.99998
299.99998
299.99998
299.99998
299.99998
299.99998
299.99998
299.99998
299.99998
299.99998
299.99998
299.99998
299.99997
299.99997
299.99997
299.99997
299.99997
299.99997
299.99997
299.99999
300.00001
300.00003
300.00005
300.00007
342.71163
328.79391
317.00695
308.12109
302.82208
300.55217
299.95215
299.92139
299.9711
299.99463
299.99983
300.00018
300.00003
299.99998
299.99998
299.99998
299.99998
299.99998
299.99998
299.99998
299.99998
299.99998
299.99998
299.99998
299.99998
299.99998
299.99998
299.99998
299.99997
299.99997
299.99997
299.99997
299.99997
299.99997
299.99997
299.99999
300.00001
300.00003
300.00005
300.00007
342.68877
328.74346
317.04315
308.24488
302.9415
300.61841
299.97398
299.92408
299.96991
299.99389
299.99964
300.00016
300.00004
299.99998
299.99997
299.99998
299.99998
299.99998
299.99998
299.99998
299.99998
299.99998
299.99998
299.99998
299.99998
299.99998
299.99998
299.99997
299.99997
299.99997
299.99997
299.99997
299.99997
299.99997
299.99997
299.99999
300.00001
300.00003
300.00005
300.00007
342.6676
328.68766
317.057
308.34879
303.05178
300.68306
299.9967
299.92752
299.96897
299.99317
299.99944
300.00013
300.00004
299.99998
299.99997
299.99997
299.99998
299.99998
299.99998
299.99998
299.99998
299.99998
299.99998
299.99998
299.99998
299.99997
299.99997
299.99997
299.99997
299.99997
299.99997
299.99997
299.99997
299.99997
299.99997
299.99999
300.00001
300.00003
300.00005
300.00007
342.64893
328.63141
317.05263
308.43395
303.15275
300.74573
300.02011
299.93168
299.96828
299.99248
299.99923
300.0001
300.00004
299.99998
299.99997
299.99997
299.99997
299.99997
299.99997
299.99998
299.99998
299.99998
299.99998
299.99997
299.99997
299.99997
299.99997
299.99997
299.99997
299.99997
299.99997
299.99997
299.99997
299.99997
299.99997
299.99999
300.00001
300.00003
300.00006
300.00007
342.63308
328.57877
317.03472
308.50205
303.24446
300.80612
300.044
299.9365
299.96785
299.99183
299.99901
300.00007
300.00004
299.99999
299.99997
299.99997
299.99997
299.99997
299.99997
299.99997
299.99997
299.99997
299.99997
299.99997
299.99997
299.99997
299.99997
299.99997
299.99997
299.99997
299.99997
299.99997
299.99997
299.99997
299.99997
299.99999
300.00001
300.00003
300.00006
300.00008
342.61997
328.53258
317.00808
308.55522
303.32722
300.864
300.06818
299.94193
299.96768
299.99122
299.99878
300.00002
300.00004
299.99999
299.99997
299.99997
299.99997
299.99997
299.99997
299.99997
299.99997
299.99997
299.99997
299.99997
299.99997
299.99997
299.99997
299.99997
299.99997
299.99997
299.99997
299.99997
299.99997
299.99997
299.99997
299.99999
300.00001
300.00004
300.00006
300.00008
342.60916
328.49424
316.97729
308.59597
303.40158
300.91923
300.09247
299.94789
299.96777
299.99067
299.99855
299.99998
300.00003
299.99999
299.99997
299.99997
299.99997
299.99997
299.99997
299.99997
299.99997
299.99997
299.99997
299.99997
299.99997
299.99997
299.99997
299.99997
299.99997
299.99997
299.99997
299.99997
299.99996
299.99997
299.99997
299.99999
300.00001
300.00004
300.00006
300.00008
342.59997
328.46371
316.94631
308.62696
303.46827
300.97175
300.11672
299.95431
299.9681
299.99017
299.99832
299.99992
300.00003
299.99999
299.99997
299.99997
299.99997
299.99997
299.99997
299.99997
299.99997
299.99997
299.99997
299.99997
299.99997
299.99997
299.99997
299.99997
299.99997
299.99997
299.99997
299.99996
299.99996
299.99997
299.99997
299.99999
300.00001
300.00004
300.00006
300.00008
342.59165
328.43975
316.91819
308.65085
303.52817
301.02159
300.1408
299.96112
299.96866
299.98974
299.99809
299.99987
300.00002
299.99999
299.99997
299.99997
299.99997
299.99997
299.99997
299.99997
299.99997
299.99997
299.99997
299.99997
299.99997
299.99997
299.99997
299.99997
299.99997
299.99997
299.99997
299.99996
299.99996
299.99997
299.99997
299.99999
300.00001
300.00004
300.00006
300.00008
342.58342
328.4203
316.89481
308.67007
303.5822
301.06884
300.16459
299.96827
299.96944
299.98936
299.99786
299.99981
300.00001
299.99999
299.99997
299.99997
299.99997
299.99997
299.99997
299.99997
299.99997
299.99997
299.99997
299.99997
299.99997
299.99997
299.99997
299.99997
299.99997
299.99997
299.99996
299.99996
299.99996
299.99996
299.99997
299.99999
300.00001
300.00004
300.00006
300.00008
342.57465
328.40284
316.87679
308.68665
303.63129
301.11362
300.18802
299.97569
299.97043
299.98905
299.99764
299.99974
300
299.99998
299.99997
299.99997
299.99997
299.99997
299.99997
299.99997
299.99997
299.99997
299.99997
299.99997
299.99997
299.99997
299.99997
299.99997
299.99997
299.99996
299.99996
299.99996
299.99996
299.99996
299.99997
299.99999
300.00001
300.00004
300.00006
300.00008
342.5649
328.38483
316.86351
308.70212
303.67626
301.15605
300.21104
299.98336
299.97163
299.98882
299.99743
299.99968
299.99999
299.99998
299.99997
299.99997
299.99997
299.99997
299.99997
299.99997
299.99997
299.99997
299.99997
299.99997
299.99997
299.99997
299.99997
299.99997
299.99996
299.99996
299.99996
299.99996
299.99996
299.99996
299.99997
299.99999
300.00001
300.00004
300.00007
300.00009
342.55392
328.36406
316.85325
308.71741
303.71787
301.19627
300.2336
299.99125
299.97305
299.98867
299.99724
299.99961
299.99998
299.99998
299.99997
299.99997
299.99997
299.99997
299.99997
299.99997
299.99997
299.99997
299.99997
299.99997
299.99997
299.99997
299.99997
299.99997
299.99996
299.99996
299.99996
299.99996
299.99996
299.99996
299.99997
299.99999
300.00001
300.00004
300.00007
300.00009
342.54171
328.33885
316.84345
308.73283
303.75678
301.23446
300.25567
299.99935
299.97469
299.98861
299.99707
299.99955
299.99996
299.99998
299.99997
299.99997
299.99997
299.99997
299.99997
299.99997
299.99997
299.99997
299.99997
299.99997
299.99997
299.99997
299.99997
299.99997
299.99996
299.99996
299.99996
299.99996
299.99996
299.99996
299.99997
299.99999
300.00001
300.00004
300.00007
300.00009
342.52842
328.30819
316.83102
308.74801
303.79357
301.27082
300.27723
300.0076
299.97653
299.98864
299.99692
299.99948
299.99995
299.99998
299.99997
299.99997
299.99997
299.99997
299.99997
299.99997
299.99997
299.99997
299.99997
299.99997
299.99997
299.99997
299.99997
299.99997
299.99996
299.99996
299.99996
299.99996
299.99996
299.99996
299.99997
299.99999
300.00001
300.00004
300.00007
300.00009
342.51436
328.27183
316.81276
308.76191
303.82869
301.30563
300.29826
300.01592
299.97851
299.98873
299.99678
299.99942
299.99993
299.99998
299.99997
299.99997
299.99997
299.99997
299.99997
299.99997
299.99997
299.99997
299.99997
299.99997
299.99997
299.99997
299.99996
299.99996
299.99996
299.99996
299.99996
299.99996
299.99996
299.99996
299.99997
299.99999
300.00001
300.00004
300.00007
300.00009
342.49994
328.2302
316.78581
308.77277
303.86233
301.33921
300.31876
300.02418
299.98054
299.98886
299.99664
299.99935
299.99991
299.99997
299.99997
299.99996
299.99996
299.99996
299.99996
299.99996
299.99996
299.99996
299.99996
299.99996
299.99996
299.99996
299.99996
299.99996
299.99996
299.99996
299.99996
299.99996
299.99996
299.99996
299.99997
299.99999
300.00001
300.00004
300.00007
300.00009
342.48559
328.18432
316.74804
308.77821
303.89425
301.37187
300.33877
300.03225
299.98251
299.98895
299.9965
299.99928
299.99989
299.99997
299.99996
299.99996
299.99996
299.99996
299.99996
299.99996
299.99996
299.99996
299.99996
299.99996
299.99996
299.99996
299.99996
299.99996
299.99996
299.99996
299.99996
299.99996
299.99996
299.99996
299.99997
299.99999
300.00001
300.00004
300.00008
300.00009
342.47173
328.13564
316.69844
308.77538
303.92354
301.40374
300.35835
300.04003
299.9843
299.98896
299.99632
299.9992
299.99987
299.99996
299.99996
299.99995
299.99995
299.99995
299.99995
299.99995
299.99995
299.99995
299.99995
299.99995
299.99995
299.99995
299.99995
299.99995
299.99995
299.99995
299.99995
299.99995
299.99995
299.99996
299.99997
299.99998
300.00001
300.00004
300.00008
300.00009
342.45873
328.08588
316.63726
308.76138
303.94854
301.43463
300.3776
300.0475
299.98584
299.98884
299.9961
299.99911
299.99984
299.99995
299.99995
299.99994
299.99994
299.99994
299.99994
299.99994
299.99994
299.99994
299.99994
299.99994
299.99994
299.99994
299.99994
299.99994
299.99994
299.99994
299.99994
299.99994
299.99995
299.99995
299.99996
299.99998
300
300.00004
300.00008
300.00009
342.44686
328.03677
316.56609
308.73377
303.96687
301.46379
300.39653
300.05474
299.98716
299.98858
299.99582
299.999
299.99982
299.99994
299.99994
299.99993
299.99993
299.99993
299.99993
299.99993
299.99993
299.99993
299.99993
299.99993
299.99993
299.99993
299.99993
299.99993
299.99993
299.99993
299.99993
299.99993
299.99994
299.99994
299.99996
299.99997
300
300.00004
300.00008
300.00009
342.43632
327.98995
316.48761
308.69111
303.97578
301.48997
300.41503
300.06196
299.98841
299.98825
299.99551
299.99889
299.99979
299.99992
299.99993
299.99992
299.99992
299.99992
299.99992
299.99992
299.99992
299.99992
299.99992
299.99992
299.99992
299.99992
299.99992
299.99992
299.99992
299.99992
299.99992
299.99992
299.99993
299.99994
299.99995
299.99997
300
300.00005
300.00008
300.00009
342.4272
327.94678
316.4053
308.63349
303.97272
301.51143
300.43274
300.06938
299.98982
299.98797
299.9952
299.99877
299.99976
299.99992
299.99992
299.99991
299.99991
299.99991
299.99991
299.99991
299.99991
299.99991
299.99991
299.99991
299.99991
299.99991
299.99991
299.99991
299.99991
299.99991
299.99991
299.99991
299.99992
299.99993
299.99994
299.99996
300
300.00005
300.00009
300.00009
342.4195
327.90824
316.32291
308.56271
303.95598
301.52633
300.4491
300.0772
299.9917
299.98789
299.99495
299.99867
299.99973
299.99991
299.99991
299.99991
299.99991
299.99991
299.99991
299.99991
299.99991
299.99991
299.99991
299.99991
299.99991
299.99991
299.99991
299.99991
299.99991
299.99991
299.99991
299.99991
299.99991
299.99992
299.99993
299.99996
300
300.00006
300.00009
300.00009
342.41318
327.87493
316.24408
308.48214
303.92524
301.53312
300.46334
300.08546
299.99431
299.9882
299.99483
299.99859
299.99971
299.99991
299.99991
299.99991
299.99991
299.99991
299.99991
299.99991
299.99991
299.99991
299.99991
299.99991
299.99991
299.99991
299.99991
299.99991
299.99991
299.99991
299.99991
299.99991
299.99991
299.99992
299.99993
299.99996
300.00001
300.00006
300.00009
300.00009
342.40812
327.84706
316.17181
308.39631
303.88184
301.53096
300.47469
300.09402
299.9978
299.98904
299.9949
299.99856
299.9997
299.99991
299.99992
299.99991
299.99991
299.99991
299.99991
299.99991
299.99991
299.99991
299.99991
299.99991
299.99991
299.99991
299.99991
299.99991
299.99991
299.99991
299.99991
299.99991
299.99991
299.99992
299.99993
299.99997
300.00002
300.00007
300.00009
300.00009
342.40418
327.8245
316.1083
308.31014
303.82863
301.52004
300.48255
300.10254
300.00213
299.99046
299.99519
299.99859
299.9997
299.99991
299.99993
299.99992
299.99992
299.99992
299.99992
299.99992
299.99992
299.99992
299.99992
299.99992
299.99992
299.99992
299.99992
299.99992
299.99992
299.99992
299.99992
299.99992
299.99992
299.99992
299.99994
299.99998
300.00003
300.00007
300.00009
300.00009
342.40121
327.80685
316.05473
308.22827
303.76951
301.50154
300.48664
300.11058
300.00708
299.99241
299.99572
299.99868
299.99972
299.99992
299.99994
299.99993
299.99993
299.99994
299.99994
299.99994
299.99994
299.99994
299.99994
299.99994
299.99994
299.99994
299.99994
299.99993
299.99993
299.99993
299.99993
299.99993
299.99993
299.99993
299.99995
299.99999
300.00003
300.00007
300.00009
300.00009
342.39905
327.79352
316.01137
308.1544
303.70875
301.47745
300.48709
300.11766
300.0123
299.99473
299.99643
299.99884
299.99974
299.99993
299.99995
299.99995
299.99995
299.99995
299.99995
299.99995
299.99995
299.99995
299.99995
299.99995
299.99995
299.99995
299.99995
299.99995
299.99995
299.99994
299.99994
299.99994
299.99994
299.99995
299.99997
300
300.00004
300.00008
300.00009
300.00009
342.39754
327.78385
315.97767
308.09095
303.65028
301.45018
300.48439
300.12344
300.01736
299.99721
299.99726
299.99903
299.99977
299.99995
299.99996
299.99996
299.99996
299.99996
299.99996
299.99997
299.99997
299.99997
299.99997
299.99997
299.99997
299.99996
299.99996
299.99996
299.99996
299.99996
299.99996
299.99996
299.99996
299.99996
299.99998
300.00001
300.00005
300.00008
300.00009
300.00009
342.39655
327.77713
315.95255
308.03895
303.59719
301.42212
300.47932
300.12771
300.02192
299.99962
299.99813
299.99925
299.99982
299.99996
299.99998
299.99998
299.99998
299.99998
299.99998
299.99998
299.99998
299.99998
299.99998
299.99998
299.99998
299.99998
299.99998
299.99998
299.99997
299.99997
299.99997
299.99997
299.99997
299.99998
299.99999
300.00002
300.00005
300.00008
300.00009
300.00009
342.39595
327.77268
315.93457
307.99822
303.55147
301.39529
300.47272
300.13048
300.02571
300.00179
299.99894
299.99947
299.99986
299.99997
299.99999
299.99999
299.99999
299.99999
299.99999
299.99999
299.99999
299.99999
299.99999
299.99999
299.99999
299.99999
299.99999
299.99999
299.99999
299.99998
299.99998
299.99998
299.99998
299.99999
300
300.00003
300.00006
300.00008
300.00009
300.00009
342.39563
327.76993
315.92222
307.96764
303.51392
301.37115
300.46546
300.1319
300.02863
300.00359
299.99966
299.99967
299.9999
299.99998
299.99999
299.99999
300
300
300
300
300
300
300
300
300
300
300
299.99999
299.99999
299.99999
299.99999
299.99999
299.99999
300
300.00001
300.00003
300.00006
300.00008
300.00009
300.00009
342.39552
327.76836
315.91408
307.94557
303.48441
301.35051
300.45821
300.13224
300.03069
300.00499
300.00024
299.99984
299.99994
299.99999
300
300
300
300
300
300
300
300
300
300
300
300
300
300
300
300
300
300
300
300.00001
300.00002
300.00004
300.00006
300.00008
300.00009
300.00009
342.39553
327.76759
315.90889
307.93018
303.46208
301.33364
300.45148
300.13183
300.03201
300.00599
300.00068
299.99997
299.99997
300
300
300
300
300
300
300
300
300
300
300
300
300
300
300
300
300
300
300
300.00001
300.00001
300.00002
300.00004
300.00006
300.00008
300.00009
300.00009
342.39563
327.76732
315.90568
307.9197
303.44573
301.32035
300.44559
300.13097
300.03275
300.00667
300.001
300.00008
299.99999
300
300
300.00001
300.00001
300.00001
300.00001
300.00001
300.00001
300.00001
300.00001
300.00001
300.00001
300.00001
300.00001
300.00001
300.00001
300.00001
300.00001
300.00001
300.00001
300.00001
300.00002
300.00004
300.00006
300.00008
300.00009
300.00009
342.39578
327.76734
315.90371
307.91263
303.43401
301.3102
300.44066
300.12989
300.03307
300.00708
300.00121
300.00015
300.00001
300
300.00001
300.00001
300.00001
300.00001
300.00001
300.00001
300.00001
300.00001
300.00001
300.00001
300.00001
300.00001
300.00001
300.00001
300.00001
300.00001
300.00001
300.00001
300.00001
300.00001
300.00002
300.00004
300.00006
300.00008
300.00009
300.00009
342.39595
327.76752
315.90248
307.9078
303.4257
301.30262
300.43667
300.1288
300.03314
300.00732
300.00135
300.0002
300.00002
300.00001
300.00001
300.00001
300.00001
300.00001
300.00001
300.00001
300.00001
300.00001
300.00001
300.00001
300.00001
300.00001
300.00001
300.00001
300.00001
300.00001
300.00001
300.00001
300.00001
300.00001
300.00002
300.00004
300.00006
300.00008
300.00009
300.00009
342.39613
327.76778
315.90167
307.90438
303.41974
301.297
300.43354
300.1278
300.03307
300.00744
300.00143
300.00023
300.00003
300.00001
300.00001
300.00001
300.00001
300.00001
300.00001
300.00001
300.00001
300.00001
300.00001
300.00001
300.00001
300.00001
300.00001
300.00001
300.00001
300.00001
300.00001
300.00001
300.00001
300.00001
300.00002
300.00004
300.00006
300.00008
300.00009
300.00009
342.39631
327.76807
315.9011
307.90181
303.41537
301.29282
300.43111
300.12693
300.03294
300.00749
300.00148
300.00025
300.00004
300.00001
300.00001
300
300
300
300
300
300
300
300
300
300
300
300
300
300
300.00001
300.00001
300.00001
300.00001
300.00001
300.00002
300.00004
300.00006
300.00008
300.00009
300.00009
342.39649
327.76838
315.90067
307.89977
303.41203
301.28967
300.42925
300.12623
300.0328
300.00751
300.00151
300.00026
300.00004
300.00001
300
300
300
300
300
300
300
300
300
300
300
300
300
300
300
300
300
300.00001
300.00001
300.00001
300.00002
300.00004
300.00006
300.00008
300.00009
300.00009
342.39668
327.76869
315.90034
307.89808
303.40937
301.28722
300.4278
300.12567
300.03267
300.00751
300.00152
300.00027
300.00004
300.00001
300
300
300
300
300
300
300
300
300
300
300
300
300
300
300
300
300
300
300.00001
300.00001
300.00002
300.00004
300.00006
300.00008
300.00009
300.00009
342.39686
327.76902
315.9001
307.89665
303.40716
301.28526
300.42666
300.12522
300.03257
300.00751
300.00153
300.00028
300.00005
300.00001
300
300
300
300
300
300
300
300
300
300
300
300
300
300
300
300
300
300
300.00001
300.00001
300.00002
300.00004
300.00006
300.00008
300.00009
300.00009
342.39706
327.76938
315.89995
307.89545
303.40531
301.28365
300.42574
300.12487
300.03248
300.0075
300.00154
300.00028
300.00005
300.00001
300
300
300
300
300
300
300
300
300
300
300
300
300
300
300
300
300
300
300.00001
300.00001
300.00002
300.00004
300.00006
300.00008
300.00009
300.00009
342.39726
327.76976
315.89989
307.89444
303.40373
301.28231
300.42499
300.12458
300.03242
300.0075
300.00155
300.00028
300.00005
300.00001
300
300
300
300
300
300
300
300
300
300
300
300
300
300
300
300
300
300
300.00001
300.00001
300.00002
300.00004
300.00006
300.00008
300.00009
300.00009
342.39748
327.77018
315.89993
307.89363
303.4024
301.28117
300.42437
300.12435
300.03236
300.0075
300.00155
300.00029
300.00005
300.00001
300
300
300
300
300
300
300
300
300
300
300
300
300
300
300
300
300
300
300.00001
300.00001
300.00002
300.00004
300.00006
300.00008
300.00009
300.00009
342.39771
327.77065
315.90007
307.893
303.40128
301.28021
300.42384
300.12416
300.03232
300.0075
300.00155
300.00029
300.00005
300.00001
300
300
300
300
300
300
300
300
300
300
300
300
300
300
300
300
300
300
300.00001
300.00001
300.00002
300.00004
300.00006
300.00008
300.00009
300.00009
342.39797
327.77118
315.90031
307.89254
303.40037
301.2794
300.4234
300.124
300.03229
300.0075
300.00156
300.00029
300.00005
300.00001
300
300
300
300
300
300
300
300
300
300
300
300
300
300
300
300
300
300
300.00001
300.00001
300.00002
300.00004
300.00006
300.00008
300.00009
300.00009
342.39825
327.77177
315.90065
307.89224
303.39963
301.27873
300.42303
300.12387
300.03226
300.0075
300.00156
300.00029
300.00005
300.00001
300
300
300
300
300
300
300
300
300
300
300
300
300
300
300
300
300
300
300
300.00001
300.00002
300.00004
300.00006
300.00008
300.00009
300.00009
342.39856
327.77243
315.90111
307.89209
303.39905
301.27817
300.42272
300.12375
300.03224
300.0075
300.00156
300.00029
300.00005
300.00001
300
300
300
300
300
300
300
300
300
300
300
300
300
300
300
300
300
300
300
300.00001
300.00002
300.00003
300.00006
300.00008
300.00009
300.00009
342.39891
327.77317
315.90168
307.89209
303.39862
301.27772
300.42246
300.12366
300.03222
300.0075
300.00157
300.00029
300.00005
300.00001
300
300
300
300
300
300
300
300
300
300
300
300
300
300
300
300
300
300
300
300.00001
300.00002
300.00003
300.00006
300.00008
300.00009
300.00009
342.3993
327.77401
315.90237
307.89223
303.39832
301.27737
300.42225
300.12358
300.0322
300.0075
300.00157
300.0003
300.00005
300.00001
300
300
300
300
300
300
300
300
300
300
300
300
300
300
300
300
300
300
300
300.00001
300.00002
300.00003
300.00006
300.00008
300.00009
300.00009
342.39974
327.77497
315.9032
307.89251
303.39815
301.27709
300.42208
300.12351
300.03218
300.0075
300.00157
300.0003
300.00005
300.00001
300
300
300
300
300
300
300
300
300
300
300
300
300
300
300
300
300
300
300
300.00001
300.00002
300.00003
300.00006
300.00008
300.00009
300.00009
342.40025
327.77606
315.90418
307.89293
303.39809
301.2769
300.42194
300.12346
300.03217
300.0075
300.00157
300.0003
300.00005
300.00001
300
300
300
300
300
300
300
300
300
300
300
300
300
300
300
300
300
300
300
300.00001
300.00002
300.00003
300.00006
300.00008
300.00009
300.00009
342.40087
327.77733
315.90533
307.89349
303.39815
301.27677
300.42184
300.12342
300.03216
300.0075
300.00157
300.0003
300.00005
300.00001
300
300
300
300
300
300
300
300
300
300
300
300
300
300
300
300
300
300
300
300.00001
300.00002
300.00003
300.00006
300.00008
300.00009
300.00009
342.40165
327.77887
315.90674
307.89425
303.39833
301.27671
300.42177
300.12339
300.03216
300.0075
300.00157
300.0003
300.00005
300.00001
300
300
300
300
300
300
300
300
300
300
300
300
300
300
300
300
300
300
300
300.00001
300.00002
300.00003
300.00006
300.00008
300.00009
300.00009
342.40261
327.78048
315.90813
307.89501
303.39855
301.27669
300.42172
300.12336
300.03215
300.0075
300.00157
300.0003
300.00005
300.00001
300
300
300
300
300
300
300
300
300
300
300
300
300
300
300
300
300
300
300
300.00001
300.00002
300.00003
300.00006
300.00008
300.00009
300.00009
342.4048
327.78443
315.91135
307.89683
303.39923
301.27682
300.4217
300.12335
300.03215
300.0075
300.00157
300.0003
300.00005
300.00001
300
300
300
300
300
300
300
300
300
300
300
300
300
300
300
300
300
300
300
300.00001
300.00002
300.00003
300.00005
300.00008
300.00009
300.00009
)
;

boundaryField
{
    wall
    {
        type            fixedValue;
        value           uniform 350;
    }
    sides
    {
        type            zeroGradient;
    }
    frontAndBack
    {
        type            empty;
    }
    inlet
    {
        type            fixedValue;
        value           uniform 300;
    }
    outlet
    {
        type            zeroGradient;
    }
}


// ************************************************************************* //
