/*--------------------------------*- C++ -*----------------------------------*\
  =========                 |
  \\      /  F ield         | OpenFOAM: The Open Source CFD Toolbox
   \\    /   O peration     | Website:  https://openfoam.org
    \\  /    A nd           | Version:  10
     \\/     M anipulation  |
\*---------------------------------------------------------------------------*/
FoamFile
{
    format      ascii;
    class       volScalarField;
    location    "0.13";
    object      TporMedia;
}
// * * * * * * * * * * * * * * * * * * * * * * * * * * * * * * * * * * * * * //

dimensions      [0 0 0 1 0 0 0];

internalField   nonuniform List<scalar> 
4000
(
-2.0531181e-05
9.4610921e-06
0.00024703394
0.0002164569
0.00021178644
0.00021148173
0.00019778044
0.00022142242
0.00018999048
0.00020637283
0.000189437
0.00021668146
0.00020667905
0.00020391957
0.00022216677
0.00021507305
0.00019831714
0.00020191721
0.00023207911
0.00026546863
0.0002186028
0.00021650597
0.00021058423
0.00020313657
0.00020966886
0.00021495462
0.00021605954
0.00021594143
0.00020972891
0.00020248769
0.00019597005
0.00018749793
0.00021430667
0.00020985427
0.00020103578
0.00022333344
0.0002319646
0.00019485092
0.0001868565
0.00021759606
-1.7215009e-06
4.7512449e-14
3.7692297e-12
1.3265782e-09
1.2437717e-10
7.8200211e-11
9.6986078e-11
8.0997123e-11
7.6285987e-11
6.713833e-11
9.0689374e-11
9.3574715e-11
7.8132626e-11
7.4965363e-11
8.6467834e-11
8.2536119e-11
9.4213219e-11
8.7478301e-11
1.2025544e-10
8.7679458e-11
9.4519661e-11
8.2504661e-11
7.2179451e-11
8.5036981e-11
8.4946941e-11
9.7648098e-11
1.0403414e-10
9.2460877e-11
8.8598172e-11
6.8420422e-11
7.1372116e-11
7.8772403e-11
1.0903857e-10
8.3648206e-11
7.0872897e-11
8.2597861e-11
9.7575528e-11
8.4341631e-11
7.7362459e-11
7.6036551e-11
-7.0088325e-07
-1.5168694e-14
1.6878446e-20
6.7466075e-17
-5.4438109e-17
3.4430676e-17
3.2531401e-17
2.8775681e-17
2.7937498e-17
2.3219507e-17
2.7996729e-17
3.4946041e-17
2.3654231e-17
3.2423011e-17
2.8991065e-17
2.8237063e-17
4.1681589e-17
3.1689322e-17
5.2852995e-17
3.0202064e-17
3.6777231e-17
3.4659419e-17
2.7905733e-17
2.7912893e-17
3.0123217e-17
4.8183677e-17
4.1526919e-17
3.0843906e-17
4.204636e-17
2.4421038e-17
2.49925e-17
3.1939105e-17
3.6215803e-17
2.9531621e-17
3.5055507e-17
2.8893894e-17
3.1188085e-17
2.5623371e-17
2.6669035e-17
2.6389324e-17
-3.8069232e-07
8.4529891e-16
2.0055763e-24
6.9678599e-25
9.030839e-24
5.3896845e-23
1.0183209e-23
1.0004271e-23
1.0332065e-23
8.4264932e-24
1.3043332e-23
1.3286991e-23
9.8012842e-24
1.2024121e-23
1.064568e-23
1.0296741e-23
1.4545235e-23
1.1797649e-23
2.5898167e-23
1.1334286e-23
1.4588403e-23
1.3111107e-23
9.2714927e-24
1.0154825e-23
1.2491916e-23
1.7191182e-23
1.3932179e-23
1.221393e-23
1.8627036e-23
9.8039864e-24
9.7715762e-24
9.86825e-24
1.6320584e-23
1.0984417e-23
1.2925014e-23
9.8082178e-24
1.1551512e-23
8.4034898e-24
1.0819482e-23
1.0804038e-23
-2.426999e-07
1.6851846e-16
3.0990313e-25
3.7887114e-33
2.7610275e-30
-9.1154205e-30
3.9581796e-30
3.9539523e-30
3.1298167e-30
4.1708065e-30
4.6075916e-30
4.7664165e-30
3.8773812e-30
4.8926268e-30
3.900767e-30
5.1089217e-30
6.1664111e-30
5.4825175e-30
9.1683285e-30
4.1636003e-30
5.4817867e-30
4.7011608e-30
3.9936231e-30
3.8457372e-30
5.535357e-30
6.6499964e-30
6.0489233e-30
4.5646328e-30
6.9739606e-30
4.1021601e-30
4.245086e-30
4.5023258e-30
5.4946049e-30
3.8296493e-30
4.7711315e-30
3.5552782e-30
4.9013817e-30
2.8213277e-30
3.7098062e-30
3.3013315e-30
-1.71597e-07
5.7576276e-17
1.3124764e-25
2.4715679e-34
5.4917679e-38
6.5734019e-37
6.1137661e-36
1.53856e-36
1.0778937e-36
1.5525736e-36
2.2398241e-36
1.7701422e-36
1.8174124e-36
1.8836317e-36
2.0194302e-36
1.9388994e-36
3.0091286e-36
2.4309895e-36
3.5229008e-36
1.5793621e-36
2.0161732e-36
2.1663668e-36
1.6011738e-36
1.3659842e-36
2.1124847e-36
2.5811537e-36
2.238512e-36
1.9105703e-36
2.1549041e-36
1.6680002e-36
1.5562077e-36
1.4865151e-36
1.7998706e-36
1.7134497e-36
2.6526795e-36
1.3677551e-36
1.4771919e-36
2.2440158e-38
1.2584743e-36
1.2561994e-36
-1.3051778e-07
2.5694963e-17
-6.9011658e-25
-8.0052562e-34
-4.9610796e-42
-3.1778519e-44
-1.2157593e-42
7.3545916e-43
3.2547484e-43
6.9313098e-43
7.6688343e-43
6.932316e-43
6.976144e-43
8.2998783e-43
1.0849037e-42
6.2494713e-43
1.125295e-42
9.27907e-43
1.3984665e-42
6.4813018e-43
1.0185481e-42
8.6432364e-43
7.5267562e-43
5.696852e-43
8.5345219e-43
1.1747375e-42
9.2946198e-43
1.4409314e-42
2.8749013e-42
7.5147024e-43
6.330632e-43
7.0623347e-43
7.7634408e-43
7.784353e-43
-3.3212068e-41
4.6895697e-43
9.3777471e-43
1.9181388e-42
3.620355e-43
4.9995333e-43
-1.045535e-07
1.3524639e-17
-1.3405092e-26
-1.1215109e-35
-3.1065207e-44
4.2567977e-51
8.5588173e-50
3.8248406e-49
1.4410179e-49
2.3928672e-49
2.615539e-49
2.8584234e-49
3.072316e-49
3.2165461e-49
4.8025354e-49
3.2868777e-49
6.2406251e-49
3.584027e-49
5.7502573e-49
2.8264227e-49
3.7306036e-49
4.2734143e-49
3.6853889e-49
2.5932229e-49
3.5888768e-49
5.0090936e-49
4.0607059e-49
1.7245023e-49
-1.0270827e-48
2.4298568e-49
2.8970653e-49
2.7266413e-49
1.8783875e-49
3.4633093e-49
6.2771545e-47
2.3400248e-49
-2.1755613e-49
-7.5956451e-48
3.0070169e-49
2.0496902e-49
-8.6696475e-08
7.9347873e-18
-3.0803256e-27
-2.1324976e-36
-3.2174995e-45
-1.6148147e-52
-3.1865372e-57
-8.0532551e-55
6.1493714e-56
9.5764345e-56
1.0502479e-55
1.1568594e-55
1.1796037e-55
1.3118318e-55
3.1395307e-55
1.407279e-55
2.8276288e-55
1.4975512e-55
3.0279411e-55
1.1900527e-55
1.5750325e-55
1.6846763e-55
2.1520099e-55
1.0104701e-55
1.9228454e-55
2.225448e-55
1.8675948e-55
5.5241606e-55
2.5673991e-54
1.4156034e-55
1.1583917e-55
1.3825276e-55
1.450134e-55
1.0557008e-55
-4.3295153e-53
-1.1420867e-55
3.6295406e-54
3.5200374e-54
-1.3143792e-55
7.4156782e-56
-7.3300776e-08
4.9947057e-18
-1.0351346e-27
-6.8354891e-37
-6.4193479e-46
-6.4915767e-54
1.6295999e-61
-7.9444593e-63
1.9376677e-62
3.2467597e-62
4.2475588e-62
4.9423425e-62
4.8608694e-62
5.3862389e-62
1.4334332e-61
6.4446862e-62
1.5078463e-61
8.0402609e-62
1.328775e-61
4.4747985e-62
6.7844477e-62
5.9688783e-62
1.1009169e-61
2.9539807e-62
6.4761878e-62
8.0794896e-62
7.8413685e-62
-1.1175149e-60
-4.5638863e-60
3.4832075e-62
3.9530333e-62
2.793951e-62
-4.4265494e-62
8.3371427e-62
1.0593104e-58
4.0780823e-61
-1.655363e-57
-7.1136331e-60
3.6238447e-61
2.6088661e-62
-6.2389428e-08
3.281014e-18
-4.1871729e-28
-3.2173146e-37
-2.0705351e-46
-8.4954639e-55
1.750059e-62
1.2977681e-68
1.2829075e-68
1.3779757e-68
1.8380973e-68
2.1912882e-68
1.9502815e-68
2.4072266e-68
4.9690289e-68
3.0092097e-68
6.4729844e-68
2.6275276e-68
6.2574618e-68
3.2123908e-68
4.2964765e-68
3.0207956e-68
4.2408362e-68
4.6299194e-68
3.7954999e-68
4.9665334e-68
5.4896632e-68
1.4055537e-66
3.2305462e-66
3.1656841e-68
2.4046046e-68
7.9788104e-68
2.0614686e-67
-1.283544e-66
-6.1242838e-65
-7.2256494e-67
1.6523526e-63
3.0224443e-65
-8.3017421e-67
1.1859944e-68
-5.3023309e-08
2.2080058e-18
-1.8891186e-28
-2.6895374e-37
-1.2794412e-46
-2.7289265e-55
5.8441805e-63
-2.1336488e-70
-6.9057605e-74
3.7880586e-75
8.2567911e-75
8.9571634e-75
1.1451736e-74
1.1680269e-74
2.7779855e-74
1.2563028e-74
2.3751466e-74
1.3172516e-74
3.4501738e-74
4.742837e-75
1.6695632e-74
8.7145583e-75
2.4172203e-74
-1.3670621e-75
9.3238086e-75
2.1150777e-74
-4.5642849e-75
-1.7033495e-72
-6.1921334e-72
-1.2941248e-74
2.0205149e-75
-3.6463933e-74
-1.6175916e-73
1.6238958e-72
8.0402502e-71
1.6003141e-72
-1.6006494e-69
-1.9426623e-71
3.9262876e-73
5.4899197e-75
-4.4815899e-08
1.5052339e-18
-9.1349844e-29
2.3202201e-37
8.6888714e-47
1.099525e-55
-4.9711212e-63
1.1521329e-70
-4.0363954e-77
2.7703949e-81
3.9661011e-81
4.4675106e-81
2.7141676e-81
5.8698235e-81
7.9988287e-81
7.0090898e-81
9.6926191e-81
6.114596e-81
1.7220603e-80
7.276955e-81
1.3391278e-80
5.6549291e-81
1.197033e-80
1.9949868e-80
1.3666529e-80
1.7412273e-80
3.2140496e-80
4.1982412e-78
7.8558664e-78
4.1011307e-80
5.2804788e-81
8.3475398e-80
1.7721243e-79
-1.9612454e-78
-2.2775517e-76
-2.6138937e-78
1.6237512e-75
3.1155003e-77
-6.2494907e-79
3.1114211e-81
-3.7672241e-08
1.0342517e-18
-4.6346624e-29
2.2087114e-38
6.8905292e-48
5.659731e-57
1.6252988e-64
-2.6554333e-72
2.8496091e-79
9.3291506e-86
1.4392639e-87
1.6180137e-87
2.0548777e-87
1.9402466e-87
7.4631912e-87
1.7263692e-87
4.3823805e-87
3.5483042e-87
7.1988119e-87
-1.4161719e-87
1.5530223e-88
5.4538265e-88
4.6925253e-87
-4.6900397e-87
-5.3900972e-87
7.7348047e-87
-1.2220117e-86
-2.9502377e-84
-5.0585727e-84
-3.172448e-86
-8.8697903e-87
-7.2399365e-86
-9.6856425e-86
4.1532443e-84
5.789912e-82
4.6502296e-84
-1.6727663e-81
-2.3338802e-83
3.8034098e-85
1.9862837e-87
-3.1548269e-08
7.1494242e-19
-2.4372104e-29
5.3693236e-39
1.4714299e-48
8.3807459e-58
6.0929718e-66
-7.8393104e-74
4.5434349e-81
1.9758835e-87
1.9766308e-93
1.0953633e-93
3.2094237e-94
2.099956e-93
1.9023498e-93
3.4831695e-93
1.9319727e-93
1.4789028e-93
4.4094083e-93
3.6174572e-93
6.9165102e-93
4.7513193e-93
2.9070282e-93
1.0264212e-92
8.1567443e-93
7.6291017e-93
7.8033972e-93
3.7879274e-90
8.5311767e-90
3.9714083e-92
7.0186499e-93
7.8908966e-92
1.0423855e-91
-2.5378851e-90
-5.0844149e-88
-7.625301e-90
1.9218871e-87
2.940831e-89
-9.9220259e-92
2.8507289e-93
-2.6378708e-08
4.9709414e-19
-1.3188057e-29
1.6797876e-39
4.2759277e-49
1.7786193e-58
5.920475e-67
-6.5497539e-75
2.2810797e-82
1.0726772e-87
4.09219e-94
5.3797958e-100
8.0895457e-100
3.5858009e-100
1.7761175e-99
-2.0880866e-100
1.396884e-99
1.4654462e-99
2.0971622e-99
-9.6639331e-100
-4.778074e-100
-4.5134981e-101
1.3525067e-99
-2.4442051e-99
-3.568272e-99
2.2772151e-99
-6.1577291e-99
-2.0991016e-96
-6.3075632e-96
-3.059356e-98
-2.1144675e-99
-7.9136917e-98
-1.2369917e-97
1.553601e-96
9.136794e-94
5.1387588e-96
-1.3822696e-93
-1.8454008e-95
2.3821303e-97
3.0597765e-99
-2.2057944e-08
3.4762071e-19
-7.3069601e-30
5.9958513e-40
1.514223e-49
4.7965352e-59
8.9394196e-68
-9.6374951e-76
2.1677223e-83
-1.7089462e-89
-6.8093543e-96
-3.3315403e-102
9.4336487e-107
8.4259997e-106
4.7846463e-106
7.171596e-106
9.5053171e-106
6.3434279e-106
2.039711e-105
2.2498473e-105
2.5955724e-105
1.30086e-105
1.8259551e-105
4.395911e-105
9.1112081e-105
4.9793331e-105
3.4064355e-105
2.6293714e-102
5.4634265e-102
1.6852706e-104
2.9851774e-105
6.5712462e-104
8.9251234e-104
-2.4003653e-102
-9.9233521e-100
-4.0039168e-102
2.2177521e-99
2.7006974e-101
1.2427242e-104
-1.3847442e-104
-1.8455812e-08
2.443155e-19
-4.1276716e-30
2.3297256e-40
6.3897835e-50
1.5976532e-59
1.8540608e-68
-2.3430144e-76
3.7343793e-84
-6.3432977e-91
-2.2202174e-97
-9.8862732e-104
-7.1214371e-110
9.5018339e-113
7.5399587e-112
-1.9818923e-112
5.7540081e-112
6.626836e-112
1.0990862e-111
2.7888026e-112
-8.4683784e-112
-2.4235734e-112
7.6361597e-112
-2.5811142e-111
-4.389635e-111
1.6062094e-111
-7.3969748e-111
-2.81341e-109
-8.2252313e-108
-7.4561273e-111
-3.0759101e-111
-1.4802075e-109
-8.4139168e-110
4.2196703e-108
4.4214036e-106
1.0564517e-107
-1.2219893e-105
-1.2888019e-107
4.6675104e-110
4.78342e-110
-1.5446366e-08
1.7237072e-19
-2.3681661e-30
9.6132866e-41
3.3403465e-50
6.803326e-60
5.2860544e-69
-1.2671892e-76
1.534733e-84
-1.3654397e-91
-5.6309354e-98
-2.1500924e-104
-1.3262408e-110
-6.969202e-117
2.534282e-118
2.0729051e-118
5.9266939e-118
3.5309914e-118
1.1969796e-117
1.3328709e-117
1.5118316e-117
5.1233208e-118
5.51713e-118
3.8695024e-117
1.0086911e-116
2.3938463e-117
4.2228463e-117
8.7303839e-115
4.0362696e-114
1.7877833e-116
1.7880544e-117
8.0240135e-116
8.521793e-116
-3.2220431e-114
-3.1877855e-112
-2.1366673e-114
9.372123e-112
1.0430846e-113
3.2141831e-116
-2.2878825e-116
-1.2920912e-08
1.2187961e-19
-1.3749148e-30
4.1473519e-41
2.7130151e-50
4.6300545e-60
2.5370252e-69
8.3301298e-77
-8.0122598e-85
3.9975439e-92
1.931021e-98
1.1729128e-104
7.1413902e-111
4.7525857e-117
4.183724e-123
-1.1058154e-124
3.7164393e-124
2.9806677e-124
7.9449392e-124
1.7577637e-124
4.4876809e-124
4.4496298e-125
4.7122718e-124
-3.2619979e-124
1.9766324e-123
1.5487027e-123
-1.839529e-123
-2.9991925e-121
-1.7734555e-120
-5.4185805e-123
-1.8657986e-123
-4.8179346e-122
-6.9811079e-122
1.6811339e-120
3.5392105e-118
2.1104867e-119
-5.5053384e-118
-6.2527061e-121
4.6989933e-122
6.195479e-123
-1.0796203e-08
8.6256731e-20
-8.0546058e-31
1.8511545e-41
-3.4028735e-50
-4.9982817e-60
-2.0101318e-69
-1.3830611e-77
1.1197885e-85
-3.6544131e-93
-1.0087352e-98
-4.3484255e-105
-3.0016325e-111
-1.9891151e-117
-2.3523722e-123
-1.9688851e-129
3.3155619e-130
3.704884e-130
8.1588435e-130
5.8344741e-130
1.0431219e-129
2.0280531e-130
5.3442629e-130
2.0894278e-129
3.58791e-129
2.4603968e-129
1.3543167e-129
2.0061212e-127
8.2328273e-127
8.3507604e-129
1.6356254e-129
4.0408137e-128
3.5937866e-128
-2.8284983e-126
-9.3617723e-125
-2.6661486e-126
9.0841147e-124
3.0078174e-126
2.1474828e-127
-1.097875e-129
-9.0121589e-09
6.1072675e-20
-4.7527875e-31
8.4896648e-42
-2.4228669e-51
-3.1445789e-61
-9.5955908e-71
-3.0437424e-79
2.1977139e-87
-4.9501988e-95
3.2908081e-101
1.5663404e-107
8.0389858e-114
2.5462136e-119
2.1867901e-125
2.9432641e-131
4.0666007e-136
9.2514317e-136
1.0638592e-135
2.529006e-136
5.9964985e-136
2.6668627e-136
1.056236e-135
1.0045258e-135
2.0303753e-135
2.1755039e-135
-2.4582602e-135
-2.5486582e-134
-1.7301118e-132
1.615756e-135
-4.6422945e-136
-5.1114512e-134
-2.8752448e-134
1.1820817e-132
2.4812082e-130
5.4769802e-132
-1.5199887e-129
4.252259e-132
-2.4095835e-133
1.4210161e-136
-7.5224314e-09
4.3276439e-20
-2.8228327e-31
3.9830056e-42
-5.2893494e-52
-6.2325074e-62
-1.4834386e-71
-2.6862834e-80
1.8426764e-88
-2.9930866e-96
8.0077087e-103
2.9528134e-109
5.1507742e-115
5.9773154e-121
1.4334927e-126
2.0711125e-132
2.3360994e-138
1.6855068e-141
1.2672318e-141
6.1456488e-142
2.7252882e-141
5.4111956e-142
1.0595777e-141
2.5892898e-141
3.2182957e-141
3.4055113e-141
1.4334435e-141
7.2359032e-139
-9.2477501e-140
8.3807464e-141
5.6847273e-142
1.1258592e-139
4.2999154e-141
-9.3548486e-139
-2.8367637e-137
-3.3384554e-138
-7.5531767e-136
2.3596776e-137
1.2288947e-139
-1.743969e-143
-6.2861103e-09
3.0715702e-20
-1.687353e-31
1.9061665e-42
-1.4858979e-52
-1.6362502e-62
-3.1118182e-72
-3.5832803e-81
2.5548986e-89
-3.1667824e-97
3.3514418e-104
2.7743837e-110
1.7363241e-116
4.535273e-122
1.4530694e-127
5.1249581e-132
7.9470057e-138
1.2764357e-143
1.0738794e-146
1.324536e-147
6.1315746e-147
-2.9373998e-147
1.7162879e-147
5.0277939e-147
5.5041387e-147
4.7397318e-146
-7.584706e-147
2.1542815e-144
-1.0700806e-144
5.3116349e-147
-7.3267482e-149
-5.8965291e-146
-3.1976965e-146
4.1759487e-145
1.3845961e-142
2.134958e-144
-1.5483663e-141
-8.0456257e-143
-5.570785e-146
2.8465207e-150
-5.2644496e-09
2.1852804e-20
-1.0150955e-31
9.2859145e-43
-4.7313831e-53
-5.0347724e-63
-7.814638e-73
-6.123263e-82
5.2845078e-90
-5.229058e-98
3.5487894e-105
2.4012335e-111
7.598421e-117
5.0592217e-122
7.4530391e-128
-1.0947612e-132
-1.4086045e-138
-3.902231e-144
2.5404914e-148
3.5851452e-153
-4.5619407e-152
-1.6797931e-152
5.7014748e-152
-1.9430398e-152
2.7512222e-152
3.459195e-151
-2.3118716e-152
4.4813613e-150
-2.2938793e-150
2.6150201e-152
-2.4928793e-154
-1.8917075e-152
-1.3267472e-152
-8.8024309e-151
8.6166269e-149
1.0080191e-151
2.3437742e-146
4.7635389e-148
2.1643417e-152
-1.6233753e-156
-4.4212331e-09
1.5591674e-20
-6.1445426e-32
4.5958945e-43
-1.6309917e-53
-1.7474701e-63
-2.2567035e-73
-1.2618994e-82
1.9139346e-90
-1.5526999e-98
6.8176619e-106
1.0668149e-111
1.1630888e-117
1.6633466e-122
1.9132559e-127
-2.0474294e-132
-8.3321623e-138
1.1525726e-143
1.5426896e-148
-1.941404e-154
2.6091248e-157
3.905863e-158
-1.8820161e-157
4.279885e-158
-6.0794406e-158
5.6406982e-156
4.8149994e-158
-7.1711492e-156
-5.9653312e-156
2.5178208e-157
2.3505475e-159
-4.7712686e-158
-7.8726557e-158
6.6856679e-157
2.7975778e-154
2.9036025e-156
-3.2712503e-152
-6.5991364e-154
-8.203529e-159
-3.4947719e-163
-3.7243965e-09
1.1158042e-20
-3.7408243e-32
2.3068627e-43
-5.950173e-54
-6.7857436e-64
-7.4233892e-74
-3.0733508e-83
-1.9231991e-90
1.3317255e-98
-4.0617046e-106
3.490745e-112
3.0566751e-118
2.1324263e-123
-3.6148622e-128
3.6346551e-133
-5.3600371e-139
5.9437553e-145
-1.3032364e-150
1.6386114e-156
-1.0097778e-161
-2.8059791e-164
-8.1284261e-163
-4.9019491e-164
1.9762682e-163
-7.3251794e-162
-6.0286671e-164
-4.1776012e-160
7.0858919e-162
-4.0237701e-163
-3.2317795e-165
-2.2466621e-163
3.5664224e-163
2.1919875e-162
2.044563e-159
-9.8580539e-162
3.931405e-158
5.80457e-160
8.3226624e-165
-3.1388538e-170
-3.1474145e-09
8.0103131e-21
-2.2896604e-32
1.1725133e-43
-2.2672423e-54
-2.9966848e-64
-2.8244667e-74
-8.9149882e-84
-6.4809552e-92
3.9547716e-100
-8.8729608e-108
4.0356863e-114
6.1855492e-120
-4.4836788e-125
5.6214754e-131
-5.0023264e-137
1.0624718e-142
-3.7494394e-148
3.3481926e-154
-4.5433999e-160
5.2525222e-166
2.0788683e-170
1.19729e-168
4.0055952e-170
-1.8449694e-169
1.2813144e-167
8.0616231e-170
9.2587746e-166
-1.0465199e-167
8.3539734e-169
5.8073439e-171
3.309247e-169
-1.4186235e-168
-1.8921382e-167
1.1110975e-164
1.3465492e-167
-5.3054061e-164
-3.2893734e-166
6.6741335e-170
2.1798128e-177
-2.6690338e-09
5.7706566e-21
-1.4088235e-32
6.0283884e-44
-8.9488264e-55
-1.6064899e-64
-1.3260402e-74
-3.2708222e-84
-1.0594034e-92
5.9268487e-101
-1.0056163e-108
1.9123178e-115
4.4664758e-121
-4.5676659e-127
6.0115643e-133
-5.7762258e-139
1.5212137e-144
-9.1559057e-151
1.6040176e-156
-2.8498056e-162
2.0772174e-168
-2.3226405e-174
-2.2170414e-174
-4.5478947e-176
1.4739739e-175
-8.1758431e-174
-7.2213698e-176
-9.9640587e-172
1.2585309e-173
-8.5511551e-175
-1.0299237e-176
-4.3056982e-175
2.1990038e-174
2.4442125e-173
-1.216056e-169
-1.2647148e-173
3.0303759e-170
1.7344319e-172
3.9245177e-176
2.2331818e-183
-2.2724041e-09
4.1746729e-21
-8.717111e-33
3.133806e-44
-3.6393521e-55
-1.3958082e-64
-1.025465e-74
-2.0189436e-84
-3.751202e-93
2.0221229e-101
-2.6967496e-109
2.9920426e-116
8.0692889e-122
-2.1088723e-127
2.3396796e-133
-1.9370981e-139
1.7866965e-145
-1.4218535e-151
8.2515545e-158
-5.3889541e-164
4.789114e-170
-4.5444982e-176
1.5332283e-180
3.6589374e-182
-1.1395043e-181
6.9131757e-180
7.7297441e-182
6.2372048e-178
-9.8314882e-180
4.1653033e-181
8.1969953e-183
2.8762764e-181
-2.1361728e-180
-2.8582407e-179
1.4718123e-175
7.3752976e-180
-1.5388079e-176
-7.655334e-179
1.1409203e-182
7.1820723e-190
-1.9439387e-09
3.036111e-21
-5.4284807e-33
1.6473806e-44
-1.5200392e-55
1.0030084e-64
6.6660834e-75
1.0672993e-84
1.278786e-93
-7.0482977e-102
7.6830106e-110
-5.6234807e-117
-6.0581118e-122
3.9945723e-128
-2.4859323e-134
1.2375348e-140
-8.6244354e-147
4.4988823e-153
-2.0212794e-159
1.0461904e-165
-4.391576e-172
2.3453761e-178
-1.4036531e-184
-1.6432873e-188
6.5661669e-188
-4.6225057e-186
-5.7562561e-188
-3.8206187e-184
1.0900585e-185
-2.5846392e-187
-5.1595222e-189
-3.2077993e-187
2.0296204e-186
3.4748088e-185
-9.6080077e-182
-3.8658222e-186
5.5380549e-183
2.8415606e-185
2.2795103e-189
1.5523212e-196
-1.6725006e-09
2.2230636e-21
-3.4068015e-33
8.7637879e-45
-6.5089317e-56
9.2788513e-66
5.6744101e-76
7.5154101e-86
6.2300333e-95
-3.8243545e-103
3.4665139e-111
-1.7918862e-118
1.4848319e-124
-1.2208161e-130
7.7262377e-137
-3.3814807e-143
1.787831e-149
-1.4482356e-155
7.2160573e-162
-3.4319564e-168
1.2343644e-174
-6.1021469e-181
2.7765553e-187
-1.2285625e-193
-3.2728139e-194
1.8665266e-192
3.0317441e-194
1.6683063e-190
-6.3941046e-192
1.316664e-193
3.0089779e-195
1.6777533e-193
-1.0246374e-192
-2.9358425e-191
5.5292791e-188
1.4360013e-192
-1.6983016e-189
-1.6491059e-191
3.5674439e-196
2.7018959e-203
-1.4488028e-09
1.6417637e-21
-2.1585299e-33
4.7244617e-45
-2.855987e-56
2.0224843e-66
1.1590412e-76
1.2895617e-86
7.7579291e-96
-6.2185903e-104
4.8275557e-112
-1.8596609e-119
7.3505268e-126
-6.4429512e-132
3.2656072e-138
-1.360249e-144
5.2726569e-151
-2.1998656e-157
7.3296079e-164
-3.2881656e-170
1.2608428e-176
-4.7233234e-183
1.9037238e-189
-7.5682542e-196
1.2916056e-200
-8.005358e-199
-1.3509132e-200
-5.2813811e-197
3.2548683e-198
-6.0361922e-200
-1.2458996e-201
-7.1626928e-200
5.5533643e-199
3.036097e-197
-2.8255412e-194
-4.5381251e-199
4.7929489e-196
8.4193629e-198
5.7404394e-203
4.4826543e-210
-1.2650878e-09
1.2255181e-21
-1.3839226e-33
2.5860507e-45
-1.2848255e-56
5.564466e-67
3.0488396e-77
2.8912748e-87
1.3084486e-96
-2.0895033e-104
1.4265933e-112
-4.1774217e-120
1.2293024e-126
-6.5002094e-133
2.5967732e-139
-9.9916841e-146
3.3829476e-152
-1.2614537e-158
4.2253737e-165
-1.3193093e-171
5.0104306e-178
-1.9049497e-184
7.1694445e-191
-2.7392728e-197
8.8074029e-204
3.1336327e-205
4.5853165e-207
2.3698298e-203
-1.1537476e-204
2.1866021e-206
4.5643708e-208
2.8886951e-206
-2.9666008e-205
-1.5354242e-203
1.0651245e-200
1.1867577e-205
-1.0187395e-202
-5.3186842e-204
7.0547442e-210
5.7812932e-217
-1.1148766e-09
9.2689817e-22
-9.0037899e-34
1.4410769e-45
-5.9353654e-57
1.7360984e-67
9.3068068e-78
7.6271116e-88
2.6738781e-97
9.7778153e-105
-6.0636847e-113
1.3989858e-120
-2.3385963e-127
1.3707888e-133
-4.5851796e-140
1.4036292e-146
-4.0073081e-153
1.2690702e-159
-3.7949513e-166
1.3961692e-172
-4.1732319e-179
1.2540077e-185
-3.7390578e-192
1.0600285e-198
-3.3527539e-205
7.0702958e-213
-1.3955868e-213
-7.4219114e-210
3.6431254e-211
-8.5296782e-213
-1.433202e-214
-1.1802236e-212
1.1619421e-211
4.8891158e-210
-3.5913742e-207
-2.6917029e-212
1.9593007e-209
3.3134031e-210
1.2194513e-216
9.0789724e-224
-9.9278785e-10
7.122104e-22
-5.9639328e-34
8.2022219e-46
-2.822615e-57
5.9178457e-68
3.1915489e-78
2.2908731e-88
6.3720857e-98
4.1949765e-106
-2.4245136e-114
4.5079643e-122
-6.2442827e-129
2.3778467e-135
-7.239768e-142
2.0147342e-148
-6.5673312e-155
1.812791e-161
-5.0826743e-168
1.3726365e-174
-3.7526741e-181
1.0769352e-187
-3.8199436e-194
9.4697051e-201
-2.7101648e-207
7.3920775e-214
1.9772875e-220
1.9382653e-216
-9.8700079e-218
2.5179295e-219
4.0107187e-221
4.55243e-219
-3.6172014e-218
-1.58607e-216
9.1878826e-214
5.2372147e-219
-3.614912e-216
-2.6256643e-216
-1.4809074e-223
-2.8123014e-231
-8.9438964e-10
5.5755593e-22
-4.0369937e-34
4.7870888e-46
-1.3865274e-57
2.1698451e-68
1.2195151e-78
7.76781e-89
1.7506828e-98
5.5699858e-107
-3.11221e-115
4.7953513e-123
-4.6596519e-130
1.3951025e-136
-4.76446e-143
1.2752457e-149
-3.1739508e-156
7.8586031e-163
-1.9981492e-169
4.5855167e-176
-1.0181945e-182
2.3947571e-189
-5.6115875e-196
1.4227099e-202
-7.6291971e-209
7.1162783e-215
-5.7674528e-220
-5.2696009e-223
2.7523486e-224
-7.8557073e-226
-1.4209743e-227
-1.2047496e-225
9.3721878e-225
5.3757493e-223
-1.8670484e-220
-9.1294985e-226
6.0505482e-223
2.4044401e-222
2.2895875e-229
1.0944364e-236
-8.1605066e-10
4.4600324e-22
-2.8039024e-34
2.8776285e-46
-7.0642895e-58
8.5034256e-69
5.226468e-79
2.9928794e-89
5.5680889e-99
1.0747137e-107
-6.0667078e-116
8.0229572e-124
-5.9852059e-131
1.7393802e-137
-3.6916293e-144
8.2811004e-151
-1.9598876e-157
4.5677408e-164
-9.5170718e-171
2.2988574e-177
-5.6951422e-184
1.2730863e-190
-2.8082755e-197
6.7077105e-204
-1.5539205e-210
3.2622974e-217
-7.1901441e-224
1.2552189e-229
-7.0728219e-231
1.9011413e-232
3.3036286e-234
2.9685028e-232
-2.5263377e-231
-1.3507721e-229
3.5006008e-227
1.2954532e-232
-9.0904482e-230
-1.5259978e-228
-1.2134345e-235
-5.2252227e-243
-7.5480941e-10
3.6557809e-22
-2.0066046e-34
1.7901677e-46
-3.750603e-58
3.5558902e-69
2.5702554e-79
1.3408653e-89
2.0945561e-99
2.7294486e-108
-1.6483039e-116
1.8869842e-124
-1.0151782e-131
2.1806239e-138
-5.9074419e-145
1.1693216e-151
-2.3542357e-158
4.9139919e-165
-8.7000058e-172
1.9609346e-178
-3.9730399e-185
7.8153963e-192
-1.5198295e-198
3.0822214e-205
-6.6929654e-212
1.2956869e-218
-2.5904885e-225
6.2777454e-232
1.3748686e-237
-4.0524693e-239
-6.4980744e-241
-7.4223626e-239
5.1398276e-238
2.738667e-236
-5.6158166e-234
-1.5212538e-239
1.3172776e-236
1.1614517e-234
9.8428298e-242
4.443959e-249
-7.0826501e-10
3.0783643e-22
-1.4856749e-34
1.158143e-46
-2.0853678e-58
1.5880768e-69
1.5347113e-79
7.3947959e-90
9.8541766e-100
9.2571911e-109
-6.4993964e-117
6.6152193e-125
-2.9724416e-132
6.1371152e-139
-1.3784644e-145
2.5923644e-152
-4.4335928e-159
8.237036e-166
-1.4488667e-172
2.7420281e-179
-5.183594e-186
8.8379404e-193
-1.5332465e-199
2.8465701e-206
-5.2211212e-213
8.9870781e-220
-1.8756864e-226
3.4743823e-233
-6.1930163e-240
9.3036611e-246
1.3085044e-247
1.5776311e-245
-1.233587e-244
-4.7272322e-243
8.6296547e-241
1.6604646e-246
-1.660375e-243
-8.1513051e-241
-6.4375718e-248
-2.8645827e-255
-6.7445178e-10
2.6683859e-22
-1.1421965e-34
7.8279619e-47
-1.2202148e-58
7.5916696e-70
1.3389312e-79
6.045025e-90
6.9769876e-100
4.951104e-109
-4.7176697e-117
4.4095415e-125
-1.6129266e-132
2.5721977e-139
-4.8893408e-146
8.9646374e-153
-1.5003244e-159
2.5473121e-166
-4.880491e-173
8.6496589e-180
-1.426744e-186
2.2629605e-193
-3.6467606e-200
5.9137067e-207
-9.2019866e-214
1.3798454e-220
-2.2878518e-227
3.9779457e-234
-6.7443826e-241
1.2195558e-247
-4.6607112e-254
-3.4635164e-252
2.3600561e-251
7.7764322e-250
-1.0907389e-247
-1.6978835e-253
1.8284865e-250
4.5557258e-247
3.6164816e-254
1.6438847e-261
-6.5172485e-10
2.3841716e-22
-9.1449276e-35
5.5499167e-47
-7.5469445e-59
3.8946306e-70
-1.2046358e-78
-5.1753499e-89
-5.2499412e-99
-2.916625e-108
5.5765639e-116
-4.8386283e-124
1.5001816e-131
-1.7945695e-138
3.4766783e-145
-5.9204663e-152
8.8857498e-159
-1.4492189e-165
2.0436001e-172
-3.03701e-179
4.1606338e-186
-6.0093026e-193
8.6733144e-200
-1.3529935e-206
1.8402859e-213
-3.0021633e-220
4.9809109e-227
-7.898165e-234
1.2128753e-240
-1.8689583e-247
2.8799223e-254
5.8523532e-259
-4.1992493e-258
-1.3351434e-256
1.2883861e-254
1.5596723e-260
-2.0058142e-257
-3.6135402e-253
-2.9417919e-260
-1.3951955e-267
-6.3863227e-10
2.1964719e-22
-7.6387851e-35
4.1394623e-47
-4.9507288e-59
2.1488778e-70
-2.7779411e-80
-1.1547055e-90
-1.0441964e-100
-4.6724665e-110
-2.5903616e-117
2.1660559e-125
-5.7476847e-133
5.8712565e-140
-9.0577346e-147
1.3525415e-153
-1.9823813e-160
2.7961771e-167
-4.0020227e-174
5.8711444e-181
-8.0019149e-188
1.0524967e-194
-1.4806342e-201
1.8987472e-208
-2.7717999e-215
3.5975674e-222
-4.7498982e-229
6.4293245e-236
-8.6516782e-243
1.2199603e-249
-1.8689092e-256
2.8253512e-263
6.5817353e-265
1.9093206e-263
-1.4602352e-261
-1.2706066e-267
2.1368842e-264
2.3307971e-259
2.0387233e-266
9.2531314e-274
-6.3377384e-10
2.0845148e-22
-6.6589521e-35
3.2525496e-47
-3.4511619e-59
1.2765761e-70
-7.6745552e-81
-3.1428652e-91
-2.5681474e-101
-9.4815292e-111
-8.9354285e-119
7.4004894e-127
-1.7020811e-134
1.4798522e-141
-2.0040655e-148
2.9592714e-155
-3.7803842e-162
5.1254679e-169
-6.8118851e-176
9.2075716e-183
-1.2552774e-189
1.5221045e-196
-1.8640501e-203
2.4596152e-210
-3.0175442e-217
4.1295703e-224
-5.0547157e-231
7.4037682e-238
-9.6582337e-245
1.3801414e-251
-1.8919965e-258
2.5787975e-265
-1.2719407e-271
-2.4978551e-270
1.4583698e-268
9.931874e-275
-2.0781273e-271
-1.0105222e-265
-8.5224959e-273
-3.780663e-280
-6.3566628e-10
2.0329949e-22
-6.0489657e-35
2.6909534e-47
-2.5566523e-59
8.1608395e-71
-3.018523e-81
-1.2421624e-91
-9.2926247e-102
-2.8889252e-111
-1.34962e-119
1.1575669e-127
-2.3962998e-135
1.8157372e-142
-2.4091652e-149
3.1123371e-156
-4.0893733e-163
5.0361027e-170
-5.798441e-177
6.5699806e-184
-8.2830644e-191
1.0459204e-197
-1.2773925e-204
1.5887727e-211
-1.8410682e-218
2.2964436e-225
-2.7076682e-232
3.4704564e-239
-4.1968336e-246
5.4650134e-253
-6.6122113e-260
9.2449314e-267
-1.2811906e-273
3.2740396e-277
-1.3933975e-275
-6.905782e-282
1.5545479e-278
4.9715827e-272
4.1926032e-279
1.9187285e-286
-6.4261861e-10
2.0295805e-22
-5.70621e-35
2.337946e-47
-2.0083882e-59
5.5996812e-71
-1.4391626e-81
-6.0845316e-92
-4.220095e-102
-1.1250875e-111
-3.3028229e-120
3.0671777e-128
-5.7992621e-136
3.7316724e-143
-4.3020322e-150
5.1856745e-157
-6.2226009e-164
7.3716536e-171
-8.7886995e-178
1.0001287e-184
-1.2745107e-191
1.5558726e-198
-1.7271311e-205
2.0852373e-212
-2.4519788e-219
2.7129196e-226
-3.1837993e-233
4.0507343e-240
-4.7986436e-247
6.1336004e-254
-8.0187062e-261
1.0375196e-267
-1.3342098e-274
1.5634478e-281
1.2460041e-282
4.274358e-289
-4.2004559e-286
-1.5359603e-278
-1.2111049e-285
-4.9927949e-293
-6.5267174e-10
2.0628257e-22
-5.5597153e-35
2.1227473e-47
-1.665587e-59
4.1047198e-71
-7.8667297e-82
-3.5082828e-92
-2.2853175e-102
-5.3154719e-112
-1.0941598e-120
1.1701639e-128
-2.0750291e-136
1.1596753e-143
-1.2507691e-150
1.3531011e-157
-1.4781471e-164
1.5792033e-171
-1.6329473e-178
1.7273844e-185
-1.8006505e-192
1.8418047e-199
-1.9154623e-206
2.0168045e-213
-2.0368969e-220
2.1412935e-227
-2.3759082e-234
2.6779451e-241
-3.263644e-248
3.8603819e-255
-4.5313439e-262
5.5911455e-269
-6.8368516e-276
7.3990791e-283
-1.7088981e-289
-1.9094765e-296
-2.1971838e-292
4.3055017e-285
3.512492e-292
1.4812202e-299
-6.636527e-10
2.1205427e-22
-5.5552441e-35
2.0004012e-47
-1.4487084e-59
3.1925818e-71
-4.7839597e-82
-2.3282646e-92
-1.4449497e-102
-2.9839444e-112
-4.6184767e-121
6.3314743e-129
-1.0721408e-136
5.1678889e-144
-4.7771344e-151
4.4339762e-158
-4.0118615e-165
3.5937641e-172
-2.9892296e-179
2.5979672e-186
-2.3309586e-193
2.0537539e-200
-1.8680835e-207
1.7785059e-214
-1.5786258e-221
1.5363575e-228
-1.4589672e-235
1.3790915e-242
-1.3046815e-249
1.3671139e-256
-1.4021911e-263
1.7187558e-270
-2.0723053e-277
2.1204237e-284
-1.7796332e-291
1.2672591e-298
6.245939e-299
-9.1861097e-292
-7.0534041e-299
-2.6770954e-306
-6.7338108e-10
2.1889997e-22
-5.645488e-35
1.9402089e-47
-1.3106732e-59
2.6123576e-71
-3.1685226e-82
-1.765921e-92
-1.0616143e-102
-1.9824098e-112
-2.430956e-121
5.2409145e-129
-8.3706819e-137
3.4548672e-144
-2.4116828e-151
1.8637088e-158
-1.3351865e-165
9.687972e-173
-6.9015462e-180
4.919905e-187
-3.4781774e-194
2.5390954e-201
-1.752446e-208
1.268035e-215
-9.1634972e-223
6.5488788e-230
-5.0116199e-237
3.8296142e-244
-3.0581258e-251
2.6481005e-258
-2.405789e-265
2.3939307e-272
-2.3979681e-279
2.2623416e-286
-1.7718266e-293
1.1967761e-300
-1.4124909e-305
2.1057011e-298
1.5611154e-305
4.8939521e-313
-6.8000071e-10
2.253356e-22
-5.784609e-35
1.9190795e-47
-1.2218787e-59
2.2269044e-71
-2.2458125e-82
-1.5444015e-92
-9.166217e-103
-1.5772891e-112
-1.5909436e-121
1.1220951e-128
-1.763198e-136
5.9351666e-144
-3.2468188e-151
1.8703571e-158
-1.1019071e-165
6.3760051e-173
-3.6796961e-180
2.1047928e-187
-1.1949836e-194
6.8045805e-202
-3.8661696e-209
2.1896134e-216
-1.2490651e-223
7.3970681e-231
-4.2871916e-238
2.5358166e-245
-1.6054051e-252
1.0800247e-259
-7.4764948e-267
5.6841624e-274
-4.6678144e-281
3.7869723e-288
-2.605436e-295
1.6171274e-302
-1.0923183e-309
-4.3569173e-305
-2.4151923e-312
-3.5283399e-314
-6.8233146e-10
2.2995618e-22
-5.9272792e-35
1.9180776e-47
-1.1623921e-59
1.9572099e-71
-1.6776714e-82
-1.6224322e-92
-9.697293e-103
-1.563696e-112
-1.3346654e-121
-5.4397513e-129
8.4206847e-137
-2.5036992e-144
1.1353438e-151
-5.6289265e-159
2.8271441e-166
-1.3974745e-173
6.8697571e-181
-3.2971252e-188
1.5952479e-195
-7.7301267e-203
3.833631e-210
-1.8818568e-217
9.3292634e-225
-4.7556968e-232
2.4065466e-239
-1.2399943e-246
6.2551445e-254
-3.45863e-261
1.9239361e-268
-1.155468e-275
7.5306757e-283
-4.7741878e-290
2.7612072e-297
-1.4383946e-304
9.1391498e-312
1.2162909e-311
-1.6762494e-313
1.1582695e-315
-6.8008187e-10
2.317145e-22
-6.0317085e-35
1.9211324e-47
-1.1179835e-59
1.7554061e-71
-1.3032299e-82
-2.3855175e-92
-1.4606634e-102
-2.2332743e-112
-1.6449714e-121
-2.3296857e-129
3.8229076e-137
-1.060537e-144
4.5229806e-152
-2.1054509e-159
1.0146888e-166
-4.9444714e-174
2.3715215e-181
-1.1561579e-188
5.6511752e-196
-2.7310046e-203
1.3303285e-210
-6.6168368e-218
3.195857e-225
-1.5828154e-232
7.4454416e-240
-3.6105642e-247
1.7483662e-254
-8.6123277e-262
4.2482429e-269
-2.2284819e-276
1.169355e-283
-6.0666209e-291
2.9700279e-298
-1.3919149e-305
1.8194813e-313
-4.6841101e-313
2.2379091e-313
1.2851745e-313
-6.7382808e-10
2.3017001e-22
-6.0651156e-35
1.9152252e-47
-1.0783842e-59
1.5917009e-71
-1.0405962e-82
-5.6098538e-91
-3.5502875e-101
-5.1591046e-111
-3.2977707e-120
-2.5965288e-128
4.9625433e-136
-1.4000463e-143
6.4437137e-151
-3.5749952e-158
2.1550868e-165
-1.3099009e-172
7.6746001e-180
-4.7367226e-187
2.8468556e-194
-1.743027e-201
1.0528808e-208
-6.571115e-216
3.8173967e-223
-2.240906e-230
1.0901641e-237
2.6479064e-246
-1.6662477e-251
3.9061122e-258
-6.316533e-265
7.2080583e-272
-5.6713134e-279
3.4062047e-286
-1.7214332e-293
9.9755903e-301
-1.3820678e-307
-1.9542356e-313
-1.5214387e-313
1.2986892e-313
-6.6476891e-10
2.2556652e-22
-6.0086553e-35
1.8911409e-47
-1.036696e-59
1.4480366e-71
-8.4599079e-83
1.6459861e-92
1.0725849e-102
1.4699306e-112
8.152561e-122
4.175994e-130
-1.0525205e-137
3.6039941e-145
-2.4845191e-152
2.4224127e-159
-2.7733689e-166
3.1821343e-173
-3.9009959e-180
4.9865149e-187
-6.2853376e-194
6.8473491e-201
1.8225034e-207
-4.587511e-213
4.263626e-219
-2.8100729e-225
2.4519327e-231
-1.1028681e-237
3.232693e-244
-6.956149e-251
1.083977e-257
-1.2028473e-264
9.5325139e-272
-5.6323795e-279
2.8409081e-286
-1.669455e-293
1.8774934e-300
-1.3219956e-306
5.7883501e-313
1.4802685e-313
-6.5438557e-10
2.1870051e-22
-5.859614e-35
1.8440467e-47
-9.8922441e-60
1.3149189e-71
-6.9534236e-83
6.7941035e-93
4.4922723e-103
5.731848e-113
2.7477253e-122
9.9849023e-131
-4.8140902e-138
2.4854575e-145
-5.3741742e-152
-1.0960198e-157
-8.8315092e-164
-4.8610737e-170
-1.9108139e-176
-7.4381491e-183
-3.0728528e-189
-1.2923114e-195
-6.2480921e-202
-3.3529203e-208
-2.3265717e-214
-5.2478282e-220
-9.4162746e-225
6.4122722e-231
-2.278544e-237
6.2691405e-244
-1.0984122e-250
1.2966082e-257
-1.1358867e-264
6.9854341e-272
-3.6121824e-279
2.0203246e-286
-1.8274739e-293
3.1905571e-300
2.2546488e-307
1.8058139e-313
-6.4412836e-10
2.1064767e-22
-5.6300373e-35
1.7733548e-47
-9.3510558e-60
1.1891487e-71
-5.7530846e-83
3.8070762e-93
2.5224801e-103
2.9783337e-113
1.241577e-122
3.4143591e-131
-3.0341294e-137
2.9217419e-144
6.382757e-151
7.1186074e-158
7.0124196e-165
7.1466563e-172
7.2044591e-179
7.8846344e-186
7.9834685e-193
8.6343449e-200
9.8470425e-207
1.114632e-213
1.0257e-220
-5.1882785e-227
-1.1956844e-231
6.6426485e-238
-2.2829387e-244
7.1465212e-251
-8.0716371e-258
2.6311108e-264
-1.2117833e-270
1.774977e-277
-1.5968562e-284
1.3377871e-291
-1.2903607e-298
1.1872719e-305
5.4325717e-313
-1.0398934e-313
-6.3520865e-10
2.0248363e-22
-5.3428422e-35
1.681868e-47
-8.7545867e-60
1.0713662e-71
-4.7838731e-83
2.3665316e-93
1.5900633e-103
1.7628816e-113
6.5583162e-123
1.4648103e-131
9.4033087e-139
-1.4540785e-145
-2.6463815e-152
-2.9510162e-159
-3.533549e-166
-4.3353941e-173
-5.7817587e-180
-9.0471743e-187
-1.5172798e-193
-2.4044953e-200
-4.4965916e-207
-7.526233e-214
-1.2583187e-220
-1.7548606e-227
-2.2601882e-234
-2.891806e-241
-3.1620109e-248
-3.0314088e-255
-3.0288521e-262
-2.8156393e-269
-3.670963e-276
-1.1698582e-282
6.2421061e-289
-1.0799003e-295
8.1503923e-303
-4.974513e-310
-1.0910287e-313
2.0408574e-313
-6.2851136e-10
1.9509924e-22
-5.0268814e-35
1.574559e-47
-8.1216558e-60
9.6332743e-72
-3.9996988e-83
1.5156067e-93
1.0991792e-103
1.1997261e-113
4.1989985e-123
8.2765488e-132
3.4850954e-139
-2.2740316e-146
3.0071448e-153
-5.3406841e-160
7.0835127e-167
-7.2011446e-174
6.3555618e-181
-5.0831055e-188
3.8668107e-195
-2.8266949e-202
2.137852e-209
-1.7265917e-216
1.4568662e-223
-1.4650209e-230
1.8267278e-237
-3.3376606e-244
1.3534849e-250
3.0065942e-256
5.6879203e-263
6.4537955e-270
6.3724284e-277
7.650937e-284
2.3900453e-290
-3.33805e-297
1.472846e-304
-6.2021449e-312
2.3489095e-313
-3.6419584e-314
-6.2458116e-10
1.8912697e-22
-4.7118867e-35
1.4574094e-47
-7.4670097e-60
8.6549457e-72
-3.3649558e-83
9.7233786e-94
8.8983359e-104
1.0498992e-113
3.7779989e-123
7.2537114e-132
3.8146671e-139
-1.0023537e-146
2.6561052e-154
-6.6853514e-162
1.5511721e-169
-3.3664985e-177
7.0436303e-185
-1.4152296e-192
2.7785004e-200
-5.4292656e-208
1.0364796e-215
-1.7470035e-223
6.1257744e-232
3.1270811e-238
-5.2213076e-245
1.0322044e-251
-4.6447488e-258
-1.1919936e-263
-2.6338059e-270
-4.2644681e-277
-1.276328e-283
-3.3169911e-290
3.2866106e-297
2.7612228e-306
-3.3061305e-312
-2.2273926e-314
2.1141837e-313
3.3357734e-313
-6.2365737e-10
1.849532e-22
-4.4242785e-35
1.3367308e-47
-6.7958735e-60
7.7572966e-72
-2.8450554e-83
6.2539548e-94
1.1208034e-103
1.7012783e-113
7.2871754e-123
1.575604e-131
-9.8725478e-136
1.3079237e-143
-1.5263322e-151
1.6805911e-159
-1.7677011e-167
1.7904689e-175
-1.7676356e-183
1.7182302e-191
-1.6642667e-199
1.6013606e-207
-1.5574373e-215
1.5443078e-223
-1.5609809e-231
1.6378394e-239
-1.7969986e-247
2.1169089e-255
-2.7089014e-263
5.6283573e-271
3.5636638e-278
8.6061018e-285
3.7805546e-291
1.2688419e-297
-1.7477517e-304
3.7685294e-312
-9.1962678e-314
-1.7106288e-313
3.573778e-313
-4.295628e-313
-6.2572111e-10
1.8276613e-22
-4.1844855e-35
1.2189658e-47
-6.1079891e-60
6.8954741e-72
-2.4040505e-83
4.0850711e-94
-1.7138312e-103
-5.0923682e-113
-3.4624031e-122
-1.0677915e-130
3.9976008e-138
-3.4391908e-146
2.4383789e-154
-1.6273957e-162
1.0515329e-170
-6.6926298e-179
4.1842883e-187
-2.5920282e-195
1.6021033e-203
-9.9553433e-212
6.1912364e-220
-3.9116935e-228
2.507702e-236
-1.6416926e-244
1.1074372e-252
-7.8003814e-261
5.8249485e-269
-4.7043798e-277
3.8603057e-285
-1.2885143e-292
-4.556951e-299
-1.8437949e-305
3.1733586e-312
-1.3012732e-313
-3.3916725e-315
-1.2295682e-313
3.6358291e-313
1.500754e-313
-6.3054948e-10
1.8261027e-22
-4.0062367e-35
1.1105908e-47
-5.4095202e-60
6.0205675e-72
-2.0082127e-83
2.7358651e-94
-2.2487282e-104
2.4993538e-113
9.6595438e-122
7.7471071e-130
-1.4704789e-137
9.6630455e-146
-5.0385449e-154
2.4680064e-162
-1.186542e-170
5.6609018e-179
-2.6883458e-187
1.2742384e-195
-6.0503987e-204
2.8724289e-212
-1.3696298e-220
6.5847712e-229
-3.1845314e-237
1.5642806e-245
-7.8251192e-254
4.0009766e-262
-2.1198539e-270
1.1707468e-278
-6.8828604e-287
4.4516185e-295
-3.2201272e-303
2.6403731e-311
7.5022944e-314
-9.1608041e-314
1.1110887e-313
1.8622549e-313
-3.8435974e-313
-1.1705592e-313
-6.3776366e-10
1.8442783e-22
-3.8974097e-35
1.0176763e-47
-4.724432e-60
5.1116818e-72
-1.6347111e-83
1.8793061e-94
-8.5606835e-105
1.5873989e-114
-1.4979816e-123
1.7264097e-131
-2.8316482e-139
1.6803658e-147
-7.5270816e-156
3.1570767e-164
-1.3133616e-172
5.4725345e-181
-2.2880895e-189
9.6155903e-198
-4.0569272e-206
1.7162302e-214
-7.2820575e-223
3.0979403e-231
-1.3282518e-239
5.7150309e-248
-2.4796571e-256
1.0790576e-264
-4.7575518e-273
2.1367469e-281
-9.9256525e-290
4.8336858e-298
-2.5222621e-306
-4.2533929e-314
-2.3384221e-315
-1.129902e-313
3.3824666e-314
-1.9178726e-313
-3.8919502e-313
4.55425e-313
-6.4687851e-10
1.8808485e-22
-3.8616546e-35
9.4517261e-48
-4.0942519e-60
4.2013401e-72
-1.2804736e-83
1.3170719e-94
-4.5071758e-105
5.0935952e-115
-2.4545835e-124
1.1084027e-132
-3.0094331e-140
1.9543016e-148
-8.7845649e-157
3.6820645e-165
-1.5433432e-173
6.5671127e-182
-2.8292212e-190
1.2281887e-198
-5.3741875e-207
2.3605752e-215
-1.0407123e-223
4.5978504e-232
-2.027803e-240
8.9145479e-249
-3.8781367e-257
1.6693181e-265
-6.6571647e-274
1.5106744e-282
1.7107219e-290
-3.7825122e-298
4.7767071e-306
-1.4227089e-313
9.2895366e-314
9.3445272e-314
1.1314004e-313
1.9940236e-313
-4.0918502e-313
-4.5692988e-313
-6.5734856e-10
1.9338371e-22
-3.8999242e-35
8.9643924e-48
-3.5635685e-60
3.3660359e-72
-9.6202924e-84
9.3846949e-95
-2.9835547e-105
3.0372907e-115
-1.33e-124
7.9842786e-133
2.2034058e-140
-2.0796649e-148
1.1289645e-156
-5.6347669e-165
2.861446e-173
-1.4987251e-181
8.0317928e-190
-4.3729493e-198
2.419697e-206
-1.3491427e-214
7.5233398e-223
-4.2312109e-231
-3.5575162e-240
2.30741e-245
-3.5266288e-252
2.5284303e-259
-1.0498292e-266
2.8679683e-274
-5.4667568e-282
7.754843e-290
-8.7375701e-298
8.8939897e-306
-8.3953399e-314
-1.428889e-313
2.7379322e-313
-2.0832205e-313
4.2040483e-313
5.8210021e-314
-6.6861462e-10
2.0006813e-22
-4.0114089e-35
8.733714e-48
-3.1633377e-60
2.680936e-72
-7.0158161e-84
6.8199208e-95
-2.5203577e-105
3.5216266e-115
-2.8809133e-124
-1.5405438e-132
-9.2423095e-141
3.4145769e-148
-3.0900699e-156
2.4779226e-164
-2.0795252e-172
1.8624662e-180
-1.7621662e-188
1.9198843e-196
1.297342e-204
4.1028073e-211
5.9279565e-218
1.0154713e-224
4.9584214e-231
-3.2992574e-237
4.8046202e-244
-3.3657304e-251
1.4041555e-258
-3.8894233e-266
7.5889285e-274
-1.0961886e-281
1.2558013e-289
-1.2835248e-297
1.4791067e-305
-9.7746966e-313
-1.2018174e-313
2.0737573e-313
4.5359766e-313
-9.0502577e-315
-6.8014084e-10
2.078246e-22
-4.1936405e-35
8.7694163e-48
-2.9055077e-60
2.1806599e-72
-5.1012531e-84
5.0900583e-95
-3.1507488e-105
6.7580191e-114
5.0246706e-123
5.5387627e-132
1.5494543e-140
2.1267088e-148
-1.4983567e-155
6.6046202e-163
-4.1786327e-170
6.1149907e-177
-5.3347564e-183
-1.8385e-189
-3.1229393e-196
-4.0918822e-203
-6.2594302e-210
-1.0953764e-216
-5.2316738e-223
1.6695469e-229
-1.8035293e-236
9.6012307e-244
-3.2403314e-251
7.3488498e-259
-1.2136674e-266
1.498551e-274
-1.5041624e-282
1.4125821e-290
-1.7415535e-298
2.2672996e-305
5.7413046e-313
-2.2019952e-313
-2.1221256e-313
-4.8424037e-313
-6.9144785e-10
2.1628913e-22
-4.4418842e-35
9.0774477e-48
-2.7893877e-60
1.8583211e-72
-3.8273766e-84
3.91231e-95
-4.6542904e-104
-4.8862963e-114
-9.2631411e-124
-4.6839164e-133
-7.8253566e-142
-4.4030794e-150
-4.7920718e-158
-5.4585425e-166
-5.5939214e-174
-5.3454468e-182
-5.3202266e-190
-2.0812867e-197
-2.8649385e-204
-3.7303535e-211
-5.6927427e-218
-1.0031354e-224
-4.7856741e-231
1.5143887e-237
-1.6354106e-244
8.6167757e-252
-2.9172298e-259
6.4397975e-267
-1.1052498e-274
1.2689354e-282
-2.4355636e-290
7.7685233e-297
4.1596289e-304
5.6911714e-312
1.2545506e-313
-2.2545645e-313
-6.5508356e-314
6.4323778e-313
-7.0213392e-10
2.2506095e-22
-4.7480512e-35
9.6619944e-48
-2.8110888e-60
1.68865e-72
-3.0581515e-84
3.083117e-95
2.0184388e-105
9.5968321e-116
9.5985771e-126
2.9266351e-135
3.3632607e-144
1.2207315e-152
6.5482734e-161
3.4347747e-169
1.7145492e-177
8.2790181e-186
3.9430651e-194
1.8521395e-202
8.4953656e-211
2.216023e-219
-2.5573844e-226
-4.8232724e-233
-2.2981793e-239
7.2207745e-246
-7.7446966e-253
4.0035802e-260
-1.3362299e-267
2.8756826e-275
-4.9933179e-283
5.2657883e-291
-1.5032388e-298
6.6560378e-305
3.7219409e-312
-9.2808813e-314
1.2612771e-313
-2.4240573e-313
1.1029622e-313
-1.5709622e-314
-7.11885e-10
2.3372794e-22
-5.0996077e-35
1.052279e-47
-2.9697223e-60
1.6484616e-72
-2.6575683e-84
2.4891272e-95
8.8473447e-106
2.7942695e-116
1.908838e-126
4.145644e-136
3.6371052e-145
1.0295884e-153
3.9598566e-162
1.4664793e-170
5.247708e-179
1.8496142e-187
6.4882244e-196
2.2675315e-204
7.9213659e-213
2.7636443e-221
9.6561325e-230
3.3891183e-238
1.1136084e-246
2.9594263e-254
-2.6648936e-261
1.3539938e-268
-4.4278877e-276
9.1469167e-284
-1.5859023e-291
1.4992565e-299
-5.860201e-307
3.6325748e-313
-4.9941581e-314
-9.476066e-314
1.3351304e-313
-2.6501031e-313
-5.1846466e-313
-7.1006233e-313
-7.2048361e-10
2.4190148e-22
-5.4791128e-35
1.1647988e-47
-3.2688061e-60
1.7255588e-72
-2.5314921e-84
2.0889836e-95
6.0575622e-106
1.5477802e-116
8.4739506e-127
1.4849006e-136
1.0870919e-145
2.6778275e-154
8.8847691e-163
2.8170998e-171
8.6747435e-180
2.6661881e-188
8.1884389e-197
2.5200041e-205
7.7693826e-214
2.4031992e-222
7.4396732e-231
2.3020416e-239
7.1360977e-248
2.2113274e-256
6.8677132e-265
2.1324572e-273
6.5961207e-282
2.0804178e-290
6.0185983e-299
2.3920146e-307
-4.7952639e-314
3.6009148e-314
3.2016364e-314
-9.5955784e-314
1.3788881e-313
-1.7086088e-313
-5.1473912e-313
-7.3300772e-313
-7.2780457e-10
2.4925479e-22
-5.8650486e-35
1.3004504e-47
-3.7134696e-60
1.919477e-72
-2.6325491e-84
1.8652114e-95
5.6851798e-106
1.3545419e-116
6.7148507e-127
1.0529296e-136
6.9544765e-146
1.6187512e-154
5.1933078e-163
1.5936772e-171
4.7928427e-180
1.4421649e-188
4.3709137e-197
1.3313618e-205
4.0763648e-214
1.254075e-222
3.8527589e-231
1.184342e-239
3.628549e-248
1.108394e-256
3.3591778e-265
1.0112667e-273
3.0158768e-282
8.8954452e-291
2.5988859e-299
7.5529057e-308
-6.3532144e-314
2.9345582e-314
-5.8368076e-314
-9.7754533e-314
-1.5391862e-313
3.5252486e-313
-1.3166418e-312
8.4123507e-313
-7.3381041e-10
2.5555626e-22
-6.2342538e-35
1.4529694e-47
-4.3042267e-60
2.2379759e-72
-2.9506337e-84
1.7994896e-95
7.6321745e-106
1.9150726e-116
9.5361266e-127
1.4659674e-136
9.4076306e-146
2.2121485e-154
7.5333837e-163
2.4763535e-171
7.9940731e-180
2.6011865e-188
8.5563479e-197
2.8370921e-205
9.4867432e-214
3.1868184e-222
1.0718452e-230
3.5924673e-239
1.2004741e-247
3.9697898e-256
1.2965143e-264
4.1834481e-273
1.3246874e-281
4.1071873e-290
1.2455917e-298
3.7171467e-307
2.4706863e-314
5.4153209e-314
1.2488107e-314
1.6573043e-314
-2.0813449e-313
-5.2924336e-313
7.1317781e-313
2.8430453e-313
-7.385405e-10
2.6068774e-22
-6.5655619e-35
1.6129947e-47
-5.0286459e-60
2.6905583e-72
-3.4999778e-84
1.8764341e-95
2.1172293e-105
6.3054052e-116
3.4694914e-126
5.6879641e-136
3.8062938e-145
9.6310385e-154
3.772641e-162
1.4495812e-170
5.5018754e-179
2.1169639e-187
8.2573897e-196
3.2712191e-204
1.304516e-212
5.2288202e-221
2.1009355e-229
8.4037982e-238
3.3430593e-246
1.3139767e-254
5.0781733e-263
1.9217169e-271
7.0956619e-280
2.5402365e-288
8.8265558e-297
3.0892705e-305
3.5029944e-313
-3.7694118e-314
9.3149158e-314
-1.1819653e-313
-1.0191731e-313
9.7796261e-313
-3.8017341e-313
6.8144136e-315
-7.420985e-10
2.6464526e-22
-6.8435454e-35
1.7691058e-47
-5.8538934e-60
3.2792628e-72
-4.3037847e-84
2.0892586e-95
-2.4637913e-105
-9.991538e-116
-6.6750266e-126
-1.2645743e-135
-9.4623007e-145
-2.741065e-153
-1.3392331e-161
-6.5857316e-170
-3.2124275e-178
-1.5918868e-186
-8.0522465e-195
-4.1359317e-203
-2.1516074e-211
-1.127683e-219
-5.9141233e-228
-3.0827294e-236
-1.5874068e-244
-8.0822612e-253
-4.0346382e-261
-1.9259906e-269
-1.6255852e-278
1.4517049e-284
2.0927026e-291
3.1527258e-298
1.0397991e-304
-1.1733626e-310
-1.2457231e-313
1.6926474e-313
1.152513e-313
-6.3980225e-313
1.0369262e-312
-1.4358627e-313
-7.4463311e-10
2.675208e-22
-7.0609017e-35
1.9100276e-47
-6.7248779e-60
3.988439e-72
-5.3748018e-84
2.4372916e-95
-9.497225e-106
-6.4187286e-116
-5.766057e-126
-1.3689105e-135
-1.2279151e-144
-4.3269514e-153
-2.8525864e-161
-1.968288e-169
-1.3596249e-177
-9.5489113e-186
-6.9055496e-194
-5.0784203e-202
-3.8022073e-210
-2.8533988e-218
-2.1593796e-226
-1.6202842e-234
-1.1901455e-242
1.2407289e-250
1.7425133e-256
6.5388571e-263
1.6140883e-269
3.3063244e-276
4.8293045e-283
7.5355816e-290
2.4925758e-296
-2.6383701e-302
2.9018085e-308
2.4760949e-313
-6.4035919e-313
-1.188242e-312
4.4579605e-313
6.8720597e-313
-7.4632072e-10
2.6947174e-22
-7.2186227e-35
2.0272335e-47
-7.5719962e-60
4.7780763e-72
-6.6937838e-84
2.9182487e-95
-7.1889971e-106
-1.3223305e-115
-1.8163605e-125
-5.8945013e-135
-6.8116376e-144
-3.1178642e-152
-3.0536291e-160
-3.3056131e-168
-3.5866856e-176
-4.0365257e-184
-4.6942181e-192
-5.5718131e-200
-6.7051965e-208
-8.2044247e-216
-1.0104787e-223
4.2399064e-231
7.5286168e-237
2.9033811e-242
2.4611357e-248
9.5603697e-255
2.4489173e-261
5.2742401e-268
8.0667356e-275
1.3150794e-281
4.3746366e-288
-4.252172e-294
3.6399204e-300
1.014733e-306
-8.5207898e-313
3.1606424e-313
9.1253916e-313
-2.5204868e-313
-7.4734514e-10
2.7068759e-22
-7.3241447e-35
2.1167679e-47
-8.3277789e-60
5.5865725e-72
-8.1944413e-84
3.5190012e-95
-6.7507495e-106
2.7328212e-115
7.0855038e-125
3.4973346e-134
5.6367996e-143
3.6265102e-151
5.8471509e-159
1.1456043e-166
2.3000235e-174
4.8313491e-182
1.048207e-189
2.3617933e-197
5.5606051e-205
3.4165902e-212
-5.1754894e-218
4.4795986e-223
6.2999551e-229
2.4902524e-234
2.1768546e-240
8.8148391e-247
2.3741609e-253
5.3789653e-260
8.8074413e-267
1.4980013e-273
4.9841113e-280
-4.3299234e-286
2.6643339e-292
3.1738295e-299
1.8375138e-306
7.8780702e-313
-8.9844766e-313
4.8531331e-313
-7.4788076e-10
2.7135959e-22
-7.3884204e-35
2.1794361e-47
-8.9450349e-60
6.3448774e-72
-9.7663199e-84
4.2093678e-95
-7.0132219e-106
8.2380913e-116
7.4802649e-125
6.5814891e-134
1.6332835e-142
1.6047515e-150
5.0108771e-158
2.3393005e-165
1.1694451e-172
6.2776101e-180
4.2825679e-187
-1.2228127e-193
2.4478425e-199
9.5704826e-205
-2.2638718e-210
1.906564e-215
2.8028261e-221
1.1223782e-226
1.0158475e-232
4.3806685e-239
1.2484625e-245
3.0736185e-252
5.4077675e-259
9.725486e-266
3.1638915e-272
-2.3487948e-278
8.3532902e-285
1.8808811e-292
-6.3410019e-300
8.6279499e-307
-4.2543081e-313
-1.1806845e-312
-7.4808e-10
2.7165865e-22
-7.4231023e-35
2.2195205e-47
-9.4071439e-60
6.9963806e-72
-1.1279938e-83
4.9428551e-95
-7.6426555e-106
6.0127694e-116
-6.4246698e-125
-1.4383164e-133
-6.3618417e-142
-1.0794538e-149
-9.0473303e-157
-2.5709287e-163
-1.0038731e-169
-6.8698375e-176
-1.1024886e-181
-3.9470897e-187
1.8220308e-192
1.6804266e-197
-3.5782275e-203
2.9883065e-208
4.814946e-214
1.948646e-219
1.8869932e-225
8.8323554e-232
2.8043905e-238
7.6817153e-245
1.4883822e-251
2.8194026e-258
8.6453472e-265
-4.3585058e-271
3.6636341e-278
-1.7962766e-285
9.1799208e-293
-8.8107442e-300
2.3502108e-306
-1.4159283e-312
-7.4806903e-10
2.7172477e-22
-7.4385672e-35
2.2428592e-47
-9.7260301e-60
7.5117248e-72
-1.2623759e-83
5.665604e-95
-8.4768701e-106
5.5235473e-116
-2.3757945e-125
4.6577231e-133
4.96236e-141
1.7212277e-148
4.1833213e-154
-7.0521232e-161
1.0997324e-167
-1.5766694e-174
2.3255566e-181
-2.968497e-188
3.9966437e-195
-5.5895848e-202
8.1437707e-209
-4.9328925e-215
-5.8925366e-221
-2.8336399e-226
-2.2657758e-232
-9.5375182e-239
-2.8547375e-245
-8.5105541e-252
-1.1078736e-258
-2.8136125e-265
-6.7736099e-272
4.0802737e-278
-4.0347441e-285
2.5776686e-292
-1.88178e-299
2.8341236e-306
5.919343e-313
-9.9961213e-313
-7.4794342e-10
2.7166273e-22
-7.4429059e-35
2.2551667e-47
-9.9311552e-60
7.8912029e-72
-1.3732771e-83
6.3293723e-95
-9.4018934e-106
5.5911456e-116
-1.7474869e-125
4.533003e-134
-9.3230336e-140
-1.165958e-146
2.8530178e-153
-3.249177e-160
3.6674399e-167
-4.0334863e-174
4.4698668e-181
-4.9178847e-188
5.2490002e-195
-5.9871895e-202
6.5087348e-209
-7.2807002e-216
7.4394879e-223
-7.7858784e-230
8.4972494e-237
-8.9375109e-244
1.0488658e-250
-1.0099869e-257
1.2203225e-264
-8.9856816e-272
1.2675608e-278
-3.1327002e-285
3.4615645e-292
-2.7560477e-299
2.6566474e-306
-1.7270148e-312
-1.4826837e-312
-1.2832376e-312
-7.4777064e-10
2.7154403e-22
-7.4417506e-35
2.2610539e-47
-1.0056854e-59
8.1562204e-72
-1.459565e-83
6.9025937e-95
-1.032677e-105
5.900073e-116
-1.592474e-125
2.6666226e-134
-4.2827463e-142
8.0334643e-149
-1.1872088e-155
1.4371759e-162
-1.8340298e-169
2.2675941e-176
-2.8151251e-183
3.4063462e-190
-4.5213704e-197
5.3079936e-204
-6.7184443e-211
8.170713e-218
-1.0227316e-224
1.2973031e-231
-1.5822587e-238
1.9121109e-245
-2.1515029e-252
2.3447833e-259
-2.7063309e-266
-3.5906642e-273
2.1952665e-279
-4.0807295e-286
4.0190812e-293
-3.0342937e-300
3.1544175e-307
-4.1378895e-313
-3.2897591e-312
-5.6005607e-313
-7.4759211e-10
2.7141284e-22
-7.4385898e-35
2.2637234e-47
-1.0133303e-59
8.3367366e-72
-1.5241531e-83
7.374162e-95
-1.1183851e-105
6.3095401e-116
-1.5887674e-125
2.1984587e-134
-2.1491896e-142
1.6045958e-149
-2.762734e-156
4.6116658e-163
-8.2824603e-170
1.2410715e-176
-1.9507998e-183
3.4260949e-190
-5.5516455e-197
9.7520149e-204
-1.7669708e-210
2.8707191e-217
-4.8904846e-224
8.2843632e-231
-1.3907371e-237
2.179423e-244
-2.0126074e-251
9.8179846e-257
2.0565931e-261
2.6392566e-266
-1.3342618e-272
2.7210905e-279
-3.0935396e-286
2.6448481e-293
-2.6770075e-300
5.3677492e-307
-1.5109528e-312
7.6722536e-313
-7.4743393e-10
2.7129434e-22
-7.4353465e-35
2.2651194e-47
-1.0182605e-59
8.4613369e-72
-1.5719009e-83
7.7502187e-95
-1.1934514e-105
6.7390538e-116
-1.6450128e-125
2.0728827e-134
-1.6420927e-142
9.4378369e-150
-1.9829928e-156
5.0313676e-163
-1.1003993e-169
3.0577139e-176
-7.5286978e-183
2.2818228e-189
-6.3695361e-196
1.7908188e-202
-5.1666459e-209
1.4884761e-215
-3.8540774e-222
1.2516392e-228
1.6400144e-235
-4.7504245e-240
-2.8131262e-245
-2.3379512e-250
-5.5121457e-255
-5.7338297e-260
3.8413895e-266
-1.0003018e-272
1.3503602e-279
-1.3154637e-286
1.2658264e-293
-2.0686165e-300
9.6328764e-307
1.6420337e-312
-7.4730589e-10
2.711986e-22
-7.4328514e-35
2.2662349e-47
-1.0218604e-59
8.5520188e-72
-1.6077405e-83
8.0466632e-95
-1.2566085e-105
7.1401562e-116
-1.7217229e-125
2.0670787e-134
-1.466238e-142
6.9634583e-150
-1.8467379e-156
8.3161575e-163
-3.7824202e-169
2.1554054e-175
-1.0603756e-181
4.3741673e-188
-1.6923455e-194
1.1914036e-200
-7.6269685e-207
4.4353869e-213
-2.6527413e-219
1.7596793e-225
-8.3976137e-232
3.8441981e-238
-1.590338e-244
6.8510819e-251
-2.2523304e-257
4.7549233e-264
-8.6880395e-272
-1.1800312e-277
2.1517624e-284
-2.1456736e-291
2.1528059e-298
-3.4605461e-305
4.3335133e-312
-1.0157765e-313
-7.47212e-10
2.7112899e-22
-7.4313523e-35
2.267473e-47
-1.0248752e-59
8.623248e-72
-1.6356683e-83
8.2822018e-95
-1.3086479e-105
7.4907616e-116
-1.798681e-125
2.1032836e-134
-1.3959153e-142
6.0501424e-150
-1.7026525e-156
1.6436434e-162
-1.3879502e-168
1.7779051e-174
-1.2844431e-180
1.3108842e-186
-1.0336383e-192
1.1531649e-198
-1.391299e-204
3.0280492e-210
-2.5816996e-216
2.0747344e-222
-2.0266661e-228
1.339077e-234
-1.7072467e-240
1.9403757e-246
-4.1693618e-252
9.4747308e-259
-1.2548393e-265
1.155148e-272
-7.7514465e-280
4.5434805e-287
-3.1787784e-294
4.6573004e-301
-2.7747014e-307
-1.2484188e-311
-7.4715122e-10
2.7108422e-22
-7.4307978e-35
2.2689196e-47
-1.0276308e-59
8.6832677e-72
-1.658458e-83
8.4733911e-95
-1.3513315e-105
7.7848079e-116
-1.8672493e-125
2.1467108e-134
-1.3638234e-142
5.6674191e-150
-1.645663e-156
2.3607458e-162
-3.8529863e-168
2.1780532e-173
-3.9459632e-179
4.1901589e-185
-3.3447719e-190
4.6562101e-196
-2.4365509e-201
4.6972828e-207
-8.9314102e-213
1.1986764e-218
6.626067e-224
-2.3184846e-229
1.1990321e-234
-2.8427903e-240
3.5948939e-246
-1.6892329e-252
3.9770878e-259
-5.4442621e-266
4.4902318e-273
-2.8788065e-280
1.992324e-287
-2.2440494e-294
7.2472934e-301
-4.5856673e-307
-7.4712085e-10
2.7106173e-22
-7.4310333e-35
2.2705225e-47
-1.0302259e-59
8.7361161e-72
-1.6777946e-83
8.6326528e-95
-1.3866271e-105
8.0279244e-116
-1.9237945e-125
2.1868124e-134
-1.3564065e-142
5.2576993e-150
-1.5357524e-156
2.7018098e-162
-2.6669063e-167
2.0855119e-172
-2.6754639e-178
-5.2442244e-182
1.1749552e-187
-2.480955e-193
-1.2235843e-198
1.4663553e-203
-6.0531107e-209
-9.7244708e-214
2.8779932e-219
-1.2986171e-224
4.2090677e-230
-5.1221535e-236
5.4166131e-242
-2.9689127e-248
7.3002629e-255
-1.0310581e-261
8.5750149e-269
-5.6819112e-276
4.0734707e-283
-4.8463097e-290
1.543781e-296
-8.9989128e-303
-7.4711787e-10
2.7105851e-22
-7.4319026e-35
2.2722059e-47
-1.0326623e-59
8.7834598e-72
-1.6946053e-83
8.7683673e-95
-1.4163017e-105
8.2296694e-116
-1.9701493e-125
2.2182745e-134
-1.3401118e-142
5.0169454e-150
-1.1457598e-156
1.6139402e-162
-5.9731078e-167
8.4050348e-173
-2.9732015e-178
1.1945646e-183
-1.3747254e-189
5.2579101e-195
-3.9525926e-200
-8.3627055e-205
2.0564182e-210
-1.708931e-215
5.8948332e-221
-1.5718998e-226
6.5384847e-232
7.6746085e-237
-7.5102949e-243
4.5536534e-249
-1.3562034e-255
1.7401896e-262
-1.4460059e-269
9.4487518e-277
-6.5793528e-284
7.9817477e-291
-3.3179997e-297
1.7852663e-303
-7.4713904e-10
2.7107217e-22
-7.4332904e-35
2.273913e-47
-1.0349213e-59
8.8259265e-72
-1.7093756e-83
8.8858045e-95
-1.4415997e-105
8.398546e-116
-2.0078542e-125
2.2404841e-134
-1.3292536e-142
4.7495912e-150
-1.0556982e-156
1.5174753e-162
-4.6499492e-167
-3.1906208e-172
5.223891e-178
-2.1817786e-183
-1.0712036e-188
-3.0935905e-194
7.6349569e-200
-4.1338396e-205
9.3365192e-211
-2.6732939e-216
4.2073417e-222
-2.1316367e-227
8.2403916e-232
-7.6855e-238
8.3274059e-244
-5.2249348e-250
1.4651327e-256
-2.0291823e-263
1.74045e-270
-1.1556391e-277
8.2268167e-285
-9.7726001e-292
2.9958648e-298
-2.1641889e-304
-7.4718374e-10
2.7110148e-22
-7.4351381e-35
2.2756194e-47
-1.0369957e-59
8.8638393e-72
-1.7223786e-83
8.9880745e-95
-1.4634204e-105
8.542857e-116
-2.0394643e-125
2.2593864e-134
-1.3142982e-142
4.4864258e-150
-9.5901529e-157
1.0075107e-162
-3.0573018e-167
5.7175898e-173
-8.7447018e-179
1.0478353e-184
-2.7282289e-188
3.5392636e-193
7.1012802e-198
-1.582125e-203
1.5786154e-208
-2.2420332e-213
5.5729364e-219
-3.706619e-224
4.5818389e-230
-4.6600826e-236
7.3433644e-242
-4.6107271e-248
1.1589656e-254
-1.5074533e-261
1.2774569e-268
-8.6565268e-276
6.0579437e-283
-7.5581816e-290
2.8911187e-296
-1.618601e-302
-7.4725157e-10
2.7114591e-22
-7.4374273e-35
2.2773291e-47
-1.0388972e-59
8.8975563e-72
-1.7338074e-83
9.0774498e-95
-1.4823987e-105
8.6670657e-116
-2.0662145e-125
2.2746991e-134
-1.3043719e-142
4.3633746e-150
-9.6653059e-157
1.5131428e-162
-9.5006408e-168
-4.1522397e-173
8.9612649e-179
-6.2727875e-184
3.7678182e-189
-2.8030886e-194
4.2402549e-200
-9.5699177e-206
1.4092681e-211
-7.4665612e-217
2.9502559e-222
-4.8226785e-228
1.2021874e-233
-4.6818188e-239
3.9536441e-245
-2.0912387e-251
6.654425e-258
-9.1499292e-265
7.8458272e-272
-5.1143881e-279
3.7648545e-286
-4.4722794e-293
2.1061e-299
-1.5130557e-305
-7.4734342e-10
2.7120566e-22
-7.4401743e-35
2.2790654e-47
-1.0406546e-59
8.9275979e-72
-1.7438535e-83
9.1556138e-95
-1.4989621e-105
8.7753939e-116
-2.0895697e-125
2.2874296e-134
-1.2930855e-142
4.2928303e-150
-8.679351e-157
6.3325324e-163
-2.4864423e-168
2.4929485e-174
-7.7735121e-180
-5.4644915e-185
-7.5095034e-190
5.376697e-195
-3.6869019e-200
5.1822288e-206
-9.0652559e-212
1.5990152e-217
1.4429736e-222
1.1952268e-227
-1.4789459e-233
3.243774e-238
-8.4355185e-244
4.7953985e-250
-1.3201711e-256
1.7094002e-263
-1.4990406e-270
9.8242873e-278
-7.1220683e-285
8.9400297e-292
-3.7385613e-298
2.4229041e-304
-7.4746095e-10
2.7128176e-22
-7.4434214e-35
2.2808612e-47
-1.0423025e-59
8.954523e-72
-1.7526978e-83
9.2240373e-95
-1.5134298e-105
8.8696427e-116
-2.1099001e-125
2.300367e-134
-1.293841e-142
4.2227526e-150
-9.4224081e-157
7.7645745e-163
-1.4285547e-168
9.3554643e-174
3.5584865e-179
-6.0775243e-185
2.2276892e-190
-4.1287469e-196
7.492499e-202
-1.1289492e-207
-2.7553266e-213
-1.8203272e-218
2.0654989e-224
-2.5101473e-230
6.0416634e-236
-1.2267673e-241
1.2409364e-247
-8.4178163e-254
2.7937113e-260
-3.776718e-267
3.2192109e-274
-2.1065082e-281
1.5322073e-288
-1.772058e-295
6.7406605e-302
-4.0529038e-308
-7.4760885e-10
2.7137649e-22
-7.4472554e-35
2.2827628e-47
-1.0438838e-59
8.9790071e-72
-1.7605506e-83
9.2841664e-95
-1.5261183e-105
8.9531534e-116
-2.127734e-125
2.3121431e-134
-1.2878114e-142
4.0610687e-150
-7.5396354e-157
1.1318299e-162
-7.4089009e-168
9.559955e-174
2.9831662e-179
-4.1687022e-185
-1.2078799e-190
2.2685861e-196
-9.6497885e-202
3.8412138e-207
-1.5765592e-211
9.2028778e-217
-1.8302636e-222
1.037021e-227
9.4770036e-233
-1.2934911e-238
1.3382882e-244
-7.4016142e-251
2.0519724e-257
-2.8951163e-264
2.4846509e-271
-1.5845964e-278
1.1307184e-285
-1.4722744e-292
5.3750033e-299
-3.2350075e-305
-7.477942e-10
2.714933e-22
-7.4517846e-35
2.2848197e-47
-1.0454385e-59
9.0016378e-72
-1.7675855e-83
9.337298e-95
-1.5372647e-105
9.0260486e-116
-2.1436557e-125
2.3205257e-134
-1.2809112e-142
4.0423311e-150
-7.6113582e-157
4.6340278e-162
-9.0671072e-168
-1.6915674e-173
5.0768367e-179
3.4004789e-184
-1.2782227e-189
2.3338967e-195
-6.8192991e-201
1.06238e-205
-4.8602958e-211
1.7979069e-216
-3.2165806e-222
1.4592258e-227
-5.2367908e-233
-1.3195067e-238
1.0544939e-244
-7.9415218e-251
2.2096798e-257
-3.1836772e-264
2.8060281e-271
-1.859948e-278
1.361705e-285
-1.6640991e-292
9.2130454e-299
-6.9895961e-305
-7.4804158e-10
2.7164632e-22
-7.4574848e-35
2.2872058e-47
-1.0470711e-59
9.0236597e-72
-1.7741391e-83
9.3856998e-95
-1.5473225e-105
9.0918675e-116
-2.1581088e-125
2.3308606e-134
-1.2808322e-142
3.977948e-150
-7.5913117e-157
6.2035696e-163
-8.7806827e-169
2.2194239e-174
7.0800264e-180
-4.7383197e-185
5.2680653e-191
-8.8220625e-196
-2.6058762e-200
1.248344e-205
1.2391872e-210
5.3279664e-216
-2.5953529e-221
5.2698612e-227
-3.4620545e-231
-5.6994636e-238
1.4902328e-243
-3.7562767e-250
5.3496465e-257
-5.480351e-264
4.1973484e-271
-2.6239408e-278
1.9743514e-285
-2.773382e-292
2.1117344e-298
-3.4254825e-304
-7.4833758e-10
2.7181686e-22
-7.4635736e-35
2.2896188e-47
-1.0486114e-59
9.0432305e-72
-1.7797416e-83
9.4261718e-95
-1.5556552e-105
9.1458468e-116
-2.1700032e-125
2.338124e-134
-1.2846311e-142
3.9630984e-150
-7.5885568e-157
9.7041465e-162
1.3694298e-166
-3.3771736e-172
-1.1582147e-177
4.2084005e-180
-7.3854956e-186
1.6370663e-190
7.0178784e-195
3.8774018e-200
-3.8326983e-205
-1.2001411e-210
7.0538185e-216
-1.7229055e-221
-8.188355e-227
3.7389971e-232
-4.549192e-238
2.7833155e-244
-9.5716829e-251
1.3499828e-257
-1.1812124e-264
7.8678019e-272
-5.8912673e-279
7.5870746e-286
-3.1661552e-292
3.084377e-298
-7.4908794e-10
2.7225474e-22
-7.4785571e-35
2.2950955e-47
-1.0517186e-59
9.0782703e-72
-1.7888996e-83
9.4886605e-95
-1.5680585e-105
9.2253165e-116
-2.1875503e-125
2.3509926e-134
-1.2773772e-142
3.9381132e-150
-6.7195749e-157
1.4594248e-162
-2.8986767e-168
-1.2284075e-173
5.2470615e-179
4.515288e-184
1.4130544e-189
-5.7667091e-195
-3.0764534e-201
1.7117466e-205
2.0821886e-211
3.3546732e-216
-9.7513541e-221
-1.6347796e-224
-1.3898291e-229
5.0471495e-234
-4.3437696e-240
2.3631777e-246
-6.5623661e-253
1.0642818e-259
-8.893423e-267
5.9765069e-274
-4.1539447e-281
5.2849645e-288
-2.1148558e-294
1.5387816e-300
)
;

boundaryField
{
    wall
    {
        type            fixedValue;
        value           uniform 350;
    }
    sides
    {
        type            zeroGradient;
    }
    frontAndBack
    {
        type            empty;
    }
    inlet
    {
        type            fixedValue;
        value           uniform 300;
    }
    outlet
    {
        type            zeroGradient;
    }
}


// ************************************************************************* //
