/*--------------------------------*- C++ -*----------------------------------*\
  =========                 |
  \\      /  F ield         | OpenFOAM: The Open Source CFD Toolbox
   \\    /   O peration     | Website:  https://openfoam.org
    \\  /    A nd           | Version:  10
     \\/     M anipulation  |
\*---------------------------------------------------------------------------*/
FoamFile
{
    format      ascii;
    class       volScalarField;
    location    "0.29";
    object      rho_0;
}
// * * * * * * * * * * * * * * * * * * * * * * * * * * * * * * * * * * * * * //

dimensions      [1 -3 0 0 0 0 0];

internalField   nonuniform List<scalar> 
4000
(
1.125778
1.1399124
1.1374518
1.1374123
1.1374156
1.1374153
1.1374153
1.1374153
1.1374152
1.1374152
1.1374152
1.1374152
1.1374152
1.1374152
1.1374152
1.1374151
1.1374151
1.1374151
1.1374151
1.1374151
1.1374151
1.1374151
1.1374151
1.1374151
1.1374151
1.1374151
1.1374152
1.1374152
1.1374152
1.1374152
1.1374152
1.1374152
1.1374152
1.1374153
1.1374153
1.1374153
1.1374154
1.1374154
1.1374155
1.1374159
1.1019211
1.1431581
1.1382532
1.1374084
1.1374123
1.1374154
1.1374153
1.1374153
1.1374152
1.1374152
1.1374152
1.1374152
1.1374152
1.1374152
1.1374152
1.1374151
1.1374151
1.1374151
1.1374151
1.1374151
1.1374151
1.1374151
1.1374151
1.1374151
1.1374151
1.1374151
1.1374152
1.1374152
1.1374152
1.1374152
1.1374152
1.1374152
1.1374152
1.1374152
1.1374153
1.1374153
1.1374154
1.1374154
1.1374155
1.1374156
1.0798101
1.1424247
1.1397245
1.1375075
1.1373999
1.1374144
1.1374153
1.1374152
1.1374152
1.1374152
1.1374152
1.1374152
1.1374152
1.1374152
1.1374152
1.1374151
1.1374151
1.1374151
1.1374151
1.1374151
1.1374151
1.1374151
1.1374151
1.1374151
1.1374151
1.1374151
1.1374151
1.1374152
1.1374152
1.1374152
1.1374152
1.1374152
1.1374152
1.1374152
1.1374153
1.1374153
1.1374153
1.1374154
1.1374154
1.1374154
1.0605521
1.1379997
1.1412775
1.1378139
1.1373881
1.13741
1.1374152
1.1374153
1.1374152
1.1374152
1.1374152
1.1374152
1.1374152
1.1374152
1.1374151
1.1374151
1.1374151
1.1374151
1.1374151
1.1374151
1.1374151
1.1374151
1.1374151
1.1374151
1.1374151
1.1374151
1.1374151
1.1374152
1.1374152
1.1374152
1.1374152
1.1374152
1.1374152
1.1374152
1.1374152
1.1374153
1.1374153
1.1374153
1.1374153
1.1374154
1.0445502
1.131004
1.1423274
1.1383521
1.137403
1.1374009
1.1374146
1.1374153
1.1374152
1.1374152
1.1374152
1.1374152
1.1374152
1.1374151
1.1374151
1.1374151
1.1374151
1.1374151
1.1374151
1.1374151
1.1374151
1.1374151
1.1374151
1.1374151
1.1374151
1.1374151
1.1374151
1.1374151
1.1374152
1.1374152
1.1374152
1.1374152
1.1374152
1.1374152
1.1374152
1.1374152
1.1374152
1.1374153
1.1374153
1.1374153
1.0318708
1.1226404
1.1425061
1.1390544
1.1374749
1.1373888
1.1374125
1.1374153
1.1374152
1.1374152
1.1374152
1.1374152
1.1374151
1.1374151
1.1374151
1.1374151
1.1374151
1.1374151
1.1374151
1.1374151
1.1374151
1.1374151
1.1374151
1.1374151
1.1374151
1.1374151
1.1374151
1.1374151
1.1374151
1.1374152
1.1374152
1.1374152
1.1374152
1.1374152
1.1374152
1.1374152
1.1374152
1.1374152
1.1374152
1.1374152
1.0223197
1.1139074
1.1417122
1.1397949
1.1376231
1.1373796
1.1374083
1.1374152
1.1374152
1.1374152
1.1374151
1.1374151
1.1374151
1.1374151
1.1374151
1.1374151
1.1374151
1.1374151
1.1374151
1.1374151
1.1374151
1.1374151
1.1374151
1.1374151
1.1374151
1.1374151
1.1374151
1.1374151
1.1374151
1.1374151
1.1374151
1.1374152
1.1374152
1.1374152
1.1374152
1.1374152
1.1374152
1.1374152
1.1374152
1.1374152
1.0154815
1.1054858
1.1400455
1.1404421
1.1378484
1.1373814
1.1374021
1.1374146
1.1374153
1.1374152
1.1374151
1.1374151
1.1374151
1.1374151
1.1374151
1.1374151
1.1374151
1.1374151
1.1374151
1.1374151
1.1374151
1.1374151
1.1374151
1.1374151
1.1374151
1.1374151
1.1374151
1.1374151
1.1374151
1.1374151
1.1374151
1.1374151
1.1374151
1.1374151
1.1374151
1.1374152
1.1374151
1.1374151
1.1374151
1.1374151
1.010812
1.0977556
1.1377021
1.1408966
1.1381342
1.1374018
1.1373946
1.1374134
1.1374153
1.1374152
1.1374151
1.1374151
1.1374151
1.1374151
1.1374151
1.1374151
1.1374151
1.1374151
1.1374151
1.1374151
1.1374151
1.1374151
1.1374151
1.1374151
1.1374151
1.1374151
1.1374151
1.1374151
1.1374151
1.1374151
1.1374151
1.1374151
1.1374151
1.1374151
1.1374151
1.1374151
1.1374151
1.1374151
1.1374151
1.1374151
1.0077421
1.0908745
1.1348962
1.1411029
1.1384539
1.1374458
1.1373876
1.1374113
1.1374153
1.1374152
1.1374151
1.1374151
1.1374151
1.1374151
1.1374151
1.1374151
1.1374151
1.1374151
1.1374151
1.1374151
1.1374151
1.1374151
1.1374151
1.1374151
1.1374151
1.1374151
1.1374151
1.1374151
1.1374151
1.1374151
1.1374151
1.1374151
1.1374151
1.1374151
1.1374151
1.1374151
1.1374151
1.1374151
1.1374151
1.1374151
1.0057606
1.0848572
1.1318173
1.1410437
1.138778
1.1375149
1.1373832
1.1374084
1.1374151
1.1374152
1.1374151
1.1374151
1.1374151
1.1374151
1.1374151
1.1374151
1.1374151
1.1374151
1.1374151
1.1374151
1.1374151
1.1374151
1.1374151
1.1374151
1.1374151
1.1374151
1.1374151
1.1374151
1.1374151
1.1374151
1.1374151
1.1374151
1.1374151
1.1374151
1.1374151
1.1374151
1.1374151
1.1374151
1.137415
1.137415
1.0044604
1.0796379
1.128613
1.1407293
1.13908
1.1376075
1.1373834
1.1374049
1.1374146
1.1374152
1.1374151
1.1374151
1.1374151
1.1374151
1.1374151
1.1374151
1.1374151
1.1374151
1.1374151
1.1374151
1.1374151
1.1374151
1.1374151
1.1374151
1.1374151
1.1374151
1.1374151
1.1374151
1.1374151
1.1374151
1.1374151
1.1374151
1.1374151
1.1374151
1.1374151
1.1374151
1.1374151
1.137415
1.137415
1.137415
1.0035508
1.0751153
1.1253883
1.1401856
1.1393385
1.1377196
1.13739
1.1374011
1.1374139
1.1374152
1.1374151
1.1374151
1.1374151
1.1374151
1.1374151
1.1374151
1.1374151
1.1374151
1.1374151
1.1374151
1.1374151
1.1374151
1.1374151
1.1374151
1.1374151
1.1374151
1.1374151
1.1374151
1.1374151
1.1374151
1.1374151
1.1374151
1.1374151
1.1374151
1.1374151
1.1374151
1.137415
1.137415
1.137415
1.137415
1.0028452
1.07118
1.1222115
1.1394452
1.1395384
1.1378455
1.1374039
1.1373975
1.1374129
1.1374152
1.1374151
1.1374151
1.1374151
1.1374151
1.1374151
1.1374151
1.1374151
1.1374151
1.1374151
1.1374151
1.1374151
1.1374151
1.1374151
1.1374151
1.1374151
1.1374151
1.1374151
1.1374151
1.1374151
1.1374151
1.1374151
1.1374151
1.1374151
1.1374151
1.137415
1.137415
1.137415
1.137415
1.137415
1.137415
1.0022352
1.0677298
1.1191235
1.1385414
1.1396702
1.1379791
1.1374258
1.1373947
1.1374116
1.1374151
1.1374151
1.1374151
1.1374151
1.1374151
1.1374151
1.1374151
1.1374151
1.1374151
1.1374151
1.1374151
1.1374151
1.1374151
1.1374151
1.1374151
1.1374151
1.1374151
1.1374151
1.1374151
1.1374151
1.1374151
1.1374151
1.137415
1.137415
1.137415
1.137415
1.137415
1.137415
1.137415
1.137415
1.137415
1.0016654
1.0646763
1.1161464
1.1375049
1.1397292
1.1381145
1.1374557
1.1373932
1.1374101
1.1374149
1.1374151
1.1374151
1.137415
1.137415
1.1374151
1.1374151
1.1374151
1.1374151
1.1374151
1.1374151
1.1374151
1.1374151
1.137415
1.137415
1.137415
1.137415
1.137415
1.137415
1.137415
1.137415
1.137415
1.137415
1.137415
1.137415
1.137415
1.137415
1.137415
1.137415
1.137415
1.137415
1.0011121
1.0619467
1.1132896
1.1363626
1.1397139
1.1382462
1.1374929
1.1373935
1.1374084
1.1374147
1.1374151
1.1374151
1.137415
1.137415
1.137415
1.137415
1.137415
1.137415
1.137415
1.137415
1.137415
1.137415
1.137415
1.137415
1.137415
1.137415
1.137415
1.137415
1.137415
1.137415
1.137415
1.137415
1.137415
1.137415
1.137415
1.137415
1.137415
1.137415
1.137415
1.137415
1.0005684
1.0594829
1.1105551
1.1351376
1.1396254
1.1383691
1.1375367
1.1373959
1.1374068
1.1374143
1.1374151
1.1374151
1.137415
1.137415
1.137415
1.137415
1.137415
1.137415
1.137415
1.137415
1.137415
1.137415
1.137415
1.137415
1.137415
1.137415
1.137415
1.137415
1.137415
1.137415
1.137415
1.137415
1.137415
1.137415
1.137415
1.137415
1.137415
1.137415
1.137415
1.137415
1.0000352
1.0572391
1.1079406
1.1338488
1.1394662
1.1384791
1.1375859
1.1374007
1.1374052
1.1374138
1.1374151
1.1374151
1.137415
1.137415
1.137415
1.137415
1.137415
1.137415
1.137415
1.137415
1.137415
1.137415
1.137415
1.137415
1.137415
1.137415
1.137415
1.137415
1.137415
1.137415
1.137415
1.137415
1.137415
1.137415
1.137415
1.137415
1.137415
1.137415
1.137415
1.137415
0.99951616
1.0551799
1.1054417
1.1325119
1.1392401
1.1385729
1.1376392
1.1374081
1.1374039
1.1374133
1.1374151
1.1374151
1.137415
1.137415
1.137415
1.137415
1.137415
1.137415
1.137415
1.137415
1.137415
1.137415
1.137415
1.137415
1.137415
1.137415
1.137415
1.137415
1.137415
1.137415
1.137415
1.137415
1.137415
1.137415
1.137415
1.137415
1.137415
1.137415
1.137415
1.137415
0.99901495
1.053278
1.103053
1.13114
1.1389511
1.1386476
1.1376953
1.1374182
1.137403
1.1374126
1.137415
1.1374151
1.137415
1.137415
1.137415
1.137415
1.137415
1.137415
1.137415
1.137415
1.137415
1.137415
1.137415
1.137415
1.137415
1.137415
1.137415
1.137415
1.137415
1.137415
1.137415
1.137415
1.137415
1.137415
1.137415
1.137415
1.137415
1.137415
1.137415
1.137415
0.9985344
1.0515121
1.1007687
1.1297438
1.1386038
1.1387011
1.1377527
1.137431
1.1374026
1.1374119
1.1374149
1.1374151
1.137415
1.137415
1.137415
1.137415
1.137415
1.137415
1.137415
1.137415
1.137415
1.137415
1.137415
1.137415
1.137415
1.137415
1.137415
1.137415
1.137415
1.137415
1.137415
1.137415
1.137415
1.137415
1.137415
1.137415
1.137415
1.137415
1.137415
1.137415
0.99807612
1.0498654
1.0985834
1.128332
1.1382027
1.1387319
1.1378101
1.1374463
1.1374029
1.1374112
1.1374147
1.137415
1.137415
1.137415
1.137415
1.137415
1.137415
1.137415
1.137415
1.137415
1.137415
1.137415
1.137415
1.137415
1.137415
1.137415
1.137415
1.137415
1.137415
1.137415
1.137415
1.137415
1.137415
1.137415
1.137415
1.137415
1.137415
1.137415
1.137415
1.137415
0.9976407
1.0483245
1.0964916
1.1269121
1.1377523
1.1387388
1.1378661
1.137464
1.137404
1.1374106
1.1374145
1.137415
1.137415
1.137415
1.137415
1.137415
1.137415
1.137415
1.137415
1.137415
1.137415
1.137415
1.137415
1.137415
1.137415
1.137415
1.137415
1.137415
1.137415
1.137415
1.137415
1.137415
1.137415
1.137415
1.137415
1.137415
1.137415
1.137415
1.137415
1.137415
0.99722789
1.0468783
1.0944884
1.1254902
1.1372571
1.138721
1.1379195
1.1374838
1.1374059
1.1374099
1.1374143
1.137415
1.137415
1.137415
1.137415
1.137415
1.137415
1.137415
1.137415
1.137415
1.137415
1.137415
1.137415
1.137415
1.137415
1.137415
1.137415
1.137415
1.137415
1.137415
1.137415
1.137415
1.137415
1.137415
1.137415
1.137415
1.137415
1.137415
1.1374149
1.1374149
0.9968369
1.0455177
1.0925692
1.1240712
1.1367213
1.1386783
1.137969
1.1375054
1.1374087
1.1374094
1.1374141
1.137415
1.137415
1.137415
1.137415
1.137415
1.137415
1.137415
1.137415
1.137415
1.137415
1.137415
1.137415
1.137415
1.137415
1.137415
1.137415
1.137415
1.137415
1.137415
1.137415
1.137415
1.137415
1.137415
1.137415
1.137415
1.1374149
1.1374149
1.1374149
1.1374149
0.99646657
1.0442347
1.0907293
1.1226595
1.1361489
1.1386105
1.1380137
1.1375284
1.1374124
1.137409
1.1374138
1.1374149
1.137415
1.137415
1.137415
1.137415
1.137415
1.137415
1.137415
1.137415
1.137415
1.137415
1.137415
1.137415
1.137415
1.137415
1.137415
1.137415
1.137415
1.137415
1.137415
1.137415
1.137415
1.137415
1.1374149
1.1374149
1.1374149
1.1374149
1.1374149
1.1374149
0.99611559
1.0430224
1.0889647
1.1212586
1.1355438
1.1385178
1.1380526
1.1375526
1.1374171
1.1374088
1.1374135
1.1374149
1.137415
1.137415
1.137415
1.137415
1.137415
1.137415
1.137415
1.137415
1.137415
1.137415
1.137415
1.137415
1.137415
1.137415
1.137415
1.137415
1.137415
1.137415
1.137415
1.1374149
1.1374149
1.1374149
1.1374149
1.1374149
1.1374149
1.1374149
1.1374149
1.1374149
0.99578258
1.0418749
1.0872714
1.1198712
1.1349094
1.1384006
1.1380847
1.1375776
1.1374228
1.1374088
1.1374132
1.1374148
1.137415
1.137415
1.137415
1.137415
1.137415
1.137415
1.137415
1.137415
1.137415
1.137415
1.137415
1.137415
1.137415
1.137415
1.137415
1.1374149
1.1374149
1.1374149
1.1374149
1.1374149
1.1374149
1.1374149
1.1374149
1.1374149
1.1374149
1.1374149
1.1374149
1.1374149
0.99546619
1.0407867
1.0856456
1.1184998
1.1342492
1.1382593
1.1381093
1.1376028
1.1374294
1.1374091
1.137413
1.1374147
1.137415
1.137415
1.1374149
1.1374149
1.1374149
1.1374149
1.1374149
1.1374149
1.1374149
1.1374149
1.1374149
1.1374149
1.1374149
1.1374149
1.1374149
1.1374149
1.1374149
1.1374149
1.1374149
1.1374149
1.1374149
1.1374149
1.1374149
1.1374149
1.1374149
1.1374149
1.1374149
1.1374149
0.99516512
1.039753
1.0840837
1.1171462
1.1335663
1.1380946
1.1381257
1.137628
1.1374369
1.1374097
1.1374127
1.1374147
1.1374149
1.1374149
1.1374149
1.1374149
1.1374149
1.1374149
1.1374149
1.1374149
1.1374149
1.1374149
1.1374149
1.1374149
1.1374149
1.1374149
1.1374149
1.1374149
1.1374149
1.1374149
1.1374149
1.1374149
1.1374149
1.1374149
1.1374149
1.1374149
1.1374149
1.1374149
1.1374149
1.1374149
0.99487819
1.0387694
1.0825825
1.1158119
1.1328635
1.1379073
1.1381333
1.1376526
1.1374452
1.1374105
1.1374125
1.1374146
1.1374149
1.1374149
1.1374149
1.1374149
1.1374149
1.1374149
1.1374149
1.1374149
1.1374149
1.1374149
1.1374149
1.1374149
1.1374149
1.1374149
1.1374149
1.1374149
1.1374149
1.1374149
1.1374149
1.1374149
1.1374149
1.1374149
1.1374149
1.1374149
1.1374149
1.1374149
1.1374149
1.1374149
0.99460429
1.0378321
1.0811385
1.1144982
1.1321435
1.1376982
1.1381318
1.1376764
1.1374542
1.1374117
1.1374123
1.1374144
1.1374149
1.1374149
1.1374149
1.1374149
1.1374149
1.1374149
1.1374149
1.1374149
1.1374149
1.1374149
1.1374149
1.1374149
1.1374149
1.1374149
1.1374149
1.1374149
1.1374149
1.1374149
1.1374149
1.1374149
1.1374149
1.1374149
1.1374149
1.1374149
1.1374149
1.1374149
1.1374149
1.1374149
0.99434244
1.0369375
1.0797488
1.113206
1.1314087
1.1374682
1.1381206
1.1376989
1.137464
1.1374133
1.1374122
1.1374143
1.1374149
1.1374149
1.1374149
1.1374149
1.1374149
1.1374149
1.1374149
1.1374149
1.1374149
1.1374149
1.1374149
1.1374149
1.1374149
1.1374149
1.1374149
1.1374149
1.1374149
1.1374149
1.1374149
1.1374149
1.1374149
1.1374149
1.1374149
1.1374149
1.1374149
1.1374149
1.1374149
1.1374149
0.99409174
1.0360825
1.0784106
1.1119359
1.1306614
1.1372182
1.1380995
1.1377197
1.1374742
1.1374152
1.1374121
1.1374142
1.1374149
1.1374149
1.1374149
1.1374149
1.1374149
1.1374149
1.1374149
1.1374149
1.1374149
1.1374149
1.1374149
1.1374149
1.1374149
1.1374149
1.1374149
1.1374149
1.1374149
1.1374149
1.1374149
1.1374149
1.1374149
1.1374149
1.1374149
1.1374149
1.1374149
1.1374149
1.1374149
1.1374149
0.99385141
1.0352642
1.077121
1.1106884
1.1299037
1.1369491
1.1380683
1.1377385
1.137485
1.1374175
1.1374121
1.1374141
1.1374148
1.1374149
1.1374149
1.1374149
1.1374149
1.1374149
1.1374149
1.1374149
1.1374149
1.1374149
1.1374149
1.1374149
1.1374149
1.1374149
1.1374149
1.1374149
1.1374149
1.1374149
1.1374149
1.1374149
1.1374149
1.1374149
1.1374149
1.1374149
1.1374149
1.1374149
1.1374149
1.1374149
0.99362071
1.03448
1.0758775
1.1094638
1.1291374
1.1366619
1.1380267
1.137755
1.137496
1.1374202
1.1374122
1.137414
1.1374148
1.1374149
1.1374149
1.1374149
1.1374149
1.1374149
1.1374149
1.1374149
1.1374149
1.1374149
1.1374149
1.1374149
1.1374149
1.1374149
1.1374149
1.1374149
1.1374149
1.1374149
1.1374149
1.1374149
1.1374149
1.1374149
1.1374149
1.1374149
1.1374149
1.1374149
1.1374149
1.1374149
0.99339902
1.0337276
1.0746778
1.1082624
1.1283642
1.1363576
1.1379747
1.1377687
1.1375072
1.1374232
1.1374125
1.1374139
1.1374148
1.1374149
1.1374149
1.1374149
1.1374149
1.1374149
1.1374149
1.1374149
1.1374149
1.1374149
1.1374149
1.1374149
1.1374149
1.1374149
1.1374149
1.1374149
1.1374149
1.1374149
1.1374149
1.1374149
1.1374149
1.1374149
1.1374149
1.1374149
1.1374149
1.1374149
1.1374149
1.1374149
0.99318575
1.0330049
1.0735196
1.107084
1.1275857
1.1360372
1.1379123
1.1377795
1.1375185
1.1374265
1.1374128
1.1374138
1.1374147
1.1374149
1.1374149
1.1374149
1.1374149
1.1374149
1.1374149
1.1374149
1.1374149
1.1374149
1.1374149
1.1374149
1.1374149
1.1374149
1.1374149
1.1374149
1.1374149
1.1374149
1.1374149
1.1374149
1.1374149
1.1374149
1.1374149
1.1374149
1.1374149
1.1374149
1.1374149
1.1374149
0.99298039
1.0323101
1.0724007
1.1059288
1.1268034
1.1357016
1.1378393
1.137787
1.1375297
1.1374302
1.1374133
1.1374137
1.1374147
1.1374149
1.1374149
1.1374149
1.1374149
1.1374149
1.1374149
1.1374149
1.1374149
1.1374149
1.1374149
1.1374149
1.1374149
1.1374149
1.1374149
1.1374149
1.1374149
1.1374149
1.1374149
1.1374149
1.1374149
1.1374149
1.1374149
1.1374149
1.1374149
1.1374149
1.1374149
1.1374149
0.99278247
1.0316413
1.0713193
1.1047966
1.1260185
1.1353517
1.1377559
1.137791
1.1375406
1.1374341
1.1374139
1.1374137
1.1374146
1.1374149
1.1374149
1.1374149
1.1374149
1.1374149
1.1374149
1.1374149
1.1374149
1.1374149
1.1374149
1.1374149
1.1374149
1.1374149
1.1374149
1.1374149
1.1374149
1.1374149
1.1374149
1.1374149
1.1374149
1.1374149
1.1374149
1.1374149
1.1374149
1.1374149
1.1374149
1.1374149
0.99259156
1.0309971
1.0702733
1.1036872
1.1252323
1.1349885
1.1376622
1.1377912
1.1375512
1.1374384
1.1374146
1.1374137
1.1374146
1.1374148
1.1374149
1.1374149
1.1374149
1.1374149
1.1374149
1.1374149
1.1374149
1.1374149
1.1374149
1.1374149
1.1374149
1.1374149
1.1374149
1.1374149
1.1374149
1.1374149
1.1374149
1.1374149
1.1374149
1.1374149
1.1374149
1.1374149
1.1374149
1.1374149
1.1374149
1.1374149
0.99240729
1.030376
1.0692612
1.1026003
1.1244458
1.1346128
1.1375582
1.1377875
1.1375613
1.1374429
1.1374155
1.1374137
1.1374145
1.1374148
1.1374149
1.1374149
1.1374149
1.1374149
1.1374149
1.1374149
1.1374149
1.1374149
1.1374149
1.1374149
1.1374149
1.1374149
1.1374149
1.1374149
1.1374149
1.1374149
1.1374149
1.1374149
1.1374149
1.1374149
1.1374149
1.1374149
1.1374149
1.1374149
1.1374149
1.1374149
0.9922293
1.0297767
1.0682813
1.1015357
1.1236599
1.1342255
1.1374442
1.1377796
1.1375707
1.1374476
1.1374165
1.1374137
1.1374145
1.1374148
1.1374149
1.1374149
1.1374149
1.1374149
1.1374149
1.1374149
1.1374149
1.1374149
1.1374149
1.1374149
1.1374149
1.1374149
1.1374149
1.1374149
1.1374149
1.1374149
1.1374149
1.1374149
1.1374149
1.1374149
1.1374149
1.1374149
1.1374149
1.1374149
1.1374149
1.1374149
0.99205728
1.0291981
1.0673321
1.1004931
1.1228757
1.1338275
1.1373202
1.1377674
1.1375793
1.1374524
1.1374176
1.1374138
1.1374144
1.1374148
1.1374149
1.1374149
1.1374149
1.1374149
1.1374149
1.1374149
1.1374149
1.1374149
1.1374149
1.1374149
1.1374149
1.1374149
1.1374149
1.1374149
1.1374149
1.1374149
1.1374149
1.1374149
1.1374149
1.1374149
1.1374149
1.1374149
1.1374149
1.1374149
1.1374149
1.1374149
0.99189095
1.028639
1.0664122
1.0994721
1.1220938
1.1334195
1.1371866
1.1377507
1.137587
1.1374574
1.1374189
1.1374139
1.1374144
1.1374148
1.1374149
1.1374149
1.1374149
1.1374149
1.1374149
1.1374149
1.1374149
1.1374149
1.1374149
1.1374149
1.1374149
1.1374149
1.1374149
1.1374149
1.1374149
1.1374149
1.1374149
1.1374149
1.1374149
1.1374149
1.1374148
1.1374148
1.1374148
1.1374148
1.1374148
1.1374148
0.99173004
1.0280986
1.0655203
1.0984724
1.1213151
1.1330024
1.1370435
1.1377294
1.1375936
1.1374624
1.1374204
1.1374141
1.1374144
1.1374148
1.1374148
1.1374149
1.1374149
1.1374149
1.1374149
1.1374149
1.1374149
1.1374149
1.1374149
1.1374149
1.1374149
1.1374149
1.1374149
1.1374148
1.1374148
1.1374148
1.1374148
1.1374148
1.1374148
1.1374148
1.1374148
1.1374148
1.1374148
1.1374148
1.1374148
1.1374148
0.99157432
1.0275759
1.0646552
1.0974936
1.1205401
1.1325769
1.1368911
1.1377034
1.137599
1.1374675
1.1374219
1.1374143
1.1374144
1.1374147
1.1374148
1.1374148
1.1374148
1.1374148
1.1374148
1.1374148
1.1374148
1.1374148
1.1374148
1.1374148
1.1374148
1.1374148
1.1374148
1.1374148
1.1374148
1.1374148
1.1374148
1.1374148
1.1374148
1.1374148
1.1374148
1.1374148
1.1374148
1.1374148
1.1374148
1.1374148
0.99142356
1.0270701
1.0638158
1.0965353
1.1197695
1.1321438
1.1367298
1.1376727
1.1376031
1.1374725
1.1374236
1.1374145
1.1374143
1.1374147
1.1374148
1.1374148
1.1374148
1.1374148
1.1374148
1.1374148
1.1374148
1.1374148
1.1374148
1.1374148
1.1374148
1.1374148
1.1374148
1.1374148
1.1374148
1.1374148
1.1374148
1.1374148
1.1374148
1.1374148
1.1374148
1.1374148
1.1374148
1.1374148
1.1374148
1.1374148
0.99127758
1.0265805
1.063001
1.0955973
1.1190039
1.1317037
1.1365598
1.137637
1.1376058
1.1374775
1.1374254
1.1374149
1.1374143
1.1374147
1.1374148
1.1374148
1.1374148
1.1374148
1.1374148
1.1374148
1.1374148
1.1374148
1.1374148
1.1374148
1.1374148
1.1374148
1.1374148
1.1374148
1.1374148
1.1374148
1.1374148
1.1374148
1.1374148
1.1374148
1.1374148
1.1374148
1.1374148
1.1374148
1.1374148
1.1374148
0.99113618
1.0261063
1.0622098
1.094679
1.1182437
1.1312573
1.1363814
1.1375964
1.1376069
1.1374823
1.1374274
1.1374152
1.1374144
1.1374147
1.1374148
1.1374148
1.1374148
1.1374148
1.1374148
1.1374148
1.1374148
1.1374148
1.1374148
1.1374148
1.1374148
1.1374148
1.1374148
1.1374148
1.1374148
1.1374148
1.1374148
1.1374148
1.1374148
1.1374148
1.1374148
1.1374148
1.1374148
1.1374148
1.1374148
1.1374148
0.99099922
1.025647
1.0614414
1.0937801
1.1174894
1.1308053
1.1361949
1.1375509
1.1376063
1.1374869
1.1374294
1.1374157
1.1374144
1.1374147
1.1374148
1.1374148
1.1374148
1.1374148
1.1374148
1.1374148
1.1374148
1.1374148
1.1374148
1.1374148
1.1374148
1.1374148
1.1374148
1.1374148
1.1374148
1.1374148
1.1374148
1.1374148
1.1374148
1.1374148
1.1374148
1.1374148
1.1374148
1.1374148
1.1374148
1.1374148
0.99086653
1.025202
1.0606949
1.0929004
1.1167415
1.1303483
1.1360005
1.1375004
1.137604
1.1374913
1.1374315
1.1374162
1.1374144
1.1374146
1.1374148
1.1374148
1.1374148
1.1374148
1.1374148
1.1374148
1.1374148
1.1374148
1.1374148
1.1374148
1.1374148
1.1374148
1.1374148
1.1374148
1.1374148
1.1374148
1.1374148
1.1374148
1.1374148
1.1374148
1.1374148
1.1374148
1.1374148
1.1374148
1.1374148
1.1374148
0.990738
1.0247707
1.0599696
1.0920394
1.1160002
1.1298868
1.1357985
1.1374449
1.1375999
1.1374953
1.1374337
1.1374167
1.1374145
1.1374146
1.1374148
1.1374148
1.1374148
1.1374148
1.1374148
1.1374148
1.1374148
1.1374148
1.1374148
1.1374148
1.1374148
1.1374148
1.1374148
1.1374148
1.1374148
1.1374148
1.1374148
1.1374148
1.1374148
1.1374148
1.1374148
1.1374148
1.1374148
1.1374148
1.1374148
1.1374148
0.99061351
1.0243527
1.0592647
1.0911968
1.1152659
1.1294216
1.1355894
1.1373844
1.1375937
1.137499
1.1374359
1.1374173
1.1374145
1.1374146
1.1374148
1.1374148
1.1374148
1.1374148
1.1374148
1.1374148
1.1374148
1.1374148
1.1374148
1.1374148
1.1374148
1.1374148
1.1374148
1.1374148
1.1374148
1.1374148
1.1374148
1.1374148
1.1374148
1.1374148
1.1374148
1.1374148
1.1374148
1.1374148
1.1374148
1.1374148
0.99049295
1.0239476
1.0585795
1.0903723
1.114539
1.128953
1.1353734
1.137319
1.1375856
1.1375023
1.1374381
1.137418
1.1374146
1.1374146
1.1374148
1.1374148
1.1374148
1.1374148
1.1374148
1.1374148
1.1374148
1.1374148
1.1374148
1.1374148
1.1374148
1.1374148
1.1374148
1.1374148
1.1374148
1.1374148
1.1374148
1.1374148
1.1374148
1.1374148
1.1374148
1.1374148
1.1374148
1.1374148
1.1374148
1.1374148
0.99037625
1.023555
1.0579135
1.0895656
1.1138198
1.1284817
1.1351507
1.1372486
1.1375753
1.1375051
1.1374404
1.1374187
1.1374147
1.1374146
1.1374148
1.1374148
1.1374148
1.1374148
1.1374148
1.1374148
1.1374148
1.1374148
1.1374148
1.1374148
1.1374148
1.1374148
1.1374148
1.1374148
1.1374148
1.1374148
1.1374148
1.1374148
1.1374148
1.1374148
1.1374148
1.1374148
1.1374148
1.1374148
1.1374148
1.1374148
0.99026331
1.0231745
1.0572662
1.0887764
1.1131085
1.1280081
1.1349218
1.1371734
1.1375629
1.1375074
1.1374427
1.1374194
1.1374149
1.1374146
1.1374147
1.1374148
1.1374148
1.1374148
1.1374148
1.1374148
1.1374148
1.1374148
1.1374148
1.1374148
1.1374148
1.1374148
1.1374148
1.1374148
1.1374148
1.1374148
1.1374148
1.1374148
1.1374148
1.1374148
1.1374148
1.1374148
1.1374148
1.1374148
1.1374148
1.1374148
0.99015408
1.0228059
1.056637
1.0880044
1.1124053
1.1275328
1.134687
1.1370933
1.1375482
1.137509
1.1374449
1.1374203
1.137415
1.1374146
1.1374147
1.1374148
1.1374148
1.1374148
1.1374148
1.1374148
1.1374148
1.1374148
1.1374148
1.1374148
1.1374148
1.1374148
1.1374148
1.1374148
1.1374148
1.1374148
1.1374148
1.1374148
1.1374148
1.1374148
1.1374148
1.1374148
1.1374148
1.1374148
1.1374148
1.1374148
0.99004852
1.0224489
1.0560254
1.0872494
1.1117106
1.1270563
1.1344465
1.1370085
1.1375312
1.1375101
1.1374471
1.1374211
1.1374152
1.1374146
1.1374147
1.1374148
1.1374148
1.1374148
1.1374148
1.1374148
1.1374148
1.1374148
1.1374148
1.1374148
1.1374148
1.1374148
1.1374148
1.1374148
1.1374148
1.1374148
1.1374148
1.1374148
1.1374148
1.1374148
1.1374148
1.1374148
1.1374148
1.1374148
1.1374148
1.1374148
0.98994659
1.0221033
1.0554311
1.0865112
1.1110245
1.1265789
1.1342007
1.136919
1.1375119
1.1375104
1.1374492
1.137422
1.1374154
1.1374146
1.1374147
1.1374148
1.1374148
1.1374148
1.1374148
1.1374148
1.1374148
1.1374148
1.1374148
1.1374148
1.1374148
1.1374148
1.1374148
1.1374148
1.1374148
1.1374148
1.1374148
1.1374148
1.1374148
1.1374148
1.1374148
1.1374148
1.1374148
1.1374148
1.1374148
1.1374148
0.98984826
1.0217689
1.0548538
1.0857895
1.1103474
1.1261012
1.1339499
1.1368249
1.1374901
1.13751
1.1374513
1.1374229
1.1374156
1.1374147
1.1374147
1.1374148
1.1374148
1.1374148
1.1374148
1.1374148
1.1374148
1.1374148
1.1374148
1.1374148
1.1374148
1.1374148
1.1374148
1.1374148
1.1374148
1.1374148
1.1374148
1.1374148
1.1374148
1.1374148
1.1374148
1.1374148
1.1374148
1.1374148
1.1374148
1.1374148
0.98975353
1.0214455
1.0542931
1.0850843
1.1096792
1.1256236
1.1336945
1.1367263
1.137466
1.1375088
1.1374532
1.1374239
1.1374159
1.1374147
1.1374147
1.1374148
1.1374148
1.1374148
1.1374148
1.1374148
1.1374148
1.1374148
1.1374148
1.1374148
1.1374148
1.1374148
1.1374148
1.1374148
1.1374148
1.1374148
1.1374148
1.1374148
1.1374148
1.1374148
1.1374148
1.1374148
1.1374148
1.1374148
1.1374148
1.1374148
0.9896624
1.0211331
1.0537487
1.0843952
1.1090204
1.1251464
1.1334348
1.1366233
1.1374394
1.1375067
1.1374549
1.1374249
1.1374162
1.1374147
1.1374147
1.1374148
1.1374148
1.1374148
1.1374148
1.1374148
1.1374148
1.1374148
1.1374148
1.1374148
1.1374148
1.1374148
1.1374148
1.1374148
1.1374148
1.1374148
1.1374148
1.1374148
1.1374148
1.1374148
1.1374148
1.1374148
1.1374148
1.1374148
1.1374148
1.1374148
0.98957488
1.0208316
1.0532205
1.0837222
1.1083711
1.1246702
1.133171
1.1365161
1.1374104
1.1375038
1.1374565
1.1374259
1.1374165
1.1374148
1.1374147
1.1374147
1.1374148
1.1374148
1.1374148
1.1374148
1.1374148
1.1374148
1.1374148
1.1374148
1.1374148
1.1374148
1.1374148
1.1374148
1.1374148
1.1374148
1.1374148
1.1374148
1.1374148
1.1374148
1.1374148
1.1374148
1.1374148
1.1374148
1.1374148
1.1374148
0.98949099
1.020541
1.0527082
1.0830653
1.1077314
1.1241953
1.1329036
1.1364046
1.1373789
1.1374999
1.1374579
1.1374269
1.1374168
1.1374148
1.1374147
1.1374147
1.1374148
1.1374148
1.1374148
1.1374148
1.1374148
1.1374148
1.1374148
1.1374148
1.1374148
1.1374148
1.1374148
1.1374148
1.1374148
1.1374148
1.1374148
1.1374148
1.1374148
1.1374148
1.1374148
1.1374148
1.1374148
1.1374148
1.1374148
1.1374148
0.98941077
1.0202612
1.0522119
1.0824242
1.1071017
1.1237221
1.1326328
1.1362892
1.1373448
1.137495
1.1374591
1.1374279
1.1374171
1.1374149
1.1374147
1.1374147
1.1374148
1.1374148
1.1374148
1.1374148
1.1374148
1.1374148
1.1374148
1.1374148
1.1374148
1.1374148
1.1374148
1.1374148
1.1374148
1.1374148
1.1374148
1.1374148
1.1374148
1.1374148
1.1374148
1.1374148
1.1374148
1.1374148
1.1374148
1.1374148
0.98933426
1.0199924
1.0517313
1.0817991
1.106482
1.1232511
1.132359
1.1361698
1.1373083
1.1374892
1.13746
1.1374289
1.1374175
1.137415
1.1374147
1.1374147
1.1374148
1.1374148
1.1374148
1.1374148
1.1374148
1.1374148
1.1374148
1.1374148
1.1374148
1.1374148
1.1374148
1.1374148
1.1374148
1.1374148
1.1374148
1.1374148
1.1374148
1.1374148
1.1374148
1.1374148
1.1374148
1.1374148
1.1374148
1.1374148
0.98926151
1.0197345
1.0512664
1.0811897
1.1058727
1.1227825
1.1320824
1.1360467
1.1372694
1.1374822
1.1374607
1.1374299
1.1374178
1.137415
1.1374147
1.1374147
1.1374147
1.1374148
1.1374148
1.1374148
1.1374148
1.1374148
1.1374148
1.1374148
1.1374148
1.1374148
1.1374148
1.1374148
1.1374148
1.1374148
1.1374148
1.1374148
1.1374148
1.1374147
1.1374147
1.1374147
1.1374147
1.1374147
1.1374147
1.1374147
0.98919258
1.0194877
1.0508173
1.0805963
1.1052739
1.1223168
1.1318035
1.13592
1.1372279
1.1374743
1.1374611
1.1374308
1.1374182
1.1374151
1.1374147
1.1374147
1.1374147
1.1374147
1.1374147
1.1374147
1.1374147
1.1374147
1.1374147
1.1374147
1.1374147
1.1374147
1.1374147
1.1374147
1.1374147
1.1374147
1.1374147
1.1374147
1.1374147
1.1374147
1.1374147
1.1374147
1.1374147
1.1374147
1.1374147
1.1374147
0.98912751
1.0192521
1.050384
1.0800188
1.1046858
1.1218543
1.1315226
1.1357898
1.137184
1.1374652
1.1374611
1.1374317
1.1374186
1.1374152
1.1374147
1.1374147
1.1374147
1.1374147
1.1374147
1.1374147
1.1374147
1.1374147
1.1374147
1.1374147
1.1374147
1.1374147
1.1374147
1.1374147
1.1374147
1.1374147
1.1374147
1.1374147
1.1374147
1.1374147
1.1374147
1.1374147
1.1374147
1.1374147
1.1374147
1.1374147
0.98906637
1.0190279
1.0499667
1.0794573
1.1041087
1.1213955
1.13124
1.1356564
1.1371377
1.1374549
1.1374609
1.1374326
1.1374191
1.1374154
1.1374147
1.1374147
1.1374147
1.1374147
1.1374147
1.1374147
1.1374147
1.1374147
1.1374147
1.1374147
1.1374147
1.1374147
1.1374147
1.1374147
1.1374147
1.1374147
1.1374147
1.1374147
1.1374147
1.1374147
1.1374147
1.1374147
1.1374147
1.1374147
1.1374147
1.1374147
0.98900921
1.0188152
1.0495654
1.0789119
1.1035429
1.1209407
1.1309559
1.1355199
1.1370889
1.1374436
1.1374602
1.1374334
1.1374195
1.1374155
1.1374148
1.1374147
1.1374147
1.1374147
1.1374147
1.1374147
1.1374147
1.1374147
1.1374147
1.1374147
1.1374147
1.1374147
1.1374147
1.1374147
1.1374147
1.1374147
1.1374147
1.1374147
1.1374147
1.1374147
1.1374147
1.1374147
1.1374147
1.1374147
1.1374147
1.1374147
0.98895607
1.0186142
1.0491804
1.0783828
1.1029885
1.1204902
1.1306708
1.1353804
1.1370379
1.137431
1.1374592
1.1374342
1.1374199
1.1374156
1.1374148
1.1374147
1.1374147
1.1374147
1.1374147
1.1374147
1.1374147
1.1374147
1.1374147
1.1374147
1.1374147
1.1374147
1.1374147
1.1374147
1.1374147
1.1374147
1.1374147
1.1374147
1.1374147
1.1374147
1.1374147
1.1374147
1.1374147
1.1374147
1.1374147
1.1374147
0.98890699
1.018425
1.0488118
1.0778701
1.1024459
1.1200445
1.1303851
1.1352382
1.1369845
1.1374173
1.1374578
1.1374348
1.1374203
1.1374157
1.1374148
1.1374147
1.1374147
1.1374147
1.1374147
1.1374147
1.1374147
1.1374147
1.1374147
1.1374147
1.1374147
1.1374147
1.1374147
1.1374147
1.1374147
1.1374147
1.1374147
1.1374147
1.1374147
1.1374147
1.1374147
1.1374147
1.1374147
1.1374147
1.1374147
1.1374147
0.98886198
1.0182479
1.0484599
1.0773741
1.1019154
1.1196039
1.1300989
1.1350934
1.1369289
1.1374023
1.1374559
1.1374354
1.1374208
1.1374159
1.1374148
1.1374147
1.1374147
1.1374147
1.1374147
1.1374147
1.1374147
1.1374147
1.1374147
1.1374147
1.1374147
1.1374147
1.1374147
1.1374147
1.1374147
1.1374147
1.1374147
1.1374147
1.1374147
1.1374147
1.1374147
1.1374147
1.1374147
1.1374147
1.1374147
1.1374147
0.98882104
1.018083
1.048125
1.0768951
1.1013972
1.1191688
1.1298127
1.1349463
1.136871
1.1373862
1.1374536
1.1374359
1.1374212
1.137416
1.1374149
1.1374147
1.1374147
1.1374147
1.1374147
1.1374147
1.1374147
1.1374147
1.1374147
1.1374147
1.1374147
1.1374147
1.1374147
1.1374147
1.1374147
1.1374147
1.1374147
1.1374147
1.1374147
1.1374147
1.1374147
1.1374147
1.1374147
1.1374147
1.1374147
1.1374147
0.98878415
1.0179304
1.0478073
1.0764333
1.1008918
1.1187397
1.1295268
1.134797
1.1368111
1.1373688
1.1374508
1.1374362
1.1374216
1.1374162
1.1374149
1.1374147
1.1374147
1.1374147
1.1374147
1.1374147
1.1374147
1.1374147
1.1374147
1.1374147
1.1374147
1.1374147
1.1374147
1.1374147
1.1374147
1.1374147
1.1374147
1.1374147
1.1374147
1.1374147
1.1374147
1.1374147
1.1374147
1.1374147
1.1374147
1.1374147
0.98875126
1.0177901
1.0475072
1.075989
1.1003993
1.1183168
1.1292416
1.1346458
1.1367491
1.1373503
1.1374476
1.1374365
1.137422
1.1374164
1.1374149
1.1374147
1.1374147
1.1374147
1.1374147
1.1374147
1.1374147
1.1374147
1.1374147
1.1374147
1.1374147
1.1374147
1.1374147
1.1374147
1.1374147
1.1374147
1.1374147
1.1374147
1.1374147
1.1374147
1.1374147
1.1374147
1.1374147
1.1374147
1.1374147
1.1374147
0.98872228
1.0176622
1.0472248
1.0755626
1.0999202
1.1179006
1.1289573
1.1344928
1.1366851
1.1373305
1.1374438
1.1374366
1.1374224
1.1374165
1.137415
1.1374147
1.1374147
1.1374147
1.1374147
1.1374147
1.1374147
1.1374147
1.1374147
1.1374147
1.1374147
1.1374147
1.1374147
1.1374147
1.1374147
1.1374147
1.1374147
1.1374147
1.1374147
1.1374147
1.1374147
1.1374147
1.1374147
1.1374147
1.1374147
1.1374147
0.98869711
1.0175467
1.0469604
1.0751544
1.099455
1.1174915
1.1286745
1.1343383
1.1366192
1.1373095
1.1374396
1.1374365
1.1374228
1.1374167
1.137415
1.1374147
1.1374147
1.1374147
1.1374147
1.1374147
1.1374147
1.1374147
1.1374147
1.1374147
1.1374147
1.1374147
1.1374147
1.1374147
1.1374147
1.1374147
1.1374147
1.1374147
1.1374147
1.1374147
1.1374147
1.1374147
1.1374147
1.1374147
1.1374147
1.1374147
0.9886756
1.0174433
1.0467143
1.0747647
1.0990038
1.1170898
1.1283933
1.1341825
1.1365515
1.1372873
1.1374348
1.1374363
1.1374232
1.1374169
1.1374151
1.1374147
1.1374147
1.1374147
1.1374147
1.1374147
1.1374147
1.1374147
1.1374147
1.1374147
1.1374147
1.1374147
1.1374147
1.1374147
1.1374147
1.1374147
1.1374147
1.1374147
1.1374147
1.1374147
1.1374147
1.1374147
1.1374147
1.1374147
1.1374147
1.1374147
0.98865757
1.0173518
1.0464865
1.0743941
1.0985672
1.1166961
1.1281142
1.1340256
1.1364821
1.137264
1.1374295
1.137436
1.1374235
1.1374171
1.1374151
1.1374147
1.1374147
1.1374147
1.1374147
1.1374147
1.1374147
1.1374147
1.1374147
1.1374147
1.1374147
1.1374147
1.1374147
1.1374147
1.1374147
1.1374147
1.1374147
1.1374147
1.1374147
1.1374147
1.1374147
1.1374147
1.1374147
1.1374147
1.1374147
1.1374147
0.98864281
1.0172719
1.046277
1.0740426
1.0981456
1.1163107
1.1278374
1.1338679
1.1364111
1.1372395
1.1374237
1.1374354
1.1374238
1.1374172
1.1374152
1.1374147
1.1374147
1.1374147
1.1374147
1.1374147
1.1374147
1.1374147
1.1374147
1.1374147
1.1374147
1.1374147
1.1374147
1.1374147
1.1374147
1.1374147
1.1374147
1.1374147
1.1374147
1.1374147
1.1374147
1.1374147
1.1374147
1.1374147
1.1374147
1.1374147
0.98863107
1.0172033
1.0460859
1.0737108
1.0977394
1.115934
1.1275635
1.1337095
1.1363386
1.1372139
1.1374173
1.1374347
1.137424
1.1374174
1.1374152
1.1374148
1.1374147
1.1374147
1.1374147
1.1374147
1.1374147
1.1374147
1.1374147
1.1374147
1.1374147
1.1374147
1.1374147
1.1374147
1.1374147
1.1374147
1.1374147
1.1374147
1.1374147
1.1374147
1.1374147
1.1374147
1.1374147
1.1374147
1.1374147
1.1374147
0.98862209
1.0171452
1.045913
1.0733987
1.0973489
1.1155664
1.1272927
1.1335508
1.1362646
1.1371871
1.1374103
1.1374338
1.1374243
1.1374176
1.1374153
1.1374148
1.1374147
1.1374147
1.1374147
1.1374147
1.1374147
1.1374147
1.1374147
1.1374147
1.1374147
1.1374147
1.1374147
1.1374147
1.1374147
1.1374147
1.1374147
1.1374147
1.1374147
1.1374147
1.1374147
1.1374147
1.1374147
1.1374147
1.1374147
1.1374147
0.98861557
1.0170972
1.0457579
1.0731066
1.0969745
1.1152084
1.1270253
1.1333919
1.1361894
1.1371593
1.1374028
1.1374327
1.1374244
1.1374178
1.1374154
1.1374148
1.1374147
1.1374147
1.1374147
1.1374147
1.1374147
1.1374147
1.1374147
1.1374147
1.1374147
1.1374147
1.1374147
1.1374147
1.1374147
1.1374147
1.1374147
1.1374147
1.1374147
1.1374147
1.1374147
1.1374147
1.1374147
1.1374147
1.1374147
1.1374147
0.9886112
1.0170583
1.0456202
1.0728347
1.0966166
1.1148602
1.1267617
1.1332331
1.136113
1.1371305
1.1373947
1.1374314
1.1374245
1.137418
1.1374154
1.1374148
1.1374147
1.1374147
1.1374147
1.1374147
1.1374147
1.1374147
1.1374147
1.1374147
1.1374147
1.1374147
1.1374147
1.1374147
1.1374147
1.1374147
1.1374147
1.1374147
1.1374147
1.1374147
1.1374147
1.1374147
1.1374147
1.1374147
1.1374147
1.1374147
0.98860866
1.0170279
1.0454993
1.0725827
1.0962755
1.1145224
1.1265023
1.1330746
1.1360356
1.1371006
1.1373861
1.1374298
1.1374246
1.1374181
1.1374155
1.1374148
1.1374147
1.1374147
1.1374147
1.1374147
1.1374147
1.1374147
1.1374147
1.1374147
1.1374147
1.1374147
1.1374147
1.1374147
1.1374147
1.1374147
1.1374147
1.1374147
1.1374147
1.1374147
1.1374147
1.1374147
1.1374147
1.1374147
1.1374147
1.1374147
0.98860761
1.0170049
1.0453944
1.0723507
1.0959513
1.1141951
1.1262474
1.1329167
1.1359572
1.1370697
1.1373769
1.1374281
1.1374246
1.1374183
1.1374156
1.1374148
1.1374147
1.1374147
1.1374147
1.1374147
1.1374147
1.1374147
1.1374147
1.1374147
1.1374147
1.1374147
1.1374147
1.1374147
1.1374147
1.1374147
1.1374147
1.1374147
1.1374147
1.1374147
1.1374147
1.1374147
1.1374147
1.1374147
1.1374147
1.1374147
0.98860773
1.0169883
1.0453046
1.0721383
1.0956444
1.1138789
1.1259972
1.1327596
1.135878
1.137038
1.1373672
1.1374261
1.1374245
1.1374184
1.1374157
1.1374149
1.1374147
1.1374147
1.1374147
1.1374147
1.1374147
1.1374147
1.1374147
1.1374147
1.1374147
1.1374147
1.1374147
1.1374147
1.1374147
1.1374147
1.1374147
1.1374147
1.1374147
1.1374147
1.1374147
1.1374147
1.1374147
1.1374147
1.1374147
1.1374147
0.98860871
1.0169772
1.0452286
1.0719449
1.0953546
1.1135738
1.125752
1.1326035
1.1357981
1.1370053
1.1373569
1.1374239
1.1374244
1.1374185
1.1374157
1.1374149
1.1374147
1.1374147
1.1374147
1.1374147
1.1374147
1.1374147
1.1374147
1.1374147
1.1374147
1.1374147
1.1374147
1.1374147
1.1374147
1.1374147
1.1374147
1.1374147
1.1374147
1.1374147
1.1374147
1.1374147
1.1374147
1.1374147
1.1374147
1.1374147
0.98861027
1.0169705
1.0451652
1.07177
1.0950819
1.1132801
1.1255122
1.1324485
1.1357176
1.1369719
1.1373461
1.1374214
1.1374242
1.1374187
1.1374158
1.1374149
1.1374147
1.1374147
1.1374147
1.1374147
1.1374147
1.1374147
1.1374147
1.1374147
1.1374147
1.1374147
1.1374147
1.1374147
1.1374147
1.1374147
1.1374147
1.1374147
1.1374147
1.1374147
1.1374147
1.1374147
1.1374147
1.1374147
1.1374147
1.1374147
0.98861213
1.0169671
1.0451129
1.0716126
1.0948263
1.112998
1.125278
1.132295
1.1356367
1.1369376
1.1373347
1.1374187
1.1374239
1.1374188
1.1374159
1.1374149
1.1374147
1.1374147
1.1374147
1.1374147
1.1374147
1.1374147
1.1374147
1.1374147
1.1374147
1.1374147
1.1374147
1.1374147
1.1374147
1.1374147
1.1374147
1.1374147
1.1374147
1.1374147
1.1374147
1.1374147
1.1374147
1.1374147
1.1374147
1.1374147
0.98861408
1.0169661
1.0450703
1.0714718
1.0945873
1.1127276
1.1250495
1.1321431
1.1355554
1.1369026
1.1373229
1.1374158
1.1374235
1.1374189
1.1374159
1.1374149
1.1374147
1.1374147
1.1374147
1.1374147
1.1374147
1.1374147
1.1374147
1.1374147
1.1374147
1.1374147
1.1374147
1.1374147
1.1374147
1.1374147
1.1374147
1.1374147
1.1374147
1.1374147
1.1374147
1.1374147
1.1374147
1.1374147
1.1374147
1.1374147
0.98861589
1.0169664
1.0450357
1.0713462
1.0943644
1.1124687
1.1248268
1.1319928
1.1354738
1.1368668
1.1373105
1.1374126
1.1374231
1.1374189
1.137416
1.137415
1.1374147
1.1374147
1.1374147
1.1374147
1.1374147
1.1374147
1.1374147
1.1374147
1.1374147
1.1374147
1.1374147
1.1374147
1.1374147
1.1374147
1.1374147
1.1374147
1.1374147
1.1374147
1.1374147
1.1374147
1.1374147
1.1374147
1.1374147
1.1374147
0.9886175
1.0169675
1.0450077
1.0712348
1.0941576
1.1122222
1.124611
1.131845
1.1353925
1.1368307
1.1372976
1.1374092
1.1374225
1.137419
1.1374161
1.137415
1.1374147
1.1374147
1.1374147
1.1374147
1.1374147
1.1374147
1.1374147
1.1374147
1.1374147
1.1374147
1.1374147
1.1374147
1.1374147
1.1374147
1.1374147
1.1374147
1.1374147
1.1374147
1.1374147
1.1374147
1.1374147
1.1374147
1.1374147
1.1374147
0.98861843
1.0169679
1.0449837
1.0711342
1.0939626
1.1119827
1.1243969
1.1316959
1.1353091
1.1367929
1.137284
1.1374054
1.1374219
1.137419
1.1374161
1.137415
1.1374147
1.1374147
1.1374147
1.1374147
1.1374147
1.1374147
1.1374147
1.1374147
1.1374147
1.1374147
1.1374147
1.1374147
1.1374147
1.1374147
1.1374147
1.1374147
1.1374147
1.1374147
1.1374147
1.1374146
1.1374146
1.1374146
1.1374146
1.1374146
0.9886197
1.0169697
1.0449665
1.0710525
1.0937985
1.1117779
1.1242122
1.1315665
1.1352363
1.1367596
1.1372718
1.137402
1.1374213
1.137419
1.1374162
1.137415
1.1374147
1.1374147
1.1374146
1.1374146
1.1374146
1.1374146
1.1374146
1.1374146
1.1374146
1.1374146
1.1374146
1.1374146
1.1374146
1.1374146
1.1374146
1.1374146
1.1374146
1.1374146
1.1374146
1.1374146
1.1374146
1.1374146
1.1374146
1.1374146
0.98861514
1.0169608
1.0449353
1.0709346
1.093552
1.1114552
1.12391
1.1313481
1.1351099
1.1367002
1.1372492
1.1373954
1.1374199
1.1374189
1.1374163
1.1374151
1.1374147
1.1374147
1.1374146
1.1374146
1.1374146
1.1374146
1.1374146
1.1374146
1.1374146
1.1374146
1.1374146
1.1374146
1.1374146
1.1374146
1.1374146
1.1374146
1.1374146
1.1374146
1.1374146
1.1374146
1.1374146
1.1374146
1.1374146
1.1374146
)
;

boundaryField
{
    wall
    {
        type            calculated;
        value           nonuniform List<scalar> 
100
(
0.97492807
0.97492779
0.97492758
0.97492747
0.9749274
0.97492733
0.97492727
0.97492723
0.9749272
0.97492718
0.97492716
0.97492715
0.97492715
0.97492714
0.97492714
0.97492713
0.97492713
0.97492713
0.97492712
0.97492712
0.97492711
0.97492711
0.97492711
0.9749271
0.9749271
0.97492709
0.97492709
0.97492708
0.97492708
0.97492707
0.97492707
0.97492707
0.97492706
0.97492706
0.97492705
0.97492705
0.97492704
0.97492704
0.97492704
0.97492703
0.97492703
0.97492702
0.97492702
0.97492702
0.97492701
0.97492701
0.974927
0.974927
0.974927
0.97492699
0.97492699
0.97492699
0.97492698
0.97492698
0.97492697
0.97492697
0.97492697
0.97492696
0.97492696
0.97492696
0.97492695
0.97492695
0.97492695
0.97492694
0.97492694
0.97492694
0.97492693
0.97492693
0.97492693
0.97492692
0.97492692
0.97492692
0.97492691
0.97492691
0.97492691
0.9749269
0.9749269
0.9749269
0.97492689
0.97492689
0.97492689
0.97492688
0.97492688
0.97492688
0.97492688
0.97492687
0.97492687
0.97492687
0.97492686
0.97492686
0.97492686
0.97492686
0.97492685
0.97492685
0.97492685
0.97492685
0.97492684
0.97492684
0.97492684
0.97492684
)
;
    }
    sides
    {
        type            calculated;
        value           nonuniform List<scalar> 
100
(
1.1374159
1.1374156
1.1374154
1.1374154
1.1374153
1.1374152
1.1374152
1.1374151
1.1374151
1.1374151
1.137415
1.137415
1.137415
1.137415
1.137415
1.137415
1.137415
1.137415
1.137415
1.137415
1.137415
1.137415
1.137415
1.137415
1.1374149
1.1374149
1.1374149
1.1374149
1.1374149
1.1374149
1.1374149
1.1374149
1.1374149
1.1374149
1.1374149
1.1374149
1.1374149
1.1374149
1.1374149
1.1374149
1.1374149
1.1374149
1.1374149
1.1374149
1.1374149
1.1374148
1.1374148
1.1374148
1.1374148
1.1374148
1.1374148
1.1374148
1.1374148
1.1374148
1.1374148
1.1374148
1.1374148
1.1374148
1.1374148
1.1374148
1.1374148
1.1374148
1.1374148
1.1374148
1.1374148
1.1374148
1.1374148
1.1374148
1.1374147
1.1374147
1.1374147
1.1374147
1.1374147
1.1374147
1.1374147
1.1374147
1.1374147
1.1374147
1.1374147
1.1374147
1.1374147
1.1374147
1.1374147
1.1374147
1.1374147
1.1374147
1.1374147
1.1374147
1.1374147
1.1374147
1.1374147
1.1374147
1.1374147
1.1374147
1.1374147
1.1374147
1.1374147
1.1374146
1.1374146
1.1374146
)
;
    }
    frontAndBack
    {
        type            empty;
    }
    inlet
    {
        type            calculated;
        value           nonuniform List<scalar> 
40
(
1.1374161
1.1374156
1.1374155
1.1374154
1.1374154
1.1374153
1.1374153
1.1374153
1.1374152
1.1374152
1.1374152
1.1374152
1.1374152
1.1374152
1.1374152
1.1374151
1.1374151
1.1374151
1.1374151
1.1374151
1.1374151
1.1374151
1.1374151
1.1374151
1.1374151
1.1374151
1.1374152
1.1374152
1.1374152
1.1374152
1.1374152
1.1374152
1.1374152
1.1374153
1.1374153
1.1374153
1.1374154
1.1374154
1.1374155
1.1374159
)
;
    }
    outlet
    {
        type            calculated;
        value           nonuniform List<scalar> 
40
(
0.98861514
1.0169608
1.0449353
1.0709346
1.093552
1.1114552
1.12391
1.1313481
1.1351099
1.1367002
1.1372492
1.1373954
1.1374199
1.1374189
1.1374163
1.1374151
1.1374147
1.1374147
1.1374146
1.1374146
1.1374146
1.1374146
1.1374146
1.1374146
1.1374146
1.1374146
1.1374146
1.1374146
1.1374146
1.1374146
1.1374146
1.1374146
1.1374146
1.1374146
1.1374146
1.1374146
1.1374146
1.1374146
1.1374146
1.1374146
)
;
    }
}


// ************************************************************************* //
