/*--------------------------------*- C++ -*----------------------------------*\
  =========                 |
  \\      /  F ield         | OpenFOAM: The Open Source CFD Toolbox
   \\    /   O peration     | Website:  https://openfoam.org
    \\  /    A nd           | Version:  10
     \\/     M anipulation  |
\*---------------------------------------------------------------------------*/
FoamFile
{
    format      ascii;
    class       volScalarField;
    location    "0.14";
    object      T;
}
// * * * * * * * * * * * * * * * * * * * * * * * * * * * * * * * * * * * * * //

dimensions      [0 0 0 1 0 0 0];

internalField   nonuniform List<scalar> 
4000
(
303.10132
299.34293
299.99042
300.00082
299.99993
300
300
300
300
300
300
300
300
300
300
300
300
300
300
300
300
300
300
300
300
300
300
300
300
300
300
300
300
300
300
300
300
300
300
300
309.66327
298.49304
299.77924
300.00184
300.0008
299.99999
300
300
300
300
300
300
300
300
300
300
300
300
300
300
300
300
300
300
300
300
300
300
300
300
300
300
300
300
300
300
300
300
300
300
316.00381
298.68459
299.39229
299.97571
300.00406
300.00025
299.99999
300
300
300
300
300
300
300
300
300
300
300
300
300
300
300
300
300
300
300
300
300
300
300
300
300
300
300
300
300
300
300
300
300
321.74146
299.84575
298.98496
299.89495
300.00716
300.00139
300
299.99999
300
300
300
300
300
300
300
300
300
300
300
300
300
300
300
300
300
300
300
300
300
300
300
300
300
300
300
300
300
300
300
300
326.66976
301.69994
298.71021
299.75323
300.00323
300.00379
300.00017
299.99998
300
300
300
300
300
300
300
300
300
300
300
300
300
300
300
300
300
300
300
300
300
300
300
300
300
300
300
300
300
300
300
300
330.68311
303.94684
298.66344
299.56851
299.98429
300.00696
300.00072
299.99997
299.99999
300
300
300
300
300
300
300
300
300
300
300
300
300
300
300
300
300
300
300
300
300
300
300
300
300
300
300
300
300
300
300
333.77178
306.32873
298.87087
299.37403
299.94524
300.00937
300.00181
300
299.99998
300
300
300
300
300
300
300
300
300
300
300
300
300
300
300
300
300
300
300
300
300
300
300
300
300
300
300
300
300
300
300
336.01857
308.66105
299.30737
299.20429
299.88593
300.0089
300.00345
300.00014
299.99997
300
300
300
300
300
300
300
300
300
300
300
300
300
300
300
300
300
300
300
300
300
300
300
300
300
300
300
300
300
300
300
337.57003
310.83298
299.92314
299.08519
299.81076
300.00353
300.00541
300.00046
299.99996
299.99999
300
300
300
300
300
300
300
300
300
300
300
300
300
300
300
300
300
300
300
300
300
300
300
300
300
300
300
300
300
300
338.59749
312.79175
300.66361
299.03116
299.72676
299.99196
300.00723
300.001
299.99996
299.99998
300
300
300
300
300
300
300
300
300
300
300
300
300
300
300
300
300
300
300
300
300
300
300
300
300
300
300
300
300
300
339.26362
314.52447
301.48011
299.04657
299.64166
299.97379
300.00839
300.00175
300.00001
299.99997
300
300
300
300
300
300
300
300
300
300
300
300
300
300
300
300
300
300
300
300
300
300
300
300
300
300
300
300
300
300
339.70167
316.04237
302.33422
299.12871
299.56247
299.94946
300.00833
300.00267
300.00012
299.99996
300
300
300
300
300
300
300
300
300
300
300
300
300
300
300
300
300
300
300
300
300
300
300
300
300
300
300
300
300
300
340.00819
317.36885
303.19826
299.27083
299.49477
299.92007
300.00661
300.00366
300.0003
299.99996
299.99999
300
300
300
300
300
300
300
300
300
300
300
300
300
300
300
300
300
300
300
300
300
300
300
300
300
300
300
300
300
340.24578
318.53134
304.05378
299.46449
299.44248
299.88708
300.00295
300.00459
300.00056
299.99996
299.99999
300
300
300
300
300
300
300
300
300
300
300
300
300
300
300
300
300
300
300
300
300
300
300
300
300
300
300
300
300
340.45086
319.55662
304.88937
299.70109
299.40804
299.85211
299.99721
300.00532
300.00089
299.99998
299.99998
300
300
300
300
300
300
300
300
300
300
300
300
300
300
300
300
300
300
300
300
300
300
300
300
300
300
300
300
300
340.64212
320.46843
305.69857
299.97264
299.39267
299.81673
299.98942
300.00571
300.00129
300.00003
299.99998
300
300
300
300
300
300
300
300
300
300
300
300
300
300
300
300
300
300
300
300
300
300
300
300
300
300
300
300
300
340.82758
321.28673
306.47822
300.27213
299.3967
299.78241
299.9797
300.00564
300.00172
300.00009
299.99997
300
300
300
300
300
300
300
300
300
300
300
300
300
300
300
300
300
300
300
300
300
300
300
300
300
300
300
300
300
341.00952
322.02761
307.22719
300.59358
299.4198
299.75044
299.96831
300.00501
300.00215
300.00019
299.99997
299.99999
300
300
300
300
300
300
300
300
300
300
300
300
300
300
300
300
300
300
300
300
300
300
300
300
300
300
300
300
341.18753
322.7038
307.94553
300.93199
299.46125
299.72189
299.95554
300.00376
300.00255
300.00031
299.99998
299.99999
300
300
300
300
300
300
300
300
300
300
300
300
300
300
300
300
300
300
300
300
300
300
300
300
300
300
300
300
341.36031
323.32515
308.63388
301.28319
299.52005
299.69765
299.94174
300.00183
300.00288
300.00045
299.99999
299.99999
300
300
300
300
300
300
300
300
300
300
300
300
300
300
300
300
300
300
300
300
300
300
300
300
300
300
300
300
341.52649
323.89927
309.29321
301.64368
299.59505
299.67843
299.92727
299.99922
300.0031
300.00061
300.00001
299.99999
300
300
300
300
300
300
300
300
300
300
300
300
300
300
300
300
300
300
300
300
300
300
300
300
300
300
300
300
341.68498
324.43206
309.92457
302.01055
299.68503
299.66476
299.91252
299.99593
300.00319
300.00078
300.00003
299.99999
300
300
300
300
300
300
300
300
300
300
300
300
300
300
300
300
300
300
300
300
300
300
300
300
300
300
300
300
341.83507
324.92807
310.52897
302.38131
299.78871
299.65703
299.89783
299.99201
300.00311
300.00096
300.00007
299.99999
300
300
300
300
300
300
300
300
300
300
300
300
300
300
300
300
300
300
300
300
300
300
300
300
300
300
300
300
341.97638
325.39089
311.10741
302.75387
299.90483
299.65549
299.88358
299.9875
300.00283
300.00113
300.00011
299.99999
300
300
300
300
300
300
300
300
300
300
300
300
300
300
300
300
300
300
300
300
300
300
300
300
300
300
300
300
342.1088
325.8234
311.66076
303.12643
300.03214
299.66029
299.87008
299.98248
300.00234
300.00128
300.00017
299.99999
299.99999
300
300
300
300
300
300
300
300
300
300
300
300
300
300
300
300
300
300
300
300
300
300
300
300
300
300
300
342.23239
326.22791
312.18985
303.4974
300.16944
299.67147
299.85764
299.97703
300.00163
300.00141
300.00023
300
299.99999
300
300
300
300
300
300
300
300
300
300
300
300
300
300
300
300
300
300
300
300
300
300
300
300
300
300
300
342.34731
326.60631
312.69538
303.86543
300.31554
299.689
299.84654
299.97125
300.00068
300.0015
300.00029
300.00001
299.99999
300
300
300
300
300
300
300
300
300
300
300
300
300
300
300
300
300
300
300
300
300
300
300
300
300
300
300
342.45374
326.96014
313.17801
304.2293
300.4693
299.71277
299.83703
299.96525
299.9995
300.00154
300.00035
300.00002
299.99999
300
300
300
300
300
300
300
300
300
300
300
300
300
300
300
300
300
300
300
300
300
300
300
300
300
300
300
342.55183
327.29065
313.63826
304.58794
300.62963
299.7426
299.8293
299.95913
299.99809
300.00152
300.00042
300.00003
299.99999
300
300
300
300
300
300
300
300
300
300
300
300
300
300
300
300
300
300
300
300
300
300
300
300
300
300
300
342.64173
327.59883
314.07659
304.94037
300.79547
299.77826
299.82355
299.95299
299.99647
300.00144
300.00048
300.00005
300
300
300
300
300
300
300
300
300
300
300
300
300
300
300
300
300
300
300
300
300
300
300
300
300
300
300
300
342.7235
327.8854
314.49335
305.2857
300.96581
299.8195
299.81993
299.94696
299.99465
300.0013
300.00054
300.00007
300
300
300
300
300
300
300
300
300
300
300
300
300
300
300
300
300
300
300
300
300
300
300
300
300
300
300
300
342.79716
328.15085
314.88877
305.62309
301.13966
299.86599
299.81853
299.94113
299.99265
300.00107
300.00059
300.00009
300
300
300
300
300
300
300
300
300
300
300
300
300
300
300
300
300
300
300
300
300
300
300
300
300
300
300
300
342.86265
328.39545
315.26299
305.95175
301.3161
299.9174
299.81946
299.93562
299.9905
300.00077
300.00063
300.00011
300
300
300
300
300
300
300
300
300
300
300
300
300
300
300
300
300
300
300
300
300
300
300
300
300
300
300
300
342.91991
328.61923
315.61598
306.27092
301.49418
299.97334
299.82276
299.93052
299.98824
300.00039
300.00065
300.00014
300.00001
300
300
300
300
300
300
300
300
300
300
300
300
300
300
300
300
300
300
300
300
300
300
300
300
300
300
300
342.96885
328.82202
315.94759
306.57982
301.67301
300.03343
299.82845
299.92593
299.98589
299.99994
300.00065
300.00016
300.00001
300
300
300
300
300
300
300
300
300
300
300
300
300
300
300
300
300
300
300
300
300
300
300
300
300
300
300
343.00939
329.00348
316.2575
306.87768
301.85172
300.09723
299.83654
299.92192
299.98349
299.9994
300.00064
300.00018
300.00002
300
300
300
300
300
300
300
300
300
300
300
300
300
300
300
300
300
300
300
300
300
300
300
300
300
300
300
343.04154
329.16312
316.54526
307.16372
302.02944
300.16431
299.84698
299.91859
299.98107
299.9988
300.0006
300.0002
300.00002
300
300
300
300
300
300
300
300
300
300
300
300
300
300
300
300
300
300
300
300
300
300
300
300
300
300
300
343.06536
329.30041
316.81026
307.4371
302.20529
300.23421
299.85973
299.91598
299.97868
299.99813
300.00054
300.00022
300.00003
300
300
300
300
300
300
300
300
300
300
300
300
300
300
300
300
300
300
300
300
300
300
300
300
300
300
300
343.08108
329.41485
317.05179
307.69696
302.37844
300.30645
299.87469
299.91417
299.97635
299.9974
300.00045
300.00023
300.00004
300
300
300
300
300
300
300
300
300
300
300
300
300
300
300
300
300
300
300
300
300
300
300
300
300
300
300
343.08912
329.5061
317.26905
307.9424
302.54803
300.38054
299.89177
299.91319
299.97412
299.99662
300.00034
300.00024
300.00005
300
300
300
300
300
300
300
300
300
300
300
300
300
300
300
300
300
300
300
300
300
300
300
300
300
300
300
343.09009
329.57416
317.46126
308.17251
302.71322
300.45598
299.91083
299.91307
299.97202
299.9958
300.0002
300.00024
300.00005
300
300
300
300
300
300
300
300
300
300
300
300
300
300
300
300
300
300
300
300
300
300
300
300
300
300
300
343.08482
329.6195
317.62776
308.38637
302.87316
300.53227
299.93174
299.91385
299.9701
299.99496
300.00004
300.00024
300.00006
300.00001
300
300
300
300
300
300
300
300
300
300
300
300
300
300
300
300
300
300
300
300
300
300
300
300
300
300
343.07439
329.64324
317.76809
308.58311
303.02705
300.60888
299.95431
299.91552
299.96837
299.9941
299.99985
300.00023
300.00007
300.00001
300
300
300
300
300
300
300
300
300
300
300
300
300
300
300
300
300
300
300
300
300
300
300
300
300
300
343.06
329.64726
317.8822
308.76197
303.17411
300.68533
299.97838
299.91808
299.96687
299.99324
299.99965
300.00022
300.00007
300.00001
300
300
300
300
300
300
300
300
300
300
300
300
300
300
300
300
300
300
300
300
300
300
300
300
300
300
343.04297
329.63419
317.97057
308.92237
303.31362
300.7611
300.00374
299.92152
299.96562
299.99239
299.99942
300.00019
300.00008
300.00001
300
300
300
300
300
300
300
300
300
300
300
300
300
300
300
300
300
300
300
300
300
300
300
300
300
300
343.02462
329.60737
318.03434
309.06397
303.44495
300.83573
300.0302
299.92581
299.96464
299.99155
299.99917
300.00016
300.00008
300.00001
300
300
300
300
300
300
300
300
300
300
300
300
300
300
300
300
300
300
300
300
300
300
300
300
300
300
343.00616
329.57065
318.07537
309.18677
303.56759
300.90876
300.05754
299.93091
299.96395
299.99075
299.99891
300.00012
300.00008
300.00002
300
300
300
300
300
300
300
300
300
300
300
300
300
300
300
300
300
300
300
300
300
300
300
300
300
300
342.98859
329.52804
318.09628
309.2912
303.68117
300.97979
300.08556
299.93678
299.96356
299.99
299.99864
300.00007
300.00008
300.00002
300
300
300
300
300
300
300
300
300
300
300
300
300
300
300
300
300
300
300
300
300
300
300
300
300
300
342.97264
329.48344
318.1003
309.3781
303.7855
301.04847
300.11404
299.94337
299.96347
299.9893
299.99837
300.00002
300.00008
300.00002
300
300
300
300
300
300
300
300
300
300
300
300
300
300
300
300
300
300
300
300
300
300
300
300
300
300
342.95873
329.4402
318.09118
309.44879
303.88059
301.11451
300.1428
299.9506
299.96368
299.98866
299.99808
299.99996
300.00007
300.00002
300
300
300
300
300
300
300
300
300
300
300
300
300
300
300
300
300
300
300
300
300
300
300
300
300
300
342.94692
329.40086
318.07285
309.50499
303.96668
301.1777
300.17164
299.95841
299.9642
299.98809
299.9978
299.99989
300.00007
300.00002
300
300
300
300
300
300
300
300
300
300
300
300
300
300
300
300
300
300
300
300
300
300
300
300
300
300
342.93704
329.36699
318.04922
309.5488
304.04419
301.2379
300.2004
299.96675
299.96501
299.98761
299.99752
299.99982
300.00006
300.00002
300
300
300
300
300
300
300
300
300
300
300
300
300
300
300
300
300
300
300
300
300
300
300
300
300
300
342.92867
329.33913
318.02383
309.58253
304.11375
301.29505
300.22894
299.97553
299.9661
299.9872
299.99725
299.99974
300.00005
300.00002
300
300
300
300
300
300
300
300
300
300
300
300
300
300
300
300
300
300
300
300
300
300
300
300
300
300
342.92128
329.31687
317.99959
309.60858
304.17617
301.34919
300.25713
299.9847
299.96747
299.98688
299.99699
299.99966
300.00003
300.00002
300.00001
300
300
300
300
300
300
300
300
300
300
300
300
300
300
300
300
300
300
300
300
300
300
300
300
300
342.91427
329.29908
317.9786
309.62928
304.23236
301.40042
300.28487
299.99418
299.96908
299.98664
299.99674
299.99958
300.00002
300.00002
300.00001
300
300
300
300
300
300
300
300
300
300
300
300
300
300
300
300
300
300
300
300
300
300
300
300
300
342.90709
329.2841
317.96197
309.6467
304.28326
301.44889
300.3121
300.0039
299.97093
299.98649
299.9965
299.99949
300
300.00002
300.00001
300
300
300
300
300
300
300
300
300
300
300
300
300
300
300
300
300
300
300
300
300
300
300
300
300
342.89929
329.27003
317.94986
309.6625
304.32982
301.49481
300.33875
300.01381
299.97298
299.98642
299.99628
299.99941
299.99998
300.00002
300.00001
300
300
300
300
300
300
300
300
300
300
300
300
300
300
300
300
300
300
300
300
300
300
300
300
300
342.89051
329.25499
317.94146
309.67783
304.37284
301.53837
300.3648
300.02386
299.97522
299.98644
299.99607
299.99932
299.99996
300.00002
300.00001
300
300
300
300
300
300
300
300
300
300
300
300
300
300
300
300
300
300
300
300
300
300
300
300
300
342.88059
329.23729
317.93518
309.69327
304.413
301.57976
300.39021
300.03401
299.97765
299.98654
299.99589
299.99923
299.99994
300.00001
300.00001
300
300
300
300
300
300
300
300
300
300
300
300
300
300
300
300
300
300
300
300
300
300
300
300
300
342.8695
329.21565
317.92886
309.70884
304.45076
301.61911
300.41497
300.04425
299.98026
299.98673
299.99573
299.99915
299.99992
300.00001
300.00001
300
300
300
300
300
300
300
300
300
300
300
300
300
300
300
300
300
300
300
300
300
300
300
300
300
342.85736
329.18923
317.92005
309.72404
304.48645
301.65656
300.43907
300.05454
299.98305
299.98702
299.9956
299.99907
299.9999
300.00001
300.00001
300
300
300
300
300
300
300
300
300
300
300
300
300
300
300
300
300
300
300
300
300
300
300
300
300
342.84441
329.15776
317.90625
309.73797
304.52025
301.69223
300.46248
300.06486
299.98602
299.98742
299.9955
299.99899
299.99987
300
300.00001
300
300
300
300
300
300
300
300
300
300
300
300
300
300
300
300
300
300
300
300
300
300
300
300
300
342.83096
329.12146
317.88525
309.74933
304.55227
301.72631
300.48521
300.07518
299.98915
299.98791
299.99543
299.99892
299.99985
300
300.00001
300
300
300
300
300
300
300
300
300
300
300
300
300
300
300
300
300
300
300
300
300
300
300
300
300
342.81738
329.08103
317.85536
309.75653
304.58247
301.75903
300.50731
300.08543
299.99237
299.98847
299.99539
299.99885
299.99982
299.99999
300
300
300
300
300
300
300
300
300
300
300
300
300
300
300
300
300
300
300
300
300
300
300
300
300
300
342.80403
329.03754
317.81559
309.75769
304.61057
301.79068
300.52888
300.09556
299.99561
299.98905
299.99535
299.99879
299.9998
299.99999
300
300
300
300
300
300
300
300
300
300
300
300
300
300
300
300
300
300
300
300
300
300
300
300
300
300
342.79125
328.99226
317.76578
309.75079
304.6359
301.82147
300.55007
300.10551
299.99878
299.98959
299.9953
299.99871
299.99977
299.99998
300
300
300
300
300
300
300
300
300
300
300
300
300
300
300
300
300
300
300
300
300
300
300
300
300
300
342.77932
328.94659
317.70661
309.73379
304.65725
301.85137
300.57102
300.11526
300.00178
299.99004
299.9952
299.99863
299.99974
299.99998
300
300
300
300
300
300
300
300
300
300
300
300
300
300
300
300
300
300
300
300
300
300
300
300
300
300
342.76843
328.90186
317.63961
309.70495
304.67281
301.87993
300.5918
300.12486
300.00458
299.99035
299.99505
299.99853
299.99971
299.99997
300
300
300
300
300
300
300
300
300
300
300
300
300
300
300
300
300
300
300
300
300
300
300
300
300
300
342.75873
328.85929
317.56693
309.66316
304.68031
301.90612
300.61229
300.13439
300.00723
299.99053
299.99483
299.99841
299.99968
299.99997
300
300
300
300
300
300
300
300
300
300
300
300
300
300
300
300
300
300
300
300
300
300
300
300
300
300
342.75027
328.81987
317.4912
309.60829
304.67737
301.92838
300.63211
300.14393
300.00984
299.99064
299.99456
299.99827
299.99964
299.99996
300
300
300
300
300
300
300
300
300
300
300
300
300
300
300
300
300
300
300
300
300
300
300
300
300
300
342.74305
328.78432
317.41524
309.54144
304.66202
301.94473
300.65054
300.15353
300.01263
299.9908
299.9943
299.99813
299.9996
299.99996
300
300
300
300
300
300
300
300
300
300
300
300
300
300
300
300
300
300
300
300
300
300
300
300
300
300
342.737
328.75311
317.34178
309.46497
304.63323
301.95325
300.66663
300.16311
300.01579
299.99118
299.99411
299.998
299.99957
299.99995
300
300
300
300
300
300
300
300
300
300
300
300
300
300
300
300
300
300
300
300
300
300
300
300
300
300
342.73205
328.72641
317.27327
309.38231
304.59135
301.95246
300.6793
300.17246
300.01949
299.99194
299.99407
299.99791
299.99953
299.99995
300
300
300
300
300
300
300
300
300
300
300
300
300
300
300
300
300
300
300
300
300
300
300
300
300
300
342.72808
328.70419
317.21159
309.2975
304.53817
301.94175
300.68762
300.18122
300.02377
299.99322
299.99426
299.99789
299.99951
299.99994
300
300
300
300
300
300
300
300
300
300
300
300
300
300
300
300
300
300
300
300
300
300
300
300
300
300
342.72498
328.68622
317.158
309.21466
304.47681
301.92164
300.69102
300.18895
300.02852
299.99504
299.99473
299.99796
299.99951
299.99994
300
300
300
300
300
300
300
300
300
300
300
300
300
300
300
300
300
300
300
300
300
300
300
300
300
300
342.72263
328.67211
317.11308
309.13748
304.41116
301.8937
300.68947
300.19526
300.03352
299.99735
299.99546
299.99812
299.99953
299.99994
300
300
300
300
300
300
300
300
300
300
300
300
300
300
300
300
300
300
300
300
300
300
300
300
300
300
342.7209
328.66139
317.07677
309.06876
304.34532
301.86034
300.68345
300.19985
300.03845
299.99997
299.99641
299.99836
299.99957
299.99994
300
300
300
300
300
300
300
300
300
300
300
300
300
300
300
300
300
300
300
300
300
300
300
300
300
300
342.71969
328.65356
317.0485
309.01021
304.28298
301.8243
300.67393
300.20264
300.04297
300.0027
299.9975
299.99867
299.99962
299.99994
300
300
300
300
300
300
300
300
300
300
300
300
300
300
300
300
300
300
300
300
300
300
300
300
300
300
342.7189
328.64807
317.02732
308.96243
304.22694
301.78826
300.6621
300.20371
300.04683
300.00532
299.99862
299.999
299.99969
299.99995
300
300
300
300
300
300
300
300
300
300
300
300
300
300
300
300
300
300
300
300
300
300
300
300
300
300
342.71843
328.64444
317.01208
308.92503
304.17895
301.75443
300.64921
300.20332
300.04986
300.00765
299.99968
299.99934
299.99977
299.99995
300
300
300
300
300
300
300
300
300
300
300
300
300
300
300
300
300
300
300
300
300
300
300
300
300
300
342.7182
328.64221
317.00158
308.89693
304.13967
301.72438
300.63636
300.20184
300.05202
300.00956
300.00061
299.99965
299.99984
299.99996
300
300
300
300
300
300
300
300
300
300
300
300
300
300
300
300
300
300
300
300
300
300
300
300
300
300
342.71815
328.641
316.99467
308.87663
304.10883
301.69892
300.62438
300.19964
300.05338
300.01103
300.00137
299.99992
299.9999
299.99997
300
300
300
300
300
300
300
300
300
300
300
300
300
300
300
300
300
300
300
300
300
300
300
300
300
300
342.71823
328.64051
316.99035
308.86247
304.08552
301.67825
300.61379
300.1971
300.05407
300.01207
300.00195
300.00013
299.99996
299.99998
300
300
300
300
300
300
300
300
300
300
300
300
300
300
300
300
300
300
300
300
300
300
300
300
300
300
342.71838
328.64048
316.9878
308.85289
304.06847
301.66209
300.60486
300.1945
300.05427
300.01274
300.00237
300.0003
300.00001
299.99999
300
300
300
300
300
300
300
300
300
300
300
300
300
300
300
300
300
300
300
300
300
300
300
300
300
300
342.71859
328.64074
316.9864
308.84654
304.05632
301.64982
300.5976
300.19206
300.05415
300.01313
300.00265
300.00041
300.00004
300
300
300
300
300
300
300
300
300
300
300
300
300
300
300
300
300
300
300
300
300
300
300
300
300
300
300
342.71883
328.64117
316.98571
308.84234
304.04779
301.64074
300.59188
300.18991
300.05385
300.01333
300.00282
300.00049
300.00006
300
300
300
300
300
300
300
300
300
300
300
300
300
300
300
300
300
300
300
300
300
300
300
300
300
300
300
342.71909
328.6417
316.98544
308.83952
304.0418
301.63409
300.58748
300.18809
300.05347
300.0134
300.00292
300.00054
300.00008
300.00001
300
300
300
300
300
300
300
300
300
300
300
300
300
300
300
300
300
300
300
300
300
300
300
300
300
300
342.71936
328.64227
316.9854
308.83755
304.03751
301.62922
300.58413
300.18662
300.05309
300.01339
300.00297
300.00057
300.00009
300.00001
300
300
300
300
300
300
300
300
300
300
300
300
300
300
300
300
300
300
300
300
300
300
300
300
300
300
342.71964
328.64287
316.9855
308.8361
304.03434
301.62562
300.5816
300.18544
300.05275
300.01336
300.003
300.00059
300.0001
300.00001
300
300
300
300
300
300
300
300
300
300
300
300
300
300
300
300
300
300
300
300
300
300
300
300
300
300
342.71992
328.6435
316.9857
308.83498
304.03189
301.62288
300.57966
300.18452
300.05246
300.01331
300.00301
300.0006
300.00011
300.00002
300
300
300
300
300
300
300
300
300
300
300
300
300
300
300
300
300
300
300
300
300
300
300
300
300
300
342.72022
328.64415
316.98599
308.83411
304.02993
301.62073
300.57816
300.1838
300.05222
300.01327
300.00301
300.00061
300.00011
300.00002
300
300
300
300
300
300
300
300
300
300
300
300
300
300
300
300
300
300
300
300
300
300
300
300
300
300
342.72054
328.64484
316.98635
308.83344
304.02832
301.619
300.57697
300.18324
300.05203
300.01323
300.00302
300.00061
300.00011
300.00002
300
300
300
300
300
300
300
300
300
300
300
300
300
300
300
300
300
300
300
300
300
300
300
300
300
300
342.72087
328.64558
316.98681
308.83295
304.02699
301.61758
300.576
300.18278
300.05188
300.0132
300.00302
300.00062
300.00011
300.00002
300
300
300
300
300
300
300
300
300
300
300
300
300
300
300
300
300
300
300
300
300
300
300
300
300
300
342.72124
328.64638
316.98738
308.83265
304.02591
301.61639
300.57521
300.18241
300.05176
300.01318
300.00302
300.00062
300.00011
300.00002
300
300
300
300
300
300
300
300
300
300
300
300
300
300
300
300
300
300
300
300
300
300
300
300
300
300
342.72165
328.64727
316.98807
308.83252
304.02505
301.61541
300.57455
300.18211
300.05167
300.01316
300.00302
300.00062
300.00012
300.00002
300
300
300
300
300
300
300
300
300
300
300
300
300
300
300
300
300
300
300
300
300
300
300
300
300
300
342.72211
328.64827
316.98889
308.83257
304.02439
301.6146
300.574
300.18186
300.05159
300.01315
300.00302
300.00062
300.00012
300.00002
300
300
300
300
300
300
300
300
300
300
300
300
300
300
300
300
300
300
300
300
300
300
300
300
300
300
342.72266
328.64941
316.98987
308.8328
304.02393
301.61395
300.57355
300.18165
300.05152
300.01314
300.00302
300.00063
300.00012
300.00002
300
300
300
300
300
300
300
300
300
300
300
300
300
300
300
300
300
300
300
300
300
300
300
300
300
300
342.72334
328.65079
316.99108
308.83325
304.02365
301.61345
300.57317
300.18148
300.05147
300.01313
300.00302
300.00063
300.00012
300.00002
300
300
300
300
300
300
300
300
300
300
300
300
300
300
300
300
300
300
300
300
300
300
300
300
300
300
342.72419
328.65222
316.99228
308.83375
304.02351
301.61307
300.57289
300.18134
300.05143
300.01312
300.00302
300.00063
300.00012
300.00002
300
300
300
300
300
300
300
300
300
300
300
300
300
300
300
300
300
300
300
300
300
300
300
300
300
300
342.72608
328.6557
316.99511
308.83517
304.0237
301.61274
300.57257
300.18118
300.05138
300.01311
300.00302
300.00063
300.00012
300.00002
300
300
300
300
300
300
300
300
300
300
300
300
300
300
300
300
300
300
300
300
300
300
300
300
300
300
)
;

boundaryField
{
    wall
    {
        type            fixedValue;
        value           uniform 350;
    }
    sides
    {
        type            zeroGradient;
    }
    frontAndBack
    {
        type            empty;
    }
    inlet
    {
        type            fixedValue;
        value           uniform 300;
    }
    outlet
    {
        type            zeroGradient;
    }
}


// ************************************************************************* //
