/*--------------------------------*- C++ -*----------------------------------*\
  =========                 |
  \\      /  F ield         | OpenFOAM: The Open Source CFD Toolbox
   \\    /   O peration     | Website:  https://openfoam.org
    \\  /    A nd           | Version:  10
     \\/     M anipulation  |
\*---------------------------------------------------------------------------*/
FoamFile
{
    format      ascii;
    class       volScalarField;
    location    "0.02";
    object      T_0;
}
// * * * * * * * * * * * * * * * * * * * * * * * * * * * * * * * * * * * * * //

dimensions      [0 0 0 1 0 0 0];

internalField   nonuniform List<scalar> 
4000
(
303.08216
299.35946
299.9903
300.00076
299.99994
300
300
300
300
300
300
300
300
300
300
300
300
300
300
300
300
300
300
300
300
300
300
300
300
300
300
300
300
300
300
300
300
300
300
300.00001
309.56201
298.53156
299.79062
300.00148
300.00071
299.99999
300
300
300
300
300
300
300
300
300
300
300
300
300
300
300
300
300
300
300
300
300
300
300
300
300
300
300
300
300
300
300
299.99999
299.99999
300.00001
315.73353
298.70169
299.43458
299.97847
300.00344
300.0002
299.99999
299.99999
299.99999
299.99999
299.99999
299.99999
299.99999
299.99999
299.99999
300
300
300
300
300
300
300
300
300
300
299.99999
299.99999
299.99999
299.99999
299.99999
299.99999
299.99999
299.99999
299.99999
299.99999
299.99999
299.99999
299.99999
299.99999
300.00002
321.19677
299.76033
299.073
299.91114
300.00591
300.00105
300
299.99999
299.99999
299.99999
299.99999
299.99999
300
300
300
300
300
300
300
300
300
300
300
300
300
300
300
299.99999
299.99999
299.99999
299.99999
299.99999
299.99999
299.99999
299.99999
299.99999
299.99999
299.99998
299.99999
300.00003
325.67399
301.38459
298.84066
299.80008
300.00297
300.0027
300.00011
299.99998
300
300
300
300
300
300
300
300
300
300
300
300
300
300
300
300
300
300
300
300
300
300
300
300
300
299.99999
299.99999
299.99999
299.99999
299.99998
299.99999
300.00003
328.77035
303.15837
298.79818
299.66748
299.99049
300.00474
300.00044
299.99997
299.99999
299.99999
299.99999
299.99999
299.99999
299.99999
299.99999
299.99999
299.99999
299.99999
299.99999
299.99999
299.99999
299.99999
299.99999
299.99999
299.99999
299.99999
299.99999
299.99999
299.99999
299.99999
299.99999
299.99999
299.99999
299.99999
299.99999
299.99999
299.99998
299.99998
299.99999
300.00001
330.15489
304.64742
298.92167
299.54759
299.96905
300.00638
300.001
299.99996
299.99996
299.99997
299.99997
299.99997
299.99997
299.99997
299.99997
299.99997
299.99997
299.99997
299.99997
299.99997
299.99997
299.99997
299.99997
299.99997
299.99997
299.99997
299.99997
299.99997
299.99997
299.99997
299.99997
299.99997
299.99997
299.99997
299.99997
299.99996
299.99996
299.99996
299.99997
299.99997
330.02152
305.56989
299.14057
299.473
299.94468
300.00687
300.00168
299.99996
299.9999
299.99992
299.99992
299.99992
299.99992
299.99993
299.99993
299.99993
299.99993
299.99993
299.99993
299.99993
299.99993
299.99993
299.99993
299.99993
299.99993
299.99993
299.99993
299.99993
299.99993
299.99993
299.99993
299.99993
299.99993
299.99993
299.99992
299.99992
299.99992
299.99993
299.99994
299.99997
329.0998
305.90975
299.39097
299.46298
299.92603
300.00593
300.00225
299.99999
299.99986
299.99988
299.99989
299.99989
299.99989
299.99989
299.99989
299.99989
299.99989
299.99989
299.99989
299.99989
299.99989
299.99989
299.99989
299.99989
299.99989
299.99989
299.99989
299.99989
299.99989
299.99989
299.99989
299.99989
299.99989
299.99989
299.99989
299.99989
299.99989
299.99989
299.99992
300.00001
328.14233
305.85482
299.6391
299.51663
299.91955
300.00396
300.00244
300.00005
299.99985
299.99988
299.99988
299.99988
299.99988
299.99989
299.99989
299.99989
299.99989
299.99989
299.99989
299.99989
299.99989
299.99989
299.99989
299.99989
299.99989
299.99989
299.99989
299.99989
299.99989
299.99989
299.99989
299.99989
299.99989
299.99989
299.99989
299.99988
299.99988
299.99989
299.99993
300.00007
327.52541
305.63963
299.86928
299.61346
299.92597
300.00178
300.0022
300.00011
299.99989
299.99991
299.99992
299.99992
299.99992
299.99992
299.99992
299.99992
299.99992
299.99992
299.99992
299.99992
299.99992
299.99992
299.99993
299.99993
299.99993
299.99993
299.99993
299.99993
299.99993
299.99993
299.99992
299.99992
299.99992
299.99992
299.99992
299.99992
299.99991
299.99992
299.99997
300.00011
327.25904
305.42746
300.06655
299.7231
299.94067
300.00011
300.00167
300.00015
299.99995
299.99996
299.99997
299.99997
299.99997
299.99997
299.99997
299.99997
299.99997
299.99997
299.99998
299.99998
299.99998
299.99998
299.99998
299.99998
299.99998
299.99998
299.99998
299.99998
299.99998
299.99998
299.99998
299.99997
299.99997
299.99997
299.99997
299.99997
299.99996
299.99997
300.00002
300.00013
327.19727
305.28232
300.21596
299.81922
299.95728
299.99922
300.0011
300.00016
300.00001
300.00001
300.00002
300.00002
300.00002
300.00002
300.00002
300.00002
300.00002
300.00002
300.00002
300.00002
300.00002
300.00002
300.00002
300.00002
300.00002
300.00002
300.00002
300.00002
300.00002
300.00002
300.00002
300.00002
300.00002
300.00002
300.00002
300.00001
300.00001
300.00002
300.00006
300.00013
327.20562
305.20171
300.31233
299.88865
299.97115
299.99898
300.00065
300.00014
300.00004
300.00004
300.00004
300.00004
300.00004
300.00004
300.00004
300.00004
300.00004
300.00004
300.00004
300.00004
300.00004
300.00004
300.00004
300.00004
300.00004
300.00004
300.00004
300.00004
300.00004
300.00004
300.00004
300.00004
300.00004
300.00004
300.00004
300.00004
300.00004
300.00005
300.00008
300.00012
327.2165
305.16047
300.364
299.9313
299.98064
299.99907
300.00036
300.00011
300.00005
300.00005
300.00005
300.00005
300.00005
300.00005
300.00005
300.00005
300.00005
300.00005
300.00005
300.00005
300.00005
300.00005
300.00005
300.00005
300.00005
300.00005
300.00005
300.00005
300.00005
300.00005
300.00005
300.00005
300.00005
300.00005
300.00005
300.00005
300.00005
300.00006
300.00009
300.00012
327.21372
305.13706
300.38684
299.95433
299.98625
299.99925
300.00021
300.00008
300.00005
300.00005
300.00005
300.00005
300.00005
300.00005
300.00005
300.00005
300.00005
300.00005
300.00005
300.00005
300.00005
300.00005
300.00005
300.00005
300.00005
300.00005
300.00005
300.00005
300.00005
300.00005
300.00005
300.00005
300.00005
300.00005
300.00005
300.00005
300.00005
300.00006
300.00008
300.00012
327.20196
305.12017
300.39566
299.96599
299.98927
299.9994
300.00014
300.00006
300.00005
300.00005
300.00005
300.00005
300.00005
300.00005
300.00005
300.00005
300.00005
300.00005
300.00004
300.00004
300.00004
300.00004
300.00005
300.00005
300.00005
300.00005
300.00005
300.00005
300.00005
300.00005
300.00005
300.00005
300.00005
300.00005
300.00005
300.00005
300.00005
300.00005
300.00008
300.00012
327.18808
305.1059
300.39973
299.97229
299.9909
299.9995
300.00011
300.00005
300.00004
300.00004
300.00004
300.00004
300.00004
300.00004
300.00004
300.00004
300.00004
300.00004
300.00004
300.00004
300.00004
300.00004
300.00004
300.00004
300.00004
300.00004
300.00004
300.00004
300.00004
300.00004
300.00004
300.00004
300.00004
300.00004
300.00004
300.00004
300.00004
300.00005
300.00007
300.00012
327.17564
305.09351
300.40299
299.97643
299.99188
299.99955
300.00009
300.00005
300.00004
300.00004
300.00004
300.00004
300.00004
300.00004
300.00004
300.00004
300.00004
300.00004
300.00004
300.00004
300.00004
300.00004
300.00004
300.00004
300.00004
300.00004
300.00004
300.00004
300.00004
300.00004
300.00004
300.00004
300.00004
300.00004
300.00004
300.00004
300.00004
300.00005
300.00007
300.00012
327.16546
305.08301
300.40629
299.97971
299.99258
299.99958
300.00008
300.00005
300.00004
300.00004
300.00004
300.00004
300.00004
300.00004
300.00004
300.00004
300.00004
300.00004
300.00004
300.00004
300.00004
300.00004
300.00004
300.00004
300.00004
300.00004
300.00004
300.00004
300.00004
300.00004
300.00004
300.00004
300.00004
300.00004
300.00004
300.00004
300.00004
300.00005
300.00007
300.00012
327.15724
305.07432
300.40941
299.98247
299.99313
299.9996
300.00007
300.00005
300.00004
300.00004
300.00004
300.00004
300.00004
300.00004
300.00004
300.00004
300.00004
300.00004
300.00004
300.00004
300.00004
300.00004
300.00004
300.00004
300.00004
300.00004
300.00004
300.00004
300.00004
300.00004
300.00004
300.00004
300.00004
300.00004
300.00004
300.00004
300.00004
300.00005
300.00007
300.00012
327.15051
305.06718
300.41208
299.98478
299.99359
299.99961
300.00006
300.00004
300.00004
300.00004
300.00004
300.00004
300.00004
300.00004
300.00004
300.00004
300.00004
300.00004
300.00004
300.00004
300.00004
300.00004
300.00004
300.00004
300.00004
300.00004
300.00004
300.00004
300.00004
300.00004
300.00004
300.00004
300.00004
300.00004
300.00004
300.00004
300.00004
300.00005
300.00007
300.00012
327.14492
305.06131
300.41425
299.98666
299.99396
299.99963
300.00006
300.00004
300.00004
300.00004
300.00004
300.00004
300.00004
300.00004
300.00004
300.00004
300.00004
300.00004
300.00004
300.00004
300.00004
300.00004
300.00004
300.00004
300.00004
300.00004
300.00004
300.00004
300.00004
300.00004
300.00004
300.00004
300.00004
300.00004
300.00004
300.00004
300.00004
300.00005
300.00007
300.00011
327.14021
305.05645
300.41599
299.98818
299.99426
299.99964
300.00005
300.00004
300.00004
300.00004
300.00004
300.00004
300.00004
300.00004
300.00004
300.00004
300.00004
300.00004
300.00004
300.00004
300.00004
300.00004
300.00004
300.00004
300.00004
300.00004
300.00004
300.00004
300.00004
300.00004
300.00004
300.00004
300.00004
300.00004
300.00004
300.00004
300.00004
300.00005
300.00007
300.00011
327.13623
305.0524
300.41739
299.98941
299.9945
299.99965
300.00005
300.00004
300.00004
300.00004
300.00004
300.00004
300.00004
300.00004
300.00004
300.00004
300.00004
300.00004
300.00004
300.00004
300.00004
300.00004
300.00004
300.00004
300.00004
300.00004
300.00004
300.00004
300.00004
300.00004
300.00004
300.00004
300.00004
300.00004
300.00004
300.00004
300.00004
300.00004
300.00007
300.00011
327.13285
305.049
300.41854
299.99043
299.9947
299.99965
300.00005
300.00004
300.00004
300.00004
300.00004
300.00004
300.00004
300.00004
300.00004
300.00004
300.00004
300.00004
300.00004
300.00004
300.00004
300.00004
300.00004
300.00004
300.00004
300.00004
300.00004
300.00004
300.00004
300.00004
300.00004
300.00004
300.00004
300.00004
300.00004
300.00004
300.00004
300.00004
300.00007
300.00011
327.12998
305.04613
300.4195
299.99126
299.99486
299.99966
300.00005
300.00004
300.00004
300.00004
300.00004
300.00004
300.00004
300.00004
300.00004
300.00004
300.00004
300.00004
300.00004
300.00004
300.00004
300.00004
300.00004
300.00004
300.00004
300.00004
300.00004
300.00004
300.00004
300.00004
300.00004
300.00004
300.00004
300.00004
300.00004
300.00004
300.00004
300.00004
300.00007
300.00011
327.12752
305.0437
300.4203
299.99197
299.995
299.99966
300.00004
300.00004
300.00003
300.00003
300.00003
300.00003
300.00004
300.00004
300.00004
300.00004
300.00004
300.00004
300.00004
300.00004
300.00004
300.00004
300.00004
300.00004
300.00004
300.00004
300.00004
300.00004
300.00004
300.00004
300.00004
300.00004
300.00004
300.00004
300.00004
300.00004
300.00004
300.00004
300.00007
300.00011
327.12542
305.04163
300.42098
299.99255
299.99511
299.99967
300.00004
300.00004
300.00003
300.00003
300.00003
300.00003
300.00003
300.00003
300.00003
300.00003
300.00003
300.00003
300.00003
300.00003
300.00003
300.00003
300.00003
300.00003
300.00003
300.00003
300.00004
300.00004
300.00004
300.00004
300.00004
300.00004
300.00004
300.00004
300.00004
300.00004
300.00004
300.00004
300.00007
300.00011
327.12362
305.03986
300.42155
299.99305
299.99521
299.99967
300.00004
300.00004
300.00003
300.00003
300.00003
300.00003
300.00003
300.00003
300.00003
300.00003
300.00003
300.00003
300.00003
300.00003
300.00003
300.00003
300.00003
300.00003
300.00003
300.00003
300.00003
300.00003
300.00003
300.00003
300.00003
300.00003
300.00003
300.00003
300.00003
300.00003
300.00004
300.00004
300.00007
300.00011
327.12207
305.03835
300.42204
299.99347
299.99529
299.99967
300.00004
300.00004
300.00003
300.00003
300.00003
300.00003
300.00003
300.00003
300.00003
300.00003
300.00003
300.00003
300.00003
300.00003
300.00003
300.00003
300.00003
300.00003
300.00003
300.00003
300.00003
300.00003
300.00003
300.00003
300.00003
300.00003
300.00003
300.00003
300.00003
300.00003
300.00004
300.00004
300.00007
300.00011
327.12073
305.03706
300.42246
299.99383
299.99536
299.99968
300.00004
300.00003
300.00003
300.00003
300.00003
300.00003
300.00003
300.00003
300.00003
300.00003
300.00003
300.00003
300.00003
300.00003
300.00003
300.00003
300.00003
300.00003
300.00003
300.00003
300.00003
300.00003
300.00003
300.00003
300.00003
300.00003
300.00003
300.00003
300.00003
300.00003
300.00003
300.00004
300.00007
300.00011
327.11957
305.03594
300.42281
299.99414
299.99542
299.99968
300.00004
300.00003
300.00003
300.00003
300.00003
300.00003
300.00003
300.00003
300.00003
300.00003
300.00003
300.00003
300.00003
300.00003
300.00003
300.00003
300.00003
300.00003
300.00003
300.00003
300.00003
300.00003
300.00003
300.00003
300.00003
300.00003
300.00003
300.00003
300.00003
300.00003
300.00003
300.00004
300.00007
300.00011
327.11857
305.03498
300.42312
299.9944
299.99547
299.99968
300.00004
300.00003
300.00003
300.00003
300.00003
300.00003
300.00003
300.00003
300.00003
300.00003
300.00003
300.00003
300.00003
300.00003
300.00003
300.00003
300.00003
300.00003
300.00003
300.00003
300.00003
300.00003
300.00003
300.00003
300.00003
300.00003
300.00003
300.00003
300.00003
300.00003
300.00003
300.00004
300.00007
300.00011
327.1177
305.03415
300.42338
299.99463
299.99551
299.99968
300.00003
300.00003
300.00003
300.00003
300.00003
300.00003
300.00003
300.00003
300.00003
300.00003
300.00003
300.00003
300.00003
300.00003
300.00003
300.00003
300.00003
300.00003
300.00003
300.00003
300.00003
300.00003
300.00003
300.00003
300.00003
300.00003
300.00003
300.00003
300.00003
300.00003
300.00003
300.00004
300.00007
300.00011
327.11694
305.03343
300.42361
299.99482
299.99555
299.99968
300.00003
300.00003
300.00003
300.00003
300.00003
300.00003
300.00003
300.00003
300.00003
300.00003
300.00003
300.00003
300.00003
300.00003
300.00003
300.00003
300.00003
300.00003
300.00003
300.00003
300.00003
300.00003
300.00003
300.00003
300.00003
300.00003
300.00003
300.00003
300.00003
300.00003
300.00003
300.00004
300.00006
300.00011
327.11627
305.0328
300.4238
299.99499
299.99558
299.99968
300.00003
300.00003
300.00003
300.00003
300.00003
300.00003
300.00003
300.00003
300.00003
300.00003
300.00003
300.00003
300.00003
300.00003
300.00003
300.00003
300.00003
300.00003
300.00003
300.00003
300.00003
300.00003
300.00003
300.00003
300.00003
300.00003
300.00003
300.00003
300.00003
300.00003
300.00003
300.00004
300.00006
300.00011
327.11569
305.03226
300.42398
299.99514
299.99561
299.99968
300.00003
300.00003
300.00003
300.00003
300.00003
300.00003
300.00003
300.00003
300.00003
300.00003
300.00003
300.00003
300.00003
300.00003
300.00003
300.00003
300.00003
300.00003
300.00003
300.00003
300.00003
300.00003
300.00003
300.00003
300.00003
300.00003
300.00003
300.00003
300.00003
300.00003
300.00003
300.00004
300.00006
300.00011
327.11518
305.03178
300.42412
299.99526
299.99563
299.99968
300.00003
300.00003
300.00003
300.00003
300.00003
300.00003
300.00003
300.00003
300.00003
300.00003
300.00003
300.00003
300.00003
300.00003
300.00003
300.00003
300.00003
300.00003
300.00003
300.00003
300.00003
300.00003
300.00003
300.00003
300.00003
300.00003
300.00003
300.00003
300.00003
300.00003
300.00003
300.00004
300.00006
300.00011
327.11473
305.03137
300.42425
299.99537
299.99565
299.99969
300.00003
300.00003
300.00003
300.00003
300.00003
300.00003
300.00003
300.00003
300.00003
300.00003
300.00003
300.00003
300.00003
300.00003
300.00003
300.00003
300.00003
300.00003
300.00003
300.00003
300.00003
300.00003
300.00003
300.00003
300.00003
300.00003
300.00003
300.00003
300.00003
300.00003
300.00003
300.00004
300.00006
300.00011
327.11434
305.031
300.42437
299.99547
299.99567
299.99969
300.00003
300.00003
300.00003
300.00003
300.00003
300.00003
300.00003
300.00003
300.00003
300.00003
300.00003
300.00003
300.00003
300.00003
300.00003
300.00003
300.00003
300.00003
300.00003
300.00003
300.00003
300.00003
300.00003
300.00003
300.00003
300.00003
300.00003
300.00003
300.00003
300.00003
300.00003
300.00004
300.00006
300.00011
327.11399
305.03068
300.42447
299.99555
299.99568
299.99969
300.00003
300.00003
300.00003
300.00003
300.00003
300.00003
300.00003
300.00003
300.00003
300.00003
300.00003
300.00003
300.00003
300.00003
300.00003
300.00003
300.00003
300.00003
300.00003
300.00003
300.00003
300.00003
300.00003
300.00003
300.00003
300.00003
300.00003
300.00003
300.00003
300.00003
300.00003
300.00004
300.00006
300.00011
327.11368
305.0304
300.42456
299.99563
299.9957
299.99969
300.00003
300.00003
300.00003
300.00003
300.00003
300.00003
300.00003
300.00003
300.00003
300.00003
300.00003
300.00003
300.00003
300.00003
300.00003
300.00003
300.00003
300.00003
300.00003
300.00003
300.00003
300.00003
300.00003
300.00003
300.00003
300.00003
300.00003
300.00003
300.00003
300.00003
300.00003
300.00003
300.00006
300.0001
327.1134
305.03015
300.42464
299.99569
299.99571
299.99969
300.00003
300.00003
300.00003
300.00003
300.00003
300.00003
300.00003
300.00003
300.00003
300.00003
300.00003
300.00003
300.00003
300.00003
300.00003
300.00003
300.00003
300.00003
300.00003
300.00003
300.00003
300.00003
300.00003
300.00003
300.00003
300.00003
300.00003
300.00003
300.00003
300.00003
300.00003
300.00003
300.00006
300.0001
327.11315
305.02993
300.42471
299.99575
299.99572
299.99969
300.00003
300.00003
300.00003
300.00003
300.00003
300.00003
300.00003
300.00003
300.00003
300.00003
300.00003
300.00003
300.00003
300.00003
300.00003
300.00003
300.00003
300.00003
300.00003
300.00003
300.00003
300.00003
300.00003
300.00003
300.00003
300.00003
300.00003
300.00003
300.00003
300.00003
300.00003
300.00003
300.00006
300.0001
327.11293
305.02974
300.42477
299.9958
299.99573
299.99969
300.00003
300.00003
300.00002
300.00002
300.00002
300.00002
300.00002
300.00003
300.00003
300.00003
300.00003
300.00003
300.00003
300.00003
300.00003
300.00003
300.00003
300.00003
300.00003
300.00003
300.00003
300.00003
300.00003
300.00003
300.00003
300.00003
300.00003
300.00003
300.00003
300.00003
300.00003
300.00003
300.00006
300.0001
327.11273
305.02956
300.42483
299.99585
299.99574
299.99969
300.00003
300.00003
300.00002
300.00002
300.00002
300.00002
300.00002
300.00002
300.00002
300.00002
300.00002
300.00002
300.00002
300.00002
300.00002
300.00002
300.00002
300.00003
300.00003
300.00003
300.00003
300.00003
300.00003
300.00003
300.00003
300.00003
300.00003
300.00003
300.00003
300.00003
300.00003
300.00003
300.00006
300.0001
327.11254
305.02941
300.42488
299.99589
299.99574
299.99969
300.00002
300.00003
300.00002
300.00002
300.00002
300.00002
300.00002
300.00002
300.00002
300.00002
300.00002
300.00002
300.00002
300.00002
300.00002
300.00002
300.00002
300.00002
300.00002
300.00002
300.00002
300.00002
300.00002
300.00002
300.00002
300.00002
300.00002
300.00002
300.00002
300.00002
300.00003
300.00003
300.00006
300.0001
327.11238
305.02927
300.42492
299.99593
299.99575
299.99968
300.00002
300.00002
300.00002
300.00002
300.00002
300.00002
300.00002
300.00002
300.00002
300.00002
300.00002
300.00002
300.00002
300.00002
300.00002
300.00002
300.00002
300.00002
300.00002
300.00002
300.00002
300.00002
300.00002
300.00002
300.00002
300.00002
300.00002
300.00002
300.00002
300.00002
300.00003
300.00003
300.00006
300.0001
327.11223
305.02915
300.42497
299.99596
299.99576
299.99968
300.00002
300.00002
300.00002
300.00002
300.00002
300.00002
300.00002
300.00002
300.00002
300.00002
300.00002
300.00002
300.00002
300.00002
300.00002
300.00002
300.00002
300.00002
300.00002
300.00002
300.00002
300.00002
300.00002
300.00002
300.00002
300.00002
300.00002
300.00002
300.00002
300.00002
300.00002
300.00003
300.00006
300.0001
327.11209
305.02904
300.42501
299.99599
299.99576
299.99968
300.00002
300.00002
300.00002
300.00002
300.00002
300.00002
300.00002
300.00002
300.00002
300.00002
300.00002
300.00002
300.00002
300.00002
300.00002
300.00002
300.00002
300.00002
300.00002
300.00002
300.00002
300.00002
300.00002
300.00002
300.00002
300.00002
300.00002
300.00002
300.00002
300.00002
300.00002
300.00003
300.00006
300.0001
327.11196
305.02894
300.42504
299.99602
299.99577
299.99968
300.00002
300.00002
300.00002
300.00002
300.00002
300.00002
300.00002
300.00002
300.00002
300.00002
300.00002
300.00002
300.00002
300.00002
300.00002
300.00002
300.00002
300.00002
300.00002
300.00002
300.00002
300.00002
300.00002
300.00002
300.00002
300.00002
300.00002
300.00002
300.00002
300.00002
300.00002
300.00003
300.00006
300.0001
327.11183
305.02884
300.42508
299.99604
299.99577
299.99968
300.00002
300.00002
300.00002
300.00002
300.00002
300.00002
300.00002
300.00002
300.00002
300.00002
300.00002
300.00002
300.00002
300.00002
300.00002
300.00002
300.00002
300.00002
300.00002
300.00002
300.00002
300.00002
300.00002
300.00002
300.00002
300.00002
300.00002
300.00002
300.00002
300.00002
300.00002
300.00003
300.00006
300.0001
327.11172
305.02876
300.42511
299.99607
299.99577
299.99968
300.00002
300.00002
300.00002
300.00002
300.00002
300.00002
300.00002
300.00002
300.00002
300.00002
300.00002
300.00002
300.00002
300.00002
300.00002
300.00002
300.00002
300.00002
300.00002
300.00002
300.00002
300.00002
300.00002
300.00002
300.00002
300.00002
300.00002
300.00002
300.00002
300.00002
300.00002
300.00003
300.00006
300.0001
327.11161
305.02869
300.42514
299.99609
299.99578
299.99968
300.00002
300.00002
300.00002
300.00002
300.00002
300.00002
300.00002
300.00002
300.00002
300.00002
300.00002
300.00002
300.00002
300.00002
300.00002
300.00002
300.00002
300.00002
300.00002
300.00002
300.00002
300.00002
300.00002
300.00002
300.00002
300.00002
300.00002
300.00002
300.00002
300.00002
300.00002
300.00003
300.00006
300.0001
327.11151
305.02862
300.42517
299.99611
299.99578
299.99968
300.00002
300.00002
300.00002
300.00002
300.00002
300.00002
300.00002
300.00002
300.00002
300.00002
300.00002
300.00002
300.00002
300.00002
300.00002
300.00002
300.00002
300.00002
300.00002
300.00002
300.00002
300.00002
300.00002
300.00002
300.00002
300.00002
300.00002
300.00002
300.00002
300.00002
300.00002
300.00003
300.00005
300.0001
327.1114
305.02856
300.4252
299.99613
299.99578
299.99968
300.00002
300.00002
300.00002
300.00002
300.00002
300.00002
300.00002
300.00002
300.00002
300.00002
300.00002
300.00002
300.00002
300.00002
300.00002
300.00002
300.00002
300.00002
300.00002
300.00002
300.00002
300.00002
300.00002
300.00002
300.00002
300.00002
300.00002
300.00002
300.00002
300.00002
300.00002
300.00003
300.00005
300.0001
327.11131
305.0285
300.42523
299.99615
299.99579
299.99968
300.00002
300.00002
300.00002
300.00002
300.00002
300.00002
300.00002
300.00002
300.00002
300.00002
300.00002
300.00002
300.00002
300.00002
300.00002
300.00002
300.00002
300.00002
300.00002
300.00002
300.00002
300.00002
300.00002
300.00002
300.00002
300.00002
300.00002
300.00002
300.00002
300.00002
300.00002
300.00003
300.00005
300.0001
327.11121
305.02844
300.42526
299.99617
299.99579
299.99968
300.00002
300.00002
300.00002
300.00002
300.00002
300.00002
300.00002
300.00002
300.00002
300.00002
300.00002
300.00002
300.00002
300.00002
300.00002
300.00002
300.00002
300.00002
300.00002
300.00002
300.00002
300.00002
300.00002
300.00002
300.00002
300.00002
300.00002
300.00002
300.00002
300.00002
300.00002
300.00003
300.00005
300.0001
327.11111
305.02839
300.42529
299.99618
299.99579
299.99968
300.00002
300.00002
300.00002
300.00002
300.00002
300.00002
300.00002
300.00002
300.00002
300.00002
300.00002
300.00002
300.00002
300.00002
300.00002
300.00002
300.00002
300.00002
300.00002
300.00002
300.00002
300.00002
300.00002
300.00002
300.00002
300.00002
300.00002
300.00002
300.00002
300.00002
300.00002
300.00003
300.00005
300.0001
327.11101
305.02835
300.42532
299.9962
299.99579
299.99968
300.00002
300.00002
300.00002
300.00002
300.00002
300.00002
300.00002
300.00002
300.00002
300.00002
300.00002
300.00002
300.00002
300.00002
300.00002
300.00002
300.00002
300.00002
300.00002
300.00002
300.00002
300.00002
300.00002
300.00002
300.00002
300.00002
300.00002
300.00002
300.00002
300.00002
300.00002
300.00003
300.00005
300.0001
327.11092
305.0283
300.42535
299.99622
299.9958
299.99968
300.00002
300.00002
300.00002
300.00002
300.00002
300.00002
300.00002
300.00002
300.00002
300.00002
300.00002
300.00002
300.00002
300.00002
300.00002
300.00002
300.00002
300.00002
300.00002
300.00002
300.00002
300.00002
300.00002
300.00002
300.00002
300.00002
300.00002
300.00002
300.00002
300.00002
300.00002
300.00003
300.00005
300.0001
327.11082
305.02826
300.42538
299.99623
299.9958
299.99968
300.00002
300.00002
300.00002
300.00002
300.00002
300.00002
300.00002
300.00002
300.00002
300.00002
300.00002
300.00002
300.00002
300.00002
300.00002
300.00002
300.00002
300.00002
300.00002
300.00002
300.00002
300.00002
300.00002
300.00002
300.00002
300.00002
300.00002
300.00002
300.00002
300.00002
300.00002
300.00002
300.00005
300.0001
327.11071
305.02822
300.42541
299.99625
299.9958
299.99968
300.00002
300.00002
300.00002
300.00002
300.00002
300.00002
300.00002
300.00002
300.00002
300.00002
300.00002
300.00002
300.00002
300.00002
300.00002
300.00002
300.00002
300.00002
300.00002
300.00002
300.00002
300.00002
300.00002
300.00002
300.00002
300.00002
300.00002
300.00002
300.00002
300.00002
300.00002
300.00002
300.00005
300.00009
327.1106
305.02818
300.42544
299.99627
299.9958
299.99968
300.00002
300.00002
300.00002
300.00002
300.00002
300.00002
300.00002
300.00002
300.00002
300.00002
300.00002
300.00002
300.00002
300.00002
300.00002
300.00002
300.00002
300.00002
300.00002
300.00002
300.00002
300.00002
300.00002
300.00002
300.00002
300.00002
300.00002
300.00002
300.00002
300.00002
300.00002
300.00002
300.00005
300.00009
327.11049
305.02814
300.42548
299.99629
299.99581
299.99968
300.00002
300.00002
300.00001
300.00001
300.00001
300.00001
300.00001
300.00001
300.00001
300.00002
300.00002
300.00002
300.00002
300.00002
300.00002
300.00002
300.00002
300.00002
300.00002
300.00002
300.00002
300.00002
300.00002
300.00002
300.00002
300.00002
300.00002
300.00002
300.00002
300.00002
300.00002
300.00002
300.00005
300.00009
327.11038
305.0281
300.42552
299.99631
299.99581
299.99968
300.00001
300.00002
300.00001
300.00001
300.00001
300.00001
300.00001
300.00001
300.00001
300.00001
300.00001
300.00001
300.00001
300.00001
300.00001
300.00001
300.00001
300.00001
300.00002
300.00002
300.00002
300.00002
300.00002
300.00002
300.00002
300.00002
300.00002
300.00002
300.00002
300.00002
300.00002
300.00002
300.00005
300.00009
327.11025
305.02806
300.42556
299.99633
299.99581
299.99968
300.00001
300.00002
300.00001
300.00001
300.00001
300.00001
300.00001
300.00001
300.00001
300.00001
300.00001
300.00001
300.00001
300.00001
300.00001
300.00001
300.00001
300.00001
300.00001
300.00001
300.00001
300.00001
300.00001
300.00001
300.00001
300.00001
300.00001
300.00001
300.00001
300.00001
300.00002
300.00002
300.00005
300.00009
327.11012
305.02802
300.4256
299.99635
299.99582
299.99968
300.00001
300.00001
300.00001
300.00001
300.00001
300.00001
300.00001
300.00001
300.00001
300.00001
300.00001
300.00001
300.00001
300.00001
300.00001
300.00001
300.00001
300.00001
300.00001
300.00001
300.00001
300.00001
300.00001
300.00001
300.00001
300.00001
300.00001
300.00001
300.00001
300.00001
300.00002
300.00002
300.00005
300.00009
327.10998
305.02799
300.42564
299.99637
299.99582
299.99968
300.00001
300.00001
300.00001
300.00001
300.00001
300.00001
300.00001
300.00001
300.00001
300.00001
300.00001
300.00001
300.00001
300.00001
300.00001
300.00001
300.00001
300.00001
300.00001
300.00001
300.00001
300.00001
300.00001
300.00001
300.00001
300.00001
300.00001
300.00001
300.00001
300.00001
300.00001
300.00002
300.00005
300.00009
327.10983
305.02795
300.42569
299.99639
299.99582
299.99968
300.00001
300.00001
300.00001
300.00001
300.00001
300.00001
300.00001
300.00001
300.00001
300.00001
300.00001
300.00001
300.00001
300.00001
300.00001
300.00001
300.00001
300.00001
300.00001
300.00001
300.00001
300.00001
300.00001
300.00001
300.00001
300.00001
300.00001
300.00001
300.00001
300.00001
300.00001
300.00002
300.00005
300.00009
327.10967
305.02791
300.42574
299.99642
299.99583
299.99968
300.00001
300.00001
300.00001
300.00001
300.00001
300.00001
300.00001
300.00001
300.00001
300.00001
300.00001
300.00001
300.00001
300.00001
300.00001
300.00001
300.00001
300.00001
300.00001
300.00001
300.00001
300.00001
300.00001
300.00001
300.00001
300.00001
300.00001
300.00001
300.00001
300.00001
300.00001
300.00002
300.00005
300.00009
327.10949
305.02786
300.4258
299.99644
299.99583
299.99968
300.00001
300.00001
300.00001
300.00001
300.00001
300.00001
300.00001
300.00001
300.00001
300.00001
300.00001
300.00001
300.00001
300.00001
300.00001
300.00001
300.00001
300.00001
300.00001
300.00001
300.00001
300.00001
300.00001
300.00001
300.00001
300.00001
300.00001
300.00001
300.00001
300.00001
300.00001
300.00002
300.00005
300.00009
327.1093
305.02782
300.42586
299.99647
299.99583
299.99968
300.00001
300.00001
300.00001
300.00001
300.00001
300.00001
300.00001
300.00001
300.00001
300.00001
300.00001
300.00001
300.00001
300.00001
300.00001
300.00001
300.00001
300.00001
300.00001
300.00001
300.00001
300.00001
300.00001
300.00001
300.00001
300.00001
300.00001
300.00001
300.00001
300.00001
300.00001
300.00002
300.00005
300.00009
327.1091
305.02778
300.42593
299.9965
299.99584
299.99968
300.00001
300.00001
300.00001
300.00001
300.00001
300.00001
300.00001
300.00001
300.00001
300.00001
300.00001
300.00001
300.00001
300.00001
300.00001
300.00001
300.00001
300.00001
300.00001
300.00001
300.00001
300.00001
300.00001
300.00001
300.00001
300.00001
300.00001
300.00001
300.00001
300.00001
300.00001
300.00002
300.00005
300.00009
327.10887
305.02773
300.426
299.99653
299.99584
299.99968
300.00001
300.00001
300.00001
300.00001
300.00001
300.00001
300.00001
300.00001
300.00001
300.00001
300.00001
300.00001
300.00001
300.00001
300.00001
300.00001
300.00001
300.00001
300.00001
300.00001
300.00001
300.00001
300.00001
300.00001
300.00001
300.00001
300.00001
300.00001
300.00001
300.00001
300.00001
300.00002
300.00005
300.00009
327.10863
305.02768
300.42608
299.99657
299.99585
299.99968
300.00001
300.00001
300.00001
300.00001
300.00001
300.00001
300.00001
300.00001
300.00001
300.00001
300.00001
300.00001
300.00001
300.00001
300.00001
300.00001
300.00001
300.00001
300.00001
300.00001
300.00001
300.00001
300.00001
300.00001
300.00001
300.00001
300.00001
300.00001
300.00001
300.00001
300.00001
300.00002
300.00004
300.00009
327.10836
305.02762
300.42617
299.99661
299.99585
299.99968
300.00001
300.00001
300.00001
300.00001
300.00001
300.00001
300.00001
300.00001
300.00001
300.00001
300.00001
300.00001
300.00001
300.00001
300.00001
300.00001
300.00001
300.00001
300.00001
300.00001
300.00001
300.00001
300.00001
300.00001
300.00001
300.00001
300.00001
300.00001
300.00001
300.00001
300.00001
300.00002
300.00004
300.00009
327.10807
305.02757
300.42626
299.99665
299.99586
299.99967
300.00001
300.00001
300.00001
300.00001
300.00001
300.00001
300.00001
300.00001
300.00001
300.00001
300.00001
300.00001
300.00001
300.00001
300.00001
300.00001
300.00001
300.00001
300.00001
300.00001
300.00001
300.00001
300.00001
300.00001
300.00001
300.00001
300.00001
300.00001
300.00001
300.00001
300.00001
300.00002
300.00004
300.00009
327.10774
305.02751
300.42637
299.9967
299.99587
299.99967
300.00001
300.00001
300.00001
300.00001
300.00001
300.00001
300.00001
300.00001
300.00001
300.00001
300.00001
300.00001
300.00001
300.00001
300.00001
300.00001
300.00001
300.00001
300.00001
300.00001
300.00001
300.00001
300.00001
300.00001
300.00001
300.00001
300.00001
300.00001
300.00001
300.00001
300.00001
300.00002
300.00004
300.00009
327.10739
305.02744
300.42648
299.99675
299.99587
299.99967
300.00001
300.00001
300.00001
300.00001
300.00001
300.00001
300.00001
300.00001
300.00001
300.00001
300.00001
300.00001
300.00001
300.00001
300.00001
300.00001
300.00001
300.00001
300.00001
300.00001
300.00001
300.00001
300.00001
300.00001
300.00001
300.00001
300.00001
300.00001
300.00001
300.00001
300.00001
300.00002
300.00004
300.00009
327.10699
305.02737
300.42661
299.9968
299.99588
299.99967
300.00001
300.00001
300.00001
300.00001
300.00001
300.00001
300.00001
300.00001
300.00001
300.00001
300.00001
300.00001
300.00001
300.00001
300.00001
300.00001
300.00001
300.00001
300.00001
300.00001
300.00001
300.00001
300.00001
300.00001
300.00001
300.00001
300.00001
300.00001
300.00001
300.00001
300.00001
300.00002
300.00004
300.00009
327.10655
305.02729
300.42674
299.99686
299.99589
299.99967
300.00001
300.00001
300.00001
300.00001
300.00001
300.00001
300.00001
300.00001
300.00001
300.00001
300.00001
300.00001
300.00001
300.00001
300.00001
300.00001
300.00001
300.00001
300.00001
300.00001
300.00001
300.00001
300.00001
300.00001
300.00001
300.00001
300.00001
300.00001
300.00001
300.00001
300.00001
300.00002
300.00004
300.00009
327.10607
305.02721
300.4269
299.99693
299.9959
299.99967
300.00001
300.00001
300.00001
300.00001
300.00001
300.00001
300.00001
300.00001
300.00001
300.00001
300.00001
300.00001
300.00001
300.00001
300.00001
300.00001
300.00001
300.00001
300.00001
300.00001
300.00001
300.00001
300.00001
300.00001
300.00001
300.00001
300.00001
300.00001
300.00001
300.00001
300.00001
300.00001
300.00004
300.00009
327.10552
305.02713
300.42707
299.997
299.99591
299.99967
300.00001
300.00001
300.00001
300.00001
300.00001
300.00001
300.00001
300.00001
300.00001
300.00001
300.00001
300.00001
300.00001
300.00001
300.00001
300.00001
300.00001
300.00001
300.00001
300.00001
300.00001
300.00001
300.00001
300.00001
300.00001
300.00001
300.00001
300.00001
300.00001
300.00001
300.00001
300.00001
300.00004
300.00009
327.10491
305.02703
300.42725
299.99708
299.99592
299.99967
300.00001
300.00001
300.00001
300.00001
300.00001
300.00001
300.00001
300.00001
300.00001
300.00001
300.00001
300.00001
300.00001
300.00001
300.00001
300.00001
300.00001
300.00001
300.00001
300.00001
300.00001
300.00001
300.00001
300.00001
300.00001
300.00001
300.00001
300.00001
300.00001
300.00001
300.00001
300.00001
300.00004
300.00009
327.10423
305.02693
300.42746
299.99717
299.99594
299.99967
300
300.00001
300.00001
300.00001
300.00001
300.00001
300.00001
300.00001
300.00001
300.00001
300.00001
300.00001
300.00001
300.00001
300.00001
300.00001
300.00001
300.00001
300.00001
300.00001
300.00001
300.00001
300.00001
300.00001
300.00001
300.00001
300.00001
300.00001
300.00001
300.00001
300.00001
300.00001
300.00004
300.00008
327.10346
305.02682
300.42769
299.99727
299.99595
299.99967
300
300.00001
300
300
300
300
300.00001
300.00001
300.00001
300.00001
300.00001
300.00001
300.00001
300.00001
300.00001
300.00001
300.00001
300.00001
300.00001
300.00001
300.00001
300.00001
300.00001
300.00001
300.00001
300.00001
300.00001
300.00001
300.00001
300.00001
300.00001
300.00001
300.00004
300.00008
327.10259
305.02671
300.42795
299.99737
299.99597
299.99967
300
300.00001
300
300
300
300
300
300
300
300
300
300
300
300
300
300
300
300
300
300.00001
300.00001
300.00001
300.00001
300.00001
300.00001
300.00001
300.00001
300.00001
300.00001
300.00001
300.00001
300.00001
300.00004
300.00008
327.1016
305.0266
300.42825
299.99749
299.99598
299.99967
300
300.00001
300
300
300
300
300
300
300
300
300
300
300
300
300
300
300
300
300
300
300
300
300
300
300
300
300
300
300
300
300.00001
300.00001
300.00004
300.00008
327.10047
305.02648
300.42858
299.99763
299.996
299.99967
300
300.00001
300
300
300
300
300
300
300
300
300
300
300
300
300
300
300
300
300
300
300
300
300
300
300
300
300
300
300
300
300.00001
300.00001
300.00004
300.00008
327.09917
305.02637
300.42895
299.99777
299.99602
299.99967
300
300
300
300
300
300
300
300
300
300
300
300
300
300
300
300
300
300
300
300
300
300
300
300
300
300
300
300
300
300
300
300.00001
300.00004
300.00008
327.09769
305.02627
300.42937
299.99794
299.99605
299.99967
300
300
300
300
300
300
300
300
300
300
300
300
300
300
300
300
300
300
300
300
300
300
300
300
300
300
300
300
300
300
300
300.00001
300.00004
300.00008
327.09597
305.02621
300.42985
299.99812
299.99607
299.99968
300
300
300
300
300
300
300
300
300
300
300
300
300
300
300
300
300
300
300
300
300
300
300
300
300
300
300
300
300
300
300
300.00001
300.00004
300.00008
327.09399
305.0262
300.43039
299.99832
299.9961
299.99968
300
300
300
300
300
300
300
300
300
300
300
300
300
300
300
300
300
300
300
300
300
300
300
300
300
300
300
300
300
300
300
300.00001
300.00004
300.00008
327.09171
305.0263
300.43102
299.99855
299.99613
299.99968
300
300
300
300
300
300
300
300
300
300
300
300
300
300
300
300
300
300
300
300
300
300
300
300
300
300
300
300
300
300
300
300.00001
300.00004
300.00008
327.08927
305.02661
300.43172
299.99879
299.99617
299.99968
300
300
300
300
300
300
300
300
300
300
300
300
300
300
300
300
300
300
300
300
300
300
300
300
300
300
300
300
300
300
300
300.00001
300.00004
300.00008
327.08636
305.0273
300.43257
299.99906
299.99621
299.99968
300
300
300
300
300
300
300
300
300
300
300
300
300
300
300
300
300
300
300
300
300
300
300
300
300
300
300
300
300
300
300
300.00001
300.00004
300.00008
327.0846
305.0283
300.43331
299.9993
299.99624
299.99968
300
300
300
300
300
300
300
300
300
300
300
300
300
300
300
300
300
300
300
300
300
300
300
300
300
300
300
300
300
300
300
300.00001
300.00004
300.00008
327.08273
305.03275
300.43508
299.9998
299.99632
299.99968
300
300
300
300
300
300
300
300
300
300
300
300
300
300
300
300
300
300
300
300
300
300
300
300
300
300
300
300
300
300
300
300.00001
300.00003
300.00008
)
;

boundaryField
{
    wall
    {
        type            fixedValue;
        value           uniform 350;
    }
    sides
    {
        type            zeroGradient;
    }
    frontAndBack
    {
        type            empty;
    }
    inlet
    {
        type            fixedValue;
        value           uniform 300;
    }
    outlet
    {
        type            zeroGradient;
    }
}


// ************************************************************************* //
