/*--------------------------------*- C++ -*----------------------------------*\
  =========                 |
  \\      /  F ield         | OpenFOAM: The Open Source CFD Toolbox
   \\    /   O peration     | Website:  https://openfoam.org
    \\  /    A nd           | Version:  10
     \\/     M anipulation  |
\*---------------------------------------------------------------------------*/
FoamFile
{
    format      ascii;
    class       volScalarField;
    location    "0.02";
    object      TporMedia_0;
}
// * * * * * * * * * * * * * * * * * * * * * * * * * * * * * * * * * * * * * //

dimensions      [0 0 0 1 0 0 0];

internalField   nonuniform List<scalar> 
4000
(
-2.8171877e-08
1.1180412e-08
-9.3634621e-07
-1.4078153e-06
-6.8659185e-06
-6.0694351e-06
-5.9677828e-06
-5.8777258e-06
-5.830982e-06
-5.7788614e-06
-5.7830596e-06
-5.7270479e-06
-5.7169572e-06
-5.721159e-06
-5.7136799e-06
-5.7146493e-06
-5.7234476e-06
-5.7164397e-06
-5.7032719e-06
-5.7030319e-06
-5.6848883e-06
-5.6950534e-06
-5.6717198e-06
-5.6470313e-06
-5.6706463e-06
-5.6492202e-06
-5.6274302e-06
-5.6406849e-06
-5.6339333e-06
-5.6481153e-06
-5.668295e-06
-5.6801078e-06
-5.7438686e-06
-5.8015827e-06
-5.9069788e-06
-6.0640454e-06
-6.2419565e-06
-6.4272601e-06
-6.8178577e-06
-7.354986e-06
-1.5929294e-09
6.4385539e-20
-2.1482918e-17
2.2602595e-15
2.6436383e-14
6.6915094e-14
5.2463801e-14
5.061053e-14
5.0157377e-14
4.9672345e-14
4.9447958e-14
4.8783648e-14
4.868623e-14
4.867613e-14
4.8498182e-14
4.8718679e-14
4.8548138e-14
4.8807522e-14
4.8579279e-14
4.8481789e-14
4.8320073e-14
4.836526e-14
4.8323324e-14
4.7992293e-14
4.792799e-14
4.765564e-14
4.7522258e-14
4.7425053e-14
4.7342343e-14
4.7631284e-14
4.7642291e-14
4.7937606e-14
4.8902129e-14
5.0032022e-14
5.1518209e-14
5.4228467e-14
5.760646e-14
6.177034e-14
6.8942392e-14
8.0889266e-14
-6.3707172e-10
-8.0222141e-21
-1.2726931e-28
1.8725222e-25
-1.4992394e-23
-2.6501642e-22
-4.8494432e-22
-4.6558527e-22
-4.6013281e-22
-4.5006051e-22
-4.4884525e-22
-4.4442736e-22
-4.4112543e-22
-4.4139719e-22
-4.4053443e-22
-4.4022547e-22
-4.3937719e-22
-4.4290688e-22
-4.3958737e-22
-4.3891956e-22
-4.3758418e-22
-4.3954142e-22
-4.3529426e-22
-4.3332301e-22
-4.3077377e-22
-4.2637711e-22
-4.2270832e-22
-4.2436169e-22
-4.2113407e-22
-4.2318315e-22
-4.2221288e-22
-4.2647387e-22
-4.3749668e-22
-4.5051389e-22
-4.7007503e-22
-5.0595839e-22
-5.4785262e-22
-6.0148892e-22
-7.4491145e-22
-1.3494102e-21
-3.671822e-10
2.5100218e-21
6.5745675e-33
3.5681023e-36
2.500692e-33
2.3439569e-31
1.962231e-29
1.5613292e-29
1.2218444e-29
1.1743966e-29
1.1606526e-29
1.1737693e-29
1.1422635e-29
1.1423021e-29
1.1347495e-29
1.1179394e-29
1.1021713e-29
1.0990569e-29
1.1091193e-29
1.0767194e-29
1.0681739e-29
1.0716527e-29
1.03019e-29
1.0214989e-29
9.9220057e-30
9.7616647e-30
9.3955567e-30
9.210937e-30
9.0453956e-30
8.9820266e-30
8.822385e-30
8.9563657e-30
8.9986351e-30
9.3862063e-30
9.853375e-30
1.0839051e-29
1.2235681e-29
1.346623e-29
1.7241443e-29
3.8311841e-29
-1.6303771e-10
1.597968e-22
2.6990504e-34
1.9995018e-45
-3.3281448e-43
-8.2835451e-41
-1.9896231e-36
1.3291975e-36
-7.8301436e-37
-6.8445279e-37
-6.6102302e-37
-6.4818755e-37
-6.2280041e-37
-6.2683307e-37
-5.8532442e-37
-5.6559088e-37
-5.5249096e-37
-5.4700877e-37
-5.2448327e-37
-5.0093012e-37
-4.7641843e-37
-4.6777191e-37
-4.3960438e-37
-4.2848363e-37
-3.8006717e-37
-3.6222517e-37
-3.408682e-37
-3.1896093e-37
-3.0220917e-37
-2.9326658e-37
-2.7392798e-37
-2.7385935e-37
-2.8092558e-37
-2.8751271e-37
-3.1784498e-37
-3.967246e-37
-6.5940337e-37
-2.8920998e-36
-4.8834304e-37
-1.6124344e-37
-6.468328e-11
1.6326048e-23
2.9184217e-35
9.2788699e-47
-2.1174061e-53
2.0328231e-50
3.4681888e-45
-5.126486e-45
2.8072757e-45
2.4400933e-45
2.3542813e-45
2.3043865e-45
2.2166142e-45
2.2424566e-45
2.092828e-45
2.0284897e-45
1.9834319e-45
1.9683518e-45
1.8930296e-45
1.8076313e-45
1.7227469e-45
1.6899477e-45
1.5911377e-45
1.5484637e-45
1.3720912e-45
1.3071169e-45
1.2277593e-45
1.1485809e-45
1.0905588e-45
1.0545662e-45
9.8821813e-46
9.9198463e-46
1.022814e-45
1.0557858e-45
1.192315e-45
1.5467646e-45
2.8516762e-45
1.5190838e-44
2.0935189e-45
2.9089625e-46
-3.3712108e-11
3.4865548e-24
2.6688018e-35
3.8892429e-47
3.9243842e-58
-5.5196872e-60
-1.3601698e-54
5.6612475e-54
-3.6084075e-54
-3.1310405e-54
-3.0259454e-54
-2.9716885e-54
-2.8678004e-54
-2.9131819e-54
-2.7272698e-54
-2.6509068e-54
-2.6069475e-54
-2.5952488e-54
-2.5050981e-54
-2.39908e-54
-2.2941304e-54
-2.2576543e-54
-2.1318768e-54
-2.0799821e-54
-1.8470381e-54
-1.7640521e-54
-1.6599625e-54
-1.5567316e-54
-1.4807539e-54
-1.4361842e-54
-1.3496522e-54
-1.3579838e-54
-1.4057366e-54
-1.4609423e-54
-1.6636701e-54
-2.1894859e-54
-4.1806437e-54
-2.3889458e-53
-3.4420805e-54
-6.0091642e-55
-2.3923868e-11
1.4456792e-24
-3.1618427e-36
-2.3851611e-48
-8.8930824e-60
7.2077345e-69
1.9652442e-64
-3.5216234e-63
3.5117171e-63
3.0156557e-63
2.9154243e-63
2.8814573e-63
2.7987512e-63
2.8551083e-63
2.6874127e-63
2.6257331e-63
2.5948592e-63
2.5960012e-63
2.5166309e-63
2.4208204e-63
2.3238916e-63
2.2964108e-63
2.1772764e-63
2.1311273e-63
1.8993752e-63
1.8201739e-63
1.716109e-63
1.6137588e-63
1.5387698e-63
1.4961222e-63
1.4065606e-63
1.4173228e-63
1.4669477e-63
1.5242272e-63
1.7314323e-63
2.2717912e-63
4.2994329e-63
2.4607741e-62
4.208651e-63
-1.8600273e-62
-2.1564048e-11
9.8776499e-25
-1.2957684e-36
-6.0758974e-49
-1.2105726e-60
-1.0622321e-69
-1.4309828e-74
1.7142991e-72
-5.8734562e-72
-4.6735681e-72
-4.4417111e-72
-4.4408825e-72
-4.3599334e-72
-4.4921061e-72
-4.2628996e-72
-4.1962263e-72
-4.1743704e-72
-4.2053371e-72
-4.1042396e-72
-3.969499e-72
-3.8296873e-72
-3.8073386e-72
-3.6300695e-72
-3.5670159e-72
-3.1950887e-72
-3.0721754e-72
-2.9036454e-72
-2.7362571e-72
-2.612216e-72
-2.5429269e-72
-2.3843543e-72
-2.3923904e-72
-2.4567869e-72
-2.5149687e-72
-2.79906e-72
-3.5545333e-72
-6.2678812e-72
-3.3326397e-71
-8.0203202e-72
-3.788764e-71
-2.266299e-11
9.4855644e-25
-1.4143034e-36
-5.054495e-49
-7.0437234e-61
-9.6282397e-71
4.6689988e-81
-7.6309413e-82
-1.7750088e-80
-1.9770829e-80
-2.2272088e-80
-2.1976282e-80
-2.1366704e-80
-2.1665368e-80
-2.0418353e-80
-2.0025333e-80
-1.9850987e-80
-1.9909993e-80
-1.9381924e-80
-1.8698749e-80
-1.8026882e-80
-1.7894815e-80
-1.7003081e-80
-1.6687309e-80
-1.4898864e-80
-1.4354128e-80
-1.3577486e-80
-1.281099e-80
-1.2266491e-80
-1.2065288e-80
-1.1452986e-80
-1.1657346e-80
-1.2388135e-80
-1.3304073e-80
-1.5960308e-80
-2.2948029e-80
-5.8544343e-80
-9.6028703e-79
-5.2783341e-80
-7.0829241e-80
-2.5389716e-11
1.0967703e-24
-1.988256e-36
-6.6349725e-49
-8.1077691e-61
-4.9793514e-71
2.08431e-81
-5.7384045e-91
-1.5862025e-89
-1.965793e-89
-2.3697689e-89
-2.3569511e-89
-2.3005334e-89
-2.3434343e-89
-2.2207455e-89
-2.185229e-89
-2.1765989e-89
-2.1909629e-89
-2.1417021e-89
-2.0716792e-89
-2.0047306e-89
-1.9935537e-89
-1.8998652e-89
-1.8677739e-89
-1.6696143e-89
-1.6113672e-89
-1.5257732e-89
-1.4404002e-89
-1.3809742e-89
-1.3581083e-89
-1.2908102e-89
-1.313673e-89
-1.3964876e-89
-1.5026042e-89
-1.8066805e-89
-2.5989836e-89
-6.7375189e-89
-1.1907441e-87
-7.4998035e-89
-2.6090903e-88
-2.8049082e-11
1.3249688e-24
-1.5969566e-36
-6.0526051e-49
-7.8882712e-61
-3.2194647e-71
1.4743637e-81
-6.6041454e-91
-1.2776863e-98
-1.6261281e-98
-2.0962798e-98
-2.1135632e-98
-2.0807349e-98
-2.1367733e-98
-2.0395374e-98
-2.0213021e-98
-2.0249917e-98
-2.0499509e-98
-2.0144008e-98
-1.9562829e-98
-1.9015147e-98
-1.8961459e-98
-1.8122246e-98
-1.7864532e-98
-1.5994386e-98
-1.5460709e-98
-1.4639472e-98
-1.3821178e-98
-1.3222076e-98
-1.2988314e-98
-1.2295993e-98
-1.2465672e-98
-1.3174088e-98
-1.4055614e-98
-1.6696995e-98
-2.3581284e-98
-6.0114077e-98
-1.1126206e-96
-9.674314e-98
1.5697814e-95
-2.9446586e-11
1.5234884e-24
-9.8343803e-37
-5.1248869e-49
-8.4256187e-61
-2.9800819e-71
1.8456664e-81
-9.2059411e-91
-1.0112762e-99
-1.9618414e-107
-2.5819077e-107
-2.6586199e-107
-2.6519739e-107
-2.7542986e-107
-2.6577674e-107
-2.6605367e-107
-2.6847235e-107
-2.7377123e-107
-2.7078656e-107
-2.6447266e-107
-2.5829423e-107
-2.5853121e-107
-2.4798752e-107
-2.4478328e-107
-2.1968994e-107
-2.1263486e-107
-2.0112932e-107
-1.8949074e-107
-1.8067179e-107
-1.7668683e-107
-1.6602441e-107
-1.6674709e-107
-1.7398431e-107
-1.8228548e-107
-2.1180663e-107
-2.8923008e-107
-7.1261533e-107
-1.3996744e-105
-2.1553287e-106
-9.5769854e-104
-2.9664006e-11
1.6312539e-24
-6.7751109e-37
-5.9193523e-49
-1.4089247e-60
-5.2491338e-71
5.306826e-81
-3.233465e-90
-9.1003625e-99
-2.4580155e-107
-1.5501575e-115
-8.4993104e-116
-8.660789e-116
-9.1730391e-116
-8.9897794e-116
-9.1549556e-116
-9.3503207e-116
-9.6456338e-116
-9.634067e-116
-9.4986706e-116
-9.3127731e-116
-9.3904046e-116
-9.0521048e-116
-8.9498712e-116
-8.0479394e-116
-7.7730509e-116
-7.3433147e-116
-6.8949129e-116
-6.5284697e-116
-6.3078746e-116
-5.8397521e-116
-5.7638388e-116
-5.8559164e-116
-5.9454222e-116
-6.5942343e-116
-8.4814678e-116
-1.98914e-115
-4.4968618e-114
-4.2977473e-114
5.082737e-112
-2.9415573e-11
1.6657896e-24
-5.4015979e-37
-1.0073867e-48
-3.8313145e-60
-1.7277846e-70
3.3644407e-80
-2.7656475e-89
6.5249251e-97
-7.0965371e-104
2.3233081e-111
-6.4730127e-119
2.2200148e-123
2.2898152e-123
2.1282465e-123
2.1057619e-123
2.1022573e-123
2.1150024e-123
2.0918309e-123
2.0156019e-123
1.963706e-123
1.9594659e-123
1.8842236e-123
1.8422823e-123
1.65782e-123
1.5977953e-123
1.5163717e-123
1.4373183e-123
1.3828472e-123
1.4002729e-123
1.3306227e-123
1.3607886e-123
1.496406e-123
1.6845712e-123
2.2729204e-123
4.0122319e-123
1.131694e-122
7.6959917e-122
2.1969231e-122
-3.1515234e-120
-2.9176114e-11
1.670654e-24
-4.8356193e-37
-3.0309177e-48
-1.9162245e-59
-1.1364043e-69
4.885268e-79
-5.9863003e-88
3.0508105e-96
-1.8775565e-104
1.1024196e-112
-6.4656638e-121
3.788107e-129
-1.3524162e-131
-1.254928e-131
-1.24915e-131
-1.2446917e-131
-1.2580141e-131
-1.2466127e-131
-1.2033361e-131
-1.1701916e-131
-1.1739211e-131
-1.1239537e-131
-1.0988683e-131
-9.8675048e-132
-9.5164686e-132
-8.9864761e-132
-8.5250421e-132
-8.2037608e-132
-8.271084e-132
-7.8138504e-132
-7.9840284e-132
-8.7162626e-132
-9.8313186e-132
-1.3234614e-131
-2.3443284e-131
-6.3829751e-131
-3.6673644e-130
-8.3440255e-131
2.3284658e-128
-2.9067859e-11
1.6724331e-24
-4.6706527e-37
1.5781122e-47
1.5889881e-58
1.2656561e-68
-1.3007183e-77
2.5711849e-86
-1.3618102e-94
8.3143824e-103
-5.0492164e-111
3.0825412e-119
-1.9030419e-127
1.1866523e-135
7.8570749e-140
7.8616096e-140
7.9032443e-140
8.0180028e-140
7.9716225e-140
7.6926055e-140
7.4867069e-140
7.5277216e-140
7.1905858e-140
7.0232116e-140
6.3030084e-140
6.0627342e-140
5.6957936e-140
5.3559316e-140
5.1263594e-140
5.1481596e-140
4.8288859e-140
4.8626936e-140
5.2658198e-140
5.8513429e-140
7.7850819e-140
1.3575471e-139
3.5052787e-139
1.7494967e-138
3.5682314e-139
-1.8999168e-136
-2.905396e-11
1.6782923e-24
-4.6848267e-37
4.2887227e-48
6.1371688e-59
6.3299935e-69
-1.4835205e-77
4.8139387e-86
-3.6770653e-94
3.2019579e-102
-2.79873e-110
2.4695788e-118
-2.2120686e-126
1.9889069e-134
-1.8029045e-142
-7.1565358e-148
-7.2602346e-148
-7.3884856e-148
-7.4139354e-148
-7.1231393e-148
-6.9037317e-148
-6.9808515e-148
-6.6176707e-148
-6.4309261e-148
-5.7541063e-148
-5.4995397e-148
-5.1438956e-148
-4.8388163e-148
-4.5670024e-148
-4.5396797e-148
-4.1940299e-148
-4.1936911e-148
-4.4412728e-148
-4.8651075e-148
-6.3661787e-148
-1.0797865e-147
-2.6105578e-147
-1.087164e-146
-1.875812e-147
1.6034034e-144
-2.9077298e-11
1.6868671e-24
-4.7496996e-37
3.3529639e-48
6.0585983e-59
7.5696111e-69
-3.3551783e-77
1.6411779e-85
-1.8863506e-93
2.4524148e-101
-3.207217e-109
4.2054287e-117
-5.5807334e-125
7.4918309e-133
-1.0016565e-140
1.350118e-148
7.9643119e-156
9.959089e-156
1.0023223e-155
9.6470775e-156
9.2443647e-156
9.3951854e-156
8.8766091e-156
8.5468022e-156
7.6681945e-156
7.282294e-156
6.7377502e-156
6.2817661e-156
5.9005345e-156
5.7241395e-156
5.2492401e-156
5.1722784e-156
5.4017198e-156
5.7852063e-156
7.4841165e-156
1.2320324e-155
2.733032e-155
8.8588198e-155
1.1462573e-155
-1.3789356e-152
-2.9105309e-11
1.6956415e-24
-4.8059985e-37
3.002603e-48
6.3948639e-59
9.1123402e-69
-6.5310905e-77
4.1360918e-85
-6.0120164e-93
9.7648525e-101
-1.5820203e-108
2.5812861e-116
-4.2326749e-124
6.8750541e-132
-1.1195109e-139
1.8462276e-147
-3.0371866e-155
3.3410013e-163
-1.6523545e-163
-1.5642843e-163
-1.5009747e-163
-1.5295006e-163
-1.4349538e-163
-1.3527186e-163
-1.2198327e-163
-1.1547709e-163
-1.0517368e-163
-9.8397337e-164
-9.0752361e-164
-8.701358e-164
-7.8493368e-164
-7.7226694e-164
-7.8999283e-164
-8.3505357e-164
-1.0692562e-163
-1.7196224e-163
-3.4895156e-163
-8.2679785e-163
-7.3706143e-164
1.2030274e-160
-2.9127682e-11
1.7032823e-24
-4.8411728e-37
2.7500451e-48
6.7355222e-59
1.0547089e-68
-1.2896561e-76
9.350086e-85
-1.4345904e-92
2.3893516e-100
-3.9934008e-108
6.6195756e-116
-1.097197e-123
1.8321763e-131
-3.0614702e-139
5.1202346e-147
-8.5389691e-155
1.4211586e-162
-2.0775382e-170
2.5892556e-171
2.4683776e-171
2.5122582e-171
2.3536654e-171
2.1939187e-171
1.9675673e-171
1.8403032e-171
1.6676599e-171
1.5496179e-171
1.4225634e-171
1.3473193e-171
1.2067996e-171
1.1824124e-171
1.18825e-171
1.2520951e-171
1.5776817e-171
2.4757593e-171
4.5934641e-171
7.9509235e-171
4.7685315e-172
-1.0731111e-168
-2.9144185e-11
1.7095272e-24
-4.8619933e-37
2.5439632e-48
7.1156564e-59
1.2028775e-68
-3.7876361e-76
3.0159601e-84
-4.5538375e-92
7.4032413e-100
-1.1979675e-107
1.9325258e-115
-3.1143889e-123
5.0895831e-131
-8.2632612e-139
1.3356961e-146
-2.1819327e-154
3.4788385e-162
-5.610183e-170
8.5437526e-178
-3.944079e-179
-4.0044276e-179
-3.7123216e-179
-3.3963614e-179
-3.0751217e-179
-2.8623298e-179
-2.6124079e-179
-2.3739473e-179
-2.1834595e-179
-2.0430283e-179
-1.824714e-179
-1.773229e-179
-1.7681334e-179
-1.8368449e-179
-2.2858187e-179
-3.5346456e-179
-5.9553186e-179
-7.6007326e-179
-3.0896222e-180
9.7122687e-177
-2.9156834e-11
1.7145784e-24
-4.8765477e-37
2.3864639e-48
7.5778694e-59
1.3695949e-68
1.4493738e-75
-1.253802e-83
1.8858511e-91
-3.0547894e-99
4.8871294e-107
-7.8274649e-115
1.2509436e-122
-2.0037681e-130
3.2199757e-138
-5.154137e-146
8.2236075e-154
-1.3116493e-161
2.0866225e-169
-3.3171069e-177
5.3204626e-185
6.2493412e-187
5.7958807e-187
5.3333883e-187
4.740151e-187
4.4283176e-187
4.0090082e-187
3.5869797e-187
3.2912558e-187
3.0609923e-187
2.7072415e-187
2.6246234e-187
2.579376e-187
2.6614918e-187
3.2998683e-187
5.0052572e-187
7.7105596e-187
7.2744151e-187
2.0109349e-188
-8.9836815e-185
-2.9167148e-11
1.718712e-24
-4.8888975e-37
2.2722048e-48
8.1135746e-59
1.5561406e-68
3.6519123e-76
-3.4715734e-84
5.2933769e-92
-8.6193437e-100
1.400818e-107
-2.2633076e-115
3.6905135e-123
-6.0146769e-131
9.7333634e-139
-1.5533832e-146
2.5250456e-154
-4.0437215e-162
6.4789772e-170
-1.0421635e-177
1.6503902e-185
-2.7192246e-193
-9.1413569e-195
-8.3414703e-195
-7.3427008e-195
-6.9113508e-195
-6.1442659e-195
-5.4944142e-195
-4.9995393e-195
-4.660388e-195
-4.0822088e-195
-3.912801e-195
-3.8485665e-195
-3.9237472e-195
-4.8130156e-195
-7.1995309e-195
-1.01137e-194
-7.0539003e-195
-1.325725e-196
8.4393349e-193
-2.9175868e-11
1.7221442e-24
-4.9000982e-37
2.1900277e-48
8.6912204e-59
1.7557765e-68
2.5938742e-76
-2.6735502e-84
4.2141501e-92
-7.1183489e-100
1.186382e-107
-1.9685627e-115
3.2460114e-123
-5.3635934e-131
8.8835552e-139
-1.4615112e-146
2.3946115e-154
-3.9404035e-162
6.4403379e-170
-1.0563277e-177
1.7066257e-185
-2.7586094e-193
4.5932845e-201
1.3328794e-202
1.1709637e-202
1.0988499e-202
9.7802443e-203
8.655688e-203
7.7690199e-203
7.2899453e-203
6.3144561e-203
5.9828376e-203
5.8778339e-203
5.8752933e-203
7.2077632e-203
1.0550404e-202
1.3663492e-202
6.9274719e-203
8.8893765e-205
-8.0733019e-201
-2.9183323e-11
1.7250229e-24
-4.9101216e-37
2.1296139e-48
9.2825214e-59
1.9613441e-68
2.2604254e-76
-2.508771e-84
4.0618587e-92
-6.9451947e-100
1.2012792e-107
-2.0429236e-115
3.4816432e-123
-5.9442373e-131
1.0096631e-138
-1.707513e-146
2.856859e-154
-4.8074239e-162
8.0275903e-170
-1.336864e-177
2.2179856e-185
-3.6595903e-193
5.9899983e-201
-9.9507134e-209
-1.899104e-210
-1.7756107e-210
-1.5653039e-210
-1.3827136e-210
-1.2302115e-210
-1.1569795e-210
-1.0037114e-210
-9.3472342e-211
-9.1602286e-211
-9.0023273e-211
-1.0948202e-210
-1.6084484e-210
-1.875536e-210
-6.9297502e-211
-5.9928965e-213
7.8622858e-209
-2.9189691e-11
1.7274513e-24
-4.91887e-37
2.0837181e-48
9.8697812e-59
2.1671887e-68
2.1678144e-76
-2.5615934e-84
4.3211931e-92
-7.6048274e-100
1.3266372e-107
-2.3376087e-115
4.0794806e-123
-7.1485838e-131
1.2490687e-138
-2.1800013e-146
3.7937035e-154
-6.5411156e-162
1.1215287e-169
-1.9165028e-177
3.2428902e-185
-5.5324442e-193
9.3313313e-201
-1.5471451e-208
2.5959461e-216
2.9309451e-218
2.5795975e-218
2.2437676e-218
1.9843299e-218
1.874696e-218
1.6041311e-218
1.5017523e-218
1.4410541e-218
1.4204825e-218
1.7373089e-218
2.4905773e-218
2.6466961e-218
7.0591953e-219
4.127842e-221
-7.7647077e-217
-2.9195121e-11
1.729507e-24
-4.926402e-37
2.0478163e-48
1.0442423e-58
2.3705818e-68
2.1300839e-76
-2.6847458e-84
4.6844062e-92
-8.5150684e-100
1.5345577e-107
-2.7433322e-115
4.8831353e-123
-8.7156954e-131
1.5405251e-138
-2.7327889e-146
4.8549302e-154
-8.5856292e-162
1.4887513e-169
-2.6008195e-177
4.5314803e-185
-7.8580916e-193
1.3451517e-200
-2.3142961e-208
3.9393142e-216
-6.6510657e-224
-4.3116536e-226
-3.7757604e-226
-3.2975954e-226
-3.1087471e-226
-2.6565704e-226
-2.4564388e-226
-2.3371652e-226
-2.3002585e-226
-2.7887505e-226
-3.9433716e-226
-3.7870893e-226
-7.3539228e-227
-2.8674374e-229
7.816702e-225
-2.919975e-11
1.7312525e-24
-4.9328709e-37
2.0191685e-48
1.0994235e-58
2.5673821e-68
2.1377673e-76
-2.8375898e-84
5.0832971e-92
-9.5166691e-100
1.7725259e-107
-3.2586031e-115
5.9452258e-123
-1.0849703e-130
1.9740103e-138
-3.5626689e-146
6.3915678e-154
-1.1465149e-161
2.052911e-169
-3.6510051e-177
6.5108269e-185
-1.1474148e-192
2.0133196e-200
-3.4992402e-208
6.0956661e-216
-1.055515e-223
1.8125735e-231
6.3987082e-234
5.6370771e-234
5.2971931e-234
4.4847853e-234
4.1178827e-234
3.9211892e-234
3.7863093e-234
4.6240352e-234
6.3565382e-234
5.5897358e-234
7.796664e-235
2.0024301e-237
-7.9872195e-233
-2.9203703e-11
1.7327384e-24
-4.9384351e-37
1.9959837e-48
1.1520135e-58
2.7567129e-68
2.1687036e-76
-3.0602506e-84
5.604309e-92
-1.0640181e-99
2.0173359e-107
-3.8136308e-115
7.2003457e-123
-1.3420687e-130
2.527761e-138
-4.7133416e-146
8.6170892e-154
-1.5782589e-161
2.8957257e-169
-5.3195258e-177
9.6593937e-185
-1.7417243e-192
3.1295135e-200
-5.6012555e-208
1.001423e-215
-1.7752525e-223
3.1009372e-231
-5.3936149e-239
-9.821848e-242
-9.1048395e-242
-7.6877235e-242
-7.0096813e-242
-6.7195406e-242
-6.4768e-242
-7.8321304e-242
-1.0541184e-241
-8.3947397e-242
-8.3718177e-243
-1.4138292e-245
8.2979454e-241
-2.9207085e-11
1.734007e-24
-4.9432373e-37
1.9770317e-48
1.2016077e-58
2.9370019e-68
2.2033397e-76
-3.2326888e-84
6.0802484e-92
-1.2043089e-99
2.380792e-107
-4.6124476e-115
8.9213856e-123
-1.7180118e-130
3.2844547e-138
-6.1481823e-146
1.164476e-153
-2.186032e-161
4.0875163e-169
-7.5558463e-177
1.4085196e-184
-2.5903852e-192
4.7668622e-200
-8.7391313e-208
1.5728332e-215
-2.8617514e-223
5.1529984e-231
-9.1906816e-239
1.6278754e-246
1.6166535e-249
1.3491635e-249
1.2265442e-249
1.1817635e-249
1.1387131e-249
1.3586183e-249
1.7976572e-249
1.2991978e-249
9.1570459e-251
1.0110236e-253
-8.7862582e-249
-2.9209983e-11
1.7350929e-24
-4.9473909e-37
1.9614216e-48
1.2479788e-58
3.1064432e-68
2.244761e-76
-3.4091182e-84
6.6123869e-92
-1.3378662e-99
2.6876579e-107
-5.3743464e-115
1.0626126e-122
-2.1138525e-130
4.1560073e-138
-8.0495377e-146
1.5656557e-153
-3.0366009e-161
5.7702795e-169
-1.1071884e-176
2.1109819e-184
-3.9549729e-192
7.4922052e-200
-1.4052167e-207
2.6238492e-215
-4.8066139e-223
8.8882673e-231
-1.6312802e-238
2.9835375e-246
-5.4100223e-254
-2.4397409e-257
-2.1821743e-257
-2.0930329e-257
-2.0392792e-257
-2.3897764e-257
-3.1428661e-257
-2.0284996e-257
-1.007052e-258
-7.3132217e-262
9.4008827e-257
-2.9212473e-11
1.7360247e-24
-4.9509896e-37
1.9484582e-48
1.2910788e-58
3.2646536e-68
2.2956908e-76
-3.6627361e-84
7.3819963e-92
-1.5384662e-99
3.1911367e-107
-6.5583346e-115
1.351233e-122
-2.7011253e-130
5.4456509e-138
-1.0825163e-145
2.1619294e-153
-4.2635296e-161
8.5019177e-169
-1.6467645e-176
3.1952641e-184
-6.2342711e-192
1.1841789e-199
-2.25654e-207
4.2709141e-215
-8.0197523e-223
1.5116629e-230
-2.799457e-238
5.2089621e-246
-9.7452833e-254
1.7880615e-261
4.0241442e-265
3.8296018e-265
3.7391857e-265
4.3482838e-265
5.5414298e-265
3.2393596e-265
1.1336856e-266
5.3459532e-270
-1.023012e-264
-2.9214613e-11
1.7368262e-24
-4.9541143e-37
1.9376213e-48
1.3307132e-58
3.411255e-68
2.3267449e-76
-3.8319699e-84
7.9232498e-92
-1.6941227e-99
3.638179e-107
-7.6635833e-115
1.622667e-122
-3.3415727e-130
6.8990499e-138
-1.4051595e-145
2.8690578e-153
-5.8151944e-161
1.1733829e-168
-2.3329491e-176
4.6532369e-184
-9.1970078e-192
1.802944e-199
-3.5370218e-207
6.9170607e-215
-1.3385976e-222
2.5920035e-230
-4.9921242e-238
9.4766905e-246
-1.7989982e-253
3.4041067e-261
-6.4433185e-269
-7.2001768e-273
-7.0109501e-273
-8.1462149e-273
-9.9764803e-273
-5.3518922e-273
-1.292762e-274
-3.9372987e-278
1.1336013e-272
-2.9216456e-11
1.7375171e-24
-4.9568305e-37
1.9285115e-48
1.3670639e-58
3.5463742e-68
2.368662e-76
-4.064353e-84
8.7694458e-92
-1.9386041e-99
4.2165053e-107
-9.2347359e-115
1.9770116e-122
-4.22416e-130
9.0306373e-138
-1.9164279e-145
4.0188108e-153
-8.3136446e-161
1.7138872e-168
-3.5018011e-176
7.142386e-184
-1.4499912e-191
2.9402317e-199
-5.9330272e-207
1.1775177e-214
-2.3345429e-222
4.6022383e-230
-9.0195508e-238
1.7905386e-245
-3.4613143e-253
6.7025909e-261
-1.2975905e-268
2.4798459e-276
1.3479088e-280
1.5532357e-280
1.8456259e-280
9.0053493e-281
1.4949462e-282
2.9492044e-286
-1.265182e-280
-2.9218046e-11
1.7381141e-24
-4.9591965e-37
1.9208213e-48
1.4001002e-58
3.6693442e-68
2.3932216e-76
-4.2754207e-84
9.3247987e-92
-2.1334998e-99
4.8636479e-107
-1.0836763e-114
2.3920113e-122
-5.2759788e-130
1.1601999e-137
-2.5236103e-145
5.4296677e-153
-1.1455273e-160
2.4111559e-168
-5.0575807e-176
1.060538e-183
-2.1934104e-191
4.5522568e-199
-9.3376258e-207
1.9011355e-214
-3.8353946e-222
7.714642e-230
-1.5540615e-237
3.1249744e-245
-6.1817397e-253
1.2245881e-260
-2.406907e-268
4.7184198e-276
-9.2203882e-284
-3.0106712e-288
-3.486203e-288
-1.53833e-288
-1.7725349e-290
-2.2319438e-294
1.4417562e-288
-2.9219418e-11
1.7386309e-24
-4.9612615e-37
1.9142941e-48
1.430161e-58
3.7809808e-68
2.4277177e-76
-4.5023493e-84
1.0261422e-91
-2.4194034e-99
5.6404338e-107
-1.2986267e-114
2.9885987e-122
-6.7795081e-130
1.512533e-137
-3.3792931e-145
7.4748106e-153
-1.6450794e-160
3.6057093e-168
-7.8997427e-176
1.7100063e-183
-3.7099605e-191
7.8907576e-199
-1.6728652e-206
3.4652706e-214
-7.3019525e-222
1.509046e-229
-3.1044592e-237
6.3125867e-245
-1.2872229e-252
2.6329736e-260
-5.3392681e-268
1.0793604e-275
-2.1837103e-283
4.3855972e-291
6.9075493e-296
2.7171826e-296
2.1249235e-298
1.7034172e-302
-1.6569517e-296
-2.9220604e-11
1.7390792e-24
-4.9630681e-37
1.9087287e-48
1.4572393e-58
3.8825825e-68
2.4587533e-76
-4.7185436e-84
1.1004923e-91
-2.6231565e-99
6.2678065e-107
-1.4809889e-114
3.5114615e-122
-8.1688371e-130
1.88377e-137
-4.2757457e-145
9.6672075e-153
-2.1674196e-160
4.8531044e-168
-1.0695149e-175
2.3464794e-183
-5.1541297e-191
1.119048e-198
-2.427312e-206
5.2821491e-214
-1.1220585e-221
2.380654e-229
-5.0987817e-237
1.0724018e-244
-2.2408003e-252
4.715382e-260
-9.7734912e-268
2.0016052e-275
-4.153234e-283
8.4660609e-291
-1.7168243e-298
-4.8006641e-304
-2.5855153e-306
-1.3239469e-310
1.9507021e-304
-2.9221631e-11
1.7394688e-24
-4.9646512e-37
1.9039777e-48
1.481761e-58
3.974099e-68
2.4777623e-76
-4.9524348e-84
1.1887908e-91
-2.9652116e-99
7.3574866e-107
-1.8097683e-114
4.4636118e-122
-1.0702658e-129
2.4954817e-137
-5.8923116e-145
1.3709592e-152
-3.146756e-160
7.2559492e-168
-1.6592404e-175
3.7495377e-183
-8.4890927e-191
1.91184e-198
-4.2365066e-206
9.1942946e-214
-2.0225704e-221
4.4643792e-229
-9.6135936e-237
2.0614061e-244
-4.4429273e-252
9.577839e-260
-2.0557028e-267
4.3769635e-275
-9.2994949e-283
1.9714997e-290
-4.0540148e-298
7.4153699e-306
5.6482398e-314
3.7908982e-314
-2.8451739e-312
-2.9222518e-11
1.739808e-24
-4.9660417e-37
1.8998946e-48
1.5037404e-58
4.0567178e-68
2.492444e-76
-5.0490536e-84
1.2521507e-91
-3.2149824e-99
8.2061276e-107
-2.0697746e-114
5.208082e-122
-1.2924845e-129
3.154239e-137
-7.6156186e-145
1.8203847e-152
-4.3712557e-160
1.0351572e-167
-2.4359194e-175
5.6398885e-183
-1.2847495e-190
2.9355459e-198
-6.6560647e-206
1.5147559e-213
-3.3799783e-221
7.5626634e-229
-1.6823464e-236
3.7211345e-244
-8.1874825e-252
1.7872892e-259
-3.9180399e-267
8.5473695e-275
-1.8514022e-282
4.0174662e-290
-8.5369351e-298
1.6049022e-305
2.9722364e-313
5.9781416e-314
-1.8502336e-313
-2.9223285e-11
1.7401039e-24
-4.9672654e-37
1.8963913e-48
1.5234381e-58
4.1298741e-68
2.5062221e-76
-5.2703859e-84
1.3546167e-91
-3.6073846e-99
9.5250077e-107
-2.4391713e-114
6.2970348e-122
-1.6289594e-129
4.1298508e-137
-1.0239658e-144
2.5520721e-152
-6.2967655e-160
1.5278286e-167
-3.7081491e-175
8.9420589e-183
-2.1072292e-190
4.9205449e-198
-1.1473018e-205
2.672621e-213
-6.1308373e-221
1.4048906e-228
-3.2578104e-236
7.4164746e-244
-1.6720375e-251
3.8171884e-259
-8.5313384e-267
1.8927259e-274
-4.2382116e-282
9.3704439e-290
-2.0577202e-297
3.9467728e-305
-6.0485118e-313
3.3268244e-314
-2.0031781e-313
-2.9223949e-11
1.7403625e-24
-4.9683461e-37
1.8933646e-48
1.5412027e-58
4.1977155e-68
2.5316016e-76
-5.6421415e-84
1.5291449e-91
-4.2417024e-99
1.1503188e-106
-3.0440934e-114
8.1267187e-122
-2.1030066e-129
5.4985403e-137
-1.4131002e-144
3.6080406e-152
-9.1209304e-160
2.3008866e-167
-5.747259e-175
1.4161392e-182
-3.4462864e-190
8.2342184e-198
-1.9841993e-205
4.8004379e-213
-1.1247023e-220
2.6405652e-228
-6.2076243e-236
1.4379891e-243
-3.3148407e-251
7.6146344e-259
-1.7628906e-266
4.1187532e-274
-9.4236409e-282
2.147665e-289
-4.7744043e-297
9.2885477e-305
-1.0442367e-312
-1.1711207e-313
-2.1639125e-313
-2.9224522e-11
1.7405889e-24
-4.9693008e-37
1.8907436e-48
1.557112e-58
4.2563079e-68
2.5305955e-76
-5.7134147e-84
1.566502e-91
-4.4456985e-99
1.2578387e-106
-3.4437676e-114
9.5206369e-122
-2.564473e-129
6.8424772e-137
-1.8160357e-144
4.7725885e-152
-1.2390213e-159
3.216681e-167
-8.1874122e-175
2.0572197e-182
-5.156092e-190
1.2790864e-197
-3.1409931e-205
7.8345134e-213
-1.914322e-220
4.6368107e-228
-1.1173943e-235
2.6889952e-243
-6.4790513e-251
1.5393325e-258
-3.6540931e-266
8.6242017e-274
-2.0506427e-281
4.7647715e-289
-1.0945141e-296
2.2071569e-304
-3.091137e-312
-1.0004871e-313
-1.3083687e-313
-2.9225016e-11
1.7407873e-24
-4.9701489e-37
1.888479e-48
1.5711887e-58
4.3102892e-68
2.538404e-76
-5.8898944e-84
1.6463893e-91
-4.8406363e-99
1.3986825e-106
-3.9850571e-114
1.1194155e-121
-3.0976909e-129
8.5516285e-137
-2.3423321e-144
6.2969455e-152
-1.6946642e-159
4.4509959e-167
-1.1810077e-174
3.0770994e-182
-7.8948163e-190
2.0128026e-197
-5.0718507e-205
1.269881e-212
-3.1755233e-220
7.8985434e-228
-1.9348967e-235
4.7789067e-243
-1.1681145e-250
2.8502606e-258
-6.8703025e-266
1.6738616e-273
-4.0467026e-281
9.6972113e-289
-2.2761538e-296
4.6852139e-304
-6.4467173e-312
9.7879901e-314
-1.1988264e-313
-2.9225441e-11
1.7409615e-24
-4.970903e-37
1.8865038e-48
1.5839059e-58
4.3570035e-68
2.5475209e-76
-6.1772966e-84
1.8161542e-91
-5.5576798e-99
1.6791847e-106
-4.9647519e-114
1.4397305e-121
-4.1725485e-129
1.1906668e-136
-3.3422135e-144
9.1834404e-152
-2.5394867e-159
6.9487857e-167
-1.8869388e-174
5.0619136e-182
-1.3346064e-189
3.5211302e-197
-9.1852215e-205
2.4135674e-212
-6.3610384e-220
1.6289145e-227
-4.2003127e-235
1.0808746e-242
-2.7400006e-250
6.8143599e-258
-1.7119719e-265
4.1995984e-273
-1.0448853e-280
2.5844399e-288
-6.1815399e-296
1.3038266e-303
-1.7630729e-311
-6.1876075e-314
-2.8450623e-313
-2.9225803e-11
1.7411146e-24
-4.9715753e-37
1.8847906e-48
1.5952525e-58
4.3995481e-68
2.5463213e-76
-6.3690691e-84
1.9125785e-91
-5.8686964e-99
1.8429461e-106
-5.6600842e-114
1.7019879e-121
-5.1057471e-129
1.4943597e-136
-4.3593004e-144
1.2562038e-151
-3.5847541e-159
1.0145812e-166
-2.8432366e-174
7.7240518e-182
-2.1198572e-189
5.7460618e-197
-1.5615545e-204
4.1367223e-212
-1.0987568e-219
2.9157618e-227
-7.691819e-235
2.0040736e-242
-5.2099367e-250
1.3698084e-257
-3.5681705e-265
9.1567754e-273
-2.3431708e-280
5.9212877e-288
-1.4678828e-295
3.195331e-303
-4.3294912e-311
1.3942777e-313
-1.1940261e-313
-2.9226112e-11
1.7412495e-24
-4.9721769e-37
1.8832947e-48
1.605437e-58
4.4379007e-68
2.5474556e-76
-6.5035233e-84
2.0877311e-91
-6.7550187e-99
2.2098517e-106
-6.940007e-114
2.1520073e-121
-6.6455952e-129
2.010438e-136
-6.0542755e-144
1.7986486e-151
-5.255993e-159
1.5372739e-166
-4.4017377e-174
1.2554315e-181
-3.5388581e-189
9.9489063e-197
-2.7473297e-204
7.5581813e-212
-2.0469991e-219
5.566111e-227
-1.5087962e-234
4.0286446e-242
-1.1002509e-249
2.9234983e-257
-7.7767171e-265
2.0483175e-272
-5.3478412e-280
1.392603e-287
-3.5776475e-295
7.9005811e-303
-1.10114e-310
-1.8297232e-313
5.9172819e-314
-2.9226372e-11
1.7413683e-24
-4.9727163e-37
1.8819876e-48
1.6145598e-58
4.47154e-68
2.556063e-76
-6.8308886e-84
2.1877855e-91
-7.3869398e-99
2.4700115e-106
-8.1648618e-114
2.6240593e-121
-8.4255146e-129
2.6502444e-136
-8.2170323e-144
2.530837e-151
-7.8392919e-159
2.3540362e-166
-7.0299929e-174
2.0508591e-181
-5.9181845e-189
1.6858297e-196
-4.8172112e-204
1.362843e-211
-3.7943708e-219
1.0665995e-226
-2.9873582e-234
8.4601397e-242
-2.3263742e-249
6.4115734e-257
-1.756886e-264
4.8092104e-272
-1.3075251e-279
3.5250243e-287
-9.2560666e-295
2.1252444e-302
-2.9823491e-310
-1.9181053e-313
-5.1335902e-314
-2.9226588e-11
1.741473e-24
-4.9732018e-37
1.8808451e-48
1.6228531e-58
4.5025502e-68
2.5496149e-76
-6.957396e-84
2.3276234e-91
-8.2604773e-99
2.8961824e-106
-9.9075447e-114
3.3401971e-121
-1.1243017e-128
3.6605295e-136
-1.1735811e-143
3.7058377e-151
-1.1473632e-158
3.5888997e-166
-1.0948182e-173
3.3198249e-181
-1.0033747e-188
3.0107781e-196
-8.8599572e-204
2.5839776e-211
-7.5766115e-219
2.2074014e-226
-6.4005217e-234
1.8234843e-241
-5.2000985e-249
1.4555818e-256
-4.0374494e-264
1.1197958e-271
-3.1186087e-279
8.7990739e-287
-2.3818815e-294
5.4836544e-302
-7.8082859e-310
1.672608e-313
-1.1507033e-313
-2.9226764e-11
1.7415654e-24
-4.9736421e-37
1.8798455e-48
1.6300761e-58
4.5299506e-68
2.543808e-76
-7.2378084e-84
2.5793662e-91
-9.4506404e-99
3.3728449e-106
-1.2266136e-113
4.2480299e-121
-1.4420091e-128
4.8624668e-136
-1.6079598e-143
5.2316004e-151
-1.6820798e-158
5.3834229e-166
-1.6929656e-173
5.3548846e-181
-1.6724439e-188
5.0267809e-196
-1.5150374e-203
4.5800956e-211
-1.3862699e-218
4.212867e-226
-1.2752738e-233
3.728792e-241
-1.0804173e-248
3.1744336e-256
-9.2961289e-264
2.6874214e-271
-7.8116355e-279
2.2140382e-286
-6.0824367e-294
1.4265072e-301
-2.0798408e-309
1.9827146e-313
-1.4369279e-314
-2.9226905e-11
1.741647e-24
-4.974043e-37
1.8789631e-48
1.6368078e-58
4.5540652e-68
2.5411833e-76
-7.4765788e-84
2.7306534e-91
-1.0410374e-98
3.9180494e-106
-1.437564e-113
5.2003802e-121
-1.8866356e-128
6.5825545e-136
-2.2741404e-143
7.8359539e-151
-2.6114851e-158
8.6830464e-166
-2.8433054e-173
9.1781163e-181
-2.9515404e-188
9.3300234e-196
-2.9186381e-203
9.0416434e-211
-2.7968424e-218
8.636164e-226
-2.6501711e-233
8.1168441e-241
-2.4592377e-248
7.5101928e-256
-2.2587097e-263
6.7918096e-271
-2.0198277e-278
5.9347329e-286
-1.6999493e-293
4.0997325e-301
-6.0124418e-309
-1.2996884e-313
-1.8324939e-313
-2.9227011e-11
1.741719e-24
-4.9744065e-37
1.8781985e-48
1.6427769e-58
4.5771182e-68
2.5424423e-76
-7.6297512e-84
2.9222969e-91
-1.1467523e-98
4.4487225e-106
-1.7168721e-113
6.4169678e-121
-2.3579175e-128
8.5564918e-136
-3.1280621e-143
1.1228429e-150
-3.8850629e-158
1.3327575e-165
-4.4962924e-173
1.5081426e-180
-4.9958032e-188
1.6458904e-195
-5.4349841e-203
1.7361446e-210
-5.526792e-218
1.7709257e-225
-5.5955019e-233
1.7385644e-240
-5.390037e-248
1.6439854e-255
-5.0683839e-263
1.5471874e-270
-4.6676847e-278
1.4361334e-285
-4.1900737e-293
1.0510602e-300
-1.5825366e-308
1.5484709e-313
1.0923187e-313
-2.9227086e-11
1.7417823e-24
-4.97474e-37
1.8775239e-48
1.64824e-58
4.5967219e-68
2.533036e-76
-7.9813416e-84
3.153981e-91
-1.3081686e-98
5.3430602e-106
-2.1478552e-113
8.3040276e-121
-3.1430976e-128
1.1812276e-135
-4.4165451e-143
1.6047101e-150
-5.6988763e-158
2.017848e-165
-7.0368396e-173
2.4082664e-180
-8.3034191e-188
2.8116407e-195
-9.5203005e-203
3.1735558e-210
-1.0503365e-217
3.4129465e-225
-1.1200878e-232
3.6042596e-240
-1.1732401e-247
3.8503929e-255
-1.2110686e-262
3.907636e-270
-1.2405218e-277
3.8429661e-285
-1.1778016e-292
2.9884254e-300
-4.5625086e-308
6.6975751e-314
-1.5528492e-313
-2.9227133e-11
1.7418381e-24
-4.9750476e-37
1.8769282e-48
1.6532674e-58
4.6157806e-68
2.5347036e-76
-8.2101873e-84
3.3777463e-91
-1.4802847e-98
6.1464742e-106
-2.5929916e-113
1.0748693e-120
-4.1933269e-128
1.612641e-135
-6.2457466e-143
2.315673e-150
-8.7348189e-158
3.155092e-165
-1.1545523e-172
4.134099e-180
-1.4615089e-187
5.1758932e-195
-1.7945982e-202
6.2719029e-210
-2.1394903e-217
7.2640859e-225
-2.486645e-232
8.3427305e-240
-2.727238e-247
8.9858241e-255
-2.9670883e-262
9.6905675e-270
-3.1341786e-277
9.862668e-285
-3.0999564e-292
8.2622666e-300
-1.2711103e-307
1.6328729e-313
-1.0065958e-313
-2.9227151e-11
1.7418872e-24
-4.9753326e-37
1.8764045e-48
1.6577384e-58
4.632266e-68
2.5245805e-76
-8.3912564e-84
3.5562107e-91
-1.5663397e-98
6.9116786e-106
-2.936506e-113
1.2285116e-120
-5.0190576e-128
2.0505625e-135
-8.2352763e-143
3.2292249e-150
-1.2572317e-157
4.8745178e-165
-1.8170977e-172
6.6076087e-180
-2.4536008e-187
8.8260234e-195
-3.2116172e-202
1.1241103e-209
-4.0239403e-217
1.4017533e-224
-4.9487126e-232
1.6960981e-239
-5.831269e-247
1.9572869e-254
-6.8146899e-262
2.2399563e-269
-7.4910791e-277
2.4930444e-284
-8.0426533e-292
2.2143166e-299
-3.4505777e-307
1.1773568e-313
-3.0403511e-313
-2.9227142e-11
1.7419303e-24
-4.9755984e-37
1.8759511e-48
1.6618846e-58
4.6474654e-68
2.5188322e-76
-8.8550375e-84
3.9696275e-91
-1.8714406e-98
8.6198838e-106
-3.942524e-113
1.7666677e-120
-7.6798642e-128
3.1926002e-135
-1.3226096e-142
5.3139499e-150
-2.133523e-157
8.3433411e-165
-3.219512e-172
1.220733e-179
-4.6548897e-187
1.7909087e-194
-6.6327315e-202
2.4900287e-209
-9.0994725e-217
3.3167678e-224
-1.2071693e-231
4.301611e-239
-1.5524492e-246
5.3784319e-254
-1.8883299e-261
6.5475142e-269
-2.2774814e-276
7.8403106e-284
-2.6028566e-291
7.2406287e-299
-1.1452577e-306
6.7932083e-314
-7.7878062e-314
-2.9227107e-11
1.7419678e-24
-4.9758473e-37
1.8755508e-48
1.6657626e-58
4.6610804e-68
2.5093079e-76
-9.0612513e-84
4.195096e-91
-2.1147351e-98
1.029917e-105
-4.6787072e-113
2.1955797e-120
-9.8635755e-128
4.3179312e-135
-1.8507635e-142
7.9863639e-150
-3.4126073e-157
1.38947e-164
-5.5860579e-172
2.1915273e-179
-8.6827411e-187
3.3022015e-194
-1.2790429e-201
4.8654372e-209
-1.8229718e-216
6.7926715e-224
-2.5461452e-231
9.4201383e-239
-3.4640581e-246
1.2422355e-253
-4.3680591e-261
1.5768884e-268
-5.6418509e-276
2.0203542e-283
-6.8357494e-291
1.909542e-298
-3.0493499e-306
1.7066057e-313
2.5459049e-313
-2.9227046e-11
1.7420003e-24
-4.9760823e-37
1.8751957e-48
1.6693218e-58
4.6743337e-68
2.5048909e-76
-9.276985e-84
4.6424503e-91
-2.3766406e-98
1.2295638e-105
-6.0041261e-113
2.7942745e-120
-1.3185237e-127
6.0471927e-135
-2.6902166e-142
1.1628159e-149
-5.1393528e-157
2.2149418e-164
-9.3506843e-172
3.9187015e-179
-1.623158e-186
6.6054556e-194
-2.6212255e-201
1.0623187e-208
-4.1227556e-216
1.591516e-223
-6.0867724e-231
2.3042184e-238
-8.7599055e-246
3.288782e-253
-1.2326239e-260
4.5836482e-268
-1.6836869e-275
6.1169903e-283
-2.177864e-290
6.3859852e-298
-1.0461661e-305
-3.6618543e-315
-9.7835374e-314
-2.9226958e-11
1.7420283e-24
-4.9763066e-37
1.8748946e-48
1.6726437e-58
4.6869571e-68
2.4947175e-76
-9.5220758e-84
4.8037776e-91
-2.5833663e-98
1.3487709e-105
-6.8720309e-113
3.4577477e-120
-1.7146155e-127
8.3302622e-135
-3.9013635e-142
1.7925086e-149
-7.8753187e-157
3.513014e-164
-1.5245627e-171
6.4703737e-179
-2.7526132e-186
1.1427924e-193
-4.7359379e-201
1.9442158e-208
-7.7510102e-216
3.1335828e-223
-1.2711695e-230
4.9951496e-238
-1.965706e-245
7.6709202e-253
-3.012124e-260
1.1640983e-267
-4.4433468e-275
1.6794594e-282
-6.196317e-290
1.8216734e-297
-3.029393e-305
-2.9846806e-314
-1.4052824e-313
-2.9226845e-11
1.7420521e-24
-4.976521e-37
1.8746286e-48
1.6756535e-58
4.6979201e-68
2.4895865e-76
-1.0021432e-83
5.1793261e-91
-3.0039898e-98
1.7066442e-105
-9.0605228e-113
4.7522032e-120
-2.4288454e-127
1.2367765e-134
-6.0093218e-142
2.8397173e-149
-1.3512365e-156
6.2864176e-164
-2.9001011e-171
1.3108888e-178
-5.830921e-186
2.5415194e-193
-1.088639e-200
4.6448358e-208
-1.9255192e-215
7.9519492e-223
-3.2598925e-230
1.3417493e-237
-5.5533599e-245
2.2499179e-252
-9.0433284e-260
3.5908259e-267
-1.4075922e-274
5.5773006e-282
-2.1611895e-289
6.7210977e-297
-1.1203601e-304
6.8778159e-313
7.4864877e-314
-2.9226705e-11
1.7420721e-24
-4.9767289e-37
1.8743983e-48
1.6786382e-58
4.7084897e-68
2.4904889e-76
-1.0241814e-83
5.8743011e-91
-3.5869826e-98
2.1081471e-105
-1.1970361e-112
6.6432605e-120
-3.6536133e-127
1.8788121e-134
-9.0996303e-142
4.5738688e-149
-2.2201432e-156
1.0674026e-163
-4.9155037e-171
2.3186571e-178
-1.0584766e-185
4.6396669e-193
-2.0888647e-200
9.2047951e-208
-3.9921769e-215
1.7061973e-222
-7.3096781e-230
3.0384991e-237
-1.2760305e-244
5.3178474e-252
-2.2704777e-259
9.2476781e-267
-3.7583151e-274
1.5326399e-281
-6.0171338e-289
1.8678627e-296
-3.1844661e-304
3.0245884e-312
-6.4668227e-314
-2.9226537e-11
1.7420882e-24
-4.9769312e-37
1.8742089e-48
1.6814719e-58
4.719767e-68
2.4756929e-76
-1.0723355e-83
6.403511e-91
-3.9663763e-98
2.4025659e-105
-1.4655441e-112
8.6445877e-120
-4.6548848e-127
2.4668302e-134
-1.3368093e-141
7.01455e-149
-3.6252839e-156
1.7915938e-163
-8.8605021e-171
4.2745629e-178
-2.063258e-185
9.4527298e-193
-4.4153078e-200
1.9628207e-207
-8.9366629e-215
4.0116276e-222
-1.7353738e-229
7.5764407e-237
-3.2970283e-244
1.4512841e-251
-6.3128623e-259
2.6556704e-266
-1.1342863e-273
4.7239253e-281
-1.9087041e-288
6.1325395e-296
-1.072843e-303
1.0240332e-311
-2.6395106e-313
-2.922634e-11
1.7421011e-24
-4.9771308e-37
1.8740382e-48
1.6841043e-58
4.7286668e-68
2.4740804e-76
-1.1190754e-83
6.6462193e-91
-4.4473467e-98
2.9044611e-105
-1.7593489e-112
1.0617037e-119
-6.1916795e-127
3.5657122e-134
-2.0238643e-141
1.1076493e-148
-5.9314585e-156
3.1310819e-163
-1.6089881e-170
7.9332174e-178
-3.9832622e-185
1.954994e-192
-9.3956195e-200
4.6300081e-207
-2.2001078e-214
1.0435502e-221
-4.7795926e-229
2.2334266e-236
-1.0223732e-243
4.6167628e-251
-2.0583895e-258
9.2273426e-266
-4.088686e-273
1.7755646e-280
-7.5586195e-288
2.5305298e-295
-4.4206051e-303
4.1842803e-311
-1.5989022e-313
-2.9226113e-11
1.7421106e-24
-4.9773279e-37
1.8739071e-48
1.6867631e-58
4.7393872e-68
2.4675269e-76
-1.1406472e-83
7.4532206e-91
-5.1629623e-98
3.597231e-105
-2.3620655e-112
1.4854839e-119
-9.0927319e-127
5.3454266e-134
-3.170021e-141
1.7996957e-148
-9.9145787e-156
5.4266666e-163
-2.86399e-170
1.4870562e-177
-7.7552041e-185
3.8524985e-192
-1.9705966e-199
9.8711089e-207
-4.7676996e-214
2.2303215e-221
-1.0872669e-228
5.1052648e-236
-2.4081478e-243
1.10493e-250
-5.2352024e-258
2.3738704e-265
-1.0849005e-272
4.9398073e-280
-2.1521119e-287
7.4388342e-295
-1.3208862e-302
1.2575305e-310
3.3474334e-314
-2.9225854e-11
1.7421169e-24
-4.9775261e-37
1.8737967e-48
1.689354e-58
4.7487325e-68
2.4628623e-76
-1.2054851e-83
8.004142e-91
-5.8803787e-98
4.233813e-105
-2.9619332e-112
1.9734921e-119
-1.2365462e-126
8.0766246e-134
-4.8631802e-141
2.973393e-148
-1.7299836e-155
1.0112351e-162
-5.7040812e-170
3.1897225e-177
-1.7165581e-184
9.1184319e-192
-4.8649639e-199
2.4841494e-206
-1.2665258e-213
6.3807296e-221
-3.2221898e-228
1.6174323e-235
-7.774467e-243
3.8485081e-250
-1.8572352e-257
8.8976772e-265
-4.2197761e-272
1.9703703e-279
-8.7880613e-287
3.1752401e-294
-5.7473687e-302
5.4946517e-310
4.1413768e-314
-2.9225561e-11
1.7421202e-24
-4.9777264e-37
1.873719e-48
1.6918973e-58
4.7587998e-68
2.457191e-76
-1.2116769e-83
9.0786287e-91
-6.8529917e-98
5.1110428e-105
-3.7889117e-112
2.7147591e-119
-1.7854914e-126
1.1349116e-133
-7.1877351e-141
4.4488399e-148
-2.7288429e-155
1.6263592e-162
-9.3874187e-170
5.4227989e-177
-3.030668e-184
1.6317477e-191
-8.8670308e-199
4.7125978e-206
-2.4611197e-213
1.2880177e-220
-6.5405388e-228
3.3151737e-235
-1.6826619e-242
8.57837e-250
-4.2639748e-257
2.1020317e-264
-1.0427793e-271
5.1629727e-279
-2.4170303e-286
8.8484668e-294
-1.6145477e-301
1.5576432e-309
2.5485547e-313
-2.9225231e-11
1.7421205e-24
-4.9779293e-37
1.873657e-48
1.6943851e-58
4.7672802e-68
2.4643122e-76
-1.3031241e-83
9.9813449e-91
-8.1346864e-98
6.4113562e-105
-4.8954324e-112
3.6532464e-119
-2.577448e-126
1.7429275e-133
-1.1505809e-140
7.5242877e-148
-4.7905897e-155
3.0143111e-162
-1.855902e-169
1.1366274e-176
-6.8211044e-184
3.9644658e-191
-2.2896187e-198
1.2891566e-205
-7.2449974e-213
3.985972e-220
-2.1730293e-227
1.1830653e-234
-6.2333068e-242
3.28533e-249
-1.713494e-256
8.9278861e-264
-4.5856285e-271
2.3247418e-278
-1.1335651e-285
4.2536826e-293
-7.9375057e-301
7.7395883e-309
-3.9407972e-313
-2.9224861e-11
1.7421176e-24
-4.9781373e-37
1.8736198e-48
1.6969212e-58
4.7781325e-68
2.4538335e-76
-1.3388834e-83
1.0396715e-90
-8.6256295e-98
7.5046092e-105
-6.0786275e-112
4.7496747e-119
-3.5209845e-126
2.6365994e-133
-1.8809694e-140
1.2972488e-147
-8.4408091e-155
5.5595136e-162
-3.4936317e-169
2.1762677e-176
-1.3525835e-183
8.3568804e-191
-4.9008928e-198
2.9348545e-205
-1.7320189e-212
9.7522317e-220
-5.4994006e-227
3.1277879e-234
-1.7343607e-241
9.8414674e-249
-5.2259561e-256
2.8051485e-263
-1.5084032e-270
8.0713699e-278
-4.1462611e-285
1.5894853e-292
-2.9957953e-300
2.9596796e-308
-3.5892716e-313
-2.9224448e-11
1.7421116e-24
-4.9783525e-37
1.87361e-48
1.6994304e-58
4.788554e-68
2.4551197e-76
-1.4477141e-83
1.270273e-90
-1.1578232e-97
1.0625951e-104
-9.3195366e-112
7.9319024e-119
-6.5268556e-126
4.9830046e-133
-3.8602476e-140
2.8079063e-147
-1.8908098e-154
1.2782008e-161
-8.5640473e-169
5.7744511e-176
-3.757765e-183
2.3837617e-190
-1.5042179e-197
9.4361682e-205
-5.7805395e-212
3.2764743e-219
-1.8762704e-226
1.1361929e-233
-6.7140726e-241
3.8778925e-248
-2.1810346e-255
1.2400135e-262
-6.9383845e-270
3.8884917e-277
-1.979665e-284
7.7554275e-292
-1.4781705e-299
1.4626758e-307
-3.269972e-313
-2.9223989e-11
1.7421025e-24
-4.9785756e-37
1.8736179e-48
1.7020938e-58
4.7978392e-68
2.4557186e-76
-1.4202033e-83
1.2825813e-90
-1.3077704e-97
1.2120716e-104
-1.2029357e-111
1.0410141e-118
-8.6654716e-126
6.8485113e-133
-5.3629707e-140
4.0731163e-147
-2.9420711e-154
2.109502e-161
-1.4927999e-168
1.0460637e-175
-6.9749001e-183
4.4338823e-190
-2.9444238e-197
1.9126964e-204
-1.1867235e-211
7.2493677e-219
-4.5971706e-226
2.8364897e-233
-1.729792e-240
1.0033539e-247
-6.145181e-255
3.7586334e-262
-2.2958962e-269
1.3166663e-276
-6.9377091e-284
2.8286701e-291
-5.4738406e-299
5.4655477e-307
-8.5727159e-314
-2.9223477e-11
1.7420899e-24
-4.9788086e-37
1.8736549e-48
1.7046975e-58
4.8093357e-68
2.4485808e-76
-1.5034405e-83
1.4638902e-90
-1.5048708e-97
1.5752896e-104
-1.5092986e-111
1.437434e-118
-1.2592824e-125
1.1193451e-132
-9.0994636e-140
7.4605741e-147
-5.6950404e-154
4.2380148e-161
-3.228787e-168
2.3775942e-175
-1.7233204e-182
1.1703483e-189
-7.8540923e-197
5.3100841e-204
-3.499883e-211
2.3677705e-218
-1.4807996e-225
9.6010346e-233
-6.0190143e-240
3.775623e-247
-2.281835e-254
1.3767602e-261
-8.2501114e-269
4.9948605e-276
-2.8092566e-283
1.1725524e-290
-2.3269773e-298
2.3296958e-306
1.1291803e-313
-2.9222909e-11
1.7420738e-24
-4.9790532e-37
1.8737132e-48
1.7075464e-58
4.8203106e-68
2.4479433e-76
-1.5469338e-83
1.6158029e-90
-2.0640858e-97
2.2103207e-104
-2.3413693e-111
2.2838844e-118
-2.1993256e-125
2.0672876e-132
-1.8381186e-139
1.4833711e-146
-1.2561114e-153
9.7499588e-161
-7.6795699e-168
5.8692439e-175
-4.5653911e-182
3.3497859e-189
-2.4401271e-196
1.7527127e-203
-1.2022514e-210
8.1770989e-218
-5.634264e-225
3.8471102e-232
-2.4680931e-239
1.6367015e-246
-1.0853995e-253
7.0276286e-261
-4.397276e-268
2.6979221e-275
-1.6468316e-282
7.1641207e-290
-1.4193689e-297
1.4248873e-305
-1.2466789e-313
-2.9222279e-11
1.7420539e-24
-4.9793131e-37
1.8737936e-48
1.7104625e-58
4.8321824e-68
2.4492873e-76
-1.672712e-83
1.8302542e-90
-2.2289391e-97
2.6062294e-104
-3.0304563e-111
3.1675715e-118
-3.2764297e-125
3.1341153e-132
-2.8512855e-139
2.6229382e-146
-2.3207742e-153
2.083461e-160
-1.6702103e-167
1.3096135e-174
-9.8306596e-182
7.6840617e-189
-5.727012e-196
4.173648e-203
-3.0419916e-210
2.2399226e-217
-1.5934871e-224
1.1266901e-231
-7.8949074e-239
5.3396053e-246
-3.678403e-253
2.4301029e-260
-1.6189784e-267
1.0861727e-274
-6.6751736e-282
3.0574184e-289
-6.160815e-297
6.2722606e-305
-1.2054202e-312
-2.9221578e-11
1.7420299e-24
-4.9795883e-37
1.8739053e-48
1.7134741e-58
4.8444727e-68
2.4422511e-76
-1.6897439e-83
2.0740961e-90
-2.7213966e-97
3.6408704e-104
-4.6742719e-111
5.3052899e-118
-6.2308825e-125
6.4186847e-132
-6.463456e-139
6.118592e-146
-5.7922123e-153
5.2372819e-160
-4.655914e-167
4.0299544e-174
-3.4547269e-181
2.8141156e-188
-2.2531986e-195
1.7323276e-202
-1.2915626e-209
9.8316748e-217
-7.5038187e-224
5.5986874e-231
-4.0616371e-238
2.9258069e-245
-2.0779934e-252
1.4505858e-259
-9.9702744e-267
7.0021846e-274
-4.4789555e-281
2.0358718e-288
-4.1708518e-296
4.3027283e-304
-8.8770957e-312
-2.9220799e-11
1.7420013e-24
-4.9798815e-37
1.8740459e-48
1.7166936e-58
4.8588824e-68
2.4473904e-76
-1.7530186e-83
2.2422327e-90
-3.1634139e-97
4.5477042e-104
-6.2806204e-111
8.2095155e-118
-9.2199469e-125
9.6135559e-132
-1.0085249e-138
1.0622139e-145
-9.9730996e-153
9.2131395e-160
-8.8212928e-167
8.0397765e-174
-7.0711924e-181
5.9737215e-188
-5.1159489e-195
4.0533626e-202
-3.2985704e-209
2.5547628e-216
-2.0015008e-223
1.500268e-230
-1.1340531e-237
8.586393e-245
-6.4284082e-252
4.769945e-259
-3.3626792e-266
2.4303641e-273
-1.6561341e-280
7.9126518e-288
-1.6404451e-295
1.6863233e-303
-3.3605169e-311
-2.9219934e-11
1.7419678e-24
-4.9801957e-37
1.8742177e-48
1.7200704e-58
4.8731052e-68
2.4501505e-76
-1.8787158e-83
2.4574759e-90
-3.8321631e-97
5.3853032e-104
-7.2303587e-111
9.8423236e-118
-1.260661e-124
1.4750264e-131
-1.6392168e-138
1.6955443e-145
-1.7853689e-152
1.7795596e-159
-1.8003098e-166
1.758625e-173
-1.5403035e-180
1.4110591e-187
-1.2137126e-194
1.0679111e-201
-8.9079456e-209
7.6124318e-216
-6.2118552e-223
5.1801976e-230
-3.9950794e-237
3.1593416e-244
-2.4278074e-251
1.9345262e-258
-1.5168669e-265
1.1302641e-272
-8.1163995e-280
3.880205e-287
-8.1085195e-295
8.4023992e-303
-1.6814817e-310
-2.921897e-11
1.7419286e-24
-4.9805321e-37
1.8744235e-48
1.7236806e-58
4.8876761e-68
2.4476046e-76
-2.028507e-83
2.984459e-90
-5.5352147e-97
8.6038627e-104
-1.3363239e-110
1.9165432e-117
-2.7451989e-124
3.5220686e-131
-4.2103353e-138
4.7431523e-145
-5.4722531e-152
5.8348064e-159
-6.0633844e-166
5.9745684e-173
-5.723233e-180
5.0920384e-187
-4.8461385e-194
4.4605256e-201
-4.1881039e-208
3.6243367e-215
-3.219085e-222
2.7388836e-229
-2.2565314e-236
1.8191984e-243
-1.5580551e-250
1.2651544e-257
-1.019262e-264
8.2635915e-272
-6.0406854e-279
3.0454184e-286
-6.5540194e-294
6.8391732e-302
-1.3980592e-309
-2.9217895e-11
1.7418833e-24
-4.9808943e-37
1.8746684e-48
1.7276141e-58
4.9054543e-68
2.4536758e-76
-2.037561e-83
3.2134725e-90
-6.2285526e-97
1.0942813e-103
-1.7240947e-110
2.5665927e-117
-3.6359801e-124
5.3680391e-131
-7.1815093e-138
8.5910373e-145
-1.03987e-151
1.1722525e-158
-1.2285708e-165
1.2878813e-172
-1.3240269e-179
1.3504226e-186
-1.3540532e-193
1.3480774e-200
-1.2652978e-207
1.2209263e-214
-1.1334563e-221
9.9033709e-229
-8.8700372e-236
7.685749e-243
-6.8203436e-250
5.7268833e-257
-4.913759e-264
4.0553087e-271
-3.224883e-278
1.671525e-285
-3.582006e-293
3.765691e-301
-7.7474356e-309
-2.9216694e-11
1.7418307e-24
-4.9812865e-37
1.874954e-48
1.7317205e-58
4.9229812e-68
2.4553251e-76
-2.3426203e-83
3.9170099e-90
-8.5153539e-97
1.6429277e-103
-2.7693653e-110
4.3826222e-117
-6.9262706e-124
1.066481e-130
-1.484436e-137
1.9693185e-144
-2.405126e-151
2.7747402e-158
-3.3509523e-165
3.991241e-172
-4.4583988e-179
4.5865907e-186
-4.7490465e-193
4.9712789e-200
-4.8158433e-207
4.5088266e-214
-4.1509066e-221
4.1822083e-228
-3.8853491e-235
3.5578216e-242
-3.3340713e-249
3.0956061e-256
-2.6991464e-263
2.3639074e-270
-1.8905704e-277
1.0055564e-284
-2.201019e-292
2.3249783e-300
-4.9042228e-308
-2.9215348e-11
1.7417696e-24
-4.9817085e-37
1.8752869e-48
1.736172e-58
4.9417298e-68
2.4647239e-76
-2.3617446e-83
4.9022374e-90
-1.0297586e-96
2.2971931e-103
-4.2818335e-110
8.0577678e-117
-1.3391766e-123
2.0622674e-130
-3.2666433e-137
4.3648043e-144
-5.9212562e-151
7.6751631e-158
-9.6762531e-165
1.1669894e-171
-1.3118823e-178
1.5194406e-185
-1.7490691e-192
1.9524289e-199
-2.1397498e-206
2.1715206e-213
-2.2480749e-220
2.2341327e-227
-2.2692725e-234
2.2832493e-241
-2.1644478e-248
2.0757506e-255
-1.993492e-262
1.9340859e-269
-1.6881596e-276
9.4459231e-284
-2.0698224e-291
2.1945159e-299
-4.6519427e-307
-2.9213836e-11
1.7416987e-24
-4.982167e-37
1.8756827e-48
1.7409703e-58
4.9638345e-68
2.4711484e-76
-2.3712704e-83
4.824887e-90
-1.4433825e-96
3.6517921e-103
-6.8693169e-110
1.1901042e-116
-2.0805243e-123
3.7169606e-130
-5.9948986e-137
8.6057296e-144
-1.3132054e-150
1.8363327e-157
-2.3968438e-164
3.0671216e-171
-3.7983504e-178
4.7805204e-185
-5.613338e-192
6.8171889e-199
-7.4349751e-206
8.7624245e-213
-9.3959512e-220
1.0236737e-226
-1.0603735e-233
1.1104646e-240
-1.1172524e-247
1.0936616e-254
-1.1166443e-261
1.0810524e-268
-9.6535515e-276
5.567217e-283
-1.2431581e-290
1.3293148e-298
-2.8371874e-306
-2.9212133e-11
1.7416166e-24
-4.982664e-37
1.8761363e-48
1.746212e-58
4.9870753e-68
2.4755019e-76
-2.5140383e-83
5.9774008e-90
-2.0321803e-96
5.4210511e-103
-1.227994e-109
3.0233351e-116
-5.271377e-123
9.2161665e-130
-1.6520586e-136
2.7032383e-143
-4.089985e-150
5.8246356e-157
-8.1571365e-164
1.114491e-170
-1.5718151e-177
1.9133169e-184
-2.3492937e-191
2.8298489e-198
-3.6047671e-205
4.3373868e-212
-5.1136499e-219
5.4103874e-226
-5.977939e-233
6.3148006e-240
-6.6676051e-247
7.5159395e-254
-7.7588643e-261
8.3010009e-268
-8.083835e-275
4.7699458e-282
-1.0862428e-289
1.1641374e-297
-2.5223975e-305
-2.9210206e-11
1.7415209e-24
-4.9832036e-37
1.8766807e-48
1.7516037e-58
5.0118294e-68
2.4862232e-76
-2.5691313e-83
6.3433786e-90
-1.9285493e-96
5.9844096e-103
-1.5713309e-109
3.4437998e-116
-7.1905472e-123
1.5143553e-129
-2.690582e-136
4.7575046e-143
-7.9649766e-150
1.2758473e-156
-1.9128024e-163
2.9216592e-170
-3.9196963e-177
5.714164e-184
-7.3137811e-191
9.9795945e-198
-1.2173914e-204
1.5191843e-211
-2.0258948e-218
2.4786004e-225
-3.0542306e-232
3.6611832e-239
-4.4222482e-246
5.1346182e-253
-5.8570473e-260
6.0906226e-267
-5.9442617e-274
3.6660273e-281
-8.2575256e-289
8.913079e-297
-1.9737108e-304
-2.9208017e-11
1.7414091e-24
-4.983789e-37
1.8773066e-48
1.7576382e-58
5.0392072e-68
2.5036894e-76
-2.6723209e-83
6.9634516e-90
-2.8532055e-96
8.3398488e-103
-2.1843602e-109
6.1022056e-116
-1.3684453e-122
3.1481663e-129
-6.7190057e-136
1.2788408e-142
-2.3588694e-149
4.2903459e-156
-6.7212201e-163
1.1305611e-169
-1.6958571e-176
2.7600566e-183
-4.0904882e-190
5.7053264e-197
-8.0331965e-204
1.084543e-210
-1.3809822e-217
1.7635534e-224
-2.2079503e-231
2.7407938e-238
-3.4000052e-245
4.1339649e-252
-5.1716876e-259
6.1477401e-266
-6.5229649e-273
4.0900932e-280
-9.4389147e-288
1.0319851e-295
-2.323061e-303
-2.9205519e-11
1.7412775e-24
-4.9844246e-37
1.8780444e-48
1.7642188e-58
5.0687975e-68
2.5154536e-76
-3.0717377e-83
9.2226199e-90
-3.5195252e-96
1.3644228e-102
-4.2823815e-109
1.2196643e-115
-3.4994461e-122
7.9158889e-129
-1.7784254e-135
3.4362674e-142
-7.4446122e-149
1.2791201e-155
-2.2535616e-162
4.0725656e-169
-6.6997168e-176
1.1080147e-182
-1.6723052e-189
2.5385941e-196
-3.9806678e-203
5.6904141e-210
-8.4509977e-217
1.1845534e-223
-1.658978e-230
2.2653678e-237
-2.956231e-244
3.9928232e-251
-5.4435093e-258
7.2822193e-265
-8.1511931e-272
5.2543221e-279
-1.2512574e-286
1.3735485e-294
-3.1102442e-302
-2.9202652e-11
1.7411223e-24
-4.9851135e-37
1.8789029e-48
1.7710668e-58
5.1019692e-68
2.5359728e-76
-3.3158274e-83
1.0275446e-89
-4.489312e-96
1.7104465e-102
-7.8231663e-109
3.3574696e-115
-1.0640123e-121
2.6843042e-128
-6.6953471e-135
1.7923395e-141
-3.647125e-148
7.4167005e-155
-1.4668713e-161
2.9851457e-168
-5.3903511e-175
8.94882e-182
-1.557941e-188
2.594374e-195
-4.3041525e-202
6.8703126e-209
-1.0588985e-215
1.5648676e-222
-2.1778168e-229
3.1869271e-236
-4.5432881e-243
6.3371584e-250
-7.9344274e-257
1.1453536e-263
-1.5158394e-270
1.0264379e-277
-2.4278892e-285
2.6729923e-293
-6.1389384e-301
-2.9199341e-11
1.7409375e-24
-4.9858611e-37
1.8799242e-48
1.7786594e-58
5.1368998e-68
2.5546596e-76
-3.4256692e-83
1.8735221e-89
-2.2171856e-95
1.004702e-101
-5.5999861e-108
1.8208961e-114
-5.8065132e-121
1.7103067e-127
-5.1836448e-134
1.3231885e-140
-3.5667517e-147
8.6521895e-154
-1.7934909e-160
3.6238775e-167
-6.5074231e-174
1.1794256e-180
-2.2603575e-187
3.8262237e-194
-6.6711713e-201
1.1511169e-207
-1.9238169e-214
3.1154088e-221
-4.7374787e-228
8.2478426e-235
-1.2900566e-241
2.0087556e-248
-3.2196834e-255
5.0153292e-262
-6.845861e-269
4.8758574e-276
-1.1953723e-283
1.318122e-291
-3.0544406e-299
-2.919549e-11
1.740716e-24
-4.9866657e-37
1.8811288e-48
1.786729e-58
5.1753292e-68
2.5668291e-76
-3.5780439e-83
1.7432638e-89
-1.4061359e-95
8.3325903e-102
-3.6631353e-108
1.5913297e-114
-5.4639434e-121
1.7461527e-127
-4.562781e-134
1.3310749e-140
-3.2077811e-147
7.7319553e-154
-1.9007319e-160
4.2479901e-167
-8.5032813e-174
1.8386134e-180
-3.6637894e-187
7.0890668e-194
-1.2603233e-200
2.3526255e-207
-4.2584072e-214
8.2806948e-221
-1.4590951e-227
2.5085999e-234
-4.5909395e-241
7.1678636e-248
-1.095062e-254
1.7432381e-261
-2.3625702e-268
1.69647e-275
-4.1458077e-283
4.6094173e-291
-1.0775846e-298
-2.9190975e-11
1.7404482e-24
-4.9875302e-37
1.8825593e-48
1.7953502e-58
5.2175076e-68
2.5948526e-76
-3.5771547e-83
1.5289312e-89
-1.1347072e-95
1.0601425e-101
-5.5146906e-108
2.7228865e-114
-1.129736e-120
4.1286586e-127
-1.3545276e-133
4.0556791e-140
-1.2755996e-146
3.8703218e-153
-9.4306609e-160
2.0077543e-166
-5.1142809e-173
1.2023974e-179
-2.6140211e-186
5.3305081e-193
-1.1831446e-199
2.6291678e-206
-5.4220099e-213
1.0503026e-219
-1.8767109e-226
3.5058453e-233
-6.6260541e-240
1.3020927e-246
-2.5021985e-253
4.6526439e-260
-7.3849376e-267
5.9405137e-274
-1.5142088e-281
1.6883031e-289
-4.0374014e-297
-2.9185633e-11
1.7401212e-24
-4.9884497e-37
1.8842731e-48
1.8046355e-58
5.2633546e-68
2.6215758e-76
-3.6889959e-83
1.6404583e-89
-1.1193936e-95
8.3495599e-102
-4.2864109e-108
2.1813666e-114
-8.6308927e-121
3.3984723e-127
-1.1914706e-133
4.2514352e-140
-1.2289661e-146
3.7491987e-153
-9.2643688e-160
2.6412733e-166
-6.5725672e-173
1.4757395e-179
-3.7628005e-186
8.2754635e-193
-2.1131926e-199
4.8688779e-206
-1.0452941e-212
2.0292573e-219
-4.1564966e-226
8.4249989e-233
-1.7805505e-239
3.5074621e-246
-7.2297712e-253
1.3557494e-259
-2.270727e-266
1.9098976e-273
-4.7707e-281
5.3757542e-289
-1.2888848e-296
-2.9179247e-11
1.7397176e-24
-4.989418e-37
1.886336e-48
1.8144889e-58
5.3116029e-68
2.6582131e-76
-3.8905393e-83
2.1885381e-89
-2.3734452e-95
5.5725003e-101
-4.3419711e-107
2.8772123e-113
-2.5114055e-119
1.2286749e-125
-5.3045582e-132
2.2680043e-138
-7.4842416e-145
2.556841e-151
-7.2121412e-158
2.1837235e-164
-6.0768793e-171
1.8238898e-177
-4.7169251e-184
1.0766066e-190
-2.7625211e-197
7.3848595e-204
-1.6993827e-210
3.8496115e-217
-8.6227131e-224
2.1264216e-230
-4.9645435e-237
1.1504422e-243
-2.8095778e-250
5.577333e-257
-9.9940749e-264
8.0557007e-271
-2.0851922e-278
2.3653368e-286
-5.7096466e-294
-2.9171526e-11
1.739214e-24
-4.9904111e-37
1.8888211e-48
1.8244064e-58
5.3643943e-68
2.6930438e-76
-4.9136417e-83
3.7018978e-89
-3.1093959e-94
5.5142819e-100
-3.4687294e-106
2.2392657e-112
-1.834724e-118
9.4452713e-125
-6.6433655e-131
2.7761275e-137
-1.1911881e-143
4.7079143e-150
-1.7117145e-156
5.4741514e-163
-1.8381368e-169
7.0378717e-176
-2.2040879e-182
6.332643e-189
-1.9513775e-195
6.8763441e-202
-1.8764302e-208
5.4959805e-215
-1.7171433e-221
4.2381563e-228
-1.1387464e-234
2.92278e-241
-7.3536597e-248
1.628018e-254
-3.1843194e-261
2.7960177e-268
-7.2168822e-276
8.1785192e-284
-2.0093161e-291
-2.9162069e-11
1.7385772e-24
-4.9913995e-37
1.8918519e-48
1.8349539e-58
5.4205406e-68
2.7277025e-76
-4.7075463e-83
4.2468408e-89
-7.8256558e-95
1.1102914e-100
-1.5354135e-106
1.1589813e-112
-9.1942793e-119
4.8292552e-125
-3.4286859e-131
1.5401533e-137
-7.8121236e-144
3.0447021e-150
-1.5267294e-156
5.0792746e-163
-2.2052636e-169
7.5658685e-176
-2.7832467e-182
1.0306628e-188
-3.442446e-195
1.2005274e-201
-3.5538762e-208
9.4980855e-215
-3.0597509e-221
9.5973503e-228
-2.5830029e-234
8.4422074e-241
-2.4979483e-247
6.0902487e-254
-1.2043607e-260
1.0949414e-267
-2.8570779e-275
3.2681814e-283
-8.1531877e-291
-2.9150325e-11
1.7377622e-24
-4.9923283e-37
1.8955551e-48
1.8452008e-58
5.4778834e-68
2.7694807e-76
-4.3730639e-83
4.2831788e-89
9.0038024e-94
-1.271362e-99
2.3666868e-105
-1.8940451e-111
1.1386237e-117
-8.5331237e-124
6.7209638e-130
-3.0769064e-136
1.7876835e-142
-8.4909514e-149
3.8187263e-155
-1.9482183e-161
7.2544263e-168
-3.4036304e-174
1.2773598e-180
-4.6879086e-187
1.9466456e-193
-7.123069e-200
3.1997425e-206
-1.4020018e-212
4.5372787e-219
-1.4450315e-225
5.4075188e-232
-1.7565987e-238
6.7616347e-245
-2.2599088e-251
4.9396854e-258
-4.6268491e-265
1.2394847e-272
-1.4249037e-280
3.6289241e-288
-2.9135554e-11
1.7367051e-24
-4.9930658e-37
1.900083e-48
1.8549956e-58
5.5379987e-68
2.8122563e-76
-4.6167257e-83
4.1730061e-89
-1.1892915e-94
2.7184416e-100
-8.8431873e-106
6.3662551e-112
-6.1510955e-118
6.5606735e-124
-4.5759661e-130
2.4344074e-136
-1.7068479e-142
1.3585294e-148
-7.5417543e-155
3.4230231e-161
-2.413446e-167
1.1428285e-173
-5.5707411e-180
3.0760894e-186
-1.2077624e-192
7.9870434e-199
-3.5312609e-205
1.634648e-211
-6.3590125e-218
2.9656003e-224
-1.1716635e-230
5.0594524e-237
-1.9712953e-243
1.1110673e-249
-2.9678921e-256
2.916136e-263
-7.9255275e-271
9.1528411e-279
-2.355352e-286
-2.91165e-11
1.7353072e-24
-4.9935399e-37
1.9058131e-48
1.8634426e-58
5.596961e-68
2.861796e-76
-5.3932966e-83
5.4860639e-89
-2.689648e-94
2.9625093e-99
-6.6706775e-105
8.2354944e-111
-6.9326843e-117
1.3731286e-122
-1.2992808e-128
9.0011345e-135
-8.7745427e-141
1.3486274e-146
-9.7262595e-153
8.1052488e-159
-4.2391979e-165
2.0189122e-171
-9.4204339e-178
7.3272705e-184
-3.2265423e-190
1.7349358e-196
-1.4830291e-202
8.1093082e-209
-3.8649982e-215
1.6377774e-221
-8.7842651e-228
4.5964226e-234
-1.9649997e-240
7.7442236e-247
-2.4489131e-253
2.5572609e-260
-6.9400284e-268
8.0742018e-276
-2.0796659e-283
-2.9092713e-11
1.7335087e-24
-4.9933172e-37
1.9124916e-48
1.8701845e-58
5.652067e-68
2.9095743e-76
-5.5810493e-83
3.2359592e-89
-2.0046864e-94
-9.8079695e-100
2.2371788e-105
-2.0904992e-111
1.3757826e-116
-2.2878827e-122
2.8146213e-128
-3.3109147e-134
2.6605292e-140
-1.9269772e-146
4.0352442e-152
-3.1575923e-158
2.949259e-164
-2.6524055e-170
1.5542377e-176
-7.8006214e-183
4.7170605e-189
-2.9324861e-195
1.7888946e-201
-1.1230268e-207
8.010029e-214
-3.4097639e-220
1.4190776e-226
1.8367708e-232
-9.9554273e-238
8.8078876e-244
-7.1710742e-250
1.7836309e-256
-6.1204631e-264
7.5285222e-272
-2.0067477e-279
-2.905782e-11
1.730814e-24
-4.9920266e-37
1.9220339e-48
1.8720127e-58
5.6978091e-68
2.9714344e-76
-5.3347353e-83
4.0463066e-89
-4.3952043e-94
5.9181252e-99
-1.2485817e-104
3.01928e-110
-4.021481e-116
2.0823602e-121
-4.1502769e-127
1.2362927e-132
-2.2097897e-138
3.1240134e-144
-2.4882149e-150
2.2211152e-156
-3.5006497e-162
2.3866615e-168
-2.0301547e-174
2.2827173e-180
-1.7418546e-186
2.1118216e-192
-1.4962225e-198
1.6321659e-204
-1.6656511e-210
1.0434689e-216
-1.1915605e-222
1.2761715e-228
-1.3089423e-234
1.8763649e-240
-1.7247107e-246
-1.2430728e-252
5.2596708e-260
-6.6632068e-268
1.821064e-275
-2.902581e-11
1.7282865e-24
-4.9899681e-37
1.9299452e-48
1.8726868e-58
5.7337883e-68
3.0178994e-76
-6.5756474e-83
5.8705047e-89
-1.3486508e-94
1.1257699e-99
-1.2646457e-105
3.3169804e-110
-6.257322e-116
2.3456778e-121
-7.5477635e-127
1.353777e-132
-1.9808303e-138
2.1815756e-144
-1.8206385e-149
3.6561926e-155
-1.2630043e-160
1.1872825e-166
-2.3500364e-172
2.4172461e-178
-8.1485292e-184
9.6847681e-190
-1.5403741e-195
1.9976545e-201
-3.5962822e-207
5.3876844e-213
-1.6339422e-218
1.4514276e-224
-3.1397618e-230
4.339456e-236
-2.9253818e-242
4.8347845e-249
-1.4316938e-256
1.7114423e-264
-4.6413652e-272
-2.8927624e-11
1.7202591e-24
-4.9799424e-37
1.9552601e-48
1.847591e-58
5.7240657e-68
3.0884183e-76
-6.3660889e-83
5.8674674e-89
-1.5768162e-94
-8.5787398e-100
2.4804724e-105
-6.7655336e-111
1.7219696e-116
-1.827637e-121
4.8087298e-126
-4.4859545e-132
3.0453561e-137
-4.6579586e-143
1.4001109e-148
-3.8719322e-153
1.1108179e-158
-1.0163437e-164
3.5765134e-170
-7.5735081e-176
1.4311004e-181
-1.5434099e-187
2.3602731e-193
-4.1073005e-199
2.9003199e-204
-4.253508e-210
8.3361617e-216
-1.7880932e-221
3.6405101e-227
-1.2814463e-232
7.0889345e-239
-8.9833859e-246
2.6180259e-253
-3.0777808e-261
8.3159828e-269
)
;

boundaryField
{
    wall
    {
        type            fixedValue;
        value           uniform 350;
    }
    sides
    {
        type            zeroGradient;
    }
    frontAndBack
    {
        type            empty;
    }
    inlet
    {
        type            fixedValue;
        value           uniform 300;
    }
    outlet
    {
        type            zeroGradient;
    }
}


// ************************************************************************* //
