/*--------------------------------*- C++ -*----------------------------------*\
  =========                 |
  \\      /  F ield         | OpenFOAM: The Open Source CFD Toolbox
   \\    /   O peration     | Website:  https://openfoam.org
    \\  /    A nd           | Version:  10
     \\/     M anipulation  |
\*---------------------------------------------------------------------------*/
FoamFile
{
    format      ascii;
    class       volScalarField;
    location    "0.07";
    object      TporMedia_0;
}
// * * * * * * * * * * * * * * * * * * * * * * * * * * * * * * * * * * * * * //

dimensions      [0 0 0 1 0 0 0];

internalField   nonuniform List<scalar> 
4000
(
-1.2797721e-06
6.7208109e-07
-3.8038972e-05
-3.6062474e-05
-5.6211651e-05
-5.1260638e-05
-4.9899705e-05
-5.0255173e-05
-4.9564148e-05
-4.8997285e-05
-4.9724824e-05
-4.9176175e-05
-4.6940927e-05
-4.7680298e-05
-4.9539721e-05
-4.7236236e-05
-4.7432455e-05
-4.6672416e-05
-4.6408706e-05
-4.7130068e-05
-4.8219761e-05
-4.8329687e-05
-4.7348803e-05
-4.8497002e-05
-4.862458e-05
-4.88567e-05
-5.0382792e-05
-4.9522481e-05
-4.9421203e-05
-5.1097254e-05
-5.0546698e-05
-5.0953709e-05
-5.1956441e-05
-5.385128e-05
-5.4430466e-05
-5.6207291e-05
-5.6303323e-05
-5.6707954e-05
-5.7837422e-05
-5.9739586e-05
-1.1686655e-07
2.3696743e-16
-4.3715707e-14
8.5787422e-13
2.5998211e-12
4.6956374e-12
4.1527725e-12
4.049664e-12
3.9708768e-12
3.9901267e-12
4.0323307e-12
3.9810933e-12
3.6208692e-12
3.7525691e-12
3.86297e-12
3.6339641e-12
3.6710372e-12
3.7585388e-12
3.6256661e-12
3.7513921e-12
3.7366197e-12
3.6717319e-12
3.6613131e-12
3.6605312e-12
3.8890635e-12
3.8683429e-12
3.8528215e-12
4.0854273e-12
4.1857486e-12
4.3795651e-12
4.319038e-12
4.3478577e-12
4.7694276e-12
4.7066061e-12
4.7047394e-12
5.0966347e-12
5.1477843e-12
5.3881883e-12
5.2998036e-12
5.7104212e-12
-4.6749865e-08
-6.4221813e-17
-1.3915476e-23
3.9490454e-21
-3.4807217e-20
-2.7396919e-19
-3.4289004e-19
-3.3473082e-19
-3.3805089e-19
-3.053366e-19
-3.0149007e-19
-3.2230093e-19
-2.7466281e-19
-2.9474391e-19
-2.9748814e-19
-2.6876359e-19
-2.7268519e-19
-2.7579731e-19
-2.8197073e-19
-2.8076569e-19
-2.7519429e-19
-2.8193549e-19
-2.8469351e-19
-2.7006131e-19
-3.1140375e-19
-2.9916648e-19
-3.168466e-19
-3.1183871e-19
-3.3987181e-19
-3.6543069e-19
-3.7283152e-19
-3.6644449e-19
-4.1021368e-19
-3.8039447e-19
-4.0963324e-19
-4.2408189e-19
-4.7855571e-19
-4.931911e-19
-5.0792893e-19
-5.3908964e-19
-2.4761814e-08
3.7083333e-18
6.0235017e-28
2.9813232e-30
2.6361035e-28
5.7505173e-27
2.756569e-26
2.7324614e-26
2.6703262e-26
2.2965628e-26
2.2944398e-26
2.4298649e-26
2.1150932e-26
2.1370128e-26
2.2607386e-26
1.9886265e-26
2.0031267e-26
1.9581371e-26
2.0351873e-26
2.0855024e-26
2.0274125e-26
2.071586e-26
2.1078277e-26
1.9491427e-26
2.3129535e-26
2.3132555e-26
2.444491e-26
2.4134963e-26
2.6978148e-26
2.8804683e-26
2.89857e-26
2.9863437e-26
3.412114e-26
3.2284687e-26
3.3467282e-26
3.621505e-26
4.3083367e-26
4.3941867e-26
4.420133e-26
4.9276972e-26
-1.5307024e-08
6.956768e-19
8.5172876e-29
2.3141873e-38
-1.0297315e-34
-4.5228053e-35
-1.3707198e-33
-2.1940932e-33
-1.9918956e-33
-1.76368e-33
-1.634773e-33
-1.7520801e-33
-1.4655522e-33
-1.6000866e-33
-1.6341568e-33
-1.3782409e-33
-1.4333912e-33
-1.4183977e-33
-1.4647667e-33
-1.4954399e-33
-1.4701481e-33
-1.4569499e-33
-1.5366508e-33
-1.4216816e-33
-1.70345e-33
-1.6677621e-33
-1.7849892e-33
-1.7347578e-33
-2.0613134e-33
-2.1912429e-33
-2.1130572e-33
-2.3672865e-33
-2.7065402e-33
-2.45924e-33
-2.7278707e-33
-2.9307724e-33
-3.8068129e-33
-3.7327857e-33
-4.0223309e-33
-4.377137e-33
-1.0431308e-08
2.2321169e-19
3.2672848e-29
4.1654783e-39
-1.5505637e-43
1.8099645e-43
2.8225509e-41
1.7656563e-40
1.5488749e-40
1.2580317e-40
1.161626e-40
1.2237091e-40
1.0201743e-40
1.1167524e-40
1.1218416e-40
9.6039896e-41
9.7675841e-41
9.5634109e-41
1.0078301e-40
1.0403448e-40
1.0212632e-40
9.8929071e-41
1.0484687e-40
9.9133034e-41
1.2023454e-40
1.1337091e-40
1.2624456e-40
1.2488129e-40
1.4934526e-40
1.5463699e-40
1.6252289e-40
1.7512241e-40
2.058808e-40
1.9399658e-40
2.0268096e-40
2.3874556e-40
3.1080618e-40
3.2537266e-40
3.500703e-40
3.7642287e-40
-7.5917046e-09
9.2717552e-20
-2.8946205e-28
-2.2166766e-38
-9.6189553e-48
-5.2465182e-52
-2.3715113e-49
-1.2013599e-47
-1.2399949e-47
-8.6127728e-48
-8.0105914e-48
-8.1564184e-48
-7.0816485e-48
-7.3727856e-48
-7.6541608e-48
-6.4897934e-48
-6.9501372e-48
-6.3317634e-48
-6.7100008e-48
-6.8981138e-48
-6.6250507e-48
-6.6071693e-48
-6.8905815e-48
-6.7088494e-48
-8.1299031e-48
-7.9561518e-48
-8.7939401e-48
-8.6180004e-48
-1.0468475e-47
-1.0568261e-47
-1.2002444e-47
-1.2911048e-47
-1.570069e-47
-1.4828211e-47
-1.5089518e-47
-1.8663442e-47
-2.4381386e-47
-2.5889075e-47
-2.9463027e-47
-3.0571205e-47
-5.770829e-09
4.4979162e-20
-2.8780277e-30
-1.5505578e-40
-2.9122147e-50
1.1290194e-58
9.7421061e-58
4.21987e-55
1.0694745e-54
5.8017357e-55
5.4867269e-55
5.3897633e-55
4.7088535e-55
4.8156372e-55
4.7619789e-55
4.3258072e-55
4.5162398e-55
3.9796738e-55
4.2699544e-55
4.5170725e-55
4.3990949e-55
4.3679991e-55
4.4346957e-55
4.4341402e-55
5.3455015e-55
5.1362069e-55
6.184566e-55
5.7969647e-55
7.0179645e-55
7.3375593e-55
8.0559591e-55
8.9185476e-55
1.1000557e-54
1.072504e-54
1.1292907e-54
1.3885898e-54
1.9092959e-54
2.1940564e-54
2.3929456e-54
2.4298149e-54
-4.4936891e-09
2.4017612e-20
-5.816318e-31
-2.5215223e-41
-2.5226514e-51
-1.1192412e-59
-2.302008e-66
-6.4919176e-63
-1.0443542e-61
-4.2299448e-62
-3.6554955e-62
-3.4788449e-62
-3.05136e-62
-3.0780783e-62
-3.1150728e-62
-2.7267825e-62
-2.7904345e-62
-2.5363443e-62
-2.646721e-62
-2.7674333e-62
-2.8248413e-62
-2.7290808e-62
-2.7511139e-62
-2.7749636e-62
-3.4166708e-62
-3.3083643e-62
-3.9170902e-62
-3.8072408e-62
-4.6182798e-62
-4.8165439e-62
-5.4963418e-62
-6.0981049e-62
-7.913105e-62
-7.5954106e-62
-8.1590863e-62
-1.0258752e-61
-1.4564191e-61
-1.7334223e-61
-1.8932627e-61
-1.7195139e-61
-3.5258139e-09
1.3558763e-20
-1.7059938e-31
-6.8210792e-42
-4.1576899e-52
-2.9717346e-61
4.875555e-70
4.7581865e-71
8.590928e-69
3.1173503e-69
2.3065807e-69
2.1197594e-69
1.8709532e-69
1.866809e-69
1.8993e-69
1.6465765e-69
1.7329552e-69
1.5802354e-69
1.59889e-69
1.7312961e-69
1.6900012e-69
1.6338689e-69
1.6511914e-69
1.685016e-69
2.1622553e-69
2.0589435e-69
2.394904e-69
2.4626143e-69
2.8301118e-69
3.0071055e-69
3.4123178e-69
3.9905389e-69
5.3148336e-69
5.0100308e-69
5.8063934e-69
7.3879272e-69
1.0409435e-68
1.2672795e-68
1.3637342e-68
1.1805273e-68
-2.751044e-09
7.8640417e-21
-5.9361546e-32
-2.620482e-42
-1.072533e-52
-3.0162104e-62
4.034225e-71
-3.4590518e-79
-3.9223374e-76
-2.816868e-76
-1.4438238e-76
-1.2544725e-76
-1.1683594e-76
-1.1196263e-76
-1.1275943e-76
-9.7454463e-77
-1.0272327e-76
-9.3474699e-77
-9.4971424e-77
-1.0114063e-76
-1.0187851e-76
-9.4905691e-77
-9.6867119e-77
-9.7035878e-77
-1.3138687e-76
-1.222876e-76
-1.4458224e-76
-1.448623e-76
-1.7180696e-76
-1.8990382e-76
-2.1604347e-76
-2.566855e-76
-3.504454e-76
-3.2872157e-76
-3.8550567e-76
-5.1601532e-76
-7.5863936e-76
-8.7433441e-76
-9.225967e-76
-7.5202816e-76
-2.0980316e-09
4.5532229e-21
-2.2442808e-32
-1.5906737e-42
-4.712781e-53
-6.7471684e-63
9.3117842e-72
-2.2008877e-80
8.8075822e-84
2.8525922e-83
8.9930531e-84
7.3129429e-84
6.8092186e-84
6.3420675e-84
6.5286493e-84
5.4094348e-84
5.8553248e-84
5.3139993e-84
5.4619337e-84
5.5910426e-84
5.7064647e-84
5.2827862e-84
5.4030145e-84
5.4093341e-84
7.2088741e-84
6.9542076e-84
8.1994875e-84
8.2439872e-84
9.8268608e-84
1.0988497e-83
1.2501041e-83
1.5553904e-83
2.0822658e-83
2.046522e-83
2.496527e-83
3.3204494e-83
5.2708656e-83
5.6790731e-83
5.9328145e-83
4.3645664e-83
-1.5348306e-09
2.5561265e-21
-8.6978213e-33
3.2869182e-42
7.4966613e-53
6.2820026e-63
-1.5582951e-71
2.4402511e-80
-2.8050989e-88
-2.9212275e-90
-5.8099059e-91
-4.0535748e-91
-3.740052e-91
-3.5705002e-91
-3.5638841e-91
-3.0041985e-91
-3.1520028e-91
-2.8650357e-91
-2.8836228e-91
-3.1084477e-91
-3.1123384e-91
-2.7894384e-91
-2.9178385e-91
-2.8864709e-91
-3.955653e-91
-3.7980075e-91
-4.5395641e-91
-4.580087e-91
-5.4441127e-91
-6.212186e-91
-7.0889948e-91
-8.7971428e-91
-1.2229938e-90
-1.2321288e-90
-1.5005004e-90
-2.1527563e-90
-3.4991138e-90
-3.5843725e-90
-3.540879e-90
-1.8407878e-90
-1.0830668e-09
1.3862844e-21
-3.3823203e-33
1.1328923e-43
2.0976707e-54
1.1282413e-64
2.9492076e-73
-3.3588407e-82
2.1144963e-90
7.2006545e-98
3.8031635e-98
2.2437758e-98
1.9632518e-98
1.8496536e-98
1.7955899e-98
1.576586e-98
1.6176443e-98
1.4544737e-98
1.4623667e-98
1.5986495e-98
1.5805115e-98
1.4784355e-98
1.4851611e-98
1.4481183e-98
2.0981048e-98
1.9575029e-98
2.3112302e-98
2.4265502e-98
2.890424e-98
3.3298621e-98
3.8202421e-98
4.7097997e-98
7.0333701e-98
7.0636459e-98
9.0523767e-98
1.2621589e-97
2.1118817e-97
2.0446943e-97
1.8284248e-97
4.7894343e-98
-7.6474467e-10
7.4984873e-22
-1.345969e-33
1.9191797e-44
3.0288714e-55
1.1186142e-65
6.1726768e-75
-5.5689179e-84
2.1087354e-92
-1.1361957e-99
-2.7439025e-105
-1.1474293e-105
-9.6716367e-106
-9.1667825e-106
-8.7920963e-106
-7.8118353e-106
-8.0293498e-106
-7.0115094e-106
-7.2697208e-106
-7.8966127e-106
-7.7356816e-106
-7.2154539e-106
-7.2036343e-106
-7.0900365e-106
-1.0450535e-105
-9.7416333e-106
-1.141586e-105
-1.1971782e-105
-1.42143e-105
-1.6821516e-105
-1.8896248e-105
-2.442823e-105
-3.6250985e-105
-3.8099164e-105
-5.0623183e-105
-7.153841e-105
-1.2001148e-104
-1.0907656e-104
-7.6989499e-105
-9.2448769e-106
-5.6159906e-10
4.2113404e-22
-5.6602927e-34
4.4711782e-45
6.3072639e-56
1.6848616e-66
4.1329748e-76
-3.2346122e-85
7.964486e-94
-2.3058612e-101
1.8481145e-108
5.7241271e-113
4.5403704e-113
4.2377183e-113
4.1342533e-113
3.6051372e-113
3.7492775e-113
3.235199e-113
3.3473912e-113
3.73535e-113
3.5182192e-113
3.3404055e-113
3.3358339e-113
3.2972376e-113
4.8032675e-113
4.5315122e-113
5.2471854e-113
5.7792733e-113
6.5913663e-113
7.9153999e-113
8.9678594e-113
1.1988427e-112
1.81513e-112
1.8994742e-112
2.6718276e-112
3.8015289e-112
6.1013129e-112
5.0867633e-112
2.8207588e-112
1.8795016e-113
-4.3684379e-10
2.5154976e-22
-2.5654174e-34
1.2645758e-45
1.6764183e-56
3.3776448e-67
4.5907419e-77
-3.4731973e-86
5.9567078e-95
-9.6253737e-103
8.1119534e-110
-4.0558352e-117
-2.0911672e-120
-1.9301974e-120
-1.8316359e-120
-1.5840758e-120
-1.6770879e-120
-1.4149275e-120
-1.4582803e-120
-1.6568339e-120
-1.5805776e-120
-1.5122034e-120
-1.5047099e-120
-1.4650797e-120
-2.1992091e-120
-2.0089686e-120
-2.3388801e-120
-2.6537585e-120
-2.9660716e-120
-3.6828413e-120
-4.1883291e-120
-5.4280133e-120
-8.4474563e-120
-9.1842309e-120
-1.290909e-119
-1.9213934e-119
-2.7912118e-119
-2.1533795e-119
-9.2739456e-120
-8.6722874e-121
-3.5947024e-10
1.6056938e-22
-1.2572038e-34
4.1494559e-46
5.483514e-57
8.6359387e-68
7.3214351e-78
-6.2736628e-87
7.9706628e-96
-7.6356058e-104
6.2836662e-111
-3.3639569e-118
1.4852245e-125
8.2906385e-128
8.2387538e-128
6.9148942e-128
7.1392286e-128
6.1748577e-128
6.2543649e-128
6.9767704e-128
6.8734141e-128
6.6928513e-128
6.5143185e-128
6.3293025e-128
9.4491031e-128
8.890802e-128
1.0205225e-127
1.1599993e-127
1.2697271e-127
1.6134849e-127
1.8220224e-127
2.479423e-127
3.6974054e-127
4.2208982e-127
6.2113765e-127
8.8771024e-127
1.2167206e-126
8.0643098e-127
3.2251054e-127
-4.8714467e-128
-3.0946498e-10
1.0881769e-22
-6.6198026e-35
1.5349778e-46
2.1947036e-57
2.7928182e-68
1.5997301e-78
-2.1896761e-87
2.1858284e-96
-1.341135e-104
8.895332e-112
-4.6620974e-119
1.9482798e-126
-8.3538735e-134
-3.4511716e-135
-2.7959988e-135
-2.9183999e-135
-2.5173699e-135
-2.4769708e-135
-2.8373494e-135
-2.84202e-135
-2.7089544e-135
-2.6945046e-135
-2.5492535e-135
-3.9093409e-135
-3.5482127e-135
-4.1004956e-135
-4.723151e-135
-5.2752827e-135
-6.7271855e-135
-7.721366e-135
-1.0516489e-134
-1.617461e-134
-1.7704331e-134
-2.9302828e-134
-3.9608467e-134
-4.8645098e-134
-2.7576698e-134
-1.2888186e-134
-9.9368263e-136
-2.7529329e-10
7.7589819e-23
-3.7161511e-35
6.2761054e-47
1.1186604e-57
1.1890921e-68
4.8964079e-79
7.3237888e-87
-6.0995223e-96
2.5565342e-104
-1.0946114e-111
5.0233617e-119
-1.8671172e-126
6.8856335e-134
-2.3202339e-141
1.0131919e-142
1.0193576e-142
8.9423192e-143
8.876813e-143
9.9972951e-143
1.0071313e-142
9.5016373e-143
9.5189668e-143
9.2684161e-143
1.3902332e-142
1.2732415e-142
1.4911313e-142
1.6980836e-142
1.9481757e-142
2.5326161e-142
2.8491817e-142
4.1036739e-142
6.3357332e-142
6.6055955e-142
1.2198549e-141
1.6484267e-141
1.7765944e-141
8.7872045e-142
6.3629044e-142
-1.6288521e-143
-2.5082151e-10
5.7838342e-23
-2.2141617e-35
2.8053182e-47
8.824829e-58
8.1018307e-69
2.5211391e-79
1.9394576e-88
-1.4344507e-97
4.3491772e-106
-1.1319662e-113
4.3905964e-121
-1.3992886e-128
4.2212536e-136
-1.2697799e-143
-2.5992019e-150
-2.9915448e-150
-2.6325469e-150
-2.6420213e-150
-2.943564e-150
-2.9711138e-150
-2.7905523e-150
-2.8038067e-150
-2.7564378e-150
-4.1646929e-150
-3.775246e-150
-4.5043848e-150
-5.2180787e-150
-5.9729704e-150
-7.7895896e-150
-8.8242902e-150
-1.330706e-149
-2.0537313e-149
-1.8859238e-149
-4.4241193e-149
-6.0921733e-149
-5.6444609e-149
-2.4994466e-149
-4.1747441e-149
-2.9199955e-151
-2.3306068e-10
4.495723e-23
-1.3995637e-35
1.3661133e-47
-2.8510606e-57
-2.330582e-68
-5.695687e-79
-1.8801781e-88
1.31509e-97
-3.032625e-106
5.0632753e-114
-1.6177659e-121
4.3243673e-129
-1.120123e-136
2.8860921e-144
-7.376329e-152
7.8891679e-158
6.6869129e-158
6.787566e-158
7.5556819e-158
7.6715915e-158
7.1980577e-158
7.1515739e-158
7.2008449e-158
1.0672793e-157
9.6425856e-158
1.1774056e-157
1.3507237e-157
1.5598208e-157
2.0355797e-157
2.3463862e-157
3.5184267e-157
5.6911699e-157
3.5343292e-157
1.3057968e-156
1.8055292e-156
1.5072054e-156
6.3656973e-157
4.0627783e-156
-6.746403e-159
-2.2066422e-10
3.6443472e-23
-9.4059719e-36
7.2579764e-48
-1.3475789e-58
-1.003285e-69
-1.9765015e-80
-3.7173984e-90
2.6168297e-99
-4.7893379e-108
5.7307968e-116
-1.7206174e-123
4.6383562e-131
-1.2074961e-138
3.1283333e-146
-8.1555092e-154
2.1059717e-161
-1.7877361e-165
-1.8358881e-165
-2.0529484e-165
-2.0300991e-165
-1.9064101e-165
-1.9101954e-165
-1.9262885e-165
-2.8510502e-165
-2.5397895e-165
-3.0873629e-165
-3.4843357e-165
-3.9819682e-165
-5.2578668e-165
-5.9803956e-165
-8.8904197e-165
-1.4284568e-164
-2.4204785e-165
-3.2840907e-164
-4.4478262e-164
-3.3956714e-164
-1.5290009e-164
-6.0719252e-163
-2.031929e-166
-2.1303232e-10
3.0867339e-23
-6.7462103e-36
4.2231692e-48
-3.7065802e-59
-2.5461378e-70
-4.1108091e-81
-5.0042855e-91
3.7965999e-100
-5.7144842e-109
5.4206605e-117
-2.2584961e-124
8.6305973e-132
-3.1465298e-139
1.1534308e-146
-4.4897977e-154
1.7209597e-161
-6.30618e-169
7.3233476e-173
8.1940416e-173
8.0758505e-173
7.6064618e-173
7.3945648e-173
7.5454573e-173
1.0880133e-172
9.5655914e-173
1.1612721e-172
1.2595354e-172
1.3872712e-172
1.7554588e-172
1.9398878e-172
2.7247257e-172
4.1749389e-172
-1.695282e-172
8.5486498e-172
1.0198417e-171
7.0684902e-172
3.7747007e-172
1.0596794e-169
-7.4014326e-174
-2.0983178e-10
2.7394241e-23
-5.1866514e-36
2.7034546e-48
-1.4753361e-59
-9.4495181e-71
-1.2714436e-81
-1.0869793e-91
9.8209653e-101
-1.2629458e-109
1.0542665e-117
-2.0231277e-124
4.1921105e-131
-6.9559843e-138
1.2951459e-144
-2.6635668e-151
5.6435778e-158
-1.2382759e-164
2.9122583e-171
-6.5684904e-178
-1.7643111e-179
-1.6260765e-179
-1.5814082e-179
-1.4538465e-179
-1.9818194e-179
-1.4881787e-179
-1.6018167e-179
-1.593945e-179
-1.4030981e-179
-1.6892747e-179
-1.604861e-179
-1.9331745e-179
-2.5085937e-179
2.5130535e-179
-3.2536633e-179
-2.8859097e-179
-1.6883893e-179
-1.1168523e-179
-6.9722085e-177
-2.7853415e-181
-2.1070704e-10
2.5529593e-23
-4.2896048e-36
1.9098199e-48
-7.2900845e-60
-4.4670363e-71
-5.1648375e-82
-3.3309475e-92
4.4824178e-101
-5.2043435e-110
3.872212e-118
2.9991783e-125
1.8346348e-132
1.3734352e-139
1.0764546e-146
8.7383882e-154
7.0999814e-161
5.8868668e-168
4.745894e-175
4.079436e-182
-1.5547709e-186
-1.4286859e-186
-1.42952e-186
-1.4091909e-186
-1.9858976e-186
-1.4594431e-186
-1.6451923e-186
-1.7800286e-186
-1.7604167e-186
-2.0978146e-186
-2.2009543e-186
-3.264287e-186
-5.1736533e-186
3.4768286e-185
9.2391691e-186
1.8968224e-186
6.4295005e-187
4.1879434e-187
2.1382271e-184
-9.413248e-189
-2.1504182e-10
2.4960311e-23
-3.8158499e-36
1.4869296e-48
-4.2066163e-60
-2.6260575e-71
-2.7585453e-82
-1.4514037e-92
8.2453944e-101
-9.4514164e-110
6.0966035e-118
6.9801114e-125
4.8744518e-132
5.2068606e-139
7.4416888e-146
1.4291473e-152
4.2083493e-159
1.5317803e-165
7.2507279e-172
7.10467e-178
6.4544116e-184
-8.2890755e-189
-2.6479018e-192
-9.2371357e-192
-3.6375943e-192
-2.2849196e-192
-1.2017864e-192
-7.1352219e-193
-4.0740416e-193
-4.0892229e-193
-2.8115866e-193
-3.098781e-193
-4.3293026e-193
3.9102498e-191
6.600223e-193
3.5644601e-193
-6.8065788e-194
-1.4774776e-194
-4.2470336e-192
-2.7829045e-196
-2.217723e-10
2.5440557e-23
-3.6271295e-36
1.2651468e-48
-2.7359452e-60
-1.9728989e-71
-2.0526431e-82
-9.6602788e-93
-1.574091e-101
2.0795303e-110
-1.1054054e-118
2.9659815e-126
-9.2894167e-134
2.37338e-141
-5.5078235e-149
1.2078225e-156
-2.493433e-164
4.6285295e-172
-2.2405816e-179
-1.2908626e-185
-1.1766725e-191
1.5270909e-196
4.8828665e-200
1.740511e-199
6.9020943e-200
5.0608252e-200
2.4879077e-200
1.5858318e-200
9.7492209e-201
1.0888964e-200
8.2802533e-201
6.2927048e-201
2.7202747e-200
-7.0011003e-198
1.5923479e-199
6.2969012e-200
5.3549069e-201
2.7777959e-202
7.0576628e-200
-7.0186171e-204
-2.2937001e-10
2.669559e-23
-3.6322144e-36
1.1569216e-48
-1.9604777e-60
-2.0916439e-71
-2.4264931e-82
-1.1339024e-92
-7.1634326e-102
1.4963458e-110
-6.5726105e-119
4.9762554e-127
-3.8653555e-135
2.8824186e-143
-2.058048e-151
1.4322595e-159
-9.7722502e-168
6.5623364e-176
-4.3600306e-184
2.9674477e-192
5.7849452e-200
-1.0074065e-204
-3.2363083e-208
-1.1641026e-207
-4.6965439e-208
-3.5080886e-208
-1.7604878e-208
-1.1500557e-208
-7.415884e-209
-8.743131e-209
-7.2931742e-209
-8.3326817e-209
-2.4871463e-208
1.1224578e-205
-3.2662561e-207
-1.6645738e-207
-9.8283464e-209
-2.8192376e-210
-1.3951998e-207
-1.6043943e-211
-2.3613571e-10
2.8350951e-23
-3.7539751e-36
1.1108713e-48
-1.5225206e-60
-5.0760412e-71
-7.5943547e-82
-3.8921598e-92
-1.4696603e-101
3.1730851e-109
-1.241325e-117
4.8379595e-126
-1.9132271e-134
7.4935256e-143
-2.8904707e-151
1.1009999e-159
-4.1618292e-168
1.5642839e-176
-5.8572275e-185
2.1917555e-193
-8.2134439e-202
3.0909539e-210
1.2097245e-216
4.4257283e-216
1.7979756e-216
1.3582511e-216
6.9300725e-217
4.6034439e-217
3.0249784e-217
3.6799096e-217
3.2086457e-217
4.3741093e-217
7.5189582e-217
-8.2630042e-214
2.1574499e-215
1.3083891e-215
7.2229268e-217
1.8343958e-218
6.9265579e-215
-3.4379417e-219
-2.4078438e-10
2.9942289e-23
-3.9138022e-36
1.0918129e-48
-1.2632066e-60
3.5409059e-71
7.7271187e-82
4.4801657e-92
1.1809095e-101
2.5615824e-110
-9.859574e-119
2.6763498e-127
-7.3600739e-136
2.0553658e-144
-5.7499875e-153
1.6041806e-161
-4.481516e-170
1.2525125e-178
-3.5064151e-187
9.8672274e-196
-2.7824927e-204
7.8736954e-213
-2.2393059e-221
-1.2625012e-224
-5.1577059e-225
-3.9242011e-225
-2.0085801e-225
-1.3438808e-225
-8.945818e-226
-1.0996005e-225
-9.7981697e-226
-1.4598259e-225
-1.5972816e-225
3.151942e-222
-8.0816877e-224
-5.4152035e-224
-3.1112693e-225
-9.5713648e-227
2.6806755e-222
-7.446039e-227
-2.4298496e-10
3.1060104e-23
-4.0391545e-36
1.0752457e-48
-1.1056963e-60
1.4106752e-71
3.8981977e-82
2.1692524e-92
4.1772675e-102
4.594672e-111
-1.8805421e-119
4.4371008e-128
-1.0838661e-136
2.7566273e-145
-7.1180014e-154
1.8556514e-162
-4.8761551e-171
1.2927069e-179
-3.4532715e-188
9.2905279e-197
-2.5091501e-205
6.8162581e-214
-1.8573416e-222
5.1022678e-231
1.4097889e-233
1.0720397e-233
5.4850205e-234
3.6653231e-234
2.4348594e-234
2.9879046e-234
2.662674e-234
4.1454236e-234
2.7565922e-234
-9.285962e-231
2.2899803e-232
1.6182841e-232
1.0398557e-233
6.1399945e-235
3.5386977e-230
-1.7702444e-234
-2.4340506e-10
3.1555499e-23
-4.0896109e-36
1.0492232e-48
-1.0123972e-60
1.3367388e-71
2.6122333e-82
1.0159848e-92
1.4023006e-102
1.210157e-111
-4.9414735e-120
1.2455829e-128
-3.4849041e-137
1.0520628e-145
-3.2906268e-154
1.0546994e-162
-3.4577722e-171
1.1540382e-179
-3.900602e-188
1.3344468e-196
-4.5984574e-205
1.594725e-213
-5.551323e-222
1.9319971e-230
-6.7051937e-239
-3.6989264e-242
-1.8705431e-242
-1.2315599e-242
-8.048512e-243
-9.6591937e-243
-8.4235754e-243
-1.3253401e-242
-4.0904918e-243
2.807245e-239
-6.4022501e-241
-4.6019731e-241
-3.5769575e-242
-4.4892669e-243
3.1125398e-238
-5.2521878e-242
-2.4321639e-10
3.1605804e-23
-4.0746873e-36
1.0153134e-48
-9.6532303e-61
4.8229332e-71
4.9692273e-82
1.1539828e-92
1.1103328e-102
9.6997373e-112
-3.1407673e-120
1.0673563e-128
-5.159082e-137
2.983571e-145
-1.8683084e-153
1.2490333e-161
-8.8091109e-170
6.49143e-178
-4.9711741e-186
3.9209245e-194
-3.1604657e-202
2.5787625e-210
-2.0994815e-218
1.7005904e-226
-1.3614865e-234
1.0514776e-242
6.1158533e-251
8.7568627e-251
5.421262e-251
6.0760774e-251
4.9283311e-251
7.3530301e-251
-1.3564883e-252
-1.2697039e-247
2.4657383e-249
1.7285703e-249
1.8660902e-250
-6.4079537e-250
2.3415195e-246
-2.1799648e-249
-2.4347683e-10
3.1562112e-23
-4.0414294e-36
9.8390137e-49
-9.5364176e-61
-1.2706212e-71
-7.5744941e-83
-1.0978924e-93
-7.4330088e-104
-7.9484503e-113
1.7402627e-121
-1.148638e-129
-2.6211211e-136
-6.1766784e-144
-1.1309542e-151
-1.782287e-159
-2.5450258e-167
-3.3241162e-175
-4.152576e-183
-4.9739958e-191
-5.8386982e-199
-6.8099517e-207
-7.8642537e-215
-9.2904899e-223
-1.126521e-230
-1.433494e-238
-1.9822089e-246
-3.0300259e-254
9.4886027e-259
1.3265723e-258
1.5483536e-258
5.4774939e-258
4.1549239e-258
3.6423011e-255
-3.3614519e-257
-1.956201e-257
-7.8671727e-258
-3.6093835e-258
1.7905136e-254
-1.5669462e-256
-2.4476822e-10
3.1735783e-23
-4.0440286e-36
9.6696525e-49
-9.6497693e-61
-5.4296696e-72
-2.2153059e-83
-2.256824e-94
-1.1353293e-104
-1.6184368e-113
2.4530943e-122
-1.4867273e-129
-6.7407888e-138
-2.6039799e-146
-9.7910632e-155
-3.6254088e-163
-1.3171329e-171
-4.7188947e-180
-1.6750996e-188
-5.934946e-197
-2.1133331e-205
-7.6822376e-214
-2.9939393e-222
-1.3908093e-230
-9.01607e-239
-8.4390842e-247
-1.0398689e-254
-1.5238759e-262
3.6480197e-267
5.267537e-267
6.068815e-267
7.8676841e-266
1.3153754e-265
2.3758948e-263
-2.2166142e-265
-1.5451128e-265
-4.7913709e-266
-1.5512526e-266
1.620961e-262
-3.4534263e-263
-2.471476e-10
3.2284084e-23
-4.1210612e-36
9.7341138e-49
-9.8288618e-61
-3.916206e-72
-1.2808298e-83
-1.0443378e-94
-4.2446483e-105
-6.8348007e-114
8.142801e-123
1.0383287e-130
2.7012517e-139
6.4101473e-148
1.5215359e-156
3.6136979e-165
8.5540984e-174
2.0285574e-182
4.8056584e-191
1.1388821e-199
2.703821e-208
6.4237752e-217
1.5288367e-225
3.6525166e-234
8.7320757e-243
2.097287e-251
5.0623831e-260
1.2259068e-268
9.2255232e-276
1.2966182e-275
1.4984345e-275
2.0951421e-274
3.2741639e-274
6.1078449e-272
-6.3297184e-274
-4.6608799e-274
-1.53068e-274
-5.6227834e-275
2.0195932e-270
9.6353259e-270
-2.5028601e-10
3.3203139e-23
-4.2880734e-36
1.007849e-48
-9.9378613e-61
-3.7084011e-72
-1.1198496e-83
-8.2737967e-95
-2.9917223e-105
-3.893323e-114
4.2236159e-123
3.6007522e-131
7.7764918e-140
1.5646795e-148
3.1958004e-157
6.587516e-166
1.3689627e-174
2.8550042e-183
5.9888182e-192
1.2598667e-200
2.658365e-209
5.628829e-218
1.1948442e-226
2.5378066e-235
5.3895844e-244
1.1425274e-252
2.41929e-261
5.1110064e-270
1.0762994e-278
2.7241128e-284
3.1134646e-284
4.478642e-283
6.628829e-283
1.2375038e-280
-1.3436821e-282
-1.0456481e-282
-3.9796629e-283
-2.036169e-283
4.2788644e-278
-1.0968945e-276
-2.5367664e-10
3.4371702e-23
-4.5387089e-36
1.0708516e-48
-9.9654667e-61
-4.4891056e-72
-1.4257146e-83
-1.0715064e-94
-3.8035068e-105
-3.5227431e-114
4.045234e-123
3.6684676e-131
8.1498858e-140
1.6922915e-148
3.6004999e-157
7.7894467e-166
1.7066246e-174
3.7793226e-183
8.4406476e-192
1.8972459e-200
4.2889019e-209
9.7244234e-218
2.2076524e-226
5.0057035e-235
1.1321847e-243
2.5261308e-252
-1.4528215e-260
-6.4928412e-267
-1.3694883e-273
-1.789558e-280
-1.5746461e-287
9.6105935e-292
1.3371656e-291
2.4439137e-289
-2.7146323e-291
-2.2427119e-291
-1.0683165e-291
-4.5969085e-292
2.4604316e-285
8.68156e-284
-2.5683174e-10
3.561055e-23
-4.8483112e-36
1.1591438e-48
-1.0009075e-60
-7.9216802e-72
-3.0045466e-83
-2.5598093e-94
-9.8157818e-105
-6.9851907e-114
9.8123686e-123
1.3373759e-130
3.6193211e-139
9.1001265e-148
2.360848e-156
6.2839239e-165
1.7011114e-173
4.683165e-182
1.3046792e-190
3.6612909e-199
1.0359459e-207
2.9359546e-216
8.3416021e-225
3.3276708e-233
-8.0117315e-240
-1.2439318e-245
-9.0450464e-252
-2.93108e-258
-6.2253079e-265
-8.2538484e-272
-7.3705889e-279
-4.5150038e-286
-2.1383619e-293
5.567524e-298
-6.2725096e-300
-5.5583846e-300
-3.6023528e-300
5.545338e-299
-5.5921141e-292
-6.1831047e-291
-2.5941809e-10
3.6744847e-23
-5.1796747e-36
1.2656219e-48
-1.0170637e-60
-1.6519206e-70
-8.5750382e-82
-9.1890626e-93
-4.1693653e-103
-2.5973684e-112
5.161084e-121
1.9137953e-128
7.4532179e-137
2.6685537e-145
9.9162053e-154
3.8056248e-162
1.5000289e-170
6.0220404e-179
2.4600444e-187
1.0141909e-195
4.2168446e-204
2.4023977e-212
-3.7168183e-219
3.3746196e-225
-2.8632272e-231
-4.4411825e-237
-3.2579332e-243
-1.0705189e-249
-2.3125061e-256
-3.1332308e-263
-2.8663299e-270
-1.8130678e-277
-8.8870562e-285
-3.7164595e-292
-2.1461023e-299
-3.1905914e-305
-1.2444158e-308
-1.1015019e-304
3.0240703e-299
4.1883058e-298
-2.613052e-10
3.7655029e-23
-5.492346e-36
1.3799736e-48
-1.0492211e-60
9.307902e-72
7.8675055e-83
1.1772883e-93
6.8918203e-104
4.2730088e-113
-1.4078878e-121
9.9625266e-129
6.905283e-137
4.249161e-145
2.741588e-153
1.8450737e-161
1.2863578e-169
9.1984757e-178
2.4681121e-186
4.3389195e-192
-2.6970021e-198
1.5145314e-204
-9.0443025e-211
8.0740551e-217
-6.9258942e-223
-1.0831626e-228
-8.0586883e-235
-2.7050165e-241
-5.9891686e-248
-8.3558331e-255
-7.9225196e-262
-5.2283409e-269
-2.6862738e-276
-1.1762397e-283
-6.8729596e-291
-9.190965e-297
2.3222e-303
-7.9449406e-310
-1.2011217e-306
-2.870413e-305
-2.6253339e-10
3.8299e-23
-5.753961e-36
1.4905746e-48
-1.0956216e-60
5.1721491e-72
9.7477519e-83
2.2855452e-93
1.8769459e-103
1.2973911e-112
-8.6296815e-121
2.0844465e-128
3.7756105e-136
5.5022599e-144
8.4969574e-152
1.3302887e-159
-2.7180063e-167
-4.4186821e-173
-5.8361846e-178
5.7285256e-184
-3.5697773e-190
1.9944859e-196
-1.1921719e-202
1.0670336e-208
-9.2576309e-215
-1.4797242e-220
-1.1195997e-226
-3.8581122e-233
-8.8757869e-240
-1.2875941e-246
-1.289619e-253
-8.9813483e-261
-4.9296793e-268
-2.2801768e-275
-1.3458169e-282
-1.546505e-288
2.1370722e-295
1.9895403e-303
-1.0091812e-310
1.9502197e-312
-2.632428e-10
3.8701518e-23
-5.9486836e-36
1.5873891e-48
-1.1509429e-60
4.0660112e-72
1.3135807e-81
5.6151681e-92
7.0398311e-102
5.9977986e-111
-1.1685555e-118
2.2289707e-126
-1.1742823e-132
-1.4383566e-139
-2.5756956e-146
-6.4768807e-153
-3.0992583e-159
-2.4647374e-165
-3.0512124e-170
2.918934e-176
-1.779116e-182
9.9440018e-189
-5.8743322e-195
5.3149555e-201
-4.7657805e-207
-7.81893e-213
-6.1370642e-219
-2.2173345e-225
-5.3794426e-232
-8.3223305e-239
-9.0676971e-246
-6.8674741e-253
-4.1496885e-260
-2.0726762e-267
-1.2161878e-274
-1.0537444e-280
3.4172812e-288
-7.0118858e-296
2.6835407e-303
-1.9737072e-310
-2.6360074e-10
3.8923669e-23
-6.0783325e-36
1.664533e-48
-1.2086766e-60
3.6945944e-72
-1.1968022e-82
-1.2375299e-92
-2.6011427e-102
-2.9815025e-111
-1.6054422e-117
3.1026e-125
-1.0753728e-132
4.6403e-140
-2.0270524e-147
8.1514011e-155
-3.3332642e-162
1.3041512e-169
-3.9032783e-177
-9.9660881e-184
7.4571755e-190
-4.0804288e-196
2.4849744e-202
-2.2150108e-208
2.0125811e-214
3.0323777e-220
2.3503303e-226
8.3655559e-233
1.9784111e-239
2.8709304e-246
2.897342e-253
1.9803549e-260
1.2229778e-267
4.5849993e-275
3.4377435e-282
2.9348094e-288
-1.235228e-295
3.7895535e-303
-2.6160594e-310
5.7384785e-313
-2.637538e-10
3.9032292e-23
-6.1566202e-36
1.7211312e-48
-1.2630033e-60
3.6091431e-72
-7.0078354e-83
-8.877911e-92
-3.5388295e-101
-5.8858392e-110
-2.4515042e-117
5.8399285e-125
-1.6754199e-132
5.2665276e-140
-1.7000504e-147
5.3488374e-155
-1.7468432e-162
5.7279016e-170
-1.8446062e-177
5.8968799e-185
-1.9005949e-192
6.059058e-200
-1.9706272e-207
7.142743e-215
-8.8491838e-222
-9.5734011e-228
-7.2833372e-234
-2.4509448e-240
-5.5707624e-247
-7.4700558e-254
-7.0937472e-261
-4.2181096e-268
-2.6014794e-275
-6.3293609e-283
-7.7819958e-290
-6.2348044e-296
3.373753e-303
-1.5293811e-310
1.1218258e-313
-2.4715306e-314
-2.6380644e-10
3.9081009e-23
-6.200988e-36
1.7601994e-48
-1.3100297e-60
3.6509888e-72
-5.8239951e-83
1.296321e-92
1.2327974e-101
3.2035545e-110
1.0984565e-117
-3.6556801e-125
1.1708499e-132
-4.0752195e-140
1.455526e-147
-5.2332991e-155
1.9388083e-162
-7.1638997e-170
2.6589112e-177
-9.8662153e-185
3.6435447e-192
-1.3663843e-199
5.159788e-207
-1.951697e-214
7.2370766e-222
-2.7313404e-229
1.0117567e-236
-3.7752318e-244
1.3861934e-251
-5.038931e-259
1.8002006e-266
-6.335837e-274
3.2806179e-281
-6.3318186e-288
1.4662271e-294
-2.1088162e-301
1.6272979e-308
-4.1862522e-313
1.5387674e-313
1.2386076e-313
-2.6382155e-10
3.9104448e-23
-6.2264896e-36
1.7865166e-48
-1.3482219e-60
3.7434394e-72
-5.4979218e-83
7.4062161e-93
4.5932498e-101
1.9996188e-109
7.6742028e-117
-4.0590365e-124
1.8031275e-131
-8.2422272e-139
3.9062347e-146
-1.866176e-153
8.9284651e-161
-4.5723862e-168
2.2392349e-175
-1.1224307e-182
5.5708009e-190
-2.7758715e-197
1.4030976e-204
-7.0738045e-212
3.4927737e-219
-1.8013829e-226
8.7939259e-234
-4.2423309e-241
1.890854e-248
-1.8913773e-256
-3.2624756e-262
2.2619996e-268
-1.2074222e-274
5.6553215e-281
-1.4562186e-287
2.2520935e-294
-1.8744561e-301
1.2559662e-308
1.1240744e-313
-1.3509788e-313
-2.638299e-10
3.9120658e-23
-6.2432446e-36
1.8047128e-48
-1.3780312e-60
3.8449928e-72
-5.4594377e-83
6.0711913e-93
-1.6553272e-101
-1.3415528e-109
-6.4556409e-117
5.384136e-124
-3.388728e-131
2.2559583e-138
-1.4500426e-145
9.8970862e-153
-7.1446077e-160
5.0763673e-167
-3.5734003e-174
2.5611249e-181
-1.8069907e-188
1.2799826e-195
-8.9718658e-203
6.3821008e-210
-4.6014207e-217
3.2432072e-224
-2.2572377e-231
1.5373914e-238
-8.9833495e-246
-8.5169196e-253
1.1266928e-258
-8.0359098e-265
4.3645716e-271
-1.5146011e-277
4.1824929e-284
-6.917491e-291
5.4896278e-298
-3.2466996e-305
2.9956907e-312
-4.4401445e-313
-2.6384237e-10
3.9136655e-23
-6.2566563e-36
1.8182351e-48
-1.4010295e-60
3.9353993e-72
-5.5106144e-83
5.5905944e-93
-8.1647414e-102
-1.5638369e-109
-1.0599282e-116
1.3843675e-123
-1.2558441e-130
1.1526566e-137
-1.0551724e-144
9.7605153e-152
-8.8422256e-159
8.8807728e-166
-8.5689851e-173
8.4738714e-180
-8.8016511e-187
8.8073422e-194
-8.8177389e-201
8.5200442e-208
-8.1022622e-215
7.6412631e-222
-7.1366482e-229
6.7740161e-236
-6.0488462e-243
5.6743078e-250
-4.9836604e-257
4.3275414e-264
-3.3955057e-271
1.701017e-278
9.4825142e-286
-2.6480035e-292
2.0549065e-299
-1.097934e-306
1.4647294e-312
9.0413389e-313
-2.638605e-10
3.9153794e-23
-6.26889e-36
1.8291768e-48
-1.419046e-60
4.0083107e-72
-5.5719212e-83
5.3597851e-93
-6.0255995e-102
-1.2456184e-108
-1.5120293e-115
2.3480323e-122
-2.720331e-129
3.1734293e-136
-3.6610068e-143
4.061137e-150
-4.6207146e-157
5.6754393e-164
-6.5671915e-171
7.380213e-178
-8.461333e-185
9.9492054e-192
-1.0352174e-198
1.24915e-205
-1.4280462e-212
1.6727524e-219
-1.9278168e-226
2.0844034e-233
-2.17933e-240
2.4068692e-247
-2.8035571e-254
2.8803461e-261
-3.0706608e-268
2.753073e-275
-1.7431507e-282
7.3963553e-290
-2.1431105e-297
6.1652574e-305
-2.4576627e-312
-2.2516987e-312
-2.6388178e-10
3.9171166e-23
-6.2803794e-36
1.8385704e-48
-1.4336057e-60
4.0649694e-72
-5.6171266e-83
5.2028162e-93
-5.0173514e-102
1.6799903e-109
5.869132e-116
-1.0871743e-122
1.2829591e-129
-1.5553387e-136
1.8072522e-143
-2.2589402e-150
2.8659793e-157
-3.6747197e-164
4.5488994e-171
-5.7321626e-178
7.3342458e-185
-8.4536766e-192
1.0662557e-198
-1.2587265e-205
1.5043273e-212
-1.779073e-219
2.1736897e-226
-2.4537949e-233
2.978989e-240
-3.3601905e-247
3.8724393e-254
-4.506046e-261
4.7180391e-268
-4.4550177e-275
3.1514987e-282
-1.3754088e-289
4.0858991e-297
-1.1784143e-304
6.7609839e-312
2.0460716e-312
-2.6390369e-10
3.9187648e-23
-6.2909393e-36
1.8468228e-48
-1.4457495e-60
4.1093513e-72
-5.6447113e-83
5.0709874e-93
-4.3951838e-102
7.8113693e-110
-1.3019615e-115
2.0585303e-122
-2.504649e-129
3.013718e-136
-3.4739256e-143
4.0436882e-150
-4.8797908e-157
6.1723549e-164
-7.7809483e-171
9.600265e-178
-1.1903371e-184
1.4051467e-191
-1.7479308e-198
2.0577252e-205
-2.3569456e-212
2.7475818e-219
-3.544281e-226
4.2559415e-233
-5.1202197e-240
6.1772661e-247
-7.2941754e-254
8.6883762e-261
-9.8030672e-268
9.421539e-275
-6.5126483e-282
2.9097546e-289
-8.5758069e-297
2.4385275e-304
-1.2557453e-311
-5.3513806e-313
-2.6392452e-10
3.9202526e-23
-6.3003385e-36
1.8540642e-48
-1.4561009e-60
4.1452931e-72
-5.6609288e-83
4.9550438e-93
-3.9577829e-102
5.0692876e-110
-1.5430175e-116
2.3204537e-123
-2.8891641e-130
3.5498683e-137
-4.3286899e-144
5.2123596e-151
-6.6654445e-158
8.2920831e-165
-1.0309388e-171
1.1914529e-178
-1.4237689e-185
1.6489018e-192
-1.9984684e-199
2.510156e-206
-2.8739416e-213
3.3836639e-220
-4.0692342e-227
5.1810923e-234
-5.9308323e-241
6.8509192e-248
-8.0967371e-255
9.693891e-262
-1.0966242e-268
1.0605988e-275
-7.2534359e-283
3.1380726e-290
-9.2541994e-298
2.666036e-305
-1.3779335e-312
-1.9168594e-313
-2.6394333e-10
3.9215537e-23
-6.3084891e-36
1.8603498e-48
-1.4650083e-60
4.1754656e-72
-5.6720918e-83
4.8568841e-93
-3.6382214e-102
3.8336481e-110
-5.7786781e-117
8.8096249e-124
-1.0348916e-130
1.2306249e-137
-1.544258e-144
1.9096421e-151
-2.4635086e-158
2.9732472e-165
-3.5196859e-172
4.2746249e-179
-5.2511156e-186
6.3275669e-193
-7.7999388e-200
8.9727278e-207
-1.0337559e-213
1.2054885e-220
-1.4409832e-227
1.6058563e-234
-1.8691414e-241
2.068346e-248
-2.4535553e-255
2.8090943e-262
-2.9922874e-269
2.8526741e-276
-1.8907942e-283
8.600766e-291
-2.5894749e-298
7.5173708e-306
-3.1186632e-313
-6.3073888e-314
-2.6396008e-10
3.9226778e-23
-6.3154587e-36
1.8657503e-48
-1.4726841e-60
4.2014358e-72
-5.6817696e-83
4.776861e-93
-3.3987221e-102
3.0736837e-110
-3.5362159e-117
5.1722324e-124
-6.387513e-131
7.7580958e-138
-9.0592616e-145
1.0627391e-151
-1.3356252e-158
1.6620012e-165
-1.9616837e-172
2.2905297e-179
-2.7174308e-186
3.2513245e-193
-4.0754861e-200
4.8890907e-207
-5.9986079e-214
6.8445799e-221
-7.6150962e-228
8.9836508e-235
-1.0523811e-241
1.3000694e-248
-1.5462407e-255
1.8298007e-262
-2.0355499e-269
2.002848e-276
-1.4121599e-283
6.0756327e-291
-1.8203931e-298
5.3103137e-306
-4.8984074e-313
1.700597e-312
-2.6397488e-10
3.9236464e-23
-6.3213939e-36
1.8703644e-48
-1.4792889e-60
4.2240238e-72
-5.6914511e-83
4.7138945e-93
-3.2166909e-102
2.6014474e-110
-2.3990702e-117
3.3229126e-124
-4.0312314e-131
4.9415718e-138
-6.0487715e-145
7.3190468e-152
-9.0305284e-159
1.0590414e-165
-1.2281151e-172
1.5254005e-179
-1.8622634e-186
2.1449491e-193
-2.7577564e-200
3.6418365e-207
-4.3721902e-214
5.1890191e-221
-6.3003713e-228
7.5277536e-235
-8.9459144e-242
1.1179073e-248
-1.2874411e-255
1.6307389e-262
-2.0040736e-269
1.9048141e-276
-1.3310895e-283
5.8765757e-291
-1.7770824e-298
5.2612662e-306
-3.7639114e-313
3.5275791e-313
-2.639878e-10
3.9244819e-23
-6.3264542e-36
1.8742999e-48
-1.4849623e-60
4.2437189e-72
-5.7012967e-83
4.6646111e-93
-3.0793221e-102
2.2818567e-110
-1.9250426e-117
2.5732738e-124
-3.3989479e-131
4.7057951e-138
-5.6748366e-145
6.892423e-152
-8.8694928e-159
1.105674e-165
-1.3792809e-172
1.7143184e-179
-2.058918e-186
2.6225306e-193
-3.2157568e-200
3.918632e-207
-4.6336675e-214
5.9704214e-221
-6.7567519e-228
8.4023565e-235
-1.0633502e-241
1.4124922e-248
-1.6257838e-255
2.040382e-262
-2.2911507e-269
2.2765601e-276
-1.6357162e-283
7.4197158e-291
-2.2482098e-298
6.6200208e-306
-2.876029e-312
-3.1761014e-313
-2.639994e-10
3.9252096e-23
-6.330797e-36
1.8776667e-48
-1.489836e-60
4.2608415e-72
-5.7109162e-83
4.6261752e-93
-2.9739226e-102
2.0723208e-110
-1.5910424e-117
2.050496e-124
-2.8457321e-131
3.6741413e-138
-4.9783774e-145
6.5012262e-152
-8.3275339e-159
1.0353515e-165
-1.3395245e-172
1.7882657e-179
-2.1110746e-186
2.7964351e-193
-3.4794979e-200
4.6937794e-207
-5.9924587e-214
7.8911069e-221
-9.7329097e-228
1.2337943e-234
-1.5831593e-241
1.9227831e-248
-2.3644152e-255
2.8870192e-262
-3.7584066e-269
3.9861716e-276
-2.7958436e-283
1.2713958e-290
-3.9284845e-298
1.1807061e-305
1.4835036e-312
6.7600092e-313
-2.6400968e-10
3.9258447e-23
-6.334541e-36
1.8805566e-48
-1.4940281e-60
4.2757329e-72
-5.7200813e-83
4.5956827e-93
-2.8901405e-102
1.9187766e-110
-1.3444048e-117
2.1372515e-124
-2.7552629e-131
3.6842622e-138
-4.4748813e-145
6.0004166e-152
-7.851758e-159
1.120298e-165
-1.527219e-172
2.1003399e-179
-2.6377437e-186
3.6409243e-193
-4.7219543e-200
6.1160322e-207
-8.1105531e-214
1.0648686e-220
-1.4616699e-227
1.8873612e-234
-2.4117935e-241
3.1771675e-248
-4.5376133e-255
5.8286299e-262
-6.6773053e-269
7.0168081e-276
-5.2229866e-283
2.4364132e-290
-7.5469803e-298
2.2416427e-305
-1.7903226e-312
2.2740132e-312
-2.6401895e-10
3.9264028e-23
-6.3377856e-36
1.883048e-48
-1.4976432e-60
4.2886535e-72
-5.728481e-83
4.5715642e-93
-2.8236743e-102
1.79379e-110
-1.1568389e-117
1.5847154e-124
-2.2450687e-131
3.0534028e-138
-4.0914851e-145
5.7820211e-152
-8.3744544e-159
1.1638951e-165
-1.6564129e-172
2.1728179e-179
-2.9176979e-186
4.2162108e-193
-5.9573164e-200
7.5157708e-207
-1.066563e-213
1.4935559e-220
-2.0056847e-227
2.6528474e-234
-3.7622332e-241
4.9163501e-248
-6.5991456e-255
8.6581702e-262
-1.0868358e-268
1.2284674e-275
-9.5567134e-283
4.4277778e-290
-1.3892434e-297
4.1608022e-305
-1.5478095e-312
2.1359764e-312
-2.640272e-10
3.9268931e-23
-6.3406052e-36
1.885203e-48
-1.5007694e-60
4.2998588e-72
-5.7360785e-83
4.551585e-93
-2.7697621e-102
1.7061885e-110
-1.085393e-117
1.4958013e-124
-2.2674041e-131
3.1174271e-138
-4.1999171e-145
5.687209e-152
-7.9622365e-159
1.1040483e-165
-1.4522501e-172
2.1154795e-179
-3.0634608e-186
4.1112675e-193
-6.0795906e-200
7.9610481e-207
-1.0181896e-213
1.2972173e-220
-1.923182e-227
2.6889973e-234
-3.5364294e-241
4.8013727e-248
-6.5758481e-255
8.8564174e-262
-1.0854191e-268
1.1741792e-275
-9.0285204e-283
4.2350252e-290
-1.3459053e-297
4.0967434e-305
-2.682739e-312
-2.8966604e-312
-2.6403461e-10
3.9273262e-23
-6.3430627e-36
1.8870719e-48
-1.5034803e-60
4.3096385e-72
-5.7429533e-83
4.5355613e-93
-2.7253107e-102
1.632893e-110
-1.0055597e-117
1.4375147e-124
-2.1936549e-131
3.2504311e-138
-4.9742733e-145
6.8920766e-152
-9.8114953e-159
1.5032751e-165
-2.0507533e-172
2.7591932e-179
-4.2935609e-186
5.60483e-193
-7.7488919e-200
1.1307059e-206
-1.7456023e-213
2.4300571e-220
-3.6509373e-227
5.4084613e-234
-7.8810566e-241
1.1269796e-247
-1.5329084e-254
2.0454539e-261
-2.7803353e-268
3.1070565e-275
-2.4623776e-282
1.1848582e-289
-3.7368334e-297
1.1547333e-304
-5.6444359e-312
1.7678836e-312
-2.6404134e-10
3.9277107e-23
-6.345212e-36
1.8886977e-48
-1.5058346e-60
4.3181354e-72
-5.7490793e-83
4.5220859e-93
-2.6882227e-102
1.5708771e-110
-9.6468706e-118
1.528916e-124
-2.2301836e-131
3.2463492e-138
-4.8169881e-145
6.428411e-152
-9.239388e-159
1.4141333e-165
-2.1460796e-172
3.0925136e-179
-4.4450251e-186
6.9769758e-193
-1.0125163e-199
1.5750547e-206
-2.2718825e-213
3.4550461e-220
-4.983893e-227
7.4142266e-234
-1.0730591e-240
1.5114319e-247
-2.4309123e-254
3.4865865e-261
-4.8636221e-268
5.4974217e-275
-4.3857924e-282
2.0912379e-289
-6.5537435e-297
2.0472495e-304
-1.4994483e-311
-2.6767717e-312
-2.6404736e-10
3.9280501e-23
-6.3470903e-36
1.8901129e-48
-1.5078847e-60
4.3255648e-72
-5.7546389e-83
4.5107184e-93
-2.6581161e-102
1.5231635e-110
-8.8341371e-118
1.3149969e-124
-1.9393294e-131
3.4406796e-138
-5.4582659e-145
8.9693871e-152
-1.2955158e-158
1.869901e-165
-2.7964331e-172
4.5552508e-179
-6.3912085e-186
9.3945457e-193
-1.4902366e-199
2.1896741e-206
-3.5717408e-213
5.1697282e-220
-7.4140325e-227
1.1410738e-233
-1.5689656e-240
2.3242738e-247
-3.208117e-254
4.7529868e-261
-6.7283286e-268
7.7569395e-275
-6.2138823e-282
3.007904e-289
-9.6539731e-297
2.9776179e-304
-1.8015883e-311
2.0698722e-313
-2.6405285e-10
3.9283536e-23
-6.3487408e-36
1.891349e-48
-1.5096731e-60
4.3320558e-72
-5.7596067e-83
4.5016452e-93
-2.6314203e-102
1.4819353e-110
-8.6061528e-118
1.4716254e-124
-2.3260918e-131
3.6741903e-138
-5.4709574e-145
8.2829506e-152
-1.296862e-158
2.1593433e-165
-3.493585e-172
5.9253947e-179
-9.1394211e-186
1.4815259e-192
-2.1721293e-199
3.5970045e-206
-5.2986067e-213
8.3397507e-220
-1.4523744e-226
2.094039e-233
-3.5204327e-240
5.7344682e-247
-8.6669444e-254
1.3080846e-260
-1.9626475e-267
2.1587787e-274
-1.7725871e-281
8.6699883e-289
-2.7839586e-296
8.6722729e-304
-4.8973457e-311
-1.4825638e-312
-2.6405784e-10
3.9286233e-23
-6.3501899e-36
1.8924288e-48
-1.5112333e-60
4.337744e-72
-5.763965e-83
4.493638e-93
-2.6111401e-102
1.4536127e-110
-7.9325471e-118
1.1908e-124
-2.0753284e-131
3.8241781e-138
-5.9200686e-145
9.3231968e-152
-1.7153826e-158
2.9436452e-165
-4.3900281e-172
7.1803811e-179
-1.1530476e-185
1.8300865e-192
-3.4036599e-199
5.2853107e-206
-8.5418959e-213
1.3893492e-219
-2.4157943e-226
3.9841265e-233
-6.3616059e-240
1.0751576e-246
-1.7167389e-253
2.9614344e-260
-4.3788375e-267
5.4993705e-274
-4.4597271e-281
2.1794154e-288
-7.145538e-296
2.2341936e-303
-1.3790321e-310
-3.4572125e-312
-2.6406232e-10
3.9288632e-23
-6.3514619e-36
1.8933721e-48
-1.5125957e-60
4.3427176e-72
-5.7678735e-83
4.4868369e-93
-2.5925979e-102
1.4251975e-110
-8.0553225e-118
1.478633e-124
-2.4443506e-131
4.2140462e-138
-7.5007682e-145
1.3011926e-151
-2.1708819e-158
3.5181113e-165
-5.6789391e-172
9.4366019e-179
-1.6185364e-185
2.4953692e-192
-4.0398288e-199
6.9562836e-206
-1.0761123e-212
1.8363445e-219
-3.1436701e-226
4.9584326e-233
-7.7879306e-240
1.3189182e-246
-2.1903698e-253
3.4674376e-260
-5.3826981e-267
6.5805945e-274
-5.4659218e-281
2.6592365e-288
-8.7574801e-296
2.7516627e-303
-1.6707173e-310
1.4198296e-312
-2.6406643e-10
3.9290783e-23
-6.3525825e-36
1.8941975e-48
-1.5137865e-60
4.3470607e-72
-5.771381e-83
4.48121e-93
-2.5754093e-102
1.4028975e-110
-7.6673055e-118
1.1741448e-124
-2.1197004e-131
3.7632994e-138
-6.5194381e-145
1.0895827e-151
-2.1831723e-158
3.8515878e-165
-6.960753e-172
1.1772211e-178
-2.0369371e-185
3.2256139e-192
-5.3554524e-199
9.0973009e-206
-1.4820716e-212
2.6220519e-219
-4.2826829e-226
6.860294e-233
-1.2494039e-239
1.9669607e-246
-3.4487005e-253
5.6236899e-260
-8.3611025e-267
1.2051911e-273
-1.0284094e-280
5.0574721e-288
-1.6528154e-295
5.2183923e-303
-3.2710636e-310
-3.3185086e-312
-2.6407012e-10
3.9292706e-23
-6.3535697e-36
1.89492e-48
-1.5148263e-60
4.3508681e-72
-5.7744424e-83
4.4762531e-93
-2.5635757e-102
1.3833519e-110
-7.6185044e-118
1.2484075e-124
-2.6733965e-131
4.433899e-138
-8.3235399e-145
1.6683182e-151
-2.901361e-158
5.4566708e-165
-9.7275794e-172
1.5805115e-178
-2.9542261e-185
5.4378811e-192
-9.6038469e-199
1.6703839e-205
-3.1359169e-212
5.1184753e-219
-8.9795457e-226
1.5477174e-232
-2.7211187e-239
4.7971177e-246
-9.0225645e-253
1.6277354e-259
-2.5671448e-266
3.2856185e-273
-2.9234707e-280
1.501065e-287
-5.0580559e-295
1.6100433e-302
-1.0243537e-309
-3.2914889e-313
-2.6407345e-10
3.9294412e-23
-6.3544335e-36
1.8955492e-48
-1.5157318e-60
4.3541782e-72
-5.777164e-83
4.4722248e-93
-2.5507672e-102
1.3694618e-110
-7.5498102e-118
1.2639542e-124
-2.6447698e-131
4.9941378e-138
-9.8740692e-145
1.8291226e-151
-3.5325761e-158
5.9336165e-165
-1.1808602e-171
2.0993471e-178
-4.3943976e-185
7.9613128e-192
-1.5942501e-198
3.099351e-205
-5.6128015e-212
1.0477745e-218
-2.0730621e-225
4.0673349e-232
-7.1785609e-239
1.2719048e-245
-2.1802241e-252
4.0509347e-259
-6.5759802e-266
9.4316971e-273
-8.7684825e-280
4.3981362e-287
-1.4708038e-294
4.7198333e-302
-3.124836e-309
-5.0088899e-313
-2.6407662e-10
3.9295958e-23
-6.3551959e-36
1.8960996e-48
-1.5165199e-60
4.357063e-72
-5.7794328e-83
4.4685326e-93
-2.5413673e-102
1.3512227e-110
-7.395104e-118
1.475381e-124
-2.7355955e-131
5.6659523e-138
-1.2805188e-144
2.4930036e-151
-4.8187779e-158
9.4528934e-165
-1.9139006e-171
3.6631338e-178
-7.7483937e-185
1.5425998e-191
-2.9194187e-198
6.2886339e-205
-1.1975243e-211
2.2989489e-218
-4.2402888e-225
7.8338581e-232
-1.5115595e-238
2.7370192e-245
-5.2305003e-252
9.9956713e-259
-1.7647567e-265
2.4617979e-272
-2.1861403e-279
1.1124886e-286
-3.7256436e-294
1.2146122e-301
-7.8768823e-309
-9.7903578e-313
-2.6407942e-10
3.9297332e-23
-6.3558626e-36
1.8965768e-48
-1.5172043e-60
4.3595507e-72
-5.7813663e-83
4.4653363e-93
-2.5332787e-102
1.3422476e-110
-7.1915196e-118
1.5268976e-124
-3.1024843e-131
6.8912133e-138
-1.3467313e-144
2.6033533e-151
-5.4121613e-158
1.0276559e-164
-1.9325799e-171
4.0017205e-178
-8.2072885e-185
1.6001774e-191
-2.91514e-198
5.8482258e-205
-1.1265393e-211
2.3522463e-218
-4.7305885e-225
9.2317445e-232
-1.7662891e-238
3.251331e-245
-6.8182356e-252
1.3065426e-258
-2.3151271e-265
3.3081612e-272
-2.9862604e-279
1.5673706e-286
-5.2565768e-294
1.7326696e-301
-1.1356609e-308
-3.1578871e-312
-2.64082e-10
3.9298564e-23
-6.3564446e-36
1.8969896e-48
-1.5177928e-60
4.3616958e-72
-5.783077e-83
4.4624313e-93
-2.5257833e-102
1.334106e-110
-7.4151919e-118
1.3109248e-124
-3.0297528e-131
6.8890009e-138
-1.4890428e-144
3.2327618e-151
-6.9234487e-158
1.403607e-164
-2.7543129e-171
6.1849524e-178
-1.2093281e-184
2.4779083e-191
-5.0272384e-198
1.0483762e-204
-2.2547866e-211
4.2173617e-218
-9.6365216e-225
2.0218687e-231
-4.2051154e-238
8.0065139e-245
-1.547795e-251
3.216699e-258
-6.3578898e-265
9.8156106e-272
-9.1961701e-279
4.8452529e-286
-1.6424317e-293
5.3414581e-301
-3.7144818e-308
-1.4712631e-312
-2.640845e-10
3.929969e-23
-6.356954e-36
1.8973461e-48
-1.5182978e-60
4.3635196e-72
-5.7844698e-83
4.4600042e-93
-2.5191369e-102
1.324679e-110
-7.0863285e-118
1.4696616e-124
-3.0866358e-131
7.0539298e-138
-1.5412351e-144
3.4817449e-151
-7.3153008e-158
1.4737714e-164
-3.5372666e-171
6.8557035e-178
-1.5738618e-184
3.4428514e-191
-7.2503384e-198
1.6298406e-204
-3.027295e-211
6.3035054e-218
-1.4433056e-224
3.1030373e-231
-6.949419e-238
1.5707043e-244
-3.4654089e-251
7.1128074e-258
-1.3766307e-264
2.0615149e-271
-2.0837342e-278
1.0895242e-285
-3.6851974e-293
1.2099566e-300
-7.9878844e-308
9.8750608e-313
-2.6408683e-10
3.9300705e-23
-6.3573957e-36
1.8976497e-48
-1.5187262e-60
4.3650528e-72
-5.7855595e-83
4.4577935e-93
-2.5129633e-102
1.3154785e-110
-6.9554493e-118
1.6254386e-124
-4.139445e-131
1.0605169e-137
-2.3803545e-144
5.0560564e-151
-1.2818969e-157
2.8679514e-164
-7.3969185e-171
1.6660285e-177
-3.8421707e-184
9.1654182e-191
-2.113891e-197
4.8358802e-204
-1.0835253e-210
2.5546148e-217
-5.7081723e-224
1.3197413e-230
-3.1067284e-237
6.1143094e-244
-1.2696954e-250
2.7193407e-257
-4.8776487e-264
7.456464e-271
-7.4587016e-278
4.1471217e-285
-1.4106307e-292
4.6714741e-300
-3.2973114e-307
-2.7187317e-312
-2.6408908e-10
3.9301637e-23
-6.3577784e-36
1.8979062e-48
-1.5190834e-60
4.3663209e-72
-5.7863812e-83
4.4555885e-93
-2.5092741e-102
1.313538e-110
-7.1353002e-118
1.7149856e-124
-4.6970887e-131
1.1054103e-137
-2.5179504e-144
6.2887808e-151
-1.6066643e-157
3.5716167e-164
-7.9741829e-171
1.7604389e-177
-4.2407424e-184
1.0689434e-190
-2.7078288e-197
5.9959714e-204
-1.4380817e-210
3.8308245e-217
-7.9722941e-224
1.9399645e-230
-4.4413117e-237
1.0969225e-243
-2.3607836e-250
5.2843637e-257
-9.9436595e-264
1.6542512e-270
-1.6162913e-277
8.7169945e-285
-3.013724e-292
1.0224947e-299
-7.0010328e-307
2.0712576e-312
-2.6409122e-10
3.9302488e-23
-6.3581057e-36
1.8981193e-48
-1.5193774e-60
4.3673303e-72
-5.7869379e-83
4.4537889e-93
-2.5050415e-102
1.3044463e-110
-7.3588526e-118
1.7888039e-124
-4.8812886e-131
1.2643487e-137
-3.1846906e-144
6.9079644e-151
-1.7534396e-157
4.0862062e-164
-1.090027e-170
2.5712512e-177
-6.7994685e-184
2.0400466e-190
-4.9426717e-197
1.303992e-203
-3.1897896e-210
7.8707871e-217
-1.9037298e-223
4.8888223e-230
-1.2970091e-236
2.8557053e-243
-8.3068816e-250
1.9203933e-256
-4.4746966e-263
7.5600554e-270
-7.1330598e-277
3.9121717e-284
-1.3871362e-291
4.6202651e-299
-3.1480619e-306
4.9317486e-312
-2.6409365e-10
3.930333e-23
-6.3583938e-36
1.8982957e-48
-1.5196139e-60
4.3681167e-72
-5.7872832e-83
4.4521117e-93
-2.4999482e-102
1.302662e-110
-7.3467075e-118
1.8149932e-124
-4.9410011e-131
1.298034e-137
-2.986046e-144
8.0547018e-151
-2.2228307e-157
6.2769712e-164
-1.5213574e-170
3.5142267e-177
-9.0293045e-184
2.3983607e-190
-6.521219e-197
1.657374e-203
-5.5046386e-210
1.2980133e-216
-3.5191042e-223
8.7254816e-230
-2.2450014e-236
6.175574e-243
-1.6560777e-249
4.0297996e-256
-8.7800338e-263
1.4617808e-269
-1.4862511e-276
7.9603963e-284
-2.820666e-291
9.4750475e-299
-6.7194423e-306
2.6521167e-313
-2.640959e-10
3.9304109e-23
-6.3586346e-36
1.8984338e-48
-1.5197933e-60
4.368677e-72
-5.7873748e-83
4.4500776e-93
-2.4972538e-102
1.2995485e-110
-7.5523682e-118
1.8095896e-124
-5.7852569e-131
1.8951768e-137
-6.4387576e-144
1.6679566e-150
-5.0892929e-157
1.3434655e-163
-4.1220295e-170
1.167468e-176
-2.9223775e-183
8.5251835e-190
-2.2454702e-196
6.4437615e-203
-1.8785984e-209
5.0077307e-216
-1.2747459e-222
3.2428136e-229
-8.8197264e-236
2.4784929e-242
-7.0362784e-249
1.7339496e-255
-4.1492237e-262
6.69639e-269
-7.1276845e-276
3.9409352e-283
-1.3752357e-290
4.6398791e-298
-3.4150235e-305
8.4085563e-312
-2.6409852e-10
3.9304916e-23
-6.3588477e-36
1.8985413e-48
-1.5199222e-60
4.3690467e-72
-5.7871302e-83
4.4483163e-93
-2.4944145e-102
1.2977006e-110
-7.4030888e-118
1.9081196e-124
-6.4492027e-131
2.1521062e-137
-7.9679645e-144
2.1016119e-150
-7.0720039e-157
2.2754507e-163
-6.8384473e-170
2.0127768e-176
-6.9054191e-183
1.7241374e-189
-5.326354e-196
1.4951216e-202
-4.3735469e-209
1.2362197e-215
-3.8842318e-222
9.7054774e-229
-2.7735332e-235
8.7527645e-242
-2.3914982e-248
5.5231458e-255
-1.442233e-261
2.6697586e-268
-2.9204545e-275
1.6658264e-282
-5.9590138e-290
2.0418651e-297
-1.469474e-304
2.9983233e-311
-2.6410149e-10
3.9305754e-23
-6.3590351e-36
1.8986198e-48
-1.5200051e-60
4.3692113e-72
-5.7867334e-83
4.4465249e-93
-2.4918524e-102
1.2963092e-110
-7.6698141e-118
2.0260553e-124
-6.0158269e-131
1.7417436e-137
-5.1569053e-144
1.6978809e-150
-5.7491925e-157
1.8847174e-163
-5.2989507e-170
1.7836195e-176
-4.6616917e-183
1.5253839e-189
-4.6127604e-196
1.3604645e-202
-3.7244615e-209
1.1973074e-215
-3.4807963e-222
1.0397816e-228
-3.2414935e-235
8.8552676e-242
-2.2790139e-248
7.4856737e-255
-2.0887312e-261
4.0300746e-268
-4.5245433e-275
2.6386674e-282
-9.2058957e-290
3.1724029e-297
-2.3163379e-304
5.7359962e-311
-2.6410491e-10
3.9306669e-23
-6.3592056e-36
1.8986723e-48
-1.5200409e-60
4.3691903e-72
-5.7860797e-83
4.4446973e-93
-2.488785e-102
1.2954259e-110
-7.2447429e-118
2.1505121e-124
-8.5001941e-131
2.9859411e-137
-1.038409e-143
3.0494856e-150
-1.1052264e-156
3.5628118e-163
-1.21944e-169
3.928471e-176
-1.3773624e-182
4.7572892e-189
-1.946323e-195
6.4825309e-202
-1.9226999e-208
6.3400844e-215
-2.1361206e-221
6.3744426e-228
-1.9047852e-234
5.5486966e-241
-1.5554151e-247
4.1353682e-254
-9.9601845e-261
1.9936952e-267
-2.2939029e-274
1.2863612e-281
-4.6129938e-289
1.558666e-296
-1.1034747e-303
2.8964699e-310
-2.6410903e-10
3.9307708e-23
-6.3593695e-36
1.898702e-48
-1.5200363e-60
4.3689828e-72
-5.7851516e-83
4.4431248e-93
-2.486779e-102
1.2886732e-110
-7.7218481e-118
2.2001784e-124
-8.5490693e-131
2.3747258e-137
-7.900051e-144
2.7365622e-150
-1.0747038e-156
3.9473453e-163
-1.2446582e-169
4.1224102e-176
-1.1896779e-182
4.0079207e-189
-1.822301e-195
5.4628891e-202
-2.2576849e-208
6.31308e-215
-2.222557e-221
8.1012865e-228
-2.5690193e-234
1.1227965e-240
-4.5000789e-247
1.3386701e-253
-4.4967485e-260
1.0079928e-266
-1.2115226e-273
6.9609261e-281
-2.5251043e-288
8.8387378e-296
-7.0176177e-303
2.059895e-309
-2.6411394e-10
3.9308912e-23
-6.3595354e-36
1.8987124e-48
-1.519992e-60
4.3686016e-72
-5.7839839e-83
4.4410103e-93
-2.4847481e-102
1.291959e-110
-7.460185e-118
2.7272615e-124
-1.186428e-130
4.4086885e-137
-1.9743641e-143
7.6834762e-150
-2.8041643e-156
8.7994011e-163
-4.3113229e-169
1.3646145e-175
-4.7836681e-182
1.5570454e-188
-6.0697215e-195
2.0311231e-201
-5.93579e-208
2.4505797e-214
-7.7236849e-221
3.1823157e-227
-1.2565661e-233
4.2314914e-240
-1.9022066e-246
6.3355532e-253
-2.0208373e-259
4.0402161e-266
-4.7899362e-273
2.8364932e-280
-1.0260892e-287
3.615722e-295
-2.7054377e-302
8.6307922e-309
-2.6412009e-10
3.9310365e-23
-6.3597193e-36
1.8987084e-48
-1.5199114e-60
4.3680392e-72
-5.7825915e-83
4.4391864e-93
-2.4825748e-102
1.2879255e-110
-7.5907443e-118
3.2455575e-124
-1.3084014e-130
6.3586573e-137
-2.2116165e-143
9.012984e-150
-3.8091006e-156
1.5192728e-162
-6.175499e-169
2.3040866e-175
-8.6243508e-182
3.5822602e-188
-1.7734267e-194
7.7364933e-201
-2.8680045e-207
1.1498651e-213
-4.8268537e-220
2.2028087e-226
-1.1105987e-232
3.6757858e-239
-1.6889209e-245
6.6313223e-252
-2.3815371e-258
5.152096e-265
-6.0752894e-272
3.6523342e-279
-1.3463663e-286
4.6478665e-294
-3.5952646e-301
1.1250002e-307
-2.6412762e-10
3.9312139e-23
-6.3599364e-36
1.8986933e-48
-1.519797e-60
4.3673178e-72
-5.780936e-83
4.4372626e-93
-2.4815015e-102
1.2887416e-110
-7.585231e-118
2.7826907e-124
-1.089954e-130
4.4348202e-137
-2.1795194e-143
7.496323e-150
-3.4133816e-156
1.7124821e-162
-7.0177042e-169
3.0382333e-175
-1.2785604e-181
5.0388321e-188
-2.2898899e-194
8.9816863e-201
-3.5245169e-207
1.3880332e-213
-6.3398428e-220
2.7565327e-226
-1.2538332e-232
5.545477e-239
-2.0216592e-245
9.4591187e-252
-3.3913536e-258
7.9407746e-265
-9.8812558e-272
5.9819754e-279
-2.2339678e-286
7.9912709e-294
-6.3315585e-301
2.0846842e-307
-2.6413709e-10
3.9314343e-23
-6.3602053e-36
1.8986738e-48
-1.5196533e-60
4.3664342e-72
-5.7790372e-83
4.4351801e-93
-2.4809298e-102
1.2921711e-110
-7.6476445e-118
2.9358566e-124
-1.6973969e-130
8.3907636e-137
-3.9186768e-143
2.2872555e-149
-1.0802344e-155
5.2704808e-162
-2.1344784e-168
9.721494e-175
-4.3220757e-181
2.1105101e-187
-9.1782109e-194
3.4808302e-200
-1.4134169e-206
7.0511949e-213
-3.7689581e-219
1.5548379e-225
-8.3395468e-232
3.6636714e-238
-1.7452163e-244
6.8440308e-251
-2.5547126e-257
5.3299821e-264
-6.4297429e-271
3.8955208e-278
-1.4260011e-285
5.0986282e-293
-4.0966873e-300
1.3537388e-306
-2.6414911e-10
3.9317129e-23
-6.3605556e-36
1.8986574e-48
-1.519485e-60
4.3653941e-72
-5.7768216e-83
4.4329474e-93
-2.4784028e-102
1.288474e-110
-7.5910091e-118
2.8754094e-124
-1.4191039e-130
6.193556e-137
-2.6095872e-143
1.0971576e-149
-4.9586253e-156
2.5980551e-162
-1.3526611e-168
9.2089251e-175
-4.8841096e-181
3.6850038e-187
-1.8878107e-193
9.402477e-200
-4.8057235e-206
2.7611085e-212
-1.7851361e-218
9.9183986e-225
-5.6902573e-231
2.3228157e-237
-1.2836834e-243
5.9176772e-250
-2.2481152e-256
5.4221776e-263
-6.893101e-270
4.3260305e-277
-1.5983765e-284
5.6862268e-292
-4.5565359e-299
1.9875186e-305
-2.6416426e-10
3.932065e-23
-6.3610142e-36
1.8986515e-48
-1.5192964e-60
4.3642033e-72
-5.7744735e-83
4.430716e-93
-2.4785151e-102
1.2899931e-110
-7.946933e-118
4.1468648e-124
-2.2706408e-130
1.3844077e-136
-9.612026e-143
8.3573359e-149
-3.3847509e-155
1.4930653e-161
-9.326509e-168
4.7860822e-174
-2.4538586e-180
9.6717209e-187
-4.8706368e-193
2.9308301e-199
-1.3884622e-205
8.8859616e-212
-4.6845093e-218
3.3125341e-224
-2.0221968e-230
9.9353228e-237
-5.5802005e-243
2.4280212e-249
-8.8989189e-256
2.2654036e-262
-2.9987805e-269
1.8004328e-276
-6.7019536e-284
2.4052513e-291
-1.9801849e-298
7.5696451e-305
-2.6418346e-10
3.9325118e-23
-6.3616232e-36
1.898668e-48
-1.5190939e-60
4.362874e-72
-5.7717962e-83
4.428157e-93
-2.4774606e-102
1.2935852e-110
-7.9265534e-118
4.6554194e-124
-3.8204711e-130
2.2517635e-136
-1.8812679e-142
9.9293232e-149
-6.5118454e-155
5.0465304e-161
-3.1158681e-167
1.8843102e-173
-9.8259779e-180
4.755475e-186
-1.9853693e-192
1.25264e-198
-1.1093322e-204
8.5194181e-211
-4.7866425e-217
3.4548583e-223
-2.7442222e-229
1.527314e-235
-9.9427594e-242
4.4617462e-248
-2.1698529e-254
6.5909237e-261
-8.8056463e-268
5.4833493e-275
-2.0552084e-282
7.3370451e-290
-5.9369299e-297
1.9810149e-303
-2.6420791e-10
3.9330829e-23
-6.3624367e-36
1.8987226e-48
-1.5188876e-60
4.3614403e-72
-5.7688439e-83
4.4257522e-93
-2.4770858e-102
1.292063e-110
-8.2467554e-118
3.164501e-124
-2.5277773e-130
5.895328e-136
-3.1784069e-142
1.880675e-148
-1.4710166e-154
1.0094767e-160
-5.0027819e-167
2.9620662e-173
-1.655801e-179
1.1271294e-185
-1.2730546e-191
1.2201334e-197
-1.3790059e-203
1.1190899e-209
-7.9828477e-216
6.8162155e-222
-4.7716897e-228
2.1334433e-234
-1.2145477e-240
7.7725674e-247
-4.0858763e-253
1.1902404e-259
-1.4996024e-266
9.432803e-274
-3.6704297e-281
1.3506398e-288
-1.2232992e-295
5.0595323e-302
-2.642393e-10
3.9338169e-23
-6.3635267e-36
1.8988347e-48
-1.5186908e-60
4.3599089e-72
-5.7657277e-83
4.4230011e-93
-2.475596e-102
1.2931539e-110
-8.6693219e-118
5.6255847e-124
-5.1189563e-130
4.7789207e-136
-3.1876303e-142
2.2591729e-148
-2.6136495e-154
4.0485763e-160
-3.0521636e-166
2.2378563e-172
-1.3914419e-178
7.8910132e-185
-6.8515612e-191
3.5395845e-197
-4.2046909e-203
3.6439046e-209
-5.4523187e-215
5.4696736e-221
-4.598469e-227
2.8220658e-233
-1.7957527e-239
1.0552121e-245
-4.8932371e-252
1.4742665e-258
-1.9839141e-265
1.2884158e-272
-5.0000605e-280
1.868447e-287
-1.6735945e-294
8.8583438e-301
-2.642796e-10
3.9347611e-23
-6.3649795e-36
1.8990297e-48
-1.51852e-60
4.3583067e-72
-5.7623044e-83
4.4199989e-93
-2.474549e-102
1.3012185e-110
-8.2868157e-118
5.1998278e-124
-6.0828823e-130
4.8837134e-136
-8.8875384e-142
7.8090918e-148
-5.1571911e-154
3.8388339e-160
-2.4842342e-166
3.3065621e-172
-2.7261222e-178
2.9119068e-184
-1.8416196e-190
1.6772627e-196
-1.0354665e-202
9.9478949e-209
-1.2308057e-214
1.1929004e-220
-9.0612425e-227
4.4799009e-233
-3.1377509e-239
1.8434484e-245
-1.3814796e-251
4.0577102e-258
-5.6359664e-265
3.5691284e-272
-1.3823511e-279
5.183327e-287
-4.5034631e-294
2.3745827e-300
-2.6433185e-10
3.9359845e-23
-6.3669247e-36
1.8993438e-48
-1.5184003e-60
4.3567081e-72
-5.7588383e-83
4.4172853e-93
-2.4747405e-102
1.2983747e-110
-8.5133176e-118
5.7581534e-124
-8.7801458e-130
1.1286367e-135
-8.4789275e-142
1.0968892e-147
-1.1246703e-153
1.1658221e-159
-9.2669885e-166
1.927194e-171
-1.7257246e-177
1.861496e-183
-5.2297174e-189
8.2986162e-195
-9.8921752e-201
9.3090101e-207
-1.1962701e-212
1.3968557e-218
-1.597586e-224
1.5866384e-230
-1.351634e-236
1.2240727e-242
-6.8856503e-249
2.6885727e-255
-4.0226272e-262
2.6610666e-269
-1.0360776e-276
3.7809162e-284
-3.3035889e-291
2.0010957e-297
-2.6440055e-10
3.9375902e-23
-6.3695482e-36
1.8998309e-48
-1.5183666e-60
4.3551841e-72
-5.7553029e-83
4.4145698e-93
-2.4737904e-102
1.2997916e-110
-8.4377146e-118
4.8180804e-124
-5.5058206e-129
9.8850725e-135
-2.1354057e-140
6.9329475e-146
-6.1064325e-152
8.1549315e-158
-1.0402181e-163
1.5712484e-169
-2.3593105e-175
4.0289e-181
-3.6163016e-186
3.795246e-192
-5.013276e-198
3.7936752e-203
-5.133075e-209
1.4117563e-214
-2.1064245e-219
2.0536712e-225
-3.1839562e-231
2.4839248e-237
-2.0216687e-243
7.4132203e-250
-1.0636664e-256
7.393974e-264
-2.8980002e-271
1.0962774e-278
-1.0225389e-285
5.9427735e-292
-2.6449065e-10
3.93968e-23
-6.3730333e-36
1.9005455e-48
-1.5184633e-60
4.3538524e-72
-5.7518501e-83
4.4116818e-93
-2.4739922e-102
1.3042596e-110
-9.1748811e-118
6.7071548e-124
-7.3071811e-130
-4.373035e-135
6.9948526e-141
-7.5931015e-147
9.8515553e-153
-9.4319262e-159
1.4537588e-164
-1.8918978e-170
1.4829447e-176
-1.9243022e-182
-1.7894573e-188
1.1388281e-193
-3.065888e-199
1.4697498e-204
-2.8029704e-210
3.6905884e-216
-6.1857579e-222
1.7738529e-227
-5.4879926e-233
-4.108359e-238
1.5799155e-243
-1.2092371e-249
2.4787032e-256
-1.7859876e-263
7.2528176e-271
-2.7879396e-278
2.9138753e-285
-2.5754628e-291
-2.6462069e-10
3.942687e-23
-6.3781546e-36
1.9017048e-48
-1.5188313e-60
4.3530198e-72
-5.7487056e-83
4.4090914e-93
-2.4740805e-102
1.3115944e-110
-9.1321505e-118
8.903365e-124
-1.2602284e-129
3.791966e-135
-5.5867335e-141
2.335767e-146
-1.7861179e-151
3.3856915e-157
-6.5241125e-163
1.0393274e-168
1.3214253e-173
-5.5705737e-179
-4.0691187e-184
4.0258441e-190
-6.5091573e-196
1.1697263e-201
-2.6151454e-207
3.3544711e-213
-4.6437225e-219
9.9678798e-225
9.8510919e-230
-3.5220612e-235
1.4541257e-240
-7.5069168e-247
1.2764308e-253
-8.9621302e-261
3.6025761e-268
-1.3843686e-275
1.2976423e-282
-1.5068238e-288
-2.6477332e-10
3.9460022e-23
-6.3837751e-36
1.9030297e-48
-1.5193666e-60
4.3527963e-72
-5.7466336e-83
4.4073907e-93
-2.4751612e-102
1.309094e-110
-9.3351264e-118
6.6886222e-124
-7.5354648e-129
1.2035951e-134
2.3486268e-139
-8.6845186e-145
6.0348684e-150
-3.0733639e-155
9.4692247e-161
-1.8523028e-166
2.8763297e-172
-3.530789e-178
4.8339029e-184
-1.2201261e-189
1.55624e-195
1.0193397e-200
-1.6556114e-205
1.8753388e-210
-1.099403e-214
2.0505383e-220
-3.6429807e-226
-3.5495458e-231
4.0010631e-237
-2.1152025e-243
3.5633519e-250
-2.5377658e-257
1.0139646e-264
-3.9095757e-272
3.8194373e-279
-3.7372661e-285
-2.652359e-10
3.9562276e-23
-6.4014173e-36
1.9076037e-48
-1.5218996e-60
4.3561887e-72
-5.7468957e-83
4.4072962e-93
-2.4783835e-102
1.3234914e-110
-9.1776389e-118
1.2930873e-123
-6.8376775e-129
-1.6710984e-134
2.3226468e-140
1.2594398e-145
8.1764233e-151
8.9267742e-156
4.5326505e-161
-7.7490719e-167
8.5406005e-172
3.367669e-177
1.3111019e-182
-2.6143197e-188
5.1549848e-194
-2.5123186e-198
1.8616964e-203
-9.4934993e-209
5.4448363e-214
-8.8471672e-220
1.6123137e-225
3.8300579e-230
-3.2026826e-236
1.836497e-242
-2.9971476e-249
2.1160254e-256
-8.5261274e-264
3.3922255e-271
-3.5129485e-278
2.7576526e-283
)
;

boundaryField
{
    wall
    {
        type            fixedValue;
        value           uniform 350;
    }
    sides
    {
        type            zeroGradient;
    }
    frontAndBack
    {
        type            empty;
    }
    inlet
    {
        type            fixedValue;
        value           uniform 300;
    }
    outlet
    {
        type            zeroGradient;
    }
}


// ************************************************************************* //
