/*--------------------------------*- C++ -*----------------------------------*\
  =========                 |
  \\      /  F ield         | OpenFOAM: The Open Source CFD Toolbox
   \\    /   O peration     | Website:  https://openfoam.org
    \\  /    A nd           | Version:  10
     \\/     M anipulation  |
\*---------------------------------------------------------------------------*/
FoamFile
{
    format      ascii;
    class       volScalarField;
    location    "0.01";
    object      T;
}
// * * * * * * * * * * * * * * * * * * * * * * * * * * * * * * * * * * * * * //

dimensions      [0 0 0 1 0 0 0];

internalField   nonuniform List<scalar> 
4000
(
303.03802
299.38937
299.99015
300.00081
299.99996
300
300
300
300
300
300
300
300
300
300
300
300
300
300
300
300
300
300
300
300
300
300
300
300
300
300
300
300
300
300
300
300
300
300
300.00001
309.39859
298.63024
299.80599
300.00041
300.00061
300
300
300
300
300
300
300
300
300
300
300
300
300
300
300
300
300
300
300
300
300
300
300
300
300
300
300
300
300
300
300
300
300
300
300.00002
315.14983
298.82479
299.50647
299.97971
300.00263
300.00018
299.99998
299.99999
299.99999
299.99999
299.99999
299.99999
299.99999
299.99999
299.99999
299.99999
299.99999
299.99999
299.99999
299.99999
299.99999
299.99999
299.99999
299.99999
299.99999
299.99999
299.99999
299.99999
299.99999
299.99999
299.99999
299.99999
299.99999
299.99999
299.99999
299.99998
299.99998
299.99998
299.99998
300
319.16989
299.59937
299.26254
299.93697
300.00455
300.00069
299.99992
299.99992
299.99992
299.99992
299.99992
299.99992
299.99992
299.99992
299.99992
299.99992
299.99992
299.99992
299.99993
299.99993
299.99993
299.99993
299.99993
299.99993
299.99993
299.99993
299.99993
299.99993
299.99993
299.99993
299.99993
299.99993
299.99993
299.99993
299.99993
299.99993
299.99992
299.99992
299.99993
299.99995
320.82073
300.39585
299.19085
299.89689
300.00455
300.00134
299.99989
299.99985
299.99986
299.99986
299.99986
299.99986
299.99986
299.99987
299.99987
299.99987
299.99987
299.99987
299.99987
299.99987
299.99987
299.99987
299.99987
299.99987
299.99987
299.99987
299.99987
299.99987
299.99987
299.99987
299.99987
299.99987
299.99987
299.99987
299.99987
299.99987
299.99987
299.99987
299.99988
299.99993
320.63391
300.93925
299.29202
299.88374
300.00272
300.00168
299.99994
299.99986
299.99987
299.99987
299.99987
299.99987
299.99988
299.99988
299.99988
299.99988
299.99988
299.99988
299.99988
299.99988
299.99988
299.99988
299.99988
299.99988
299.99988
299.99988
299.99988
299.99988
299.99988
299.99989
299.99989
299.99989
299.99989
299.99989
299.99989
299.99988
299.99988
299.99988
299.9999
300
319.78802
301.23907
299.48183
299.8987
300.0006
300.00154
300.00004
299.99994
299.99995
299.99995
299.99995
299.99995
299.99995
299.99995
299.99995
299.99995
299.99995
299.99995
299.99995
299.99995
299.99995
299.99995
299.99995
299.99995
299.99995
299.99995
299.99995
299.99995
299.99996
299.99996
299.99996
299.99996
299.99996
299.99996
299.99996
299.99995
299.99995
299.99995
299.99997
300.00008
319.1091
301.38417
299.66611
299.92572
299.99934
300.00111
300.0001
300.00002
300.00002
300.00003
300.00003
300.00003
300.00003
300.00003
300.00003
300.00003
300.00003
300.00003
300.00003
300.00003
300.00003
300.00003
300.00003
300.00003
300.00003
300.00003
300.00003
300.00003
300.00003
300.00003
300.00003
300.00003
300.00003
300.00003
300.00003
300.00003
300.00003
300.00003
300.00004
300.00013
318.78998
301.44144
299.79414
299.94968
299.99897
300.0007
300.00012
300.00006
300.00006
300.00007
300.00006
300.00006
300.00006
300.00006
300.00006
300.00006
300.00006
300.00006
300.00006
300.00006
300.00006
300.00006
300.00006
300.00006
300.00006
300.00006
300.00006
300.00006
300.00006
300.00006
300.00006
300.00006
300.00007
300.00007
300.00007
300.00007
300.00007
300.00007
300.00008
300.00013
318.69685
301.4542
299.86336
299.96496
299.99907
300.00042
300.0001
300.00007
300.00007
300.00007
300.00007
300.00007
300.00007
300.00007
300.00007
300.00007
300.00007
300.00007
300.00007
300.00007
300.00007
300.00007
300.00007
300.00007
300.00007
300.00007
300.00007
300.00007
300.00007
300.00007
300.00007
300.00007
300.00007
300.00007
300.00007
300.00007
300.00007
300.00007
300.00008
300.00013
318.67914
301.4506
299.89456
299.97292
299.99924
300.00028
300.00008
300.00006
300.00006
300.00006
300.00006
300.00006
300.00006
300.00006
300.00006
300.00006
300.00006
300.00006
300.00006
300.00006
300.00006
300.00006
300.00006
300.00006
300.00006
300.00006
300.00006
300.00006
300.00006
300.00006
300.00006
300.00006
300.00006
300.00006
300.00006
300.00006
300.00006
300.00006
300.00008
300.00012
318.66866
301.44517
299.90837
299.97676
299.99936
300.00021
300.00007
300.00005
300.00005
300.00005
300.00005
300.00005
300.00005
300.00005
300.00005
300.00005
300.00005
300.00005
300.00005
300.00005
300.00005
300.00005
300.00005
300.00005
300.00005
300.00005
300.00005
300.00005
300.00005
300.00005
300.00005
300.00006
300.00006
300.00006
300.00006
300.00006
300.00006
300.00006
300.00007
300.00011
318.65343
301.44224
299.91634
299.97885
299.99942
300.00018
300.00006
300.00005
300.00005
300.00005
300.00005
300.00005
300.00005
300.00005
300.00005
300.00005
300.00005
300.00005
300.00005
300.00005
300.00005
300.00005
300.00005
300.00005
300.00005
300.00005
300.00005
300.00005
300.00005
300.00005
300.00005
300.00005
300.00005
300.00005
300.00005
300.00005
300.00005
300.00005
300.00007
300.00011
318.63764
301.44138
299.92255
299.98026
299.99944
300.00016
300.00006
300.00005
300.00005
300.00005
300.00005
300.00005
300.00005
300.00005
300.00005
300.00005
300.00005
300.00005
300.00005
300.00005
300.00005
300.00005
300.00005
300.00005
300.00005
300.00005
300.00005
300.00005
300.00005
300.00005
300.00005
300.00005
300.00005
300.00005
300.00005
300.00005
300.00005
300.00005
300.00007
300.00011
318.62448
301.44134
299.92777
299.98136
299.99946
300.00015
300.00006
300.00005
300.00005
300.00005
300.00005
300.00005
300.00005
300.00005
300.00005
300.00005
300.00005
300.00005
300.00005
300.00005
300.00005
300.00005
300.00005
300.00005
300.00005
300.00005
300.00005
300.00005
300.00005
300.00005
300.00005
300.00005
300.00005
300.00005
300.00005
300.00005
300.00005
300.00005
300.00007
300.00011
318.61427
301.4414
299.932
299.98224
299.99947
300.00013
300.00006
300.00005
300.00005
300.00005
300.00005
300.00005
300.00005
300.00005
300.00005
300.00005
300.00005
300.00005
300.00005
300.00005
300.00005
300.00005
300.00005
300.00005
300.00005
300.00005
300.00005
300.00005
300.00005
300.00005
300.00005
300.00005
300.00005
300.00005
300.00005
300.00005
300.00005
300.00005
300.00007
300.00011
318.60631
301.4414
299.93532
299.98293
299.99948
300.00012
300.00006
300.00005
300.00005
300.00005
300.00005
300.00005
300.00005
300.00005
300.00005
300.00005
300.00005
300.00005
300.00005
300.00005
300.00005
300.00005
300.00005
300.00005
300.00005
300.00005
300.00005
300.00005
300.00005
300.00005
300.00005
300.00005
300.00005
300.00005
300.00005
300.00005
300.00005
300.00005
300.00006
300.00011
318.59994
301.44135
299.93793
299.98348
299.99948
300.00012
300.00005
300.00005
300.00005
300.00005
300.00005
300.00005
300.00005
300.00005
300.00005
300.00005
300.00005
300.00005
300.00005
300.00005
300.00005
300.00005
300.00005
300.00005
300.00005
300.00005
300.00005
300.00005
300.00005
300.00005
300.00005
300.00005
300.00005
300.00005
300.00005
300.00005
300.00005
300.00005
300.00006
300.00011
318.59475
301.4413
299.94
299.9839
299.99949
300.00011
300.00005
300.00005
300.00005
300.00005
300.00005
300.00005
300.00005
300.00005
300.00005
300.00005
300.00005
300.00005
300.00005
300.00005
300.00005
300.00005
300.00005
300.00005
300.00005
300.00005
300.00005
300.00005
300.00005
300.00005
300.00005
300.00005
300.00005
300.00005
300.00005
300.00005
300.00005
300.00005
300.00006
300.00011
318.59049
301.44126
299.94167
299.98425
299.99949
300.00011
300.00005
300.00005
300.00005
300.00005
300.00005
300.00005
300.00005
300.00005
300.00005
300.00005
300.00005
300.00005
300.00005
300.00005
300.00005
300.00005
300.00005
300.00005
300.00005
300.00005
300.00005
300.00005
300.00005
300.00005
300.00005
300.00005
300.00005
300.00005
300.00005
300.00005
300.00005
300.00005
300.00006
300.00011
318.58695
301.44122
299.94303
299.98453
299.9995
300.0001
300.00005
300.00005
300.00005
300.00005
300.00005
300.00005
300.00005
300.00005
300.00005
300.00005
300.00005
300.00005
300.00005
300.00005
300.00005
300.00005
300.00005
300.00005
300.00005
300.00005
300.00005
300.00005
300.00005
300.00005
300.00005
300.00005
300.00005
300.00005
300.00005
300.00005
300.00005
300.00005
300.00006
300.00011
318.58401
301.44119
299.94416
299.98476
299.9995
300.0001
300.00005
300.00004
300.00004
300.00004
300.00005
300.00005
300.00005
300.00005
300.00005
300.00005
300.00005
300.00005
300.00005
300.00005
300.00005
300.00005
300.00005
300.00005
300.00005
300.00005
300.00005
300.00005
300.00005
300.00005
300.00005
300.00005
300.00005
300.00005
300.00005
300.00005
300.00005
300.00005
300.00006
300.00011
318.58154
301.44116
299.94509
299.98495
299.9995
300.0001
300.00005
300.00004
300.00004
300.00004
300.00004
300.00004
300.00004
300.00004
300.00004
300.00004
300.00004
300.00004
300.00004
300.00004
300.00004
300.00004
300.00005
300.00005
300.00005
300.00005
300.00005
300.00005
300.00005
300.00005
300.00005
300.00005
300.00005
300.00005
300.00005
300.00005
300.00005
300.00005
300.00006
300.00011
318.57946
301.44114
299.94587
299.98511
299.9995
300.00009
300.00005
300.00004
300.00004
300.00004
300.00004
300.00004
300.00004
300.00004
300.00004
300.00004
300.00004
300.00004
300.00004
300.00004
300.00004
300.00004
300.00004
300.00004
300.00004
300.00004
300.00004
300.00004
300.00004
300.00004
300.00004
300.00004
300.00004
300.00004
300.00004
300.00004
300.00005
300.00005
300.00006
300.00011
318.5777
301.44112
299.94652
299.98524
299.99951
300.00009
300.00005
300.00004
300.00004
300.00004
300.00004
300.00004
300.00004
300.00004
300.00004
300.00004
300.00004
300.00004
300.00004
300.00004
300.00004
300.00004
300.00004
300.00004
300.00004
300.00004
300.00004
300.00004
300.00004
300.00004
300.00004
300.00004
300.00004
300.00004
300.00004
300.00004
300.00004
300.00005
300.00006
300.00011
318.57621
301.44111
299.94708
299.98535
299.99951
300.00009
300.00005
300.00004
300.00004
300.00004
300.00004
300.00004
300.00004
300.00004
300.00004
300.00004
300.00004
300.00004
300.00004
300.00004
300.00004
300.00004
300.00004
300.00004
300.00004
300.00004
300.00004
300.00004
300.00004
300.00004
300.00004
300.00004
300.00004
300.00004
300.00004
300.00004
300.00004
300.00005
300.00006
300.0001
318.57493
301.44109
299.94755
299.98544
299.99951
300.00009
300.00004
300.00004
300.00004
300.00004
300.00004
300.00004
300.00004
300.00004
300.00004
300.00004
300.00004
300.00004
300.00004
300.00004
300.00004
300.00004
300.00004
300.00004
300.00004
300.00004
300.00004
300.00004
300.00004
300.00004
300.00004
300.00004
300.00004
300.00004
300.00004
300.00004
300.00004
300.00004
300.00006
300.0001
318.57384
301.44108
299.94795
299.98552
299.99951
300.00008
300.00004
300.00004
300.00004
300.00004
300.00004
300.00004
300.00004
300.00004
300.00004
300.00004
300.00004
300.00004
300.00004
300.00004
300.00004
300.00004
300.00004
300.00004
300.00004
300.00004
300.00004
300.00004
300.00004
300.00004
300.00004
300.00004
300.00004
300.00004
300.00004
300.00004
300.00004
300.00004
300.00006
300.0001
318.5729
301.44107
299.94829
299.98559
299.99951
300.00008
300.00004
300.00004
300.00004
300.00004
300.00004
300.00004
300.00004
300.00004
300.00004
300.00004
300.00004
300.00004
300.00004
300.00004
300.00004
300.00004
300.00004
300.00004
300.00004
300.00004
300.00004
300.00004
300.00004
300.00004
300.00004
300.00004
300.00004
300.00004
300.00004
300.00004
300.00004
300.00004
300.00006
300.0001
318.5721
301.44106
299.94858
299.98565
299.99951
300.00008
300.00004
300.00004
300.00004
300.00004
300.00004
300.00004
300.00004
300.00004
300.00004
300.00004
300.00004
300.00004
300.00004
300.00004
300.00004
300.00004
300.00004
300.00004
300.00004
300.00004
300.00004
300.00004
300.00004
300.00004
300.00004
300.00004
300.00004
300.00004
300.00004
300.00004
300.00004
300.00004
300.00005
300.0001
318.5714
301.44106
299.94883
299.9857
299.99951
300.00008
300.00004
300.00004
300.00004
300.00004
300.00004
300.00004
300.00004
300.00004
300.00004
300.00004
300.00004
300.00004
300.00004
300.00004
300.00004
300.00004
300.00004
300.00004
300.00004
300.00004
300.00004
300.00004
300.00004
300.00004
300.00004
300.00004
300.00004
300.00004
300.00004
300.00004
300.00004
300.00004
300.00005
300.0001
318.5708
301.44105
299.94905
299.98574
299.99951
300.00008
300.00004
300.00004
300.00004
300.00004
300.00004
300.00004
300.00004
300.00004
300.00004
300.00004
300.00004
300.00004
300.00004
300.00004
300.00004
300.00004
300.00004
300.00004
300.00004
300.00004
300.00004
300.00004
300.00004
300.00004
300.00004
300.00004
300.00004
300.00004
300.00004
300.00004
300.00004
300.00004
300.00005
300.0001
318.57027
301.44105
299.94924
299.98578
299.99951
300.00008
300.00004
300.00004
300.00004
300.00004
300.00004
300.00004
300.00004
300.00004
300.00004
300.00004
300.00004
300.00004
300.00004
300.00004
300.00004
300.00004
300.00004
300.00004
300.00004
300.00004
300.00004
300.00004
300.00004
300.00004
300.00004
300.00004
300.00004
300.00004
300.00004
300.00004
300.00004
300.00004
300.00005
300.0001
318.56981
301.44104
299.9494
299.98581
299.99951
300.00008
300.00004
300.00004
300.00004
300.00004
300.00004
300.00004
300.00004
300.00004
300.00004
300.00004
300.00004
300.00004
300.00004
300.00004
300.00004
300.00004
300.00004
300.00004
300.00004
300.00004
300.00004
300.00004
300.00004
300.00004
300.00004
300.00004
300.00004
300.00004
300.00004
300.00004
300.00004
300.00004
300.00005
300.0001
318.56941
301.44104
299.94954
299.98584
299.99951
300.00008
300.00004
300.00003
300.00004
300.00004
300.00004
300.00004
300.00004
300.00004
300.00004
300.00004
300.00004
300.00004
300.00004
300.00004
300.00004
300.00004
300.00004
300.00004
300.00004
300.00004
300.00004
300.00004
300.00004
300.00004
300.00004
300.00004
300.00004
300.00004
300.00004
300.00004
300.00004
300.00004
300.00005
300.0001
318.56906
301.44104
299.94967
299.98587
299.99951
300.00007
300.00004
300.00003
300.00003
300.00003
300.00003
300.00003
300.00003
300.00004
300.00004
300.00004
300.00004
300.00004
300.00004
300.00004
300.00004
300.00004
300.00004
300.00004
300.00004
300.00004
300.00004
300.00004
300.00004
300.00004
300.00004
300.00004
300.00004
300.00004
300.00004
300.00004
300.00004
300.00004
300.00005
300.0001
318.56875
301.44104
299.94977
299.98589
299.99951
300.00007
300.00004
300.00003
300.00003
300.00003
300.00003
300.00003
300.00003
300.00003
300.00003
300.00003
300.00003
300.00003
300.00003
300.00003
300.00004
300.00004
300.00004
300.00004
300.00004
300.00004
300.00004
300.00004
300.00004
300.00004
300.00004
300.00004
300.00004
300.00004
300.00004
300.00004
300.00004
300.00004
300.00005
300.0001
318.56848
301.44104
299.94987
299.9859
299.99951
300.00007
300.00004
300.00003
300.00003
300.00003
300.00003
300.00003
300.00003
300.00003
300.00003
300.00003
300.00003
300.00003
300.00003
300.00003
300.00003
300.00003
300.00003
300.00003
300.00003
300.00003
300.00003
300.00003
300.00003
300.00003
300.00003
300.00003
300.00004
300.00004
300.00004
300.00004
300.00004
300.00004
300.00005
300.0001
318.56823
301.44104
299.94996
299.98592
299.9995
300.00007
300.00004
300.00003
300.00003
300.00003
300.00003
300.00003
300.00003
300.00003
300.00003
300.00003
300.00003
300.00003
300.00003
300.00003
300.00003
300.00003
300.00003
300.00003
300.00003
300.00003
300.00003
300.00003
300.00003
300.00003
300.00003
300.00003
300.00003
300.00003
300.00003
300.00003
300.00003
300.00004
300.00005
300.0001
318.56802
301.44104
299.95003
299.98594
299.9995
300.00007
300.00004
300.00003
300.00003
300.00003
300.00003
300.00003
300.00003
300.00003
300.00003
300.00003
300.00003
300.00003
300.00003
300.00003
300.00003
300.00003
300.00003
300.00003
300.00003
300.00003
300.00003
300.00003
300.00003
300.00003
300.00003
300.00003
300.00003
300.00003
300.00003
300.00003
300.00003
300.00004
300.00005
300.0001
318.56782
301.44104
299.9501
299.98595
299.9995
300.00007
300.00003
300.00003
300.00003
300.00003
300.00003
300.00003
300.00003
300.00003
300.00003
300.00003
300.00003
300.00003
300.00003
300.00003
300.00003
300.00003
300.00003
300.00003
300.00003
300.00003
300.00003
300.00003
300.00003
300.00003
300.00003
300.00003
300.00003
300.00003
300.00003
300.00003
300.00003
300.00003
300.00005
300.00009
318.56765
301.44105
299.95016
299.98596
299.9995
300.00007
300.00003
300.00003
300.00003
300.00003
300.00003
300.00003
300.00003
300.00003
300.00003
300.00003
300.00003
300.00003
300.00003
300.00003
300.00003
300.00003
300.00003
300.00003
300.00003
300.00003
300.00003
300.00003
300.00003
300.00003
300.00003
300.00003
300.00003
300.00003
300.00003
300.00003
300.00003
300.00003
300.00005
300.00009
318.56749
301.44105
299.95021
299.98597
299.9995
300.00007
300.00003
300.00003
300.00003
300.00003
300.00003
300.00003
300.00003
300.00003
300.00003
300.00003
300.00003
300.00003
300.00003
300.00003
300.00003
300.00003
300.00003
300.00003
300.00003
300.00003
300.00003
300.00003
300.00003
300.00003
300.00003
300.00003
300.00003
300.00003
300.00003
300.00003
300.00003
300.00003
300.00005
300.00009
318.56734
301.44105
299.95026
299.98598
299.9995
300.00007
300.00003
300.00003
300.00003
300.00003
300.00003
300.00003
300.00003
300.00003
300.00003
300.00003
300.00003
300.00003
300.00003
300.00003
300.00003
300.00003
300.00003
300.00003
300.00003
300.00003
300.00003
300.00003
300.00003
300.00003
300.00003
300.00003
300.00003
300.00003
300.00003
300.00003
300.00003
300.00003
300.00005
300.00009
318.56721
301.44106
299.95031
299.98599
299.9995
300.00007
300.00003
300.00003
300.00003
300.00003
300.00003
300.00003
300.00003
300.00003
300.00003
300.00003
300.00003
300.00003
300.00003
300.00003
300.00003
300.00003
300.00003
300.00003
300.00003
300.00003
300.00003
300.00003
300.00003
300.00003
300.00003
300.00003
300.00003
300.00003
300.00003
300.00003
300.00003
300.00003
300.00004
300.00009
318.56709
301.44106
299.95035
299.98599
299.9995
300.00007
300.00003
300.00003
300.00003
300.00003
300.00003
300.00003
300.00003
300.00003
300.00003
300.00003
300.00003
300.00003
300.00003
300.00003
300.00003
300.00003
300.00003
300.00003
300.00003
300.00003
300.00003
300.00003
300.00003
300.00003
300.00003
300.00003
300.00003
300.00003
300.00003
300.00003
300.00003
300.00003
300.00004
300.00009
318.56697
301.44107
299.95039
299.986
299.9995
300.00007
300.00003
300.00003
300.00003
300.00003
300.00003
300.00003
300.00003
300.00003
300.00003
300.00003
300.00003
300.00003
300.00003
300.00003
300.00003
300.00003
300.00003
300.00003
300.00003
300.00003
300.00003
300.00003
300.00003
300.00003
300.00003
300.00003
300.00003
300.00003
300.00003
300.00003
300.00003
300.00003
300.00004
300.00009
318.56686
301.44108
299.95042
299.98601
299.9995
300.00007
300.00003
300.00003
300.00003
300.00003
300.00003
300.00003
300.00003
300.00003
300.00003
300.00003
300.00003
300.00003
300.00003
300.00003
300.00003
300.00003
300.00003
300.00003
300.00003
300.00003
300.00003
300.00003
300.00003
300.00003
300.00003
300.00003
300.00003
300.00003
300.00003
300.00003
300.00003
300.00003
300.00004
300.00009
318.56676
301.44109
299.95046
299.98601
299.9995
300.00006
300.00003
300.00003
300.00003
300.00003
300.00003
300.00003
300.00003
300.00003
300.00003
300.00003
300.00003
300.00003
300.00003
300.00003
300.00003
300.00003
300.00003
300.00003
300.00003
300.00003
300.00003
300.00003
300.00003
300.00003
300.00003
300.00003
300.00003
300.00003
300.00003
300.00003
300.00003
300.00003
300.00004
300.00009
318.56666
301.4411
299.95049
299.98602
299.9995
300.00006
300.00003
300.00002
300.00003
300.00003
300.00003
300.00003
300.00003
300.00003
300.00003
300.00003
300.00003
300.00003
300.00003
300.00003
300.00003
300.00003
300.00003
300.00003
300.00003
300.00003
300.00003
300.00003
300.00003
300.00003
300.00003
300.00003
300.00003
300.00003
300.00003
300.00003
300.00003
300.00003
300.00004
300.00009
318.56656
301.44111
299.95052
299.98602
299.9995
300.00006
300.00003
300.00002
300.00002
300.00002
300.00002
300.00002
300.00002
300.00003
300.00003
300.00003
300.00003
300.00003
300.00003
300.00003
300.00003
300.00003
300.00003
300.00003
300.00003
300.00003
300.00003
300.00003
300.00003
300.00003
300.00003
300.00003
300.00003
300.00003
300.00003
300.00003
300.00003
300.00003
300.00004
300.00009
318.56646
301.44112
299.95055
299.98603
299.9995
300.00006
300.00003
300.00002
300.00002
300.00002
300.00002
300.00002
300.00002
300.00002
300.00002
300.00002
300.00002
300.00002
300.00003
300.00003
300.00003
300.00003
300.00003
300.00003
300.00003
300.00003
300.00003
300.00003
300.00003
300.00003
300.00003
300.00003
300.00003
300.00003
300.00003
300.00003
300.00003
300.00003
300.00004
300.00009
318.56637
301.44113
299.95058
299.98603
299.9995
300.00006
300.00003
300.00002
300.00002
300.00002
300.00002
300.00002
300.00002
300.00002
300.00002
300.00002
300.00002
300.00002
300.00002
300.00002
300.00002
300.00002
300.00002
300.00002
300.00002
300.00002
300.00003
300.00003
300.00003
300.00003
300.00003
300.00003
300.00003
300.00003
300.00003
300.00003
300.00003
300.00003
300.00004
300.00009
318.56627
301.44115
299.95061
299.98604
299.9995
300.00006
300.00003
300.00002
300.00002
300.00002
300.00002
300.00002
300.00002
300.00002
300.00002
300.00002
300.00002
300.00002
300.00002
300.00002
300.00002
300.00002
300.00002
300.00002
300.00002
300.00002
300.00002
300.00002
300.00002
300.00002
300.00002
300.00002
300.00002
300.00002
300.00002
300.00002
300.00002
300.00003
300.00004
300.00009
318.56618
301.44116
299.95064
299.98604
299.9995
300.00006
300.00003
300.00002
300.00002
300.00002
300.00002
300.00002
300.00002
300.00002
300.00002
300.00002
300.00002
300.00002
300.00002
300.00002
300.00002
300.00002
300.00002
300.00002
300.00002
300.00002
300.00002
300.00002
300.00002
300.00002
300.00002
300.00002
300.00002
300.00002
300.00002
300.00002
300.00002
300.00003
300.00004
300.00009
318.56608
301.44118
299.95067
299.98605
299.9995
300.00006
300.00002
300.00002
300.00002
300.00002
300.00002
300.00002
300.00002
300.00002
300.00002
300.00002
300.00002
300.00002
300.00002
300.00002
300.00002
300.00002
300.00002
300.00002
300.00002
300.00002
300.00002
300.00002
300.00002
300.00002
300.00002
300.00002
300.00002
300.00002
300.00002
300.00002
300.00002
300.00003
300.00004
300.00009
318.56598
301.4412
299.9507
299.98605
299.9995
300.00006
300.00002
300.00002
300.00002
300.00002
300.00002
300.00002
300.00002
300.00002
300.00002
300.00002
300.00002
300.00002
300.00002
300.00002
300.00002
300.00002
300.00002
300.00002
300.00002
300.00002
300.00002
300.00002
300.00002
300.00002
300.00002
300.00002
300.00002
300.00002
300.00002
300.00002
300.00002
300.00002
300.00004
300.00009
318.56588
301.44122
299.95073
299.98606
299.99949
300.00006
300.00002
300.00002
300.00002
300.00002
300.00002
300.00002
300.00002
300.00002
300.00002
300.00002
300.00002
300.00002
300.00002
300.00002
300.00002
300.00002
300.00002
300.00002
300.00002
300.00002
300.00002
300.00002
300.00002
300.00002
300.00002
300.00002
300.00002
300.00002
300.00002
300.00002
300.00002
300.00002
300.00004
300.00008
318.56577
301.44124
299.95077
299.98606
299.99949
300.00006
300.00002
300.00002
300.00002
300.00002
300.00002
300.00002
300.00002
300.00002
300.00002
300.00002
300.00002
300.00002
300.00002
300.00002
300.00002
300.00002
300.00002
300.00002
300.00002
300.00002
300.00002
300.00002
300.00002
300.00002
300.00002
300.00002
300.00002
300.00002
300.00002
300.00002
300.00002
300.00002
300.00004
300.00008
318.56566
301.44126
299.9508
299.98607
299.99949
300.00006
300.00002
300.00002
300.00002
300.00002
300.00002
300.00002
300.00002
300.00002
300.00002
300.00002
300.00002
300.00002
300.00002
300.00002
300.00002
300.00002
300.00002
300.00002
300.00002
300.00002
300.00002
300.00002
300.00002
300.00002
300.00002
300.00002
300.00002
300.00002
300.00002
300.00002
300.00002
300.00002
300.00004
300.00008
318.56554
301.44129
299.95084
299.98607
299.99949
300.00006
300.00002
300.00002
300.00002
300.00002
300.00002
300.00002
300.00002
300.00002
300.00002
300.00002
300.00002
300.00002
300.00002
300.00002
300.00002
300.00002
300.00002
300.00002
300.00002
300.00002
300.00002
300.00002
300.00002
300.00002
300.00002
300.00002
300.00002
300.00002
300.00002
300.00002
300.00002
300.00002
300.00004
300.00008
318.56541
301.44132
299.95088
299.98608
299.99949
300.00006
300.00002
300.00002
300.00002
300.00002
300.00002
300.00002
300.00002
300.00002
300.00002
300.00002
300.00002
300.00002
300.00002
300.00002
300.00002
300.00002
300.00002
300.00002
300.00002
300.00002
300.00002
300.00002
300.00002
300.00002
300.00002
300.00002
300.00002
300.00002
300.00002
300.00002
300.00002
300.00002
300.00003
300.00008
318.56527
301.44135
299.95092
299.98609
299.99949
300.00005
300.00002
300.00002
300.00002
300.00002
300.00002
300.00002
300.00002
300.00002
300.00002
300.00002
300.00002
300.00002
300.00002
300.00002
300.00002
300.00002
300.00002
300.00002
300.00002
300.00002
300.00002
300.00002
300.00002
300.00002
300.00002
300.00002
300.00002
300.00002
300.00002
300.00002
300.00002
300.00002
300.00003
300.00008
318.56513
301.44138
299.95096
299.98609
299.99949
300.00005
300.00002
300.00002
300.00002
300.00002
300.00002
300.00002
300.00002
300.00002
300.00002
300.00002
300.00002
300.00002
300.00002
300.00002
300.00002
300.00002
300.00002
300.00002
300.00002
300.00002
300.00002
300.00002
300.00002
300.00002
300.00002
300.00002
300.00002
300.00002
300.00002
300.00002
300.00002
300.00002
300.00003
300.00008
318.56497
301.44142
299.95101
299.9861
299.99949
300.00005
300.00002
300.00002
300.00002
300.00002
300.00002
300.00002
300.00002
300.00002
300.00002
300.00002
300.00002
300.00002
300.00002
300.00002
300.00002
300.00002
300.00002
300.00002
300.00002
300.00002
300.00002
300.00002
300.00002
300.00002
300.00002
300.00002
300.00002
300.00002
300.00002
300.00002
300.00002
300.00002
300.00003
300.00008
318.56481
301.44146
299.95106
299.98611
299.99949
300.00005
300.00002
300.00002
300.00002
300.00002
300.00002
300.00002
300.00002
300.00002
300.00002
300.00002
300.00002
300.00002
300.00002
300.00002
300.00002
300.00002
300.00002
300.00002
300.00002
300.00002
300.00002
300.00002
300.00002
300.00002
300.00002
300.00002
300.00002
300.00002
300.00002
300.00002
300.00002
300.00002
300.00003
300.00008
318.56463
301.4415
299.95111
299.98612
299.99949
300.00005
300.00002
300.00001
300.00002
300.00002
300.00002
300.00002
300.00002
300.00002
300.00002
300.00002
300.00002
300.00002
300.00002
300.00002
300.00002
300.00002
300.00002
300.00002
300.00002
300.00002
300.00002
300.00002
300.00002
300.00002
300.00002
300.00002
300.00002
300.00002
300.00002
300.00002
300.00002
300.00002
300.00003
300.00008
318.56443
301.44155
299.95117
299.98613
299.99949
300.00005
300.00002
300.00001
300.00001
300.00001
300.00001
300.00001
300.00002
300.00002
300.00002
300.00002
300.00002
300.00002
300.00002
300.00002
300.00002
300.00002
300.00002
300.00002
300.00002
300.00002
300.00002
300.00002
300.00002
300.00002
300.00002
300.00002
300.00002
300.00002
300.00002
300.00002
300.00002
300.00002
300.00003
300.00008
318.56422
301.44161
299.95124
299.98614
299.99949
300.00005
300.00002
300.00001
300.00001
300.00001
300.00001
300.00001
300.00001
300.00001
300.00001
300.00001
300.00001
300.00002
300.00002
300.00002
300.00002
300.00002
300.00002
300.00002
300.00002
300.00002
300.00002
300.00002
300.00002
300.00002
300.00002
300.00002
300.00002
300.00002
300.00002
300.00002
300.00002
300.00002
300.00003
300.00008
318.56399
301.44166
299.9513
299.98615
299.99949
300.00005
300.00002
300.00001
300.00001
300.00001
300.00001
300.00001
300.00001
300.00001
300.00001
300.00001
300.00001
300.00001
300.00001
300.00001
300.00001
300.00001
300.00001
300.00001
300.00002
300.00002
300.00002
300.00002
300.00002
300.00002
300.00002
300.00002
300.00002
300.00002
300.00002
300.00002
300.00002
300.00002
300.00003
300.00008
318.56374
301.44173
299.95138
299.98616
299.99949
300.00005
300.00002
300.00001
300.00001
300.00001
300.00001
300.00001
300.00001
300.00001
300.00001
300.00001
300.00001
300.00001
300.00001
300.00001
300.00001
300.00001
300.00001
300.00001
300.00001
300.00001
300.00001
300.00001
300.00001
300.00001
300.00001
300.00001
300.00001
300.00001
300.00001
300.00001
300.00002
300.00002
300.00003
300.00008
318.56346
301.4418
299.95146
299.98617
299.99949
300.00005
300.00002
300.00001
300.00001
300.00001
300.00001
300.00001
300.00001
300.00001
300.00001
300.00001
300.00001
300.00001
300.00001
300.00001
300.00001
300.00001
300.00001
300.00001
300.00001
300.00001
300.00001
300.00001
300.00001
300.00001
300.00001
300.00001
300.00001
300.00001
300.00001
300.00001
300.00001
300.00002
300.00003
300.00008
318.56316
301.44187
299.95155
299.98619
299.99949
300.00005
300.00002
300.00001
300.00001
300.00001
300.00001
300.00001
300.00001
300.00001
300.00001
300.00001
300.00001
300.00001
300.00001
300.00001
300.00001
300.00001
300.00001
300.00001
300.00001
300.00001
300.00001
300.00001
300.00001
300.00001
300.00001
300.00001
300.00001
300.00001
300.00001
300.00001
300.00001
300.00002
300.00003
300.00008
318.56283
301.44196
299.95165
299.9862
299.99949
300.00005
300.00001
300.00001
300.00001
300.00001
300.00001
300.00001
300.00001
300.00001
300.00001
300.00001
300.00001
300.00001
300.00001
300.00001
300.00001
300.00001
300.00001
300.00001
300.00001
300.00001
300.00001
300.00001
300.00001
300.00001
300.00001
300.00001
300.00001
300.00001
300.00001
300.00001
300.00001
300.00002
300.00003
300.00008
318.56247
301.44205
299.95176
299.98622
299.99949
300.00005
300.00001
300.00001
300.00001
300.00001
300.00001
300.00001
300.00001
300.00001
300.00001
300.00001
300.00001
300.00001
300.00001
300.00001
300.00001
300.00001
300.00001
300.00001
300.00001
300.00001
300.00001
300.00001
300.00001
300.00001
300.00001
300.00001
300.00001
300.00001
300.00001
300.00001
300.00001
300.00001
300.00003
300.00008
318.56207
301.44216
299.95187
299.98624
299.99949
300.00005
300.00001
300.00001
300.00001
300.00001
300.00001
300.00001
300.00001
300.00001
300.00001
300.00001
300.00001
300.00001
300.00001
300.00001
300.00001
300.00001
300.00001
300.00001
300.00001
300.00001
300.00001
300.00001
300.00001
300.00001
300.00001
300.00001
300.00001
300.00001
300.00001
300.00001
300.00001
300.00001
300.00003
300.00008
318.56164
301.44227
299.952
299.98626
299.99949
300.00005
300.00001
300.00001
300.00001
300.00001
300.00001
300.00001
300.00001
300.00001
300.00001
300.00001
300.00001
300.00001
300.00001
300.00001
300.00001
300.00001
300.00001
300.00001
300.00001
300.00001
300.00001
300.00001
300.00001
300.00001
300.00001
300.00001
300.00001
300.00001
300.00001
300.00001
300.00001
300.00001
300.00003
300.00007
318.56115
301.44239
299.95215
299.98628
299.99949
300.00004
300.00001
300.00001
300.00001
300.00001
300.00001
300.00001
300.00001
300.00001
300.00001
300.00001
300.00001
300.00001
300.00001
300.00001
300.00001
300.00001
300.00001
300.00001
300.00001
300.00001
300.00001
300.00001
300.00001
300.00001
300.00001
300.00001
300.00001
300.00001
300.00001
300.00001
300.00001
300.00001
300.00003
300.00007
318.56061
301.44253
299.9523
299.9863
299.99948
300.00004
300.00001
300.00001
300.00001
300.00001
300.00001
300.00001
300.00001
300.00001
300.00001
300.00001
300.00001
300.00001
300.00001
300.00001
300.00001
300.00001
300.00001
300.00001
300.00001
300.00001
300.00001
300.00001
300.00001
300.00001
300.00001
300.00001
300.00001
300.00001
300.00001
300.00001
300.00001
300.00001
300.00003
300.00007
318.56001
301.44269
299.95248
299.98633
299.99948
300.00004
300.00001
300.00001
300.00001
300.00001
300.00001
300.00001
300.00001
300.00001
300.00001
300.00001
300.00001
300.00001
300.00001
300.00001
300.00001
300.00001
300.00001
300.00001
300.00001
300.00001
300.00001
300.00001
300.00001
300.00001
300.00001
300.00001
300.00001
300.00001
300.00001
300.00001
300.00001
300.00001
300.00002
300.00007
318.55935
301.44286
299.95267
299.98636
299.99948
300.00004
300.00001
300.00001
300.00001
300.00001
300.00001
300.00001
300.00001
300.00001
300.00001
300.00001
300.00001
300.00001
300.00001
300.00001
300.00001
300.00001
300.00001
300.00001
300.00001
300.00001
300.00001
300.00001
300.00001
300.00001
300.00001
300.00001
300.00001
300.00001
300.00001
300.00001
300.00001
300.00001
300.00002
300.00007
318.5586
301.44305
299.95288
299.98639
299.99948
300.00004
300.00001
300.00001
300.00001
300.00001
300.00001
300.00001
300.00001
300.00001
300.00001
300.00001
300.00001
300.00001
300.00001
300.00001
300.00001
300.00001
300.00001
300.00001
300.00001
300.00001
300.00001
300.00001
300.00001
300.00001
300.00001
300.00001
300.00001
300.00001
300.00001
300.00001
300.00001
300.00001
300.00002
300.00007
318.55776
301.44327
299.95312
299.98643
299.99948
300.00004
300.00001
300.00001
300.00001
300.00001
300.00001
300.00001
300.00001
300.00001
300.00001
300.00001
300.00001
300.00001
300.00001
300.00001
300.00001
300.00001
300.00001
300.00001
300.00001
300.00001
300.00001
300.00001
300.00001
300.00001
300.00001
300.00001
300.00001
300.00001
300.00001
300.00001
300.00001
300.00001
300.00002
300.00007
318.55681
301.44351
299.95339
299.98647
299.99948
300.00004
300.00001
300.00001
300.00001
300.00001
300.00001
300.00001
300.00001
300.00001
300.00001
300.00001
300.00001
300.00001
300.00001
300.00001
300.00001
300.00001
300.00001
300.00001
300.00001
300.00001
300.00001
300.00001
300.00001
300.00001
300.00001
300.00001
300.00001
300.00001
300.00001
300.00001
300.00001
300.00001
300.00002
300.00007
318.55574
301.44378
299.95369
299.98652
299.99948
300.00004
300.00001
300.00001
300.00001
300.00001
300.00001
300.00001
300.00001
300.00001
300.00001
300.00001
300.00001
300.00001
300.00001
300.00001
300.00001
300.00001
300.00001
300.00001
300.00001
300.00001
300.00001
300.00001
300.00001
300.00001
300.00001
300.00001
300.00001
300.00001
300.00001
300.00001
300.00001
300.00001
300.00002
300.00007
318.55453
301.4441
299.95403
299.98657
299.99948
300.00004
300.00001
300.00001
300.00001
300.00001
300.00001
300.00001
300.00001
300.00001
300.00001
300.00001
300.00001
300.00001
300.00001
300.00001
300.00001
300.00001
300.00001
300.00001
300.00001
300.00001
300.00001
300.00001
300.00001
300.00001
300.00001
300.00001
300.00001
300.00001
300.00001
300.00001
300.00001
300.00001
300.00002
300.00007
318.55313
301.44445
299.95442
299.98663
299.99948
300.00004
300.00001
300.00001
300.00001
300.00001
300.00001
300.00001
300.00001
300.00001
300.00001
300.00001
300.00001
300.00001
300.00001
300.00001
300.00001
300.00001
300.00001
300.00001
300.00001
300.00001
300.00001
300.00001
300.00001
300.00001
300.00001
300.00001
300.00001
300.00001
300.00001
300.00001
300.00001
300.00001
300.00002
300.00007
318.55152
301.44486
299.95485
299.9867
299.99948
300.00004
300.00001
300
300
300
300
300.00001
300.00001
300.00001
300.00001
300.00001
300.00001
300.00001
300.00001
300.00001
300.00001
300.00001
300.00001
300.00001
300.00001
300.00001
300.00001
300.00001
300.00001
300.00001
300.00001
300.00001
300.00001
300.00001
300.00001
300.00001
300.00001
300.00001
300.00002
300.00007
318.54965
301.44533
299.95536
299.98678
299.99948
300.00003
300.00001
300
300
300
300
300
300
300
300
300
300.00001
300.00001
300.00001
300.00001
300.00001
300.00001
300.00001
300.00001
300.00001
300.00001
300.00001
300.00001
300.00001
300.00001
300.00001
300.00001
300.00001
300.00001
300.00001
300.00001
300.00001
300.00001
300.00002
300.00007
318.54746
301.44589
299.95593
299.98687
299.99948
300.00003
300.00001
300
300
300
300
300
300
300
300
300
300
300
300
300
300
300
300
300
300
300
300
300.00001
300.00001
300.00001
300.00001
300.00001
300.00001
300.00001
300.00001
300.00001
300.00001
300.00001
300.00002
300.00007
318.54486
301.44654
299.9566
299.98697
299.99948
300.00003
300.00001
300
300
300
300
300
300
300
300
300
300
300
300
300
300
300
300
300
300
300
300
300
300
300
300
300
300
300
300
300
300
300.00001
300.00002
300.00007
318.54174
301.44732
299.95738
299.98709
299.99948
300.00003
300.00001
300
300
300
300
300
300
300
300
300
300
300
300
300
300
300
300
300
300
300
300
300
300
300
300
300
300
300
300
300
300
300.00001
300.00002
300.00007
318.53795
301.44827
299.95831
299.98722
299.99948
300.00003
300.00001
300
300
300
300
300
300
300
300
300
300
300
300
300
300
300
300
300
300
300
300
300
300
300
300
300
300
300
300
300
300
300.00001
300.00002
300.00007
318.53325
301.44944
299.95941
299.98739
299.99949
300.00003
300
300
300
300
300
300
300
300
300
300
300
300
300
300
300
300
300
300
300
300
300
300
300
300
300
300
300
300
300
300
300
300
300.00002
300.00007
318.52732
301.45091
299.96074
299.98758
299.99949
300.00003
300
300
300
300
300
300
300
300
300
300
300
300
300
300
300
300
300
300
300
300
300
300
300
300
300
300
300
300
300
300
300
300
300.00002
300.00007
318.51967
301.45286
299.96238
299.98781
299.99949
300.00002
300
300
300
300
300
300
300
300
300
300
300
300
300
300
300
300
300
300
300
300
300
300
300
300
300
300
300
300
300
300
300
300
300.00002
300.00007
318.5098
301.45532
299.96433
299.98809
299.99949
300.00002
300
300
300
300
300
300
300
300
300
300
300
300
300
300
300
300
300
300
300
300
300
300
300
300
300
300
300
300
300
300
300
300
300.00002
300.00007
318.49526
301.4594
299.96717
299.98847
299.9995
300.00002
300
300
300
300
300
300
300
300
300
300
300
300
300
300
300
300
300
300
300
300
300
300
300
300
300
300
300
300
300
300
300
300
300.00002
300.00006
318.48248
301.46243
299.96917
299.98876
299.9995
300.00001
300
300
300
300
300
300
300
300
300
300
300
300
300
300
300
300
300
300
300
300
300
300
300
300
300
300
300
300
300
300
300
300
300.00002
300.00006
318.43692
301.4773
299.97736
299.98983
299.99952
300.00001
300
300
300
300
300
300
300
300
300
300
300
300
300
300
300
300
300
300
300
300
300
300
300
300
300
300
300
300
300
300
300
300
300.00001
300.00006
)
;

boundaryField
{
    wall
    {
        type            fixedValue;
        value           uniform 350;
    }
    sides
    {
        type            zeroGradient;
    }
    frontAndBack
    {
        type            empty;
    }
    inlet
    {
        type            fixedValue;
        value           uniform 300;
    }
    outlet
    {
        type            zeroGradient;
    }
}


// ************************************************************************* //
