/*--------------------------------*- C++ -*----------------------------------*\
  =========                 |
  \\      /  F ield         | OpenFOAM: The Open Source CFD Toolbox
   \\    /   O peration     | Website:  https://openfoam.org
    \\  /    A nd           | Version:  10
     \\/     M anipulation  |
\*---------------------------------------------------------------------------*/
FoamFile
{
    format      ascii;
    class       volScalarField;
    location    "0.01";
    object      T_0;
}
// * * * * * * * * * * * * * * * * * * * * * * * * * * * * * * * * * * * * * //

dimensions      [0 0 0 1 0 0 0];

internalField   nonuniform List<scalar> 
4000
(
303.0352
299.39418
299.98988
300.00078
299.99996
299.99999
300
300
300
300
300
300
300
300
300
300
300
300
300
300
300
300
300
300
300
300
300
300
300
300
300
300
300
300
300
300
300
300
299.99999
300
309.37275
298.65879
299.80825
300.00001
300.00059
300
300
300
300
300
300
300
300
300
300
300
300
300
300
300
300
300
300
300
300
300
300
300
300
300
300
300
300
300
300
300
300
300
299.99999
300.00001
314.9273
298.84479
299.52537
299.98093
300.00252
300.00015
299.99996
299.99996
299.99996
299.99996
299.99996
299.99996
299.99996
299.99996
299.99996
299.99996
299.99996
299.99996
299.99996
299.99996
299.99996
299.99996
299.99996
299.99996
299.99996
299.99996
299.99996
299.99996
299.99996
299.99996
299.99996
299.99996
299.99996
299.99996
299.99996
299.99996
299.99996
299.99996
299.99996
299.99998
318.47124
299.53414
299.31827
299.94592
300.00434
300.00055
299.99988
299.99988
299.99988
299.99989
299.99989
299.99989
299.99989
299.99989
299.99989
299.99989
299.99989
299.99989
299.99989
299.99989
299.99989
299.99989
299.99989
299.99989
299.99989
299.99989
299.99989
299.99989
299.99989
299.99989
299.99989
299.99989
299.99989
299.99989
299.99989
299.99989
299.99989
299.99989
299.9999
299.99992
319.60263
300.21521
299.28872
299.91845
300.0044
300.001
299.99986
299.99984
299.99985
299.99985
299.99985
299.99985
299.99985
299.99985
299.99985
299.99985
299.99985
299.99985
299.99985
299.99985
299.99986
299.99986
299.99986
299.99986
299.99986
299.99986
299.99986
299.99986
299.99986
299.99986
299.99986
299.99986
299.99986
299.99986
299.99986
299.99986
299.99986
299.99986
299.99987
299.99994
319.16555
300.68224
299.41049
299.91484
300.00292
300.00118
299.99993
299.99988
299.99989
299.99989
299.99989
299.99989
299.9999
299.9999
299.9999
299.9999
299.9999
299.9999
299.9999
299.9999
299.9999
299.9999
299.9999
299.9999
299.9999
299.9999
299.9999
299.9999
299.9999
299.9999
299.99991
299.99991
299.99991
299.99991
299.99991
299.9999
299.9999
299.9999
299.99991
300.00002
318.35534
300.95088
299.58708
299.93037
300.00122
300.00102
300.00003
299.99998
299.99998
299.99998
299.99998
299.99998
299.99998
299.99998
299.99998
299.99998
299.99998
299.99998
299.99998
299.99998
299.99998
299.99998
299.99999
299.99999
299.99999
299.99999
299.99999
299.99999
299.99999
299.99999
299.99999
299.99999
299.99999
299.99999
299.99999
299.99999
299.99999
299.99998
300
300.0001
317.81378
301.08337
299.73613
299.95073
300.00017
300.00071
300.00009
300.00004
300.00005
300.00005
300.00005
300.00005
300.00005
300.00005
300.00005
300.00005
300.00005
300.00005
300.00005
300.00005
300.00005
300.00005
300.00005
300.00005
300.00005
300.00005
300.00005
300.00005
300.00005
300.00005
300.00005
300.00005
300.00005
300.00005
300.00005
300.00005
300.00005
300.00005
300.00006
300.00013
317.59457
301.13333
299.82797
299.9663
299.99978
300.00045
300.0001
300.00007
300.00007
300.00007
300.00007
300.00007
300.00007
300.00007
300.00007
300.00007
300.00007
300.00007
300.00007
300.00006
300.00006
300.00006
300.00006
300.00007
300.00007
300.00007
300.00007
300.00007
300.00007
300.00007
300.00007
300.00007
300.00007
300.00007
300.00007
300.00007
300.00007
300.00007
300.00008
300.00013
317.53887
301.14349
299.87285
299.97524
299.99972
300.00029
300.00008
300.00006
300.00006
300.00006
300.00006
300.00006
300.00006
300.00006
300.00006
300.00006
300.00006
300.00006
300.00006
300.00006
300.00006
300.00006
300.00006
300.00006
300.00006
300.00006
300.00006
300.00006
300.00006
300.00006
300.00006
300.00006
300.00006
300.00006
300.00006
300.00006
300.00006
300.00007
300.00008
300.00012
317.52539
301.14151
299.89233
299.97963
299.99975
300.00021
300.00006
300.00005
300.00005
300.00005
300.00005
300.00005
300.00005
300.00005
300.00005
300.00005
300.00005
300.00005
300.00005
300.00005
300.00005
300.00005
300.00005
300.00005
300.00005
300.00005
300.00005
300.00005
300.00005
300.00005
300.00005
300.00005
300.00005
300.00005
300.00005
300.00005
300.00006
300.00006
300.00007
300.00011
317.51216
301.13936
299.90195
299.98183
299.99977
300.00017
300.00006
300.00005
300.00005
300.00005
300.00005
300.00005
300.00005
300.00005
300.00005
300.00005
300.00005
300.00005
300.00005
300.00005
300.00005
300.00005
300.00005
300.00005
300.00005
300.00005
300.00005
300.00005
300.00005
300.00005
300.00005
300.00005
300.00005
300.00005
300.00005
300.00005
300.00005
300.00005
300.00006
300.00011
317.49631
301.13927
299.90853
299.98316
299.99977
300.00015
300.00005
300.00005
300.00005
300.00005
300.00005
300.00005
300.00005
300.00005
300.00005
300.00005
300.00005
300.00005
300.00005
300.00005
300.00005
300.00005
300.00005
300.00005
300.00005
300.00005
300.00005
300.00005
300.00005
300.00005
300.00005
300.00005
300.00005
300.00005
300.00005
300.00005
300.00005
300.00005
300.00006
300.00011
317.4819
301.14024
299.91391
299.98414
299.99977
300.00014
300.00005
300.00005
300.00005
300.00005
300.00005
300.00005
300.00005
300.00005
300.00005
300.00005
300.00005
300.00005
300.00005
300.00005
300.00005
300.00005
300.00005
300.00005
300.00005
300.00005
300.00005
300.00005
300.00005
300.00005
300.00005
300.00005
300.00005
300.00005
300.00005
300.00005
300.00005
300.00005
300.00006
300.00011
317.4705
301.1413
299.9183
299.98491
299.99976
300.00012
300.00005
300.00005
300.00005
300.00005
300.00005
300.00005
300.00005
300.00005
300.00005
300.00005
300.00005
300.00005
300.00005
300.00005
300.00005
300.00005
300.00005
300.00005
300.00005
300.00005
300.00005
300.00005
300.00005
300.00005
300.00005
300.00005
300.00005
300.00005
300.00005
300.00005
300.00005
300.00005
300.00006
300.00011
317.46173
301.14212
299.92176
299.98552
299.99976
300.00012
300.00005
300.00005
300.00005
300.00005
300.00005
300.00005
300.00005
300.00005
300.00005
300.00005
300.00005
300.00005
300.00005
300.00005
300.00005
300.00005
300.00005
300.00005
300.00005
300.00005
300.00005
300.00005
300.00005
300.00005
300.00005
300.00005
300.00005
300.00005
300.00005
300.00005
300.00005
300.00005
300.00006
300.00011
317.45484
301.1427
299.92445
299.98599
299.99976
300.00011
300.00005
300.00004
300.00004
300.00004
300.00004
300.00004
300.00004
300.00004
300.00004
300.00004
300.00004
300.00004
300.00004
300.00004
300.00004
300.00004
300.00005
300.00005
300.00005
300.00005
300.00005
300.00005
300.00005
300.00005
300.00005
300.00005
300.00005
300.00005
300.00005
300.00005
300.00005
300.00005
300.00006
300.0001
317.44931
301.14315
299.92657
299.98637
299.99975
300.0001
300.00005
300.00004
300.00004
300.00004
300.00004
300.00004
300.00004
300.00004
300.00004
300.00004
300.00004
300.00004
300.00004
300.00004
300.00004
300.00004
300.00004
300.00004
300.00004
300.00004
300.00004
300.00004
300.00004
300.00004
300.00005
300.00005
300.00005
300.00005
300.00005
300.00005
300.00005
300.00005
300.00006
300.0001
317.44479
301.1435
299.92826
299.98666
299.99975
300.0001
300.00005
300.00004
300.00004
300.00004
300.00004
300.00004
300.00004
300.00004
300.00004
300.00004
300.00004
300.00004
300.00004
300.00004
300.00004
300.00004
300.00004
300.00004
300.00004
300.00004
300.00004
300.00004
300.00004
300.00004
300.00004
300.00004
300.00004
300.00004
300.00004
300.00004
300.00004
300.00005
300.00006
300.0001
317.44107
301.14379
299.92964
299.9869
299.99975
300.00009
300.00005
300.00004
300.00004
300.00004
300.00004
300.00004
300.00004
300.00004
300.00004
300.00004
300.00004
300.00004
300.00004
300.00004
300.00004
300.00004
300.00004
300.00004
300.00004
300.00004
300.00004
300.00004
300.00004
300.00004
300.00004
300.00004
300.00004
300.00004
300.00004
300.00004
300.00004
300.00005
300.00006
300.0001
317.43799
301.14403
299.93076
299.98709
299.99975
300.00009
300.00004
300.00004
300.00004
300.00004
300.00004
300.00004
300.00004
300.00004
300.00004
300.00004
300.00004
300.00004
300.00004
300.00004
300.00004
300.00004
300.00004
300.00004
300.00004
300.00004
300.00004
300.00004
300.00004
300.00004
300.00004
300.00004
300.00004
300.00004
300.00004
300.00004
300.00004
300.00004
300.00006
300.0001
317.43542
301.14423
299.93169
299.98725
299.99975
300.00009
300.00004
300.00004
300.00004
300.00004
300.00004
300.00004
300.00004
300.00004
300.00004
300.00004
300.00004
300.00004
300.00004
300.00004
300.00004
300.00004
300.00004
300.00004
300.00004
300.00004
300.00004
300.00004
300.00004
300.00004
300.00004
300.00004
300.00004
300.00004
300.00004
300.00004
300.00004
300.00004
300.00005
300.0001
317.43327
301.14439
299.93246
299.98739
299.99974
300.00009
300.00004
300.00004
300.00004
300.00004
300.00004
300.00004
300.00004
300.00004
300.00004
300.00004
300.00004
300.00004
300.00004
300.00004
300.00004
300.00004
300.00004
300.00004
300.00004
300.00004
300.00004
300.00004
300.00004
300.00004
300.00004
300.00004
300.00004
300.00004
300.00004
300.00004
300.00004
300.00004
300.00005
300.0001
317.43146
301.14453
299.93311
299.9875
299.99974
300.00008
300.00004
300.00004
300.00004
300.00004
300.00004
300.00004
300.00004
300.00004
300.00004
300.00004
300.00004
300.00004
300.00004
300.00004
300.00004
300.00004
300.00004
300.00004
300.00004
300.00004
300.00004
300.00004
300.00004
300.00004
300.00004
300.00004
300.00004
300.00004
300.00004
300.00004
300.00004
300.00004
300.00005
300.0001
317.42992
301.14465
299.93365
299.98759
299.99974
300.00008
300.00004
300.00004
300.00004
300.00004
300.00004
300.00004
300.00004
300.00004
300.00004
300.00004
300.00004
300.00004
300.00004
300.00004
300.00004
300.00004
300.00004
300.00004
300.00004
300.00004
300.00004
300.00004
300.00004
300.00004
300.00004
300.00004
300.00004
300.00004
300.00004
300.00004
300.00004
300.00004
300.00005
300.0001
317.42862
301.14475
299.93411
299.98767
299.99974
300.00008
300.00004
300.00004
300.00004
300.00004
300.00004
300.00004
300.00004
300.00004
300.00004
300.00004
300.00004
300.00004
300.00004
300.00004
300.00004
300.00004
300.00004
300.00004
300.00004
300.00004
300.00004
300.00004
300.00004
300.00004
300.00004
300.00004
300.00004
300.00004
300.00004
300.00004
300.00004
300.00004
300.00005
300.0001
317.42751
301.14483
299.9345
299.98773
299.99974
300.00008
300.00004
300.00004
300.00004
300.00004
300.00004
300.00004
300.00004
300.00004
300.00004
300.00004
300.00004
300.00004
300.00004
300.00004
300.00004
300.00004
300.00004
300.00004
300.00004
300.00004
300.00004
300.00004
300.00004
300.00004
300.00004
300.00004
300.00004
300.00004
300.00004
300.00004
300.00004
300.00004
300.00005
300.0001
317.42655
301.1449
299.93483
299.98779
299.99974
300.00008
300.00004
300.00004
300.00004
300.00004
300.00004
300.00004
300.00004
300.00004
300.00004
300.00004
300.00004
300.00004
300.00004
300.00004
300.00004
300.00004
300.00004
300.00004
300.00004
300.00004
300.00004
300.00004
300.00004
300.00004
300.00004
300.00004
300.00004
300.00004
300.00004
300.00004
300.00004
300.00004
300.00005
300.0001
317.42573
301.14496
299.93512
299.98784
299.99974
300.00008
300.00004
300.00004
300.00004
300.00004
300.00004
300.00004
300.00004
300.00004
300.00004
300.00004
300.00004
300.00004
300.00004
300.00004
300.00004
300.00004
300.00004
300.00004
300.00004
300.00004
300.00004
300.00004
300.00004
300.00004
300.00004
300.00004
300.00004
300.00004
300.00004
300.00004
300.00004
300.00004
300.00005
300.0001
317.42503
301.14502
299.93536
299.98788
299.99974
300.00007
300.00004
300.00003
300.00003
300.00003
300.00003
300.00003
300.00004
300.00004
300.00004
300.00004
300.00004
300.00004
300.00004
300.00004
300.00004
300.00004
300.00004
300.00004
300.00004
300.00004
300.00004
300.00004
300.00004
300.00004
300.00004
300.00004
300.00004
300.00004
300.00004
300.00004
300.00004
300.00004
300.00005
300.0001
317.42442
301.14507
299.93557
299.98792
299.99974
300.00007
300.00004
300.00003
300.00003
300.00003
300.00003
300.00003
300.00003
300.00003
300.00003
300.00003
300.00003
300.00003
300.00003
300.00004
300.00004
300.00004
300.00004
300.00004
300.00004
300.00004
300.00004
300.00004
300.00004
300.00004
300.00004
300.00004
300.00004
300.00004
300.00004
300.00004
300.00004
300.00004
300.00005
300.00009
317.42389
301.14511
299.93576
299.98795
299.99974
300.00007
300.00004
300.00003
300.00003
300.00003
300.00003
300.00003
300.00003
300.00003
300.00003
300.00003
300.00003
300.00003
300.00003
300.00003
300.00003
300.00003
300.00003
300.00003
300.00003
300.00003
300.00003
300.00003
300.00003
300.00004
300.00004
300.00004
300.00004
300.00004
300.00004
300.00004
300.00004
300.00004
300.00005
300.00009
317.42343
301.14514
299.93591
299.98797
299.99973
300.00007
300.00003
300.00003
300.00003
300.00003
300.00003
300.00003
300.00003
300.00003
300.00003
300.00003
300.00003
300.00003
300.00003
300.00003
300.00003
300.00003
300.00003
300.00003
300.00003
300.00003
300.00003
300.00003
300.00003
300.00003
300.00003
300.00003
300.00003
300.00003
300.00003
300.00003
300.00003
300.00004
300.00005
300.00009
317.42303
301.14517
299.93605
299.98799
299.99973
300.00007
300.00003
300.00003
300.00003
300.00003
300.00003
300.00003
300.00003
300.00003
300.00003
300.00003
300.00003
300.00003
300.00003
300.00003
300.00003
300.00003
300.00003
300.00003
300.00003
300.00003
300.00003
300.00003
300.00003
300.00003
300.00003
300.00003
300.00003
300.00003
300.00003
300.00003
300.00003
300.00004
300.00005
300.00009
317.42268
301.1452
299.93617
299.98801
299.99973
300.00007
300.00003
300.00003
300.00003
300.00003
300.00003
300.00003
300.00003
300.00003
300.00003
300.00003
300.00003
300.00003
300.00003
300.00003
300.00003
300.00003
300.00003
300.00003
300.00003
300.00003
300.00003
300.00003
300.00003
300.00003
300.00003
300.00003
300.00003
300.00003
300.00003
300.00003
300.00003
300.00003
300.00005
300.00009
317.42237
301.14523
299.93627
299.98803
299.99973
300.00007
300.00003
300.00003
300.00003
300.00003
300.00003
300.00003
300.00003
300.00003
300.00003
300.00003
300.00003
300.00003
300.00003
300.00003
300.00003
300.00003
300.00003
300.00003
300.00003
300.00003
300.00003
300.00003
300.00003
300.00003
300.00003
300.00003
300.00003
300.00003
300.00003
300.00003
300.00003
300.00003
300.00005
300.00009
317.42209
301.14525
299.93637
299.98805
299.99973
300.00007
300.00003
300.00003
300.00003
300.00003
300.00003
300.00003
300.00003
300.00003
300.00003
300.00003
300.00003
300.00003
300.00003
300.00003
300.00003
300.00003
300.00003
300.00003
300.00003
300.00003
300.00003
300.00003
300.00003
300.00003
300.00003
300.00003
300.00003
300.00003
300.00003
300.00003
300.00003
300.00003
300.00004
300.00009
317.42185
301.14527
299.93645
299.98806
299.99973
300.00007
300.00003
300.00003
300.00003
300.00003
300.00003
300.00003
300.00003
300.00003
300.00003
300.00003
300.00003
300.00003
300.00003
300.00003
300.00003
300.00003
300.00003
300.00003
300.00003
300.00003
300.00003
300.00003
300.00003
300.00003
300.00003
300.00003
300.00003
300.00003
300.00003
300.00003
300.00003
300.00003
300.00004
300.00009
317.42164
301.14529
299.93652
299.98807
299.99973
300.00007
300.00003
300.00003
300.00003
300.00003
300.00003
300.00003
300.00003
300.00003
300.00003
300.00003
300.00003
300.00003
300.00003
300.00003
300.00003
300.00003
300.00003
300.00003
300.00003
300.00003
300.00003
300.00003
300.00003
300.00003
300.00003
300.00003
300.00003
300.00003
300.00003
300.00003
300.00003
300.00003
300.00004
300.00009
317.42144
301.14531
299.93658
299.98808
299.99973
300.00007
300.00003
300.00003
300.00003
300.00003
300.00003
300.00003
300.00003
300.00003
300.00003
300.00003
300.00003
300.00003
300.00003
300.00003
300.00003
300.00003
300.00003
300.00003
300.00003
300.00003
300.00003
300.00003
300.00003
300.00003
300.00003
300.00003
300.00003
300.00003
300.00003
300.00003
300.00003
300.00003
300.00004
300.00009
317.42127
301.14532
299.93664
299.98809
299.99973
300.00006
300.00003
300.00003
300.00003
300.00003
300.00003
300.00003
300.00003
300.00003
300.00003
300.00003
300.00003
300.00003
300.00003
300.00003
300.00003
300.00003
300.00003
300.00003
300.00003
300.00003
300.00003
300.00003
300.00003
300.00003
300.00003
300.00003
300.00003
300.00003
300.00003
300.00003
300.00003
300.00003
300.00004
300.00009
317.42111
301.14534
299.93669
299.9881
299.99973
300.00006
300.00003
300.00003
300.00003
300.00003
300.00003
300.00003
300.00003
300.00003
300.00003
300.00003
300.00003
300.00003
300.00003
300.00003
300.00003
300.00003
300.00003
300.00003
300.00003
300.00003
300.00003
300.00003
300.00003
300.00003
300.00003
300.00003
300.00003
300.00003
300.00003
300.00003
300.00003
300.00003
300.00004
300.00009
317.42097
301.14536
299.93674
299.98811
299.99973
300.00006
300.00003
300.00003
300.00003
300.00003
300.00003
300.00003
300.00003
300.00003
300.00003
300.00003
300.00003
300.00003
300.00003
300.00003
300.00003
300.00003
300.00003
300.00003
300.00003
300.00003
300.00003
300.00003
300.00003
300.00003
300.00003
300.00003
300.00003
300.00003
300.00003
300.00003
300.00003
300.00003
300.00004
300.00009
317.42084
301.14537
299.93678
299.98811
299.99973
300.00006
300.00003
300.00002
300.00003
300.00003
300.00003
300.00003
300.00003
300.00003
300.00003
300.00003
300.00003
300.00003
300.00003
300.00003
300.00003
300.00003
300.00003
300.00003
300.00003
300.00003
300.00003
300.00003
300.00003
300.00003
300.00003
300.00003
300.00003
300.00003
300.00003
300.00003
300.00003
300.00003
300.00004
300.00009
317.42072
301.14539
299.93682
299.98812
299.99973
300.00006
300.00003
300.00002
300.00002
300.00002
300.00002
300.00002
300.00003
300.00003
300.00003
300.00003
300.00003
300.00003
300.00003
300.00003
300.00003
300.00003
300.00003
300.00003
300.00003
300.00003
300.00003
300.00003
300.00003
300.00003
300.00003
300.00003
300.00003
300.00003
300.00003
300.00003
300.00003
300.00003
300.00004
300.00009
317.42061
301.1454
299.93685
299.98812
299.99973
300.00006
300.00003
300.00002
300.00002
300.00002
300.00002
300.00002
300.00002
300.00002
300.00002
300.00002
300.00002
300.00003
300.00003
300.00003
300.00003
300.00003
300.00003
300.00003
300.00003
300.00003
300.00003
300.00003
300.00003
300.00003
300.00003
300.00003
300.00003
300.00003
300.00003
300.00003
300.00003
300.00003
300.00004
300.00009
317.4205
301.14542
299.93689
299.98813
299.99972
300.00006
300.00003
300.00002
300.00002
300.00002
300.00002
300.00002
300.00002
300.00002
300.00002
300.00002
300.00002
300.00002
300.00002
300.00002
300.00002
300.00002
300.00002
300.00003
300.00003
300.00003
300.00003
300.00003
300.00003
300.00003
300.00003
300.00003
300.00003
300.00003
300.00003
300.00003
300.00003
300.00003
300.00004
300.00008
317.4204
301.14543
299.93692
299.98813
299.99972
300.00006
300.00002
300.00002
300.00002
300.00002
300.00002
300.00002
300.00002
300.00002
300.00002
300.00002
300.00002
300.00002
300.00002
300.00002
300.00002
300.00002
300.00002
300.00002
300.00002
300.00002
300.00002
300.00002
300.00002
300.00002
300.00002
300.00002
300.00002
300.00002
300.00003
300.00003
300.00003
300.00003
300.00004
300.00008
317.4203
301.14545
299.93695
299.98814
299.99972
300.00006
300.00002
300.00002
300.00002
300.00002
300.00002
300.00002
300.00002
300.00002
300.00002
300.00002
300.00002
300.00002
300.00002
300.00002
300.00002
300.00002
300.00002
300.00002
300.00002
300.00002
300.00002
300.00002
300.00002
300.00002
300.00002
300.00002
300.00002
300.00002
300.00002
300.00002
300.00002
300.00003
300.00004
300.00008
317.42021
301.14546
299.93698
299.98814
299.99972
300.00006
300.00002
300.00002
300.00002
300.00002
300.00002
300.00002
300.00002
300.00002
300.00002
300.00002
300.00002
300.00002
300.00002
300.00002
300.00002
300.00002
300.00002
300.00002
300.00002
300.00002
300.00002
300.00002
300.00002
300.00002
300.00002
300.00002
300.00002
300.00002
300.00002
300.00002
300.00002
300.00003
300.00004
300.00008
317.42012
301.14548
299.93701
299.98814
299.99972
300.00006
300.00002
300.00002
300.00002
300.00002
300.00002
300.00002
300.00002
300.00002
300.00002
300.00002
300.00002
300.00002
300.00002
300.00002
300.00002
300.00002
300.00002
300.00002
300.00002
300.00002
300.00002
300.00002
300.00002
300.00002
300.00002
300.00002
300.00002
300.00002
300.00002
300.00002
300.00002
300.00002
300.00004
300.00008
317.42003
301.1455
299.93703
299.98815
299.99972
300.00006
300.00002
300.00002
300.00002
300.00002
300.00002
300.00002
300.00002
300.00002
300.00002
300.00002
300.00002
300.00002
300.00002
300.00002
300.00002
300.00002
300.00002
300.00002
300.00002
300.00002
300.00002
300.00002
300.00002
300.00002
300.00002
300.00002
300.00002
300.00002
300.00002
300.00002
300.00002
300.00002
300.00004
300.00008
317.41994
301.14552
299.93706
299.98815
299.99972
300.00006
300.00002
300.00002
300.00002
300.00002
300.00002
300.00002
300.00002
300.00002
300.00002
300.00002
300.00002
300.00002
300.00002
300.00002
300.00002
300.00002
300.00002
300.00002
300.00002
300.00002
300.00002
300.00002
300.00002
300.00002
300.00002
300.00002
300.00002
300.00002
300.00002
300.00002
300.00002
300.00002
300.00003
300.00008
317.41984
301.14554
299.93709
299.98816
299.99972
300.00006
300.00002
300.00002
300.00002
300.00002
300.00002
300.00002
300.00002
300.00002
300.00002
300.00002
300.00002
300.00002
300.00002
300.00002
300.00002
300.00002
300.00002
300.00002
300.00002
300.00002
300.00002
300.00002
300.00002
300.00002
300.00002
300.00002
300.00002
300.00002
300.00002
300.00002
300.00002
300.00002
300.00003
300.00008
317.41975
301.14556
299.93712
299.98816
299.99972
300.00006
300.00002
300.00002
300.00002
300.00002
300.00002
300.00002
300.00002
300.00002
300.00002
300.00002
300.00002
300.00002
300.00002
300.00002
300.00002
300.00002
300.00002
300.00002
300.00002
300.00002
300.00002
300.00002
300.00002
300.00002
300.00002
300.00002
300.00002
300.00002
300.00002
300.00002
300.00002
300.00002
300.00003
300.00008
317.41966
301.14559
299.93715
299.98816
299.99972
300.00005
300.00002
300.00002
300.00002
300.00002
300.00002
300.00002
300.00002
300.00002
300.00002
300.00002
300.00002
300.00002
300.00002
300.00002
300.00002
300.00002
300.00002
300.00002
300.00002
300.00002
300.00002
300.00002
300.00002
300.00002
300.00002
300.00002
300.00002
300.00002
300.00002
300.00002
300.00002
300.00002
300.00003
300.00008
317.41956
301.14561
299.93718
299.98817
299.99972
300.00005
300.00002
300.00002
300.00002
300.00002
300.00002
300.00002
300.00002
300.00002
300.00002
300.00002
300.00002
300.00002
300.00002
300.00002
300.00002
300.00002
300.00002
300.00002
300.00002
300.00002
300.00002
300.00002
300.00002
300.00002
300.00002
300.00002
300.00002
300.00002
300.00002
300.00002
300.00002
300.00002
300.00003
300.00008
317.41946
301.14564
299.93721
299.98817
299.99972
300.00005
300.00002
300.00002
300.00002
300.00002
300.00002
300.00002
300.00002
300.00002
300.00002
300.00002
300.00002
300.00002
300.00002
300.00002
300.00002
300.00002
300.00002
300.00002
300.00002
300.00002
300.00002
300.00002
300.00002
300.00002
300.00002
300.00002
300.00002
300.00002
300.00002
300.00002
300.00002
300.00002
300.00003
300.00008
317.41935
301.14567
299.93724
299.98818
299.99972
300.00005
300.00002
300.00002
300.00002
300.00002
300.00002
300.00002
300.00002
300.00002
300.00002
300.00002
300.00002
300.00002
300.00002
300.00002
300.00002
300.00002
300.00002
300.00002
300.00002
300.00002
300.00002
300.00002
300.00002
300.00002
300.00002
300.00002
300.00002
300.00002
300.00002
300.00002
300.00002
300.00002
300.00003
300.00008
317.41923
301.1457
299.93727
299.98818
299.99972
300.00005
300.00002
300.00002
300.00002
300.00002
300.00002
300.00002
300.00002
300.00002
300.00002
300.00002
300.00002
300.00002
300.00002
300.00002
300.00002
300.00002
300.00002
300.00002
300.00002
300.00002
300.00002
300.00002
300.00002
300.00002
300.00002
300.00002
300.00002
300.00002
300.00002
300.00002
300.00002
300.00002
300.00003
300.00008
317.41911
301.14573
299.93731
299.98818
299.99972
300.00005
300.00002
300.00002
300.00002
300.00002
300.00002
300.00002
300.00002
300.00002
300.00002
300.00002
300.00002
300.00002
300.00002
300.00002
300.00002
300.00002
300.00002
300.00002
300.00002
300.00002
300.00002
300.00002
300.00002
300.00002
300.00002
300.00002
300.00002
300.00002
300.00002
300.00002
300.00002
300.00002
300.00003
300.00008
317.41899
301.14577
299.93734
299.98819
299.99972
300.00005
300.00002
300.00001
300.00001
300.00002
300.00002
300.00002
300.00002
300.00002
300.00002
300.00002
300.00002
300.00002
300.00002
300.00002
300.00002
300.00002
300.00002
300.00002
300.00002
300.00002
300.00002
300.00002
300.00002
300.00002
300.00002
300.00002
300.00002
300.00002
300.00002
300.00002
300.00002
300.00002
300.00003
300.00008
317.41885
301.14581
299.93738
299.98819
299.99971
300.00005
300.00002
300.00001
300.00001
300.00001
300.00001
300.00001
300.00002
300.00002
300.00002
300.00002
300.00002
300.00002
300.00002
300.00002
300.00002
300.00002
300.00002
300.00002
300.00002
300.00002
300.00002
300.00002
300.00002
300.00002
300.00002
300.00002
300.00002
300.00002
300.00002
300.00002
300.00002
300.00002
300.00003
300.00008
317.4187
301.14585
299.93743
299.9882
299.99971
300.00005
300.00002
300.00001
300.00001
300.00001
300.00001
300.00001
300.00001
300.00001
300.00001
300.00001
300.00001
300.00002
300.00002
300.00002
300.00002
300.00002
300.00002
300.00002
300.00002
300.00002
300.00002
300.00002
300.00002
300.00002
300.00002
300.00002
300.00002
300.00002
300.00002
300.00002
300.00002
300.00002
300.00003
300.00008
317.41855
301.1459
299.93747
299.98821
299.99971
300.00005
300.00002
300.00001
300.00001
300.00001
300.00001
300.00001
300.00001
300.00001
300.00001
300.00001
300.00001
300.00001
300.00001
300.00001
300.00001
300.00001
300.00002
300.00002
300.00002
300.00002
300.00002
300.00002
300.00002
300.00002
300.00002
300.00002
300.00002
300.00002
300.00002
300.00002
300.00002
300.00002
300.00003
300.00008
317.41838
301.14595
299.93752
299.98821
299.99971
300.00005
300.00002
300.00001
300.00001
300.00001
300.00001
300.00001
300.00001
300.00001
300.00001
300.00001
300.00001
300.00001
300.00001
300.00001
300.00001
300.00001
300.00001
300.00001
300.00001
300.00001
300.00001
300.00001
300.00001
300.00001
300.00002
300.00002
300.00002
300.00002
300.00002
300.00002
300.00002
300.00002
300.00003
300.00007
317.41819
301.14601
299.93757
299.98822
299.99971
300.00005
300.00001
300.00001
300.00001
300.00001
300.00001
300.00001
300.00001
300.00001
300.00001
300.00001
300.00001
300.00001
300.00001
300.00001
300.00001
300.00001
300.00001
300.00001
300.00001
300.00001
300.00001
300.00001
300.00001
300.00001
300.00001
300.00001
300.00001
300.00001
300.00001
300.00001
300.00001
300.00002
300.00003
300.00007
317.41799
301.14607
299.93763
299.98823
299.99971
300.00005
300.00001
300.00001
300.00001
300.00001
300.00001
300.00001
300.00001
300.00001
300.00001
300.00001
300.00001
300.00001
300.00001
300.00001
300.00001
300.00001
300.00001
300.00001
300.00001
300.00001
300.00001
300.00001
300.00001
300.00001
300.00001
300.00001
300.00001
300.00001
300.00001
300.00001
300.00001
300.00002
300.00003
300.00007
317.41778
301.14614
299.93769
299.98823
299.99971
300.00005
300.00001
300.00001
300.00001
300.00001
300.00001
300.00001
300.00001
300.00001
300.00001
300.00001
300.00001
300.00001
300.00001
300.00001
300.00001
300.00001
300.00001
300.00001
300.00001
300.00001
300.00001
300.00001
300.00001
300.00001
300.00001
300.00001
300.00001
300.00001
300.00001
300.00001
300.00001
300.00002
300.00003
300.00007
317.41754
301.14621
299.93776
299.98824
299.99971
300.00005
300.00001
300.00001
300.00001
300.00001
300.00001
300.00001
300.00001
300.00001
300.00001
300.00001
300.00001
300.00001
300.00001
300.00001
300.00001
300.00001
300.00001
300.00001
300.00001
300.00001
300.00001
300.00001
300.00001
300.00001
300.00001
300.00001
300.00001
300.00001
300.00001
300.00001
300.00001
300.00001
300.00003
300.00007
317.41729
301.14629
299.93783
299.98825
299.99971
300.00005
300.00001
300.00001
300.00001
300.00001
300.00001
300.00001
300.00001
300.00001
300.00001
300.00001
300.00001
300.00001
300.00001
300.00001
300.00001
300.00001
300.00001
300.00001
300.00001
300.00001
300.00001
300.00001
300.00001
300.00001
300.00001
300.00001
300.00001
300.00001
300.00001
300.00001
300.00001
300.00001
300.00003
300.00007
317.417
301.14638
299.93791
299.98826
299.99971
300.00005
300.00001
300.00001
300.00001
300.00001
300.00001
300.00001
300.00001
300.00001
300.00001
300.00001
300.00001
300.00001
300.00001
300.00001
300.00001
300.00001
300.00001
300.00001
300.00001
300.00001
300.00001
300.00001
300.00001
300.00001
300.00001
300.00001
300.00001
300.00001
300.00001
300.00001
300.00001
300.00001
300.00003
300.00007
317.4167
301.14647
299.938
299.98828
299.99971
300.00005
300.00001
300.00001
300.00001
300.00001
300.00001
300.00001
300.00001
300.00001
300.00001
300.00001
300.00001
300.00001
300.00001
300.00001
300.00001
300.00001
300.00001
300.00001
300.00001
300.00001
300.00001
300.00001
300.00001
300.00001
300.00001
300.00001
300.00001
300.00001
300.00001
300.00001
300.00001
300.00001
300.00002
300.00007
317.41636
301.14658
299.9381
299.98829
299.99971
300.00004
300.00001
300.00001
300.00001
300.00001
300.00001
300.00001
300.00001
300.00001
300.00001
300.00001
300.00001
300.00001
300.00001
300.00001
300.00001
300.00001
300.00001
300.00001
300.00001
300.00001
300.00001
300.00001
300.00001
300.00001
300.00001
300.00001
300.00001
300.00001
300.00001
300.00001
300.00001
300.00001
300.00002
300.00007
317.41599
301.1467
299.9382
299.9883
299.99971
300.00004
300.00001
300.00001
300.00001
300.00001
300.00001
300.00001
300.00001
300.00001
300.00001
300.00001
300.00001
300.00001
300.00001
300.00001
300.00001
300.00001
300.00001
300.00001
300.00001
300.00001
300.00001
300.00001
300.00001
300.00001
300.00001
300.00001
300.00001
300.00001
300.00001
300.00001
300.00001
300.00001
300.00002
300.00007
317.41558
301.14683
299.93832
299.98832
299.99971
300.00004
300.00001
300.00001
300.00001
300.00001
300.00001
300.00001
300.00001
300.00001
300.00001
300.00001
300.00001
300.00001
300.00001
300.00001
300.00001
300.00001
300.00001
300.00001
300.00001
300.00001
300.00001
300.00001
300.00001
300.00001
300.00001
300.00001
300.00001
300.00001
300.00001
300.00001
300.00001
300.00001
300.00002
300.00007
317.41513
301.14697
299.93845
299.98834
299.99971
300.00004
300.00001
300.00001
300.00001
300.00001
300.00001
300.00001
300.00001
300.00001
300.00001
300.00001
300.00001
300.00001
300.00001
300.00001
300.00001
300.00001
300.00001
300.00001
300.00001
300.00001
300.00001
300.00001
300.00001
300.00001
300.00001
300.00001
300.00001
300.00001
300.00001
300.00001
300.00001
300.00001
300.00002
300.00007
317.41463
301.14712
299.93859
299.98836
299.99971
300.00004
300.00001
300.00001
300.00001
300.00001
300.00001
300.00001
300.00001
300.00001
300.00001
300.00001
300.00001
300.00001
300.00001
300.00001
300.00001
300.00001
300.00001
300.00001
300.00001
300.00001
300.00001
300.00001
300.00001
300.00001
300.00001
300.00001
300.00001
300.00001
300.00001
300.00001
300.00001
300.00001
300.00002
300.00007
317.41408
301.1473
299.93874
299.98838
299.99971
300.00004
300.00001
300.00001
300.00001
300.00001
300.00001
300.00001
300.00001
300.00001
300.00001
300.00001
300.00001
300.00001
300.00001
300.00001
300.00001
300.00001
300.00001
300.00001
300.00001
300.00001
300.00001
300.00001
300.00001
300.00001
300.00001
300.00001
300.00001
300.00001
300.00001
300.00001
300.00001
300.00001
300.00002
300.00007
317.41346
301.14749
299.93892
299.9884
299.9997
300.00004
300.00001
300.00001
300.00001
300.00001
300.00001
300.00001
300.00001
300.00001
300.00001
300.00001
300.00001
300.00001
300.00001
300.00001
300.00001
300.00001
300.00001
300.00001
300.00001
300.00001
300.00001
300.00001
300.00001
300.00001
300.00001
300.00001
300.00001
300.00001
300.00001
300.00001
300.00001
300.00001
300.00002
300.00007
317.41277
301.14771
299.93911
299.98842
299.9997
300.00004
300.00001
300.00001
300.00001
300.00001
300.00001
300.00001
300.00001
300.00001
300.00001
300.00001
300.00001
300.00001
300.00001
300.00001
300.00001
300.00001
300.00001
300.00001
300.00001
300.00001
300.00001
300.00001
300.00001
300.00001
300.00001
300.00001
300.00001
300.00001
300.00001
300.00001
300.00001
300.00001
300.00002
300.00007
317.412
301.14795
299.93932
299.98845
299.9997
300.00004
300.00001
300.00001
300.00001
300.00001
300.00001
300.00001
300.00001
300.00001
300.00001
300.00001
300.00001
300.00001
300.00001
300.00001
300.00001
300.00001
300.00001
300.00001
300.00001
300.00001
300.00001
300.00001
300.00001
300.00001
300.00001
300.00001
300.00001
300.00001
300.00001
300.00001
300.00001
300.00001
300.00002
300.00007
317.41114
301.14822
299.93956
299.98849
299.9997
300.00004
300.00001
300.00001
300.00001
300.00001
300.00001
300.00001
300.00001
300.00001
300.00001
300.00001
300.00001
300.00001
300.00001
300.00001
300.00001
300.00001
300.00001
300.00001
300.00001
300.00001
300.00001
300.00001
300.00001
300.00001
300.00001
300.00001
300.00001
300.00001
300.00001
300.00001
300.00001
300.00001
300.00002
300.00007
317.41016
301.14853
299.93982
299.98852
299.9997
300.00004
300.00001
300.00001
300.00001
300.00001
300.00001
300.00001
300.00001
300.00001
300.00001
300.00001
300.00001
300.00001
300.00001
300.00001
300.00001
300.00001
300.00001
300.00001
300.00001
300.00001
300.00001
300.00001
300.00001
300.00001
300.00001
300.00001
300.00001
300.00001
300.00001
300.00001
300.00001
300.00001
300.00002
300.00007
317.40905
301.14887
299.94012
299.98856
299.9997
300.00004
300.00001
300
300
300
300.00001
300.00001
300.00001
300.00001
300.00001
300.00001
300.00001
300.00001
300.00001
300.00001
300.00001
300.00001
300.00001
300.00001
300.00001
300.00001
300.00001
300.00001
300.00001
300.00001
300.00001
300.00001
300.00001
300.00001
300.00001
300.00001
300.00001
300.00001
300.00002
300.00007
317.40779
301.14926
299.94046
299.98861
299.9997
300.00004
300.00001
300
300
300
300
300
300
300
300.00001
300.00001
300.00001
300.00001
300.00001
300.00001
300.00001
300.00001
300.00001
300.00001
300.00001
300.00001
300.00001
300.00001
300.00001
300.00001
300.00001
300.00001
300.00001
300.00001
300.00001
300.00001
300.00001
300.00001
300.00002
300.00007
317.40635
301.14971
299.94085
299.98866
299.9997
300.00004
300.00001
300
300
300
300
300
300
300
300
300
300
300
300
300.00001
300.00001
300.00001
300.00001
300.00001
300.00001
300.00001
300.00001
300.00001
300.00001
300.00001
300.00001
300.00001
300.00001
300.00001
300.00001
300.00001
300.00001
300.00001
300.00002
300.00007
317.40467
301.15023
299.94128
299.98872
299.9997
300.00003
300.00001
300
300
300
300
300
300
300
300
300
300
300
300
300
300
300
300
300
300
300
300
300
300.00001
300.00001
300.00001
300.00001
300.00001
300.00001
300.00001
300.00001
300.00001
300.00001
300.00002
300.00007
317.40273
301.15083
299.94179
299.98878
299.9997
300.00003
300.00001
300
300
300
300
300
300
300
300
300
300
300
300
300
300
300
300
300
300
300
300
300
300
300
300
300
300
300
300
300
300
300.00001
300.00002
300.00007
317.40044
301.15153
299.94237
299.98886
299.9997
300.00003
300
300
300
300
300
300
300
300
300
300
300
300
300
300
300
300
300
300
300
300
300
300
300
300
300
300
300
300
300
300
300
300.00001
300.00002
300.00006
317.39772
301.15236
299.94304
299.98895
299.99969
300.00003
300
300
300
300
300
300
300
300
300
300
300
300
300
300
300
300
300
300
300
300
300
300
300
300
300
300
300
300
300
300
300
300.00001
300.00002
300.00006
317.39445
301.15336
299.94384
299.98905
299.99969
300.00003
300
300
300
300
300
300
300
300
300
300
300
300
300
300
300
300
300
300
300
300
300
300
300
300
300
300
300
300
300
300
300
300
300.00002
300.00006
317.39045
301.15457
299.94478
299.98917
299.99969
300.00003
300
300
300
300
300
300
300
300
300
300
300
300
300
300
300
300
300
300
300
300
300
300
300
300
300
300
300
300
300
300
300
300
300.00002
300.00006
317.38547
301.15608
299.94591
299.98931
299.99969
300.00003
300
300
300
300
300
300
300
300
300
300
300
300
300
300
300
300
300
300
300
300
300
300
300
300
300
300
300
300
300
300
300
300
300.00002
300.00006
317.37914
301.15798
299.94728
299.98949
299.99969
300.00002
300
300
300
300
300
300
300
300
300
300
300
300
300
300
300
300
300
300
300
300
300
300
300
300
300
300
300
300
300
300
300
300
300.00002
300.00006
317.3709
301.16049
299.94899
299.98969
299.99969
300.00002
300
300
300
300
300
300
300
300
300
300
300
300
300
300
300
300
300
300
300
300
300
300
300
300
300
300
300
300
300
300
300
300
300.00001
300.00006
317.36011
301.16372
299.95105
299.98994
299.99969
300.00002
300
300
300
300
300
300
300
300
300
300
300
300
300
300
300
300
300
300
300
300
300
300
300
300
300
300
300
300
300
300
300
300
300.00001
300.00006
317.34411
301.16902
299.95407
299.99029
299.99968
300.00002
300
300
300
300
300
300
300
300
300
300
300
300
300
300
300
300
300
300
300
300
300
300
300
300
300
300
300
300
300
300
300
300
300.00001
300.00006
317.3296
301.17299
299.9562
299.99055
299.99968
300.00002
300
300
300
300
300
300
300
300
300
300
300
300
300
300
300
300
300
300
300
300
300
300
300
300
300
300
300
300
300
300
300
300
300.00001
300.00006
317.27662
301.19278
299.96541
299.99157
299.99969
300.00001
300
300
300
300
300
300
300
300
300
300
300
300
300
300
300
300
300
300
300
300
300
300
300
300
300
300
300
300
300
300
300
300
300.00001
300.00006
)
;

boundaryField
{
    wall
    {
        type            fixedValue;
        value           uniform 350;
    }
    sides
    {
        type            zeroGradient;
    }
    frontAndBack
    {
        type            empty;
    }
    inlet
    {
        type            fixedValue;
        value           uniform 300;
    }
    outlet
    {
        type            zeroGradient;
    }
}


// ************************************************************************* //
