/*--------------------------------*- C++ -*----------------------------------*\
  =========                 |
  \\      /  F ield         | OpenFOAM: The Open Source CFD Toolbox
   \\    /   O peration     | Website:  https://openfoam.org
    \\  /    A nd           | Version:  10
     \\/     M anipulation  |
\*---------------------------------------------------------------------------*/
FoamFile
{
    format      ascii;
    class       volScalarField;
    location    "0.01";
    object      TporMedia;
}
// * * * * * * * * * * * * * * * * * * * * * * * * * * * * * * * * * * * * * //

dimensions      [0 0 0 1 0 0 0];

internalField   nonuniform List<scalar> 
4000
(
-7.3079829e-09
3.5083926e-09
-1.1274732e-07
6.0416645e-07
4.672335e-07
4.8960536e-07
4.8466121e-07
4.8438349e-07
4.843425e-07
4.8415799e-07
4.8392576e-07
4.8376208e-07
4.8346695e-07
4.8333766e-07
4.8317568e-07
4.8298868e-07
4.8303621e-07
4.831782e-07
4.8306818e-07
4.8313689e-07
4.8339938e-07
4.8384672e-07
4.8400742e-07
4.8447309e-07
4.8486642e-07
4.8539966e-07
4.8600738e-07
4.8658242e-07
4.8720032e-07
4.879157e-07
4.8858417e-07
4.8924051e-07
4.8981826e-07
4.9010885e-07
4.9019017e-07
4.8984364e-07
4.8854732e-07
4.8688085e-07
4.8403884e-07
4.6966582e-07
-9.1742415e-10
2.1736368e-21
-1.3624768e-18
-3.2609247e-17
9.2567352e-16
3.4662439e-16
3.8730222e-16
3.9028658e-16
3.8991533e-16
3.8950934e-16
3.8915969e-16
3.8882309e-16
3.8845413e-16
3.8815232e-16
3.8798402e-16
3.8771621e-16
3.8775121e-16
3.8794034e-16
3.8806525e-16
3.8829557e-16
3.8879096e-16
3.8944032e-16
3.901368e-16
3.9084393e-16
3.9181772e-16
3.9283227e-16
3.9388661e-16
3.9508781e-16
3.961698e-16
3.9767525e-16
3.9898348e-16
4.0031592e-16
4.0142082e-16
4.0249481e-16
4.02873e-16
4.0260396e-16
4.0061451e-16
3.9624389e-16
3.9035957e-16
3.8938588e-16
-9.7733577e-11
-1.0064176e-22
-1.9235149e-30
-8.4490796e-28
-3.6918947e-25
7.9726166e-25
7.3226892e-25
7.5263797e-25
7.4482213e-25
7.3775051e-25
7.3096095e-25
7.2437214e-25
7.1832687e-25
7.1320298e-25
7.0737965e-25
7.026931e-25
6.9905141e-25
6.9519136e-25
6.9197546e-25
6.8978677e-25
6.8781132e-25
6.8667492e-25
6.8636208e-25
6.8649198e-25
6.8662476e-25
6.8780858e-25
6.8916108e-25
6.9192702e-25
6.9279397e-25
6.9596416e-25
6.9900265e-25
7.0165288e-25
7.0335342e-25
7.0478724e-25
7.0475584e-25
6.9995893e-25
6.8614644e-25
6.5141329e-25
5.9932375e-25
7.5592307e-25
-2.8152972e-11
9.3962412e-24
4.1395686e-36
-2.1801862e-39
7.7674015e-35
-1.7127274e-34
-1.4255278e-33
-2.448482e-33
-2.3911906e-33
-2.4219892e-33
-2.4688509e-33
-2.5138164e-33
-2.5668378e-33
-2.6204428e-33
-2.675308e-33
-2.7382354e-33
-2.7938739e-33
-2.8600632e-33
-2.9254657e-33
-2.9998974e-33
-3.0707685e-33
-3.1500691e-33
-3.2322136e-33
-3.3206659e-33
-3.3851135e-33
-3.4807376e-33
-3.573958e-33
-3.6640799e-33
-3.7441858e-33
-3.8525997e-33
-3.9468862e-33
-4.0594521e-33
-4.1400343e-33
-4.2383566e-33
-4.3308062e-33
-4.4049748e-33
-4.478098e-33
-4.3914947e-33
-6.2215398e-33
3.6930618e-33
-1.5114309e-11
1.7154519e-24
3.9850333e-37
3.8759351e-49
4.0951342e-44
1.1612448e-44
2.5688138e-42
-6.1803111e-42
-7.078827e-42
-7.2089921e-42
-7.2394133e-42
-7.2567467e-42
-7.3269389e-42
-7.368029e-42
-7.4169327e-42
-7.5004076e-42
-7.5598682e-42
-7.6320268e-42
-7.7059161e-42
-7.8075588e-42
-7.8944583e-42
-7.9972905e-42
-8.1161048e-42
-8.2509661e-42
-8.3065574e-42
-8.440556e-42
-8.5732488e-42
-8.6972467e-42
-8.7916354e-42
-8.9472657e-42
-9.0799179e-42
-9.2460147e-42
-9.3504718e-42
-9.5160335e-42
-9.7057368e-42
-9.9281024e-42
-1.0317201e-41
-1.0997481e-41
-1.5517627e-41
2.9613348e-42
-1.1978652e-11
9.3973132e-25
1.6902485e-37
1.0819645e-49
1.9517994e-54
-4.7713709e-55
1.2770442e-50
-2.7506123e-51
-3.3549632e-51
-3.4586924e-51
-3.4820479e-51
-3.498509e-51
-3.5409928e-51
-3.5680369e-51
-3.5983566e-51
-3.6450747e-51
-3.680735e-51
-3.7208499e-51
-3.7612091e-51
-3.814771e-51
-3.8593578e-51
-3.9128076e-51
-3.9726078e-51
-4.0395946e-51
-4.0679185e-51
-4.1323547e-51
-4.1960458e-51
-4.2556923e-51
-4.2989845e-51
-4.3714511e-51
-4.4311408e-51
-4.5084111e-51
-4.5546156e-51
-4.6313556e-51
-4.7204213e-51
-4.8286084e-51
-5.0297081e-51
-5.4247313e-51
-8.0138188e-51
1.2690501e-51
-1.1980605e-11
8.4434873e-25
1.622172e-37
9.7939444e-50
2.3329134e-60
1.81756e-65
2.1109127e-59
-8.310473e-61
-1.0667086e-60
-1.1158311e-60
-1.1284495e-60
-1.1388354e-60
-1.1571711e-60
-1.170184e-60
-1.1840814e-60
-1.2031644e-60
-1.2185049e-60
-1.2350373e-60
-1.2515805e-60
-1.2722955e-60
-1.2900465e-60
-1.3102065e-60
-1.332655e-60
-1.3570807e-60
-1.3683242e-60
-1.3916406e-60
-1.4140125e-60
-1.4351139e-60
-1.4502002e-60
-1.4746994e-60
-1.4944691e-60
-1.5194444e-60
-1.5331159e-60
-1.5560566e-60
-1.5819429e-60
-1.6115155e-60
-1.66814e-60
-1.7902039e-60
-2.8165661e-60
5.6536554e-61
-1.3207465e-11
9.0457088e-25
2.5098977e-37
1.8690172e-49
3.6094127e-60
-1.7677969e-70
5.9693486e-68
-2.9172094e-70
-3.9092169e-70
-4.1571302e-70
-4.2273614e-70
-4.2855155e-70
-4.372294e-70
-4.4389456e-70
-4.5071345e-70
-4.5947432e-70
-4.6671306e-70
-4.7431562e-70
-4.8189516e-70
-4.9106448e-70
-4.9894205e-70
-5.076356e-70
-5.1742501e-70
-5.2769395e-70
-5.3288596e-70
-5.4254162e-70
-5.519003e-70
-5.6048402e-70
-5.6648917e-70
-5.7621835e-70
-5.8361181e-70
-5.9269868e-70
-5.9695204e-70
-6.0419452e-70
-6.1163227e-70
-6.1872867e-70
-6.3376709e-70
-6.7408685e-70
-1.1568938e-69
3.8426816e-70
-1.4426449e-11
9.7185442e-25
5.4634333e-37
6.0587169e-49
1.248201e-59
-1.0181331e-69
2.7113258e-75
-1.6335009e-79
-2.2566994e-79
-2.4377991e-79
-2.4898094e-79
-2.5318097e-79
-2.5905186e-79
-2.6371799e-79
-2.6825198e-79
-2.7412186e-79
-2.7898052e-79
-2.8387429e-79
-2.8895703e-79
-2.9498361e-79
-2.9998651e-79
-3.0569381e-79
-3.1195775e-79
-3.1854625e-79
-3.2191848e-79
-3.281568e-79
-3.3408893e-79
-3.394178e-79
-3.4327177e-79
-3.4916212e-79
-3.5351312e-79
-3.5881422e-79
-3.608707e-79
-3.6427442e-79
-3.6742614e-79
-3.69472e-79
-3.7482586e-79
-3.9806332e-79
-7.6361239e-79
4.091493e-79
-1.499285e-11
1.0022777e-24
2.1168693e-36
3.8356555e-48
9.8016605e-59
-1.6414814e-68
-2.7144845e-76
-2.4476848e-85
-2.0508877e-88
-2.2360431e-88
-2.2829639e-88
-2.3194065e-88
-2.3721501e-88
-2.4139195e-88
-2.4536497e-88
-2.5057564e-88
-2.5488209e-88
-2.5940251e-88
-2.639881e-88
-2.6939854e-88
-2.7403951e-88
-2.7938128e-88
-2.8517248e-88
-2.9125087e-88
-2.9454814e-88
-3.0034603e-88
-3.0608033e-88
-3.1113023e-88
-3.1497839e-88
-3.2060368e-88
-3.2486976e-88
-3.3016359e-88
-3.3226833e-88
-3.3590216e-88
-3.389141e-88
-3.4080924e-88
-3.454589e-88
-3.7202238e-88
-7.9429898e-88
4.7495845e-88
-1.5073447e-11
1.0120691e-24
-5.5341561e-36
-1.581503e-47
-5.2397376e-58
2.1521768e-67
5.4899198e-76
5.5976008e-85
5.6650196e-94
-2.2679094e-97
-2.3085081e-97
-2.3370292e-97
-2.3847022e-97
-2.4220057e-97
-2.4572352e-97
-2.5063756e-97
-2.5455304e-97
-2.5874613e-97
-2.6303138e-97
-2.6828974e-97
-2.7274171e-97
-2.7795255e-97
-2.8384056e-97
-2.8991176e-97
-2.9338111e-97
-2.9913607e-97
-3.0510551e-97
-3.105044e-97
-3.1483399e-97
-3.2100554e-97
-3.2590094e-97
-3.3204176e-97
-3.3516332e-97
-3.3996468e-97
-3.4446065e-97
-3.4790652e-97
-3.5503454e-97
-3.906676e-97
-8.9707671e-97
4.9059741e-97
-1.5027633e-11
1.0198707e-24
-2.4230197e-36
-9.4829545e-48
-3.914979e-58
4.7667187e-67
6.5297116e-76
6.0044498e-85
5.4821091e-94
5.0004077e-103
-2.1016729e-106
-2.1233489e-106
-2.1628831e-106
-2.1939535e-106
-2.2223644e-106
-2.2653714e-106
-2.2988137e-106
-2.3353309e-106
-2.3727012e-106
-2.4195738e-106
-2.4597595e-106
-2.5052025e-106
-2.5610723e-106
-2.6154871e-106
-2.6488971e-106
-2.7039356e-106
-2.7593165e-106
-2.8112487e-106
-2.8541914e-106
-2.9148939e-106
-2.9655308e-106
-3.0281378e-106
-3.0642155e-106
-3.1173295e-106
-3.1703351e-106
-3.2145322e-106
-3.299331e-106
-3.6983221e-106
-9.0195686e-106
4.6902968e-106
-1.5008251e-11
1.028965e-24
-2.0914231e-36
-9.7851174e-48
-4.6847485e-58
3.0663433e-66
3.3090319e-75
2.8007941e-84
2.360837e-93
1.9893307e-102
1.6744002e-111
-1.785657e-115
-1.8175348e-115
-1.8423193e-115
-1.864857e-115
-1.900312e-115
-1.9286822e-115
-1.9586902e-115
-1.9897316e-115
-2.0301865e-115
-2.0639819e-115
-2.1026683e-115
-2.1504792e-115
-2.1975478e-115
-2.2268358e-115
-2.2750352e-115
-2.3236837e-115
-2.3696291e-115
-2.407732e-115
-2.4637938e-115
-2.5085899e-115
-2.5672742e-115
-2.6018219e-115
-2.6529408e-115
-2.7048144e-115
-2.7483463e-115
-2.8320852e-115
-3.224788e-115
-8.364617e-115
4.409099e-115
-1.5021658e-11
1.0370249e-24
-1.9620812e-36
-1.0282862e-47
-5.3997183e-58
-3.2812229e-66
-3.2709041e-75
-2.7081204e-84
-2.2351663e-93
-1.8451244e-102
-1.5225712e-111
-1.2556462e-120
-1.4983178e-124
-1.5182993e-124
-1.5363922e-124
-1.5656703e-124
-1.58965e-124
-1.6143506e-124
-1.6394431e-124
-1.6730681e-124
-1.7017574e-124
-1.7339861e-124
-1.7745954e-124
-1.8147282e-124
-1.8399205e-124
-1.881347e-124
-1.922034e-124
-1.9623024e-124
-1.9968497e-124
-2.0448482e-124
-2.084531e-124
-2.1361508e-124
-2.1680972e-124
-2.214423e-124
-2.2609292e-124
-2.3002764e-124
-2.3778044e-124
-2.7463517e-124
-7.6032015e-124
4.1641485e-124
-1.5043991e-11
1.0429763e-24
-1.8419216e-36
-1.0602463e-47
-5.932528e-58
-1.5887274e-66
-1.5445605e-75
-1.2855432e-84
-1.0668695e-93
-8.858524e-103
-7.3499875e-112
-6.0998726e-121
-5.0607491e-130
-1.2590755e-133
-1.2738701e-133
-1.2981351e-133
-1.318306e-133
-1.3389107e-133
-1.3596868e-133
-1.3882871e-133
-1.4123532e-133
-1.4401714e-133
-1.4739261e-133
-1.5089765e-133
-1.5299385e-133
-1.565951e-133
-1.6004912e-133
-1.6354868e-133
-1.6657093e-133
-1.7081588e-133
-1.7424571e-133
-1.7882244e-133
-1.8163247e-133
-1.8578438e-133
-1.898468e-133
-1.9349847e-133
-2.0046764e-133
-2.3484439e-133
-6.9428543e-133
3.9519118e-133
-1.5062982e-11
1.0472649e-24
-1.73577e-36
-1.0876771e-47
-6.398502e-58
-1.1873949e-66
-1.1388589e-75
-9.553635e-85
-7.996951e-94
-6.6947937e-103
-5.6039852e-112
-4.6881786e-121
-3.9204585e-130
-3.2789165e-139
-1.0656001e-142
-1.0859202e-142
-1.1027128e-142
-1.1194474e-142
-1.1375564e-142
-1.1614388e-142
-1.1821807e-142
-1.2061532e-142
-1.2348597e-142
-1.2651034e-142
-1.2829603e-142
-1.3143244e-142
-1.3440525e-142
-1.37414e-142
-1.4012408e-142
-1.4378619e-142
-1.4689425e-142
-1.5084466e-142
-1.5337868e-142
-1.5708998e-142
-1.6070227e-142
-1.6397336e-142
-1.7028113e-142
-2.0226027e-142
-6.3836521e-142
3.7572714e-142
-1.507708e-11
1.0505584e-24
-1.6559207e-36
-1.1177339e-47
-6.8563341e-58
-1.0205784e-66
-9.6674e-76
-8.1514356e-85
-6.8515681e-94
-5.7607173e-103
-4.8420009e-112
-4.0693563e-121
-3.4188487e-130
-2.8727773e-139
-2.415833e-148
-9.1238655e-152
-9.2641243e-152
-9.4107182e-152
-9.563705e-152
-9.7677068e-152
-9.9438809e-152
-1.0150461e-151
-1.0396295e-151
-1.06552e-151
-1.0817916e-151
-1.1081293e-151
-1.134434e-151
-1.1607164e-151
-1.1842126e-151
-1.2159653e-151
-1.2436817e-151
-1.278478e-151
-1.3009073e-151
-1.3343681e-151
-1.3655738e-151
-1.3958552e-151
-1.4521054e-151
-1.7490901e-151
-5.8877786e-151
3.574635e-151
-1.5087819e-11
1.0532299e-24
-1.5995604e-36
-1.1492805e-47
-7.300364e-58
-9.4450604e-67
-8.8461022e-76
-7.4719694e-85
-6.2974227e-94
-5.3088044e-103
-4.4759495e-112
-3.7726109e-121
-3.1794525e-130
-2.679902e-139
-2.2579928e-148
-1.9040854e-157
-7.8132565e-161
-7.9329255e-161
-8.0677279e-161
-8.2418755e-161
-8.3942368e-161
-8.5668281e-161
-8.7829953e-161
-9.0046442e-161
-9.1468736e-161
-9.3753001e-161
-9.6001968e-161
-9.8323787e-161
-1.0039167e-160
-1.0318288e-160
-1.0562633e-160
-1.0865187e-160
-1.1070589e-160
-1.1364701e-160
-1.163618e-160
-1.1908596e-160
-1.2413407e-160
-1.515817e-160
-5.4380667e-160
3.4066179e-160
-1.5096442e-11
1.0554342e-24
-1.5593193e-36
-1.1797506e-47
-7.7135116e-58
-9.086686e-67
-8.4403554e-76
-7.1465181e-85
-6.0378508e-94
-5.1028752e-103
-4.3121292e-112
-3.6431261e-121
-3.0784424e-130
-2.6016182e-139
-2.1989646e-148
-1.859116e-157
-1.5723282e-166
-6.707517e-170
-6.82419e-170
-6.9751944e-170
-7.1055303e-170
-7.2524711e-170
-7.4400491e-170
-7.6318013e-170
-7.7602485e-170
-7.9569057e-170
-8.1547359e-170
-8.3566278e-170
-8.536365e-170
-8.7802358e-170
-8.9954249e-170
-9.2613448e-170
-9.4443779e-170
-9.6998512e-170
-9.9387898e-170
-1.0182727e-169
-1.0632742e-169
-1.3161047e-169
-5.0358189e-169
3.253958e-169
-1.5103547e-11
1.0572546e-24
-1.5293872e-36
-1.207751e-47
-8.0868745e-58
-8.9266078e-67
-8.2531821e-76
-7.0092371e-85
-5.9368408e-94
-5.0324246e-103
-4.2660574e-112
-3.6160309e-121
-3.0652717e-130
-2.5990829e-139
-2.2045939e-148
-1.8705766e-157
-1.5873429e-166
-1.3478639e-175
-5.7930161e-179
-5.9230046e-179
-6.035717e-179
-6.162151e-179
-6.324515e-179
-6.4923249e-179
-6.6059304e-179
-6.7753827e-179
-6.9487797e-179
-7.1275797e-179
-7.2825897e-179
-7.4978229e-179
-7.6813742e-179
-7.917159e-179
-8.0799257e-179
-8.3062389e-179
-8.5152938e-179
-8.7281023e-179
-9.1324076e-179
-1.1460288e-178
-4.675017e-178
3.1164823e-178
-1.5109447e-11
1.0587601e-24
-1.5062895e-36
-1.2329211e-47
-8.4203575e-58
-8.8642064e-67
-8.1703269e-76
-6.9586613e-85
-5.9156387e-94
-5.0286778e-103
-4.2771143e-112
-3.6372487e-121
-3.0933252e-130
-2.631987e-139
-2.2403369e-148
-1.9064897e-157
-1.6234413e-166
-1.3829343e-175
-1.1789762e-184
-5.0502377e-188
-5.1473498e-188
-5.2577102e-188
-5.3966156e-188
-5.544976e-188
-5.6452595e-188
-5.7908036e-188
-5.9417896e-188
-6.0995868e-188
-6.2362898e-188
-6.4235777e-188
-6.5859415e-188
-6.7936728e-188
-6.9361474e-188
-7.136342e-188
-7.3186897e-188
-7.5048171e-188
-7.8704189e-188
-1.0008804e-187
-4.3549165e-187
2.9941047e-187
-1.5114361e-11
1.0600115e-24
-1.488045e-36
-1.2553438e-47
-8.7166981e-58
-8.8603077e-67
-8.153813e-76
-6.9684685e-85
-5.9434589e-94
-5.0728993e-103
-4.3294844e-112
-3.6963983e-121
-3.1568864e-130
-2.6973234e-139
-2.3056046e-148
-1.9705489e-157
-1.6852698e-166
-1.4415203e-175
-1.2332281e-184
-1.0561035e-193
-4.4080623e-197
-4.5040744e-197
-4.6241885e-197
-4.7530163e-197
-4.8430989e-197
-4.9702899e-197
-5.1028828e-197
-5.2406021e-197
-5.3603666e-197
-5.5276116e-197
-5.6697599e-197
-5.8504101e-197
-5.9772961e-197
-6.1530219e-197
-6.3115635e-197
-6.4784837e-197
-6.8085883e-197
-8.771499e-197
-4.0732534e-196
2.8875033e-196
-1.511847e-11
1.0610582e-24
-1.4734193e-36
-1.2751869e-47
-8.9786761e-58
-8.884839e-67
-8.175892e-76
-7.012698e-85
-6.0034435e-94
-5.1441634e-103
-4.4085714e-112
-3.7798896e-121
-3.240645e-130
-2.7802606e-139
-2.3852561e-148
-2.0477149e-157
-1.7585229e-166
-1.5106022e-175
-1.2980749e-184
-1.1156801e-193
-9.6014676e-203
-3.8738134e-206
-3.9804551e-206
-4.0936685e-206
-4.1740298e-206
-4.2851095e-206
-4.4017906e-206
-4.5254636e-206
-4.6296734e-206
-4.7751258e-206
-4.9009952e-206
-5.0596995e-206
-5.1703437e-206
-5.3267129e-206
-5.4681122e-206
-5.6158609e-206
-5.9107716e-206
-7.7170605e-206
-3.8241211e-205
2.7964952e-205
-1.5121921e-11
1.0619385e-24
-1.4615646e-36
-1.2926787e-47
-9.2104182e-58
-8.9356752e-67
-8.2316432e-76
-7.0939853e-85
-6.101114e-94
-5.2488936e-103
-4.5187659e-112
-3.890443e-121
-3.3520452e-130
-2.8876955e-139
-2.4894807e-148
-2.1462451e-157
-1.8516686e-166
-1.5977687e-175
-1.3789587e-184
-1.1911373e-193
-1.0292663e-202
-8.8980734e-212
-3.441699e-215
-3.5416707e-215
-3.6142193e-215
-3.7124078e-215
-3.8143287e-215
-3.9230971e-215
-4.0168541e-215
-4.1448181e-215
-4.2562087e-215
-4.3964585e-215
-4.4941092e-215
-4.6324219e-215
-4.7562878e-215
-4.8886322e-215
-5.1534274e-215
-6.8227637e-215
-3.6062295e-214
2.7216935e-214
-1.5124832e-11
1.0626822e-24
-1.4518614e-36
-1.3080501e-47
-9.4148717e-58
-8.9945069e-67
-8.3000207e-76
-7.1819756e-85
-6.2024898e-94
-5.3595941e-103
-4.6330024e-112
-4.0077929e-121
-3.4683125e-130
-3.0023918e-139
-2.6001897e-148
-2.2524564e-157
-1.9521833e-166
-1.6932112e-175
-1.4694704e-184
-1.2750604e-193
-1.1072404e-202
-9.6191532e-212
-8.3652883e-221
-3.0781844e-224
-3.1437734e-224
-3.2314672e-224
-3.3212032e-224
-3.4173541e-224
-3.5003805e-224
-3.614095e-224
-3.7138393e-224
-3.8378725e-224
-3.9260122e-224
-4.0470212e-224
-4.1581839e-224
-4.2737877e-224
-4.5141022e-224
-6.0555733e-224
-3.4174028e-223
2.6611483e-223
-1.5127298e-11
1.0633132e-24
-1.4438512e-36
-1.3215228e-47
-9.5946482e-58
-9.0665557e-67
-8.3899229e-76
-7.2921355e-85
-6.3291411e-94
-5.4962675e-103
-4.7752832e-112
-4.1524327e-121
-3.6108992e-130
-3.1408567e-139
-2.7338399e-148
-2.3816701e-157
-2.0745403e-166
-1.8082589e-175
-1.5765367e-184
-1.3752742e-193
-1.2001561e-202
-1.0482339e-211
-9.1567108e-221
-8.0050853e-230
-2.7493019e-233
-2.8264905e-233
-2.9062866e-233
-2.9927222e-233
-3.0667898e-233
-3.1669816e-233
-3.2563305e-233
-3.3663155e-233
-3.445111e-233
-3.5531167e-233
-3.6524278e-233
-3.7546016e-233
-3.9726582e-233
-5.4014505e-233
-3.2554089e-232
2.6157725e-232
-1.5129394e-11
1.0638504e-24
-1.4371897e-36
-1.3333185e-47
-9.7531059e-58
-9.1401777e-67
-8.4864476e-76
-7.4146463e-85
-6.467639e-94
-5.6456964e-103
-4.9303818e-112
-4.3094831e-121
-3.7670635e-130
-3.2956066e-139
-2.8835916e-148
-2.5248608e-157
-2.2114901e-166
-1.9382208e-175
-1.6993643e-184
-1.4900797e-193
-1.3074929e-202
-1.1479097e-211
-1.0083038e-220
-8.8607342e-230
-7.7928846e-239
-2.4866248e-242
-2.5586735e-242
-2.6351121e-242
-2.7012708e-242
-2.7918914e-242
-2.8706081e-242
-2.9682086e-242
-3.0401686e-242
-3.1370158e-242
-3.2244182e-242
-3.3170432e-242
-3.5161223e-242
-4.8454745e-242
-3.1192755e-241
2.5866741e-241
-1.513118e-11
1.0643092e-24
-1.4316111e-36
-1.3436315e-47
-9.8923353e-58
-9.217974e-67
-8.5961053e-76
-7.5484763e-85
-6.6178667e-94
-5.804773e-103
-5.0981703e-112
-4.4785217e-121
-3.9367643e-130
-3.4626484e-139
-3.0467872e-148
-2.6816052e-157
-2.3632182e-166
-2.0827173e-175
-1.836556e-184
-1.6202442e-193
-1.4299904e-202
-1.2635209e-211
-1.116338e-220
-9.8733114e-230
-8.7317765e-239
-7.7288047e-248
-2.2645591e-251
-2.3343689e-251
-2.3934774e-251
-2.4756068e-251
-2.545237e-251
-2.6336794e-251
-2.6979681e-251
-2.7847786e-251
-2.8629842e-251
-2.9471946e-251
-3.128304e-251
-4.3717262e-251
-3.0062619e-250
2.5737426e-250
-1.5132708e-11
1.0647023e-24
-1.4269177e-36
-1.3526674e-47
-1.0015687e-57
-9.3028742e-67
-8.7097751e-76
-7.6936744e-85
-6.7833678e-94
-5.9868155e-103
-5.2880236e-112
-4.6742323e-121
-4.133619e-130
-3.6580088e-139
-3.2399002e-148
-2.8698584e-157
-2.5435223e-166
-2.2551477e-175
-2.0005883e-184
-1.7761648e-193
-1.5774765e-202
-1.401289e-211
-1.2455435e-220
-1.1077303e-229
-9.8551016e-239
-8.7729924e-248
-7.8167975e-257
-2.0794508e-260
-2.1333661e-260
-2.2072857e-260
-2.2714519e-260
-2.35039e-260
-2.4089165e-260
-2.4876756e-260
-2.5582486e-260
-2.6337791e-260
-2.8003481e-260
-3.9666506e-260
-2.9168247e-259
2.5787471e-259
-1.5134017e-11
1.0650402e-24
-1.4229453e-36
-1.3605671e-47
-1.0124389e-57
-9.3898569e-67
-8.8353909e-76
-7.8524592e-85
-6.9672672e-94
-6.1879048e-103
-5.4992291e-112
-4.8912261e-121
-4.3518187e-130
-3.874654e-139
-3.4517012e-148
-3.0764232e-157
-2.7446178e-166
-2.4491912e-175
-2.1868878e-184
-1.9541005e-193
-1.7458317e-202
-1.5610348e-211
-1.3957014e-220
-1.2495655e-229
-1.1190352e-238
-1.0028554e-247
-8.9858184e-257
-8.0567019e-266
-1.9138909e-269
-1.981106e-269
-2.0387885e-269
-2.1107708e-269
-2.1640059e-269
-2.2348966e-269
-2.2993193e-269
-2.3682859e-269
-2.5231391e-269
-3.6214582e-269
-2.8486588e-268
2.6012636e-268
-1.5135142e-11
1.0653313e-24
-1.4195688e-36
-1.3674884e-47
-1.0220228e-57
-9.478924e-67
-8.9706662e-76
-8.0220772e-85
-7.1657757e-94
-6.405163e-103
-5.7310625e-112
-5.1295423e-121
-4.5935733e-130
-4.1168121e-139
-3.6921774e-148
-3.3127058e-157
-2.9744799e-166
-2.6717565e-175
-2.4016027e-184
-2.1597796e-193
-1.9436615e-202
-1.7496603e-211
-1.575876e-220
-1.4204893e-229
-1.2807118e-238
-1.1546687e-247
-1.0420154e-256
-9.4034759e-266
-8.4940108e-275
-1.7896526e-278
-1.8431539e-278
-1.9077381e-278
-1.9570868e-278
-2.0214964e-278
-2.0813879e-278
-2.1443752e-278
-2.2879871e-278
-3.3295317e-278
-2.8028494e-277
2.6433002e-277
-1.5136111e-11
1.0655828e-24
-1.4166883e-36
-1.3735534e-47
-1.0305584e-57
-9.565562e-67
-9.1099333e-76
-8.2053266e-85
-7.376389e-94
-6.6391863e-103
-5.9797885e-112
-5.3898541e-121
-4.8611089e-130
-4.3861146e-139
-3.9608827e-148
-3.5795724e-157
-3.2369875e-166
-2.9285918e-175
-2.6510723e-184
-2.4012267e-193
-2.1747099e-202
-1.9715627e-211
-1.7874904e-220
-1.6222538e-229
-1.4726812e-238
-1.3379436e-247
-1.2159937e-256
-1.1057122e-265
-1.0056142e-274
-9.1533123e-284
-1.6777772e-287
-1.7372813e-287
-1.7827126e-287
-1.84207e-287
-1.8968717e-287
-1.9545992e-287
-2.088818e-287
-3.0827383e-287
-2.778143e-286
2.7066648e-286
-1.5136947e-11
1.0658006e-24
-1.4142208e-36
-1.3788764e-47
-1.0381994e-57
-9.657852e-67
-9.2643215e-76
-8.3990796e-85
-7.6087407e-94
-6.8983854e-103
-6.2552464e-112
-5.6792317e-121
-5.1570989e-130
-4.6872483e-139
-4.263212e-148
-3.8817893e-157
-3.5365034e-166
-3.2234062e-175
-2.9386632e-184
-2.6805732e-193
-2.4469461e-202
-2.2352358e-211
-2.0421223e-220
-1.8666699e-229
-1.707415e-238
-1.5619507e-247
-1.4297964e-256
-1.3093417e-265
-1.1995461e-274
-1.0993793e-283
-1.007793e-292
-1.5931637e-296
-1.6350898e-296
-1.6903541e-296
-1.7416175e-296
-1.794658e-296
-1.9213845e-296
-2.8746601e-296
-2.7766891e-295
2.7946725e-295
-1.513767e-11
1.0659897e-24
-1.412101e-36
-1.3835613e-47
-1.0449911e-57
-9.7581264e-67
-9.4289017e-76
-8.6146484e-85
-7.8601614e-94
-7.1807132e-103
-6.5639135e-112
-6.0027073e-121
-5.4946236e-130
-5.0324189e-139
-4.611534e-148
-4.229397e-157
-3.8814572e-166
-3.5647465e-175
-3.2765172e-184
-3.0127785e-193
-2.7716383e-202
-2.5506984e-211
-2.3490763e-220
-2.1635775e-229
-1.9945796e-238
-1.838636e-247
-1.6960759e-256
-1.5653513e-265
-1.4452856e-274
-1.3351425e-283
-1.2337247e-292
-1.1406433e-301
-1.5123522e-305
-1.5631999e-305
-1.6114759e-305
-1.6604779e-305
-1.7808676e-305
-2.7019778e-305
-2.7985054e-304
2.9108427e-304
-1.5138295e-11
1.0661543e-24
-1.4102726e-36
-1.3876807e-47
-1.0510458e-57
-9.8521588e-67
-9.5907182e-76
-8.828258e-85
-8.1163835e-94
-7.4697438e-103
-6.8808773e-112
-6.3448177e-121
-5.8513228e-130
-5.401944e-139
-4.989962e-148
-4.6139947e-157
-4.2684269e-166
-3.9513406e-175
-3.6599728e-184
-3.3902246e-193
-3.1440265e-202
-2.9179419e-211
-2.7083593e-220
-2.5153363e-229
-2.3371006e-238
-2.1731445e-247
-2.0204434e-256
-1.8794633e-265
-1.7490868e-274
-1.6288251e-283
-1.516865e-292
-1.4132527e-301
-1.3168514e-310
2.2806446e-315
1.8356674e-314
2.0502312e-314
2.0227128e-314
-6.0828243e-314
-2.876846e-313
3.167383e-313
-1.5138838e-11
1.0662979e-24
-1.408693e-36
-1.3913219e-47
-1.0565538e-57
-9.9575821e-67
-9.7674951e-76
-9.06954e-85
-8.4057721e-94
-7.7988619e-103
-7.2439753e-112
-6.7334645e-121
-6.2635703e-130
-5.8317803e-139
-5.4315451e-148
-5.066042e-157
-4.725174e-166
-4.4113024e-175
-4.1197332e-184
-3.8504673e-193
-3.6009786e-202
-3.3678253e-211
-3.151893e-220
-2.9514266e-229
-2.7661857e-238
-2.5933413e-247
-2.4324221e-256
-2.2826705e-265
-2.1420505e-274
-2.011852e-283
-1.8893509e-292
-1.7754329e-301
-1.6686138e-310
2.1490293e-314
-1.4101966e-314
-5.5065765e-315
7.7320656e-315
-1.6959463e-314
9.3217773e-315
2.2949908e-314
-1.5139309e-11
1.0664236e-24
-1.4073218e-36
-1.3945466e-47
-1.0615081e-57
-1.0059651e-66
-9.9550572e-76
-9.3138038e-85
-8.7097703e-94
-8.1504044e-103
-7.634588e-112
-7.1583341e-121
-6.7140456e-130
-6.3055421e-139
-5.9250783e-148
-5.5687498e-157
-5.2398395e-166
-4.9333001e-175
-4.6475785e-184
-4.37999e-193
-4.1312925e-202
-3.9005672e-211
-3.6826309e-220
-3.4800007e-229
-3.2899365e-238
-3.1117072e-247
-2.9453442e-256
-2.7883327e-265
-2.6398698e-274
-2.4996937e-283
-2.3688718e-292
-2.2459253e-301
-2.1301939e-310
1.2571823e-314
-1.6942444e-314
9.7395784e-315
-1.2174316e-314
8.8240149e-315
-1.3735594e-314
-2.1403366e-314
-1.5139718e-11
1.0665339e-24
-1.4061309e-36
-1.397405e-47
-1.0659954e-57
-1.016648e-66
-1.015503e-75
-9.5910372e-85
-9.0454e-94
-8.5435782e-103
-8.0742402e-112
-7.6396446e-121
-7.2300733e-130
-6.8502233e-139
-6.4950604e-148
-6.164218e-157
-5.8542903e-166
-5.564163e-175
-5.289883e-184
-5.0351437e-193
-4.7932145e-202
-4.565955e-211
-4.3521286e-220
-4.1480005e-229
-3.9590456e-238
-3.7789236e-247
-3.6089143e-256
-3.4456541e-265
-3.2916219e-274
-3.146791e-283
-3.0101278e-292
-2.8800108e-301
-2.7552251e-310
-3.4327981e-316
-1.5503107e-314
-8.852254e-315
-8.0314341e-315
2.1595603e-314
-2.4985359e-314
-6.612913e-316
-1.5140075e-11
1.0666308e-24
-1.4050905e-36
-1.3999536e-47
-1.0702071e-57
-1.0278705e-66
-1.0359923e-75
-9.8759334e-85
-9.4032995e-94
-8.9620155e-103
-8.5467898e-112
-8.1608401e-121
-7.7980346e-130
-7.4549585e-139
-7.1356007e-148
-6.8329617e-157
-6.5465919e-166
-6.2798179e-175
-6.026089e-184
-5.7878774e-193
-5.5592849e-202
-5.3450113e-211
-5.1414383e-220
-4.9490388e-229
-4.7674503e-238
-4.5918981e-247
-4.4259715e-256
-4.2681762e-265
-4.1179624e-274
-3.9746517e-283
-3.8373231e-292
-3.7062063e-301
-3.5800373e-310
8.0582502e-318
1.8965273e-314
-1.6464012e-314
-6.917468e-315
-2.3730738e-315
-1.2070198e-314
2.6079994e-314
-1.5140384e-11
1.0667164e-24
-1.4041821e-36
-1.4022374e-47
-1.0739792e-57
-1.0395867e-66
-1.0586924e-75
-1.0189683e-84
-9.7978332e-94
-9.4284133e-103
-9.0802199e-112
-8.7475388e-121
-8.4422684e-130
-8.1543331e-139
-7.8841616e-148
-7.6250527e-157
-7.3811404e-166
-7.1478207e-175
-6.9278184e-184
-6.720752e-193
-6.5242893e-202
-6.337485e-211
-6.1590526e-220
-5.9858818e-229
-5.8223408e-238
-5.6680075e-247
-5.5164807e-256
-5.3724985e-265
-5.2351066e-274
-5.1017776e-283
-4.9742226e-292
-4.8505158e-301
-4.7329835e-310
-2.4087709e-314
-1.3732995e-314
1.3927291e-314
-1.2762685e-314
4.2643792e-315
2.4384175e-314
7.4935484e-315
-1.5140654e-11
1.0667922e-24
-1.4033856e-36
-1.4042716e-47
-1.0775134e-57
-1.0521027e-66
-1.0822109e-75
-1.0523161e-84
-1.0222284e-93
-9.9392805e-103
-9.6687028e-112
-9.4165797e-121
-9.1796692e-130
-8.9580665e-139
-8.7446647e-148
-8.5451399e-157
-8.3572027e-166
-8.1818011e-175
-8.0128864e-184
-7.851819e-193
-7.6965669e-202
-7.5511541e-211
-7.4139086e-220
-7.2799736e-229
-7.1521933e-238
-7.034418e-247
-6.9165774e-256
-6.8048231e-265
-6.7014304e-274
-6.5994264e-283
-6.5013737e-292
-6.4066126e-301
-6.3135584e-310
-2.2312697e-314
-2.3676692e-314
1.4378165e-314
4.4885331e-315
-3.0933727e-315
1.5963234e-314
-2.1386719e-314
-1.5140889e-11
1.0668595e-24
-1.4026855e-36
-1.4061193e-47
-1.0808411e-57
-1.0648925e-66
-1.1077152e-75
-1.0884024e-84
-1.0679925e-93
-1.049032e-102
-1.0315102e-111
-1.0154004e-120
-1.0001496e-129
-9.8620094e-139
-9.7339693e-148
-9.6107607e-157
-9.4968696e-166
-9.3902714e-175
-9.2930522e-184
-9.1990353e-193
-9.1155447e-202
-9.0367702e-211
-8.9640301e-220
-8.8968375e-229
-8.8338614e-238
-8.7757397e-247
-8.7225835e-256
-8.6746227e-265
-8.6295166e-274
-8.5899567e-283
-8.5513025e-292
-8.5167399e-301
-8.487084e-310
1.5791253e-314
1.1365609e-314
-1.5582839e-314
-2.3945457e-314
-2.0761756e-314
1.1568583e-314
1.5041583e-315
-1.5141094e-11
1.0669195e-24
-1.4020683e-36
-1.4077906e-47
-1.0839101e-57
-1.0775238e-66
-1.1335127e-75
-1.1254026e-84
-1.1168738e-93
-1.1090557e-102
-1.1024886e-111
-1.0974804e-120
-1.0929927e-129
-1.0894975e-138
-1.0871835e-147
-1.0857364e-156
-1.0847148e-165
-1.0842673e-174
-1.0850692e-183
-1.086446e-192
-1.0884894e-201
-1.0914034e-210
-1.0949027e-219
-1.0988357e-228
-1.1036526e-237
-1.1091774e-246
-1.1146582e-255
-1.1214665e-264
-1.1283157e-273
-1.1354151e-282
-1.1432343e-291
-1.1508801e-300
-1.1593836e-309
-1.7969393e-314
1.862959e-314
7.5908885e-315
-1.0543839e-314
-1.5046283e-314
1.7928158e-314
-1.85066e-314
-1.5141272e-11
1.0669733e-24
-1.4015235e-36
-1.4093095e-47
-1.086825e-57
-1.091369e-66
-1.1620624e-75
-1.1670141e-84
-1.1706671e-93
-1.1757098e-102
-1.1820279e-111
-1.1898007e-120
-1.1986408e-129
-1.2083854e-138
-1.2187597e-147
-1.230273e-156
-1.2429137e-165
-1.2572751e-174
-1.2726044e-183
-1.288692e-192
-1.3057457e-201
-1.3241936e-210
-1.3437114e-219
-1.3643826e-228
-1.3861173e-237
-1.4083042e-246
-1.4323918e-255
-1.4573714e-264
-1.4823509e-273
-1.5091356e-282
-1.5367415e-291
-1.5654417e-300
-1.595372e-309
2.4382975e-314
-5.9653275e-315
-2.1959777e-314
1.9389809e-314
-4.8018557e-315
2.0582838e-314
2.1776027e-315
-1.5141426e-11
1.0670216e-24
-1.4010387e-36
-1.4106931e-47
-1.0895801e-57
-1.1060084e-66
-1.1916655e-75
-1.2109575e-84
-1.2292811e-93
-1.2486355e-102
-1.2702562e-111
-1.2931755e-120
-1.3175533e-129
-1.343996e-138
-1.3718081e-147
-1.4022508e-156
-1.4340918e-165
-1.4679089e-174
-1.5036445e-183
-1.5415546e-192
-1.5810816e-201
-1.6220974e-210
-1.66553e-219
-1.7102222e-228
-1.7588597e-237
-1.8097326e-246
-1.8626922e-255
-1.9173741e-264
-1.974087e-273
-2.0339175e-282
-2.0959472e-291
-2.1610718e-300
-2.2294667e-309
1.1961181e-314
1.9576309e-314
2.1725597e-314
-1.0612724e-315
-1.978675e-314
-1.2678065e-314
-3.7452647e-315
-1.514156e-11
1.0670653e-24
-1.4006095e-36
-1.411979e-47
-1.0922644e-57
-1.1215106e-66
-1.2233253e-75
-1.2585101e-84
-1.2932073e-93
-1.3298748e-102
-1.3692143e-111
-1.4116974e-120
-1.4563378e-129
-1.5038051e-138
-1.5544466e-147
-1.6084467e-156
-1.6653011e-165
-1.7256343e-174
-1.789176e-183
-1.856795e-192
-1.9276686e-201
-2.0021939e-210
-2.0808237e-219
-2.1647062e-228
-2.2533879e-237
-2.346931e-246
-2.4454576e-255
-2.547573e-264
-2.6568446e-273
-2.7721206e-282
-2.893498e-291
-3.0205342e-300
-3.1545265e-309
1.9739571e-314
1.5868035e-314
2.3179631e-314
1.7565026e-314
-4.1693211e-316
2.1389561e-314
-2.113915e-314
-1.5141675e-11
1.0671052e-24
-1.4002266e-36
-1.4131687e-47
-1.0948228e-57
-1.1371413e-66
-1.2570898e-75
-1.3090758e-84
-1.3621713e-93
-1.4189202e-102
-1.4794891e-111
-1.5442621e-120
-1.6132205e-129
-1.6871282e-138
-1.7661493e-147
-1.8502821e-156
-1.9412568e-165
-2.0364458e-174
-2.138877e-183
-2.2477359e-192
-2.3646477e-201
-2.4883951e-210
-2.6200852e-219
-2.7602841e-228
-2.9096884e-237
-3.0683902e-246
-3.2372149e-255
-3.4186881e-264
-3.611178e-273
-3.8163765e-282
-4.0339198e-291
-4.2661327e-300
-4.512746e-309
-1.6746489e-314
2.1274243e-314
3.3391312e-315
7.284779e-315
1.7634795e-314
1.974507e-314
-1.5970598e-314
-1.5141774e-11
1.0671415e-24
-1.3998843e-36
-1.414285e-47
-1.0973475e-57
-1.1532766e-66
-1.2923705e-75
-1.3637388e-84
-1.436947e-93
-1.5166929e-102
-1.6026686e-111
-1.6946426e-120
-1.7939823e-129
-1.9005792e-138
-2.0160563e-147
-2.1393667e-156
-2.2728882e-165
-2.4164511e-174
-2.5709601e-183
-2.7381803e-192
-2.9181634e-201
-3.1145378e-210
-3.3224104e-219
-3.5470562e-228
-3.7882241e-237
-4.0492805e-246
-4.3299772e-255
-4.6328071e-264
-4.9579436e-273
-5.3084245e-282
-5.6839492e-291
-6.0916062e-300
-6.5313678e-309
6.2014203e-315
-1.3524511e-314
1.2840758e-315
-7.9961515e-315
1.1295035e-314
8.8645073e-315
-2.1157372e-314
-1.5141858e-11
1.067175e-24
-1.3995773e-36
-1.4153282e-47
-1.0997358e-57
-1.170815e-66
-1.3311859e-75
-1.4246437e-84
-1.5219424e-93
-1.6284611e-102
-1.7440683e-111
-1.8691712e-120
-2.004777e-129
-2.1546756e-138
-2.3162532e-147
-2.4919164e-156
-2.6844455e-165
-2.8929825e-174
-3.1212009e-183
-3.3700027e-192
-3.6427147e-201
-3.937413e-210
-4.2589425e-219
-4.6080042e-228
-4.9911565e-237
-5.4063185e-246
-5.8627585e-255
-6.3592328e-264
-6.9008741e-273
-7.4869117e-282
-8.131999e-291
-8.8335411e-300
-9.5979461e-309
2.5267811e-314
-1.6136625e-314
-4.2618044e-315
1.8545482e-315
1.409734e-314
1.3776658e-315
-2.2233659e-315
-1.5141929e-11
1.0672061e-24
-1.3993007e-36
-1.4163147e-47
-1.1021705e-57
-1.1889567e-66
-1.3715895e-75
-1.4880362e-84
-1.6128335e-93
-1.7485524e-102
-1.8998025e-111
-2.0657794e-120
-2.2485575e-129
-2.4503421e-138
-2.6734856e-147
-2.9186361e-156
-3.187747e-165
-3.4853482e-174
-3.8128878e-183
-4.174832e-192
-4.574787e-201
-5.0168067e-210
-5.5035446e-219
-6.0432932e-228
-6.6383069e-237
-7.2948143e-246
-8.0214656e-255
-8.8241898e-264
-9.7137819e-273
-1.0694898e-281
-1.1785282e-290
-1.2987389e-299
-1.4314427e-308
2.3292335e-314
1.3869473e-315
-2.1980166e-314
-1.1371493e-314
-5.1589632e-315
-1.3883422e-314
-9.576308e-315
-1.5141988e-11
1.0672352e-24
-1.3990523e-36
-1.4172671e-47
-1.1045422e-57
-1.2079903e-66
-1.4153583e-75
-1.558046e-84
-1.7131005e-93
-1.8856656e-102
-2.078427e-111
-2.2909301e-120
-2.5303416e-129
-2.7976681e-138
-3.0959271e-147
-3.4281797e-156
-3.7993289e-165
-4.2145736e-174
-4.678717e-183
-5.1980087e-192
-5.7757253e-201
-6.425699e-210
-7.1540563e-219
-7.9686673e-228
-8.8885674e-237
-9.9122833e-246
-1.1068358e-254
-1.2355437e-263
-1.3803854e-272
-1.5417625e-281
-1.7234219e-290
-1.9274377e-299
-2.1570254e-308
-7.0733643e-315
1.8312872e-314
-2.2808889e-314
-8.7790355e-315
-1.4891699e-314
2.3977776e-315
5.1356366e-315
-1.5142036e-11
1.0672627e-24
-1.3988275e-36
-1.4181763e-47
-1.1068663e-57
-1.2279107e-66
-1.4607607e-75
-1.6324292e-84
-1.8212534e-93
-2.0354752e-102
-2.2760447e-111
-2.5492473e-120
-2.8576033e-129
-3.2057e-138
-3.6006172e-147
-4.0478885e-156
-4.5551375e-165
-5.1304122e-174
-5.783534e-183
-6.5262573e-192
-7.369419e-201
-8.3241794e-210
-9.4087592e-219
-1.0640441e-227
-1.2045827e-236
-1.3642246e-245
-1.5449814e-254
-1.7519474e-263
-1.9875927e-272
-2.2558378e-281
-2.5609102e-290
-2.9099422e-299
-3.3061224e-308
-2.658736e-314
5.145874e-315
1.4430762e-314
2.8849154e-315
-1.0670642e-314
-2.5055668e-314
2.2987371e-314
-1.5142074e-11
1.0672889e-24
-1.3986224e-36
-1.4190597e-47
-1.1091475e-57
-1.2487606e-66
-1.5115886e-75
-1.7164103e-84
-1.9439119e-93
-2.206464e-102
-2.5072757e-111
-2.8529486e-120
-3.2495361e-129
-3.7063244e-138
-4.228621e-147
-4.8271128e-156
-5.5180428e-165
-6.312848e-174
-7.2268079e-183
-8.2788495e-192
-9.4930305e-201
-1.0894566e-209
-1.2514803e-218
-1.4384425e-227
-1.6537546e-236
-1.9026846e-245
-2.1911393e-254
-2.5232548e-263
-2.9079187e-272
-3.3528569e-281
-3.8675377e-290
-4.4603294e-299
-5.1489463e-308
2.3646031e-315
-2.7598649e-314
1.4118893e-314
2.8252146e-314
-1.9775527e-314
2.5477017e-315
-1.6306675e-314
-1.5142102e-11
1.0673141e-24
-1.3984359e-36
-1.4199265e-47
-1.1115182e-57
-1.2708968e-66
-1.5646854e-75
-1.8052281e-84
-2.0790582e-93
-2.3976047e-102
-2.7671966e-111
-3.1987135e-120
-3.7009335e-129
-4.28591e-138
-4.969506e-147
-5.7718151e-156
-6.7029237e-165
-7.7997889e-174
-9.0747956e-183
-1.0575738e-191
-1.2322777e-200
-1.4369778e-209
-1.6776764e-218
-1.9594841e-227
-2.2910801e-236
-2.6800552e-245
-3.1351139e-254
-3.6712951e-263
-4.2999162e-272
-5.0394817e-281
-5.9094264e-290
-6.9303977e-299
-8.1281834e-308
1.7702948e-316
-1.9892382e-314
2.2218586e-314
-2.6993085e-314
3.2827599e-315
-5.6154052e-315
-9.5743208e-315
-1.5142122e-11
1.0673386e-24
-1.3982657e-36
-1.420795e-47
-1.1138681e-57
-1.2944433e-66
-1.6222109e-75
-1.9026317e-84
-2.2273226e-93
-2.6121168e-102
-3.0663586e-111
-3.6029708e-120
-4.2407152e-129
-4.9947222e-138
-5.8882268e-147
-6.9505525e-156
-8.2124552e-165
-9.7105043e-174
-1.1489012e-182
-1.3602493e-191
-1.6125542e-200
-1.9130614e-209
-2.2709677e-218
-2.6965691e-227
-3.2062438e-236
-3.8126263e-245
-4.5380916e-254
-5.4025549e-263
-6.436064e-272
-7.6636735e-281
-9.1379701e-290
-1.0892984e-298
-1.2994011e-307
-1.704217e-314
2.4759898e-314
1.2514095e-314
-2.2891192e-314
-7.3204382e-315
2.671571e-314
1.9189893e-315
-1.5142134e-11
1.0673626e-24
-1.3981104e-36
-1.4216445e-47
-1.1162228e-57
-1.3190498e-66
-1.683511e-75
-2.0093312e-84
-2.3944103e-93
-2.8562167e-102
-3.4124944e-111
-4.0802024e-120
-4.8846722e-129
-5.854959e-138
-7.029318e-147
-8.4388154e-156
-1.0145571e-164
-1.2210515e-173
-1.471092e-182
-1.7726738e-191
-2.1382659e-200
-2.5812202e-209
-3.1175779e-218
-3.7684994e-227
-4.5615294e-236
-5.5205191e-245
-6.6849135e-254
-8.0982576e-263
-9.8174632e-272
-1.1908626e-280
-1.4449212e-289
-1.753442e-298
-2.1282992e-307
1.4345748e-314
-1.9969148e-314
4.7705955e-315
-6.1974563e-316
1.208506e-314
-3.5229616e-315
-8.4182935e-315
-1.5142138e-11
1.0673864e-24
-1.3979668e-36
-1.4224924e-47
-1.1186806e-57
-1.3438212e-66
-1.7474832e-75
-2.1225766e-84
-2.5731312e-93
-3.1237835e-102
-3.7978257e-111
-4.6233648e-120
-5.6334947e-129
-6.8779366e-138
-8.404489e-147
-1.0276844e-155
-1.2577784e-164
-1.5401983e-173
-1.8885357e-182
-2.31722e-191
-2.8450915e-200
-3.497943e-209
-4.3026204e-218
-5.2974682e-227
-6.5249249e-236
-8.0410296e-245
-9.9142481e-254
-1.2229966e-262
-1.5098395e-271
-1.8639261e-280
-2.3023862e-289
-2.8473913e-298
-3.5214752e-307
-2.5128017e-314
2.6212499e-314
1.0850167e-314
-2.5768658e-314
9.4567899e-315
-2.2415869e-314
-2.6640352e-315
-1.5142134e-11
1.0674102e-24
-1.3978351e-36
-1.4233516e-47
-1.1210991e-57
-1.3712469e-66
-1.8188026e-75
-2.2500667e-84
-2.7797672e-93
-3.4398781e-102
-4.2611966e-111
-5.2853634e-120
-6.562171e-129
-8.1575801e-138
-1.0151922e-146
-1.2650386e-155
-1.5773122e-164
-1.9689993e-173
-2.4606842e-182
-3.0772352e-191
-3.8500912e-200
-4.8204906e-209
-6.039376e-218
-7.5750909e-227
-9.5019336e-236
-1.1937278e-244
-1.5000368e-253
-1.8847862e-262
-2.37126e-271
-2.9829853e-280
-3.755412e-289
-4.7291704e-298
-5.9570172e-307
1.0841247e-314
-6.495647e-315
1.9901793e-314
-2.6135874e-314
1.517746e-315
1.0145776e-314
-1.2449919e-314
-1.5142122e-11
1.0674343e-24
-1.397712e-36
-1.4242259e-47
-1.1236188e-57
-1.4002695e-66
-1.8959405e-75
-2.3927271e-84
-3.0113301e-93
-3.7961534e-102
-4.7948522e-111
-6.0637673e-120
-7.6720771e-129
-9.7206958e-138
-1.2334018e-146
-1.5654906e-155
-1.9902537e-164
-2.5318774e-173
-3.2234238e-182
-4.1101225e-191
-5.243593e-200
-6.6969095e-209
-8.556046e-218
-1.0939959e-226
-1.400332e-235
-1.7921012e-244
-2.2939339e-253
-2.9413866e-262
-3.7716759e-271
-4.841021e-280
-6.2127313e-289
-7.9762178e-298
-1.0246108e-306
-9.568461e-315
-3.1209071e-314
-3.162128e-314
2.95827e-314
1.847376e-314
1.777731e-314
-3.324094e-316
-1.5142103e-11
1.0674589e-24
-1.3975999e-36
-1.4251321e-47
-1.1261721e-57
-1.4293757e-66
-1.9768157e-75
-2.5426248e-84
-3.2655495e-93
-4.1987588e-102
-5.405921e-111
-6.9686895e-120
-8.9978114e-129
-1.1627047e-137
-1.5054178e-146
-1.9487975e-155
-2.5277321e-164
-3.281642e-173
-4.2641129e-182
-5.5440516e-191
-7.2168045e-200
-9.4007196e-209
-1.2258872e-217
-1.5995923e-226
-2.0877563e-235
-2.7266647e-244
-3.5643482e-253
-4.6624054e-262
-6.1005483e-271
-7.985859e-280
-1.045491e-288
-1.3698418e-297
-1.7960052e-306
1.5144766e-314
-6.384605e-315
1.5204605e-314
2.4094068e-314
-2.823488e-314
-2.338587e-314
4.2876801e-315
-1.5142077e-11
1.0674842e-24
-1.3974943e-36
-1.4260492e-47
-1.1287864e-57
-1.4607819e-66
-2.0641656e-75
-2.7119192e-84
-3.5561198e-93
-4.6714621e-102
-6.1369306e-111
-8.0760037e-120
-1.0650453e-128
-1.4054148e-137
-1.8576374e-146
-2.456808e-155
-3.2543642e-164
-4.3110583e-173
-5.7160437e-182
-7.5924159e-191
-1.0089153e-199
-1.3417133e-208
-1.7853547e-217
-2.3773451e-226
-3.1680256e-235
-4.2264279e-244
-5.6384219e-253
-7.5262119e-262
-1.0059917e-270
-1.3449144e-279
-1.7980338e-288
-2.4061926e-297
-3.2202451e-306
-1.6015242e-314
2.557008e-314
1.1582432e-314
2.9488158e-314
1.6899812e-314
2.4028732e-314
-9.5087065e-315
-1.5142043e-11
1.0675105e-24
-1.3973972e-36
-1.42701e-47
-1.1315326e-57
-1.4954394e-66
-2.1619406e-75
-2.8991667e-84
-3.8830458e-93
-5.2094876e-102
-6.9975319e-111
-9.4105441e-120
-1.2670014e-128
-1.7082727e-137
-2.3042893e-146
-3.1128158e-155
-4.210243e-164
-5.7009148e-173
-7.7252388e-182
-1.0478286e-190
-1.4221781e-199
-1.9318244e-208
-2.6273132e-217
-3.5752472e-226
-4.8679979e-235
-6.6334699e-244
-9.0495993e-253
-1.2344713e-261
-1.6858237e-270
-2.3025688e-279
-3.1471392e-288
-4.2992594e-297
-5.875876e-306
3.2973617e-314
1.0510674e-314
4.8391169e-315
-1.9400869e-314
-8.4441075e-316
1.3849711e-314
1.1334142e-315
-1.5142001e-11
1.0675379e-24
-1.3973059e-36
-1.4279958e-47
-1.1342981e-57
-1.5313282e-66
-2.2662063e-75
-3.1073326e-84
-4.2519177e-93
-5.8289253e-102
-7.9983584e-111
-1.099003e-119
-1.5129227e-128
-2.0855032e-137
-2.8799339e-146
-3.9787018e-155
-5.5007564e-164
-7.6108647e-173
-1.0551421e-181
-1.4635362e-190
-2.0309849e-199
-2.8222487e-208
-3.9251823e-217
-5.4593386e-226
-7.6033505e-235
-1.0595591e-243
-1.4767294e-252
-2.0607162e-261
-2.8783137e-270
-4.022526e-279
-5.6157378e-288
-7.8504525e-297
-1.0977089e-305
1.2105306e-314
-3.3635876e-314
9.4181331e-315
-1.9666608e-314
2.3289978e-314
3.45422e-314
1.8099152e-315
-1.5141952e-11
1.0675667e-24
-1.3972204e-36
-1.4290329e-47
-1.1372265e-57
-1.5690093e-66
-2.379342e-75
-3.3353035e-84
-4.6690373e-93
-6.5461399e-102
-9.1932616e-111
-1.2925542e-119
-1.8208231e-128
-2.5670626e-137
-3.623324e-146
-5.1248972e-155
-7.251419e-164
-1.0274008e-172
-1.4572407e-181
-2.0680796e-190
-2.9382187e-199
-4.1780002e-208
-5.9476022e-217
-8.4701763e-226
-1.2073836e-234
-1.7209764e-243
-2.4563682e-252
-3.506563e-261
-5.0067383e-270
-7.1567101e-279
-1.0234812e-287
-1.4640469e-296
-2.0952902e-305
5.3551184e-315
-6.142153e-315
-2.4668182e-314
9.1665614e-316
-1.2578831e-315
1.7009367e-314
2.070052e-314
-1.5141894e-11
1.0675973e-24
-1.3971426e-36
-1.4301301e-47
-1.1402179e-57
-1.6090176e-66
-2.5036498e-75
-3.5952025e-84
-5.1554767e-93
-7.4047444e-102
-1.0645252e-110
-1.5323347e-119
-2.2100062e-128
-3.1911401e-137
-4.6158086e-146
-6.6790742e-155
-9.6789726e-164
-1.4036481e-172
-2.0389648e-181
-2.9639926e-190
-4.3139109e-199
-6.2784906e-208
-9.1460637e-217
-1.3341093e-225
-1.947145e-234
-2.8449808e-243
-4.1596326e-252
-6.086816e-261
-8.9090865e-270
-1.3036044e-278
-1.9103087e-287
-2.8007923e-296
-4.1041488e-305
-7.3674234e-314
7.1226973e-315
-3.1683024e-314
-1.4817225e-315
2.2571956e-314
-3.6745105e-314
2.1756499e-314
-1.5141827e-11
1.0676298e-24
-1.3970684e-36
-1.4312759e-47
-1.1432978e-57
-1.6518162e-66
-2.637818e-75
-3.8839065e-84
-5.7090954e-93
-8.3987776e-102
-1.2378705e-110
-1.8274527e-119
-2.7005019e-128
-3.9961019e-137
-5.9191767e-146
-8.7802654e-155
-1.3048001e-163
-1.9397988e-172
-2.8860977e-181
-4.3000702e-190
-6.4139454e-199
-9.5732458e-208
-1.4302609e-216
-2.1364088e-225
-3.1959796e-234
-4.7834265e-243
-7.1686955e-252
-1.0742606e-260
-1.6112563e-269
-2.4183856e-278
-3.6323315e-287
-5.4552933e-296
-8.1979964e-305
-1.7256955e-313
3.5743873e-314
-2.2118814e-314
-1.7704259e-314
1.9738469e-314
2.8161048e-314
4.3912426e-315
-1.5141751e-11
1.0676646e-24
-1.3970002e-36
-1.4324985e-47
-1.1465832e-57
-1.6963161e-66
-2.7855817e-75
-4.2046726e-84
-6.3362825e-93
-9.569254e-102
-1.4468764e-110
-2.1913315e-119
-3.3222297e-128
-5.0435515e-137
-7.6705118e-146
-1.1671451e-154
-1.777925e-163
-2.7123762e-172
-4.1420079e-181
-6.3283106e-190
-9.6925398e-199
-1.4851675e-207
-2.2772797e-216
-3.4916171e-225
-5.3629269e-234
-8.2363133e-243
-1.2667201e-251
-1.9492643e-260
-3.0020383e-269
-4.6230767e-278
-7.1244727e-287
-1.0982471e-295
-1.6943955e-304
-2.5403293e-313
1.2335059e-315
6.5895576e-316
-5.6910121e-315
1.3162681e-314
1.5880125e-314
2.6051694e-314
-1.5141665e-11
1.0677019e-24
-1.396937e-36
-1.43378e-47
-1.1500245e-57
-1.7449845e-66
-2.948002e-75
-4.5682352e-84
-7.0683113e-93
-1.0944799e-101
-1.6992963e-110
-2.6410744e-119
-4.1129371e-128
-6.4111011e-137
-1.0004691e-145
-1.5643643e-154
-2.4495162e-163
-3.8403461e-172
-6.0219604e-181
-9.4555323e-190
-1.4852143e-198
-2.3362852e-207
-3.6786861e-216
-5.7952317e-225
-9.1452272e-234
-1.4426964e-242
-2.2771281e-251
-3.6003956e-260
-5.6912747e-269
-8.9993927e-278
-1.4248758e-286
-2.2568087e-295
-3.5763908e-304
-5.6046489e-313
-2.4425601e-314
1.0409464e-314
-3.4076074e-314
6.1597227e-316
-1.2213493e-314
1.8654719e-314
-1.5141568e-11
1.0677422e-24
-1.39688e-36
-1.4351559e-47
-1.1535253e-57
-1.7961515e-66
-3.1270278e-75
-4.9804425e-84
-7.9199398e-93
-1.2625611e-101
-2.0157158e-110
-3.2241311e-119
-5.1626771e-128
-8.2723346e-137
-1.3279182e-145
-2.1334725e-154
-3.4347515e-163
-5.532223e-172
-8.9155304e-181
-1.4394807e-189
-2.3265193e-198
-3.7629826e-207
-6.0957292e-216
-9.8738219e-225
-1.6017895e-233
-2.5974671e-242
-4.2183428e-251
-6.8587679e-260
-1.1154354e-268
-1.8153981e-277
-2.9545063e-286
-4.8112731e-295
-7.8425853e-304
-1.3280668e-312
1.9308436e-314
2.1426971e-314
-2.1088445e-314
-6.5213812e-316
-4.0441028e-314
1.2513745e-314
-1.5141459e-11
1.0677858e-24
-1.3968268e-36
-1.4366308e-47
-1.1572287e-57
-1.8516499e-66
-3.3234091e-75
-5.4485202e-84
-8.9145426e-93
-1.4615927e-101
-2.3998004e-110
-3.9454136e-119
-6.4986296e-128
-1.0717947e-136
-1.7704638e-145
-2.9272311e-154
-4.8465146e-163
-8.0327791e-172
-1.3324668e-180
-2.2141558e-189
-3.6827783e-198
-6.1299512e-207
-1.0210544e-215
-1.703421e-224
-2.8429742e-233
-4.7508039e-242
-7.9445918e-251
-1.3289317e-259
-2.2252021e-268
-3.7279445e-277
-6.2471041e-286
-1.046914e-294
-1.7561116e-303
-2.9453835e-312
-4.0787043e-314
2.2903127e-314
3.9366287e-314
2.5829039e-315
1.5073614e-314
-1.8652458e-315
-1.5141337e-11
1.0678331e-24
-1.3967821e-36
-1.43821e-47
-1.1611402e-57
-1.9105878e-66
-3.5403786e-75
-5.9818711e-84
-1.0082341e-92
-1.7023533e-101
-2.8796205e-110
-4.8786418e-119
-8.2780773e-128
-1.4061551e-136
-2.3942007e-145
-4.081868e-154
-6.9675873e-163
-1.1901691e-171
-2.0368145e-180
-3.4843283e-189
-5.9740087e-198
-1.0251362e-206
-1.7614063e-215
-3.0262195e-224
-5.2063397e-233
-8.9666744e-242
-1.5444404e-250
-2.6623154e-259
-4.5915425e-268
-7.9236454e-277
-1.3682543e-285
-2.3633987e-294
-4.0889426e-303
-7.0237244e-312
1.253101e-315
2.837963e-314
-4.1172545e-314
-5.5888448e-315
1.8392106e-314
2.215293e-314
-1.5141201e-11
1.0678846e-24
-1.3967425e-36
-1.4399118e-47
-1.1653173e-57
-1.9727357e-66
-3.7854813e-75
-6.5946282e-84
-1.1471795e-92
-1.9978724e-101
-3.485153e-110
-6.0917518e-119
-1.0671595e-127
-1.8700845e-136
-3.2827186e-145
-5.7658053e-154
-1.0144182e-162
-1.7873378e-171
-3.1543085e-180
-5.5726327e-189
-9.8580947e-198
-1.7457331e-206
-3.094047e-215
-5.4870535e-224
-9.7441979e-233
-1.7298509e-241
-3.0781842e-250
-5.4762157e-259
-9.7463015e-268
-1.7370805e-276
-3.0973345e-285
-5.5210289e-294
-9.8468435e-303
-1.7542185e-311
-4.1408927e-314
-3.8227377e-314
-1.3796828e-314
3.1423349e-314
-9.6764874e-315
2.9112701e-314
-1.5141049e-11
1.0679407e-24
-1.3967097e-36
-1.4417343e-47
-1.169676e-57
-2.0414426e-66
-4.0557288e-75
-7.3022668e-84
-1.3105581e-92
-2.3586332e-101
-4.2520503e-110
-7.669204e-119
-1.3877417e-127
-2.5132989e-136
-4.5589249e-145
-8.2780423e-154
-1.5052094e-162
-2.7421259e-171
-4.9992882e-180
-9.1274261e-189
-1.6677736e-197
-3.0500418e-206
-5.5849491e-215
-1.0236206e-223
-1.8783273e-232
-3.4474886e-241
-6.330006e-250
-1.1632897e-258
-2.1397568e-267
-3.9364625e-276
-7.2488223e-285
-1.3363132e-293
-2.4652873e-302
-4.5444908e-311
-4.1704987e-314
3.764086e-315
-3.0912802e-314
-4.1238967e-314
-1.6558394e-314
-3.0536491e-314
-1.5140879e-11
1.0680022e-24
-1.3966869e-36
-1.4437219e-47
-1.1743942e-57
-2.1145773e-66
-4.3590697e-75
-8.1175645e-84
-1.5079818e-92
-2.808145e-101
-5.2341473e-110
-9.7765075e-119
-1.8283646e-127
-3.4227578e-136
-6.4134495e-145
-1.2056473e-153
-2.2679787e-162
-4.2742324e-171
-8.0671392e-180
-1.5229528e-188
-2.8772313e-197
-5.4456315e-206
-1.0317523e-214
-1.9573815e-223
-3.7159648e-232
-7.0594478e-241
-1.3411452e-249
-2.5509828e-258
-4.8567359e-267
-9.2535249e-276
-1.764504e-284
-3.3638786e-293
-6.4124389e-302
-1.2235958e-310
2.5037262e-315
-1.0762682e-314
-4.3232524e-314
-2.6494996e-314
-2.5954777e-314
-3.4221302e-315
-1.514069e-11
1.0680696e-24
-1.3966734e-36
-1.4458637e-47
-1.1793666e-57
-2.193355e-66
-4.7003951e-75
-9.0679554e-84
-1.7433953e-92
-3.3613179e-101
-6.4882171e-110
-1.2548526e-118
-2.4322758e-127
-4.7221984e-136
-9.1810707e-145
-1.7865593e-153
-3.4847468e-162
-6.7986441e-171
-1.328366e-179
-2.5995372e-188
-5.0912607e-197
-9.9826407e-206
-1.9582757e-214
-3.8476864e-223
-7.5678054e-232
-1.4906425e-240
-2.9346857e-249
-5.7869226e-258
-1.1421096e-266
-2.2548548e-275
-4.4539934e-284
-8.8064997e-293
-1.7407329e-301
-3.4411654e-310
-3.5149136e-314
5.1299483e-316
-2.1322045e-314
8.7736397e-315
6.6895736e-315
-1.5904412e-314
-1.5140477e-11
1.0681438e-24
-1.3966708e-36
-1.4482029e-47
-1.1846083e-57
-2.2792588e-66
-5.0870842e-75
-1.0178998e-83
-2.0300289e-92
-4.0583348e-101
-8.1280675e-110
-1.6311423e-118
-3.2794828e-127
-6.6102936e-136
-1.3332959e-144
-2.6919672e-153
-5.4468162e-162
-1.1042789e-170
-2.2392639e-179
-4.5468974e-188
-9.2549398e-197
-1.8839668e-205
-3.8405615e-214
-7.829506e-223
-1.5993002e-231
-3.2682755e-240
-6.6853282e-249
-1.3678183e-257
-2.8038004e-266
-5.7407806e-275
-1.1778574e-283
-2.4198777e-292
-4.9659997e-301
-1.0190374e-309
4.737683e-314
4.3095426e-314
-4.650077e-314
3.054996e-314
-3.7997981e-314
3.7533695e-314
-1.514024e-11
1.0682255e-24
-1.3966824e-36
-1.4507437e-47
-1.1902837e-57
-2.3710524e-66
-5.5210644e-75
-1.147843e-83
-2.3798991e-92
-4.9459365e-101
-1.0304297e-109
-2.1487275e-118
-4.4872153e-127
-9.3953941e-136
-1.971735e-144
-4.1431492e-153
-8.7216796e-162
-1.8355656e-170
-3.8728458e-179
-8.1817153e-188
-1.7304163e-196
-3.6599443e-205
-7.7632765e-214
-1.646845e-222
-3.494686e-231
-7.4288996e-240
-1.5798861e-248
-3.3620147e-257
-7.1518199e-266
-1.5251447e-274
-3.2511045e-283
-6.9386211e-292
-1.4796118e-300
-3.1609491e-309
-3.4293283e-314
-1.5067445e-314
-3.6392903e-314
-4.4130604e-314
-4.8116784e-314
-3.5628317e-315
-1.5139974e-11
1.0683158e-24
-1.3967107e-36
-1.4535259e-47
-1.1962985e-57
-2.4722921e-66
-6.0197558e-75
-1.3034279e-83
-2.8147501e-92
-6.0947603e-101
-1.3221229e-109
-2.8734859e-118
-6.2546612e-127
-1.3633986e-135
-2.976926e-144
-6.5084591e-153
-1.4243023e-161
-3.1264734e-170
-6.8692772e-179
-1.5118026e-187
-3.3286049e-196
-7.3341945e-205
-1.6167655e-213
-3.5737116e-222
-7.9063799e-231
-1.7493524e-239
-3.8731406e-248
-8.5929096e-257
-1.9065323e-265
-4.2351249e-274
-9.4011266e-283
-2.0891901e-291
-4.6431057e-300
-1.0329724e-308
-5.3958162e-314
3.6037719e-314
-5.0555704e-314
-6.1443697e-315
-1.0343993e-314
-7.1446666e-315
-1.5139674e-11
1.0684158e-24
-1.3967605e-36
-1.4565717e-47
-1.2028656e-57
-2.5824272e-66
-6.5894262e-75
-1.4875763e-83
-3.3513108e-92
-7.5612286e-101
-1.7115353e-109
-3.8808334e-118
-8.8115519e-127
-2.0067722e-135
-4.5773389e-144
-1.045206e-152
-2.3906888e-161
-5.4794476e-170
-1.2564487e-178
-2.8860268e-187
-6.6342114e-196
-1.5273371e-204
-3.5212372e-213
-8.118407e-222
-1.875959e-230
-4.3376332e-239
-1.0030038e-247
-2.3227112e-256
-5.3806724e-265
-1.2464484e-273
-2.8914136e-282
-6.7152647e-291
-1.5579019e-299
-3.619195e-308
-3.8751046e-314
1.6406471e-314
-5.7335843e-314
3.0865593e-314
-5.6937493e-314
-3.1894792e-314
-1.5139335e-11
1.068527e-24
-1.3968335e-36
-1.4599217e-47
-1.20993e-57
-2.703562e-66
-7.2580695e-75
-1.7144539e-83
-4.0407846e-92
-9.5338139e-101
-2.2558424e-109
-5.3480088e-118
-1.2710424e-126
-3.0230014e-135
-7.2037291e-144
-1.7229061e-152
-4.1202956e-161
-9.8706388e-170
-2.369083e-178
-5.6906092e-187
-1.3691169e-195
-3.2963905e-204
-7.9540037e-213
-1.9185368e-221
-4.6405412e-230
-1.1213652e-238
-2.714924e-247
-6.576266e-256
-1.5950665e-264
-3.8674939e-273
-9.3760976e-282
-2.2783456e-290
-5.5319806e-299
-1.3454834e-307
-5.2898687e-314
3.7031377e-314
-4.6663679e-314
2.9896386e-314
-1.8896816e-314
2.7968893e-315
-1.5138951e-11
1.0686508e-24
-1.3969383e-36
-1.4636149e-47
-1.2176333e-57
-2.8367576e-66
-8.0200942e-75
-1.9852301e-83
-4.9030125e-92
-1.2138349e-100
-3.0078634e-109
-7.4877327e-118
-1.8669961e-126
-4.6579965e-135
-1.165593e-143
-2.9196963e-152
-7.3250746e-161
-1.8402162e-169
-4.6319211e-178
-1.1672339e-186
-2.9455473e-195
-7.4446877e-204
-1.8798228e-212
-4.7678305e-221
-1.2072201e-229
-3.059625e-238
-7.7707371e-247
-1.975034e-255
-5.0207596e-264
-1.2763916e-272
-3.2514379e-281
-8.2768393e-290
-2.1092489e-298
-5.3754968e-307
3.5159681e-314
2.8604966e-314
-4.9672028e-314
-4.5457273e-314
7.2155941e-315
-3.3099517e-314
-1.5138514e-11
1.0687892e-24
-1.3970821e-36
-1.4677026e-47
-1.225958e-57
-2.9795399e-66
-8.9118887e-75
-2.3213755e-83
-6.0290998e-92
-1.5711348e-100
-4.0979673e-109
-1.0710944e-117
-2.8040987e-126
-7.3638712e-135
-1.9354866e-143
-5.0977502e-152
-1.3441949e-160
-3.5456695e-169
-9.3903931e-178
-2.4863165e-186
-6.6042894e-195
-1.7539131e-203
-4.6665171e-212
-1.2426278e-220
-3.3133704e-229
-8.8440188e-238
-2.3612459e-246
-6.3106332e-255
-1.6873795e-263
-4.5173751e-272
-1.2104105e-280
-3.2439524e-289
-8.6984875e-298
-2.3331819e-306
-3.4298823e-314
-3.392382e-314
-6.3308463e-314
-5.2391484e-314
3.9224556e-314
-4.982265e-315
-1.5138013e-11
1.0689443e-24
-1.3972741e-36
-1.4722341e-47
-1.2351496e-57
-3.1378665e-66
-9.9819126e-75
-2.742267e-83
-7.5059192e-92
-2.0598534e-100
-5.6574921e-109
-1.5597755e-117
-4.3060883e-126
-1.1929836e-134
-3.3060271e-143
-9.1839246e-152
-2.5585455e-160
-7.1237338e-169
-1.9880893e-177
-5.5565911e-186
-1.5560357e-194
-4.3609443e-203
-1.2233192e-211
-3.4362296e-220
-9.6729268e-229
-2.7200959e-237
-7.6679351e-246
-2.1626979e-254
-6.1016418e-263
-1.7226222e-271
-4.8734082e-280
-1.3780927e-288
-3.9005824e-297
-1.103411e-305
-4.858452e-314
1.2290377e-314
-1.8707052e-314
-5.05724e-314
5.0669874e-314
-1.2179452e-314
-1.5137437e-11
1.0691189e-24
-1.3975278e-36
-1.4772882e-47
-1.2451604e-57
-3.3221761e-66
-1.1269983e-74
-3.2740837e-83
-9.480841e-92
-2.7489959e-100
-7.9991835e-109
-2.3348399e-117
-6.8273432e-126
-1.9999506e-134
-5.8789894e-143
-1.7283242e-151
-5.0920308e-160
-1.5018917e-168
-4.437585e-177
-1.31382e-185
-3.8937794e-194
-1.1565318e-202
-3.4314755e-211
-1.0207901e-219
-3.0419608e-228
-9.0664067e-237
-2.7051668e-245
-8.073582e-254
-2.411501e-262
-7.2037135e-271
-2.1546938e-279
-6.4539051e-288
-1.9338029e-296
-5.8070898e-305
-1.8641762e-313
-5.8008019e-314
3.0082143e-315
-3.8658693e-314
7.3992536e-314
-3.9279737e-315
-1.513677e-11
1.0693163e-24
-1.3978617e-36
-1.4829347e-47
-1.2562566e-57
-3.5183831e-66
-1.2773258e-74
-3.9395173e-83
-1.20963e-91
-3.7253359e-100
-1.1517846e-108
-3.5707719e-117
-1.1078734e-125
-3.4505381e-134
-1.0761445e-142
-3.3619111e-151
-1.0513677e-159
-3.2982887e-168
-1.0363613e-176
-3.2592149e-185
-1.026495e-193
-3.238168e-202
-1.0218831e-210
-3.2281527e-219
-1.0216169e-227
-3.2330381e-236
-1.0242493e-244
-3.2451614e-253
-1.0306325e-261
-3.2764468e-270
-1.0422934e-278
-3.3128591e-287
-1.0544996e-295
-3.3616044e-304
-9.7953438e-313
-5.5374161e-315
-7.7210773e-314
8.2161245e-314
-9.6655052e-314
2.3965716e-314
-1.513599e-11
1.0695404e-24
-1.3982974e-36
-1.4892878e-47
-1.2686453e-57
-3.7448073e-66
-1.4618678e-74
-4.8065441e-83
-1.5739358e-91
-5.1829342e-100
-1.7074155e-108
-5.6312987e-117
-1.8679659e-125
-6.1994316e-134
-2.0594837e-142
-6.8744532e-151
-2.2923339e-159
-7.6637358e-168
-2.5677486e-176
-8.6179251e-185
-2.8928835e-193
-9.7434103e-202
-3.2773838e-210
-1.1045555e-218
-3.7271167e-227
-1.2595341e-235
-4.2617305e-244
-1.4433796e-252
-4.8878927e-261
-1.6566348e-269
-5.6221035e-278
-1.9089383e-286
-6.4811086e-295
-2.1990609e-303
-7.6050086e-312
-7.7049604e-314
4.2165185e-314
-8.6718708e-314
-7.5273799e-314
-2.4126349e-314
-1.5135071e-11
1.0697961e-24
-1.3988643e-36
-1.4964607e-47
-1.2824414e-57
-4.0015708e-66
-1.6958879e-74
-5.9897704e-83
-2.1027749e-91
-7.4153362e-100
-2.6189002e-108
-9.2798317e-117
-3.2945289e-125
-1.173202e-133
-4.1805193e-142
-1.4935762e-150
-5.3488364e-159
-1.917092e-167
-6.8922804e-176
-2.4786557e-184
-8.9277669e-193
-3.2184561e-201
-1.1616694e-209
-4.1980165e-218
-1.5179876e-226
-5.5054941e-235
-1.9971692e-243
-7.2456975e-252
-2.6370797e-260
-9.5779697e-269
-3.4808776e-277
-1.2703041e-285
-4.6317994e-294
-1.6899014e-302
-6.1519474e-311
7.9431878e-314
9.0322558e-314
-8.3071744e-314
-5.2136603e-314
-1.4277487e-314
-1.5133976e-11
1.0700898e-24
-1.3996071e-36
-1.5046063e-47
-1.2980487e-57
-4.2799434e-66
-1.9781622e-74
-7.5255698e-83
-2.8450806e-91
-1.0794803e-99
-4.1147389e-108
-1.5716029e-116
-6.0122406e-125
-2.3069933e-133
-8.8715999e-142
-3.4145905e-150
-1.317769e-158
-5.092907e-167
-1.9721379e-175
-7.6502928e-184
-2.9726727e-192
-1.1583506e-200
-4.5011703e-209
-1.7578783e-217
-6.8701941e-226
-2.6868361e-234
-1.0512176e-242
-4.1193823e-251
-1.6106841e-259
-6.3155263e-268
-2.4822543e-276
-9.739001e-285
-3.8252422e-293
-1.503058e-301
-5.9062932e-310
-8.7221032e-314
2.4065304e-314
-7.9358565e-314
9.8723043e-314
2.4183093e-314
-1.5132654e-11
1.0704293e-24
-1.4005825e-36
-1.5139114e-47
-1.315663e-57
-4.6094329e-66
-2.3461009e-74
-9.6852542e-83
-3.9733601e-91
-1.6330397e-99
-6.7437529e-108
-2.7952622e-116
-1.1599973e-124
-4.8228663e-133
-2.0103679e-141
-8.3973942e-150
-3.5172706e-158
-1.4746529e-166
-6.1958842e-175
-2.6072309e-183
-1.0997282e-191
-4.6422384e-200
-1.9630044e-208
-8.3033717e-217
-3.5206455e-225
-1.4915465e-233
-6.3445055e-242
-2.6934906e-250
-1.1448524e-258
-4.8790505e-267
-2.078722e-275
-8.8524714e-284
-3.7799397e-292
-1.6140663e-300
-6.8842762e-309
5.220008e-314
1.6386948e-314
1.0844554e-313
-6.920939e-314
-9.9232831e-314
-1.5131036e-11
1.0708248e-24
-1.40187e-36
-1.5245949e-47
-1.3358566e-57
-5.0005989e-66
-2.8309312e-74
-1.2768101e-82
-5.7307487e-91
-2.5831556e-99
-1.1668983e-107
-5.2676613e-116
-2.3901339e-124
-1.0880561e-132
-4.9663786e-141
-2.2698822e-149
-1.0379483e-157
-4.7636089e-166
-2.1896389e-174
-1.0096672e-182
-4.6482112e-191
-2.1476571e-199
-9.9429781e-208
-4.5992227e-216
-2.1317854e-224
-9.8808342e-233
-4.5922657e-241
-2.1333082e-249
-9.9520822e-258
-4.6388825e-266
-2.1568906e-274
-1.0076502e-282
-4.6971311e-291
-2.1925259e-299
-1.0227422e-307
7.7106157e-314
4.1230271e-314
5.0779071e-314
-1.4969988e-313
2.2723405e-313
-1.5129019e-11
1.0712896e-24
-1.4035881e-36
-1.537008e-47
-1.3591605e-57
-5.4326262e-66
-3.45627e-74
-1.7201855e-82
-8.5163903e-91
-4.2344221e-99
-2.105162e-107
-1.0523785e-115
-5.2701389e-124
-2.6488068e-132
-1.3332592e-140
-6.726763e-149
-3.4030614e-157
-1.7263291e-165
-8.7511586e-174
-4.4555377e-182
-2.2739112e-190
-1.1583132e-198
-5.9087034e-207
-3.0234272e-215
-1.5492111e-223
-7.9537509e-232
-4.0811873e-240
-2.0971901e-248
-1.0764744e-256
-5.5422633e-265
-2.8525667e-273
-1.4689493e-281
-7.5696634e-290
-3.8992558e-298
-2.1205746e-306
3.8540594e-313
-6.9734153e-314
1.0598706e-316
1.5130243e-313
-5.8449652e-314
-1.5126452e-11
1.0718415e-24
-1.405905e-36
-1.5515148e-47
-1.3862557e-57
-5.9663675e-66
-4.3476344e-74
-2.4212951e-82
-1.3378061e-90
-7.4134736e-99
-4.117389e-107
-2.2939406e-115
-1.2806623e-123
-7.1781676e-132
-4.0365487e-140
-2.2752042e-148
-1.2864683e-156
-7.2732024e-165
-4.1269491e-173
-2.3471273e-181
-1.3343684e-189
-7.5888887e-198
-4.321733e-206
-2.4735293e-214
-1.4122837e-222
-8.0865197e-231
-4.6393934e-239
-2.6686356e-247
-1.5305729e-255
-8.8007018e-264
-5.0543671e-272
-2.9083235e-280
-1.6725966e-288
-9.8051142e-297
-9.813609e-304
-1.9650398e-308
-3.530881e-314
-7.2968637e-315
9.9367327e-315
-4.8279107e-313
-1.5123101e-11
1.0725045e-24
-1.4090738e-36
-1.5686473e-47
-1.4183229e-57
-6.5829048e-66
-5.6088933e-74
-3.5291288e-82
-2.2056839e-90
-1.3827479e-98
-8.6969789e-107
-5.4798261e-115
-3.4744942e-123
-2.2032926e-131
-1.4008014e-139
-8.9317801e-148
-5.6987042e-156
-3.655003e-164
-2.3483457e-172
-1.5082889e-180
-9.7389668e-189
-6.2832449e-197
-4.0670562e-205
-2.629002e-213
-1.7027205e-221
-1.1024111e-229
-7.1410596e-238
-4.6274691e-246
-3.001997e-254
-1.9503205e-262
-1.2664433e-270
-8.4060291e-279
-4.2734313e-286
-3.7474329e-291
-2.0935119e-296
-4.7389602e-301
-2.3970457e-306
-8.2418672e-312
-1.4469364e-313
6.2502682e-313
-1.5118605e-11
1.0733112e-24
-1.4134643e-36
-1.5891349e-47
-1.4566389e-57
-7.346663e-66
-7.5332554e-74
-5.4683791e-82
-3.9358961e-90
-2.8405386e-98
-2.0634571e-106
-1.4993089e-114
-1.0897032e-122
-7.9546387e-131
-5.8325166e-139
-4.2881029e-147
-3.1548252e-155
-2.3294855e-163
-1.7199869e-171
-1.2746049e-179
-9.4628295e-188
-7.0358761e-196
-5.2586495e-204
-3.9082877e-212
-2.9180361e-220
-2.184898e-228
-1.6332811e-236
-1.2212922e-244
-9.1463964e-253
-6.8520404e-261
-5.1381675e-269
-3.8603131e-277
-2.9029721e-285
-2.1822732e-293
5.9728872e-300
-5.6961891e-305
-6.5187711e-311
6.4986121e-314
4.5890859e-313
-2.0343721e-312
-1.5112337e-11
1.0743087e-24
-1.4197418e-36
-1.6139326e-47
-1.503094e-57
-8.281802e-66
-1.0606474e-73
-9.124423e-82
-7.7598426e-90
-6.6204099e-98
-5.6483888e-106
-4.8464576e-114
-4.1622993e-122
-3.5883841e-130
-3.10811e-138
-2.6974341e-146
-2.3460473e-154
-2.0472302e-162
-1.7916921e-170
-1.5617291e-178
-1.3716197e-186
-1.204483e-194
-1.0567192e-202
-9.3478328e-211
-8.2239996e-219
-7.2272325e-227
-6.3632914e-235
-5.6218009e-243
-4.9775554e-251
-4.400592e-259
-3.889948e-267
-3.4436676e-275
-3.0598825e-283
-2.7131051e-291
-2.4138991e-299
-2.2702707e-307
4.031792e-313
2.3288931e-313
7.9313505e-313
1.6006356e-312
-1.5103444e-11
1.0755694e-24
-1.4285552e-36
-1.6446623e-47
-1.5608005e-57
-9.4847124e-66
-1.5994771e-73
-1.6761983e-81
-1.7359294e-89
-1.8091497e-97
-1.8992989e-105
-1.9865444e-113
-2.0818582e-121
-2.1847044e-129
-2.3088071e-137
-2.4461188e-145
-2.6081182e-153
-2.7759498e-161
-2.9594181e-169
-3.1595542e-177
-3.3794197e-185
-3.6201457e-193
-3.8986747e-201
-4.1863409e-209
-4.5136459e-217
-4.8738602e-225
-5.2401668e-233
-5.6640298e-241
-6.1633014e-249
-6.6619962e-257
-7.2586632e-265
-7.8868769e-273
-8.5363504e-281
-9.3051615e-289
-1.0068902e-296
-1.0902394e-304
-1.5050058e-312
4.7426813e-314
1.2707159e-311
2.2692293e-313
-1.5089796e-11
1.0770996e-24
-1.4419324e-36
-1.6818325e-47
-1.6313377e-57
-1.1008735e-65
-2.7927862e-73
-3.7830236e-81
-5.0126132e-89
-6.6879724e-97
-8.9502942e-105
-1.2028419e-112
-1.6184176e-120
-2.1940142e-128
-2.9839573e-136
-4.0535635e-144
-5.5232199e-152
-7.5356509e-160
-1.0284314e-167
-1.4129716e-175
-1.9497771e-183
-2.6852966e-191
-3.6908357e-199
-5.0883035e-207
-7.0693165e-215
-9.7680874e-223
-1.354941e-230
-1.8764918e-238
-2.5874615e-246
-3.6231385e-254
-4.9909733e-262
-6.5704679e-270
-5.4785381e-278
2.7227685e-285
3.6317419e-292
3.599803e-299
4.0745215e-306
-7.2673079e-313
2.4315317e-313
-1.5866277e-313
-1.506844e-11
1.0796193e-24
-1.4645571e-36
-1.7368892e-47
-1.7344717e-57
-1.3144184e-65
-6.5041887e-73
-1.2437001e-80
-2.3194045e-88
-4.3323128e-96
-8.1778668e-104
-1.5519929e-111
-2.9596977e-119
-5.5938154e-127
-1.0644848e-134
-2.0363336e-142
-3.8904643e-150
-7.5124241e-158
-1.4485586e-165
-2.7942186e-173
-5.4145613e-181
-1.0482888e-188
-2.0195821e-196
-3.9099016e-204
-7.6741412e-212
-1.4722497e-219
-2.6077538e-227
-2.600661e-235
2.0449899e-242
2.7699046e-249
2.8651822e-256
2.6647931e-263
2.6078236e-270
2.4869459e-277
2.3316385e-284
2.2244151e-291
2.4796033e-298
-2.8481089e-305
1.4482952e-312
-2.3830997e-313
-1.5045246e-11
1.0807801e-24
-1.4774379e-36
-1.7767851e-47
-1.8191529e-57
-1.5860085e-65
-1.1251197e-71
-3.5838594e-79
-1.1092394e-86
-3.4582159e-94
-1.0802304e-101
-3.4078785e-109
-1.0675511e-116
-3.3806412e-124
-1.0777847e-131
-3.4103387e-139
-1.0767168e-146
-3.4208623e-154
-1.0908621e-161
-3.4725931e-169
-1.1196543e-176
-3.4508955e-184
-1.005427e-191
-2.1070221e-199
3.6178542e-207
1.1278085e-213
1.3215857e-220
1.3068488e-227
1.3114401e-234
1.2282882e-241
1.1900346e-248
1.0948311e-255
1.0540166e-262
1.0129039e-269
9.4494855e-277
8.9322615e-284
1.0013e-290
-1.2094332e-297
2.4934791e-305
1.4106546e-313
-1.4944935e-11
1.0893168e-24
-1.5989203e-36
-1.9607579e-47
-2.1564025e-57
-2.1124072e-65
1.5331266e-72
1.5208404e-79
1.3133272e-86
1.11508e-93
1.0067958e-100
8.973571e-108
8.0134202e-115
7.1526508e-122
6.5468421e-129
5.8306059e-136
5.3476399e-143
4.7757436e-150
4.5078037e-157
4.27161e-164
3.8771279e-171
3.6383164e-178
3.2948218e-185
3.1736714e-192
2.9512655e-199
2.851992e-206
2.6579934e-213
2.5242323e-220
2.503135e-227
2.2760494e-234
2.2397197e-241
2.091098e-248
1.9268387e-255
1.8480406e-262
1.7277705e-269
1.6065282e-276
1.8741989e-283
-2.8228464e-290
3.5131526e-298
-3.1118061e-306
)
;

boundaryField
{
    wall
    {
        type            fixedValue;
        value           uniform 350;
    }
    sides
    {
        type            zeroGradient;
    }
    frontAndBack
    {
        type            empty;
    }
    inlet
    {
        type            fixedValue;
        value           uniform 300;
    }
    outlet
    {
        type            zeroGradient;
    }
}


// ************************************************************************* //
