/*--------------------------------*- C++ -*----------------------------------*\
  =========                 |
  \\      /  F ield         | OpenFOAM: The Open Source CFD Toolbox
   \\    /   O peration     | Website:  https://openfoam.org
    \\  /    A nd           | Version:  10
     \\/     M anipulation  |
\*---------------------------------------------------------------------------*/
FoamFile
{
    format      ascii;
    class       volScalarField;
    location    "0.01";
    object      TporMedia_0;
}
// * * * * * * * * * * * * * * * * * * * * * * * * * * * * * * * * * * * * * //

dimensions      [0 0 0 1 0 0 0];

internalField   nonuniform List<scalar> 
4000
(
-1.2784296e-08
2.340892e-09
-3.7427193e-08
-3.3096697e-07
-4.496111e-06
-3.4098837e-06
-3.542965e-06
-3.5523322e-06
-3.5501644e-06
-3.5599702e-06
-3.5680728e-06
-3.5925192e-06
-3.6007961e-06
-3.6075239e-06
-3.6097172e-06
-3.6279202e-06
-3.6175892e-06
-3.6139539e-06
-3.6024228e-06
-3.5926559e-06
-3.5722232e-06
-3.5473822e-06
-3.5267123e-06
-3.502383e-06
-3.4658138e-06
-3.4369807e-06
-3.4016296e-06
-3.3601308e-06
-3.3301618e-06
-3.2849941e-06
-3.2456702e-06
-3.2075768e-06
-3.1782921e-06
-3.1501781e-06
-3.1295136e-06
-3.1423833e-06
-3.1766218e-06
-3.2450087e-06
-3.316422e-06
-4.4370991e-06
-6.1965398e-10
1.1504029e-21
-3.5303711e-19
1.6681566e-17
8.8921296e-15
-3.10584e-14
4.1524556e-14
3.8455672e-14
3.91084e-14
4.0104531e-14
4.0783548e-14
4.1693482e-14
4.2662018e-14
4.3300414e-14
4.3724771e-14
4.433858e-14
4.4528396e-14
4.4658119e-14
4.4280278e-14
4.3960417e-14
4.3621203e-14
4.2961588e-14
4.2426066e-14
4.1309869e-14
4.0151473e-14
3.9101905e-14
3.7729231e-14
3.6688593e-14
3.5453322e-14
3.3915176e-14
3.2713003e-14
3.1551633e-14
3.0344532e-14
2.9423453e-14
2.8932679e-14
2.895107e-14
3.0124254e-14
3.4603989e-14
4.4351606e-14
3.2936956e-14
-6.4443153e-11
-7.5068694e-23
-3.4741311e-31
2.1752329e-28
-1.7607232e-24
1.8650589e-23
-3.4961652e-23
-3.2604102e-23
-3.3355646e-23
-3.4378895e-23
-3.5164693e-23
-3.6148662e-23
-3.7196629e-23
-3.7943874e-23
-3.8516942e-23
-3.9229481e-23
-3.9605153e-23
-3.9873908e-23
-3.9705814e-23
-3.9558819e-23
-3.9391545e-23
-3.8916093e-23
-3.8553868e-23
-3.7631905e-23
-3.6671871e-23
-3.5783166e-23
-3.4582933e-23
-3.3672396e-23
-3.2592006e-23
-3.1204282e-23
-3.0130605e-23
-2.9079191e-23
-2.801513e-23
-2.7191133e-23
-2.6793496e-23
-2.689159e-23
-2.8222299e-23
-3.3060297e-23
-4.4404484e-23
-3.1591222e-23
-2.1446597e-11
6.2846339e-24
2.0924248e-36
4.5854119e-40
1.3427927e-34
-2.5225826e-33
1.8666635e-32
1.9682627e-32
2.0001685e-32
2.0704938e-32
2.1284929e-32
2.1993016e-32
2.2747405e-32
2.331581e-32
2.3785265e-32
2.434272e-32
2.4701228e-32
2.4986336e-32
2.4992247e-32
2.5013063e-32
2.5007643e-32
2.4813611e-32
2.468256e-32
2.4188602e-32
2.3662369e-32
2.3174228e-32
2.2488916e-32
2.1967253e-32
2.1334224e-32
2.0501463e-32
1.9852705e-32
1.9226329e-32
1.8577312e-32
1.8090399e-32
1.7871619e-32
1.7973145e-32
1.888581e-32
2.2025609e-32
3.0096154e-32
3.3123037e-32
-1.2897685e-11
1.5333645e-24
3.0132274e-37
2.8854676e-49
-8.8574244e-45
1.5686621e-43
-1.9206166e-41
-1.0150986e-40
-7.4075682e-41
-7.4939028e-41
-7.7440893e-41
-8.0329781e-41
-8.3338517e-41
-8.5811991e-41
-8.7957557e-41
-9.0615774e-41
-9.2307698e-41
-9.410534e-41
-9.4950612e-41
-9.5904482e-41
-9.6873363e-41
-9.7128937e-41
-9.7552318e-41
-9.6784141e-41
-9.5888659e-41
-9.5288739e-41
-9.3639138e-41
-9.3082111e-41
-9.1768301e-41
-8.9986902e-41
-8.8818179e-41
-8.7328896e-41
-8.5910531e-41
-8.4936544e-41
-8.4653629e-41
-8.4792485e-41
-8.6272996e-41
-8.9297544e-41
-1.0261987e-40
7.2152865e-41
-1.1068549e-11
9.7619161e-25
1.6778091e-37
1.2052611e-49
2.1968983e-54
-7.1762429e-54
-6.9270626e-50
-5.9302151e-50
-4.7231896e-50
-4.8601773e-50
-5.0578358e-50
-5.2814754e-50
-5.513466e-50
-5.7124985e-50
-5.8846795e-50
-6.0928719e-50
-6.2379462e-50
-6.3862359e-50
-6.4678858e-50
-6.5564174e-50
-6.6457678e-50
-6.6810925e-50
-6.728455e-50
-6.6869201e-50
-6.6378395e-50
-6.6063257e-50
-6.4964065e-50
-6.4616367e-50
-6.371283e-50
-6.2444367e-50
-6.1595094e-50
-6.0435542e-50
-5.9344707e-50
-5.8509909e-50
-5.8160813e-50
-5.800318e-50
-5.8751596e-50
-6.0722826e-50
-7.6625081e-50
5.6142733e-50
-1.1546165e-11
9.149562e-25
1.8977931e-37
1.4419321e-49
1.150532e-59
3.4681203e-64
-1.6726207e-58
-2.8367821e-59
-2.4304652e-59
-2.5486684e-59
-2.674495e-59
-2.8138982e-59
-2.9574235e-59
-3.0842583e-59
-3.1968829e-59
-3.3279391e-59
-3.425298e-59
-3.5245812e-59
-3.5853315e-59
-3.6496266e-59
-3.7135928e-59
-3.7469368e-59
-3.7865991e-59
-3.7739765e-59
-3.7558817e-59
-3.7455005e-59
-3.6909435e-59
-3.6769696e-59
-3.6282786e-59
-3.5562734e-59
-3.5076786e-59
-3.4379026e-59
-3.3685768e-59
-3.3089508e-59
-3.2717771e-59
-3.2339067e-59
-3.2309714e-59
-3.2858817e-59
-4.6275517e-59
7.23387e-59
-1.2777332e-11
9.5376686e-25
3.2055202e-37
3.2801105e-49
1.4324072e-59
-9.6032635e-70
5.6659848e-67
-2.5573897e-68
-2.3967435e-68
-2.5840992e-68
-2.7405476e-68
-2.9113832e-68
-3.0849455e-68
-3.2422199e-68
-3.3838416e-68
-3.545126e-68
-3.6716287e-68
-3.7989098e-68
-3.8852216e-68
-3.9735151e-68
-4.0651683e-68
-4.1208839e-68
-4.1782478e-68
-4.1799041e-68
-4.1747763e-68
-4.1747151e-68
-4.1248361e-68
-4.1163112e-68
-4.0702195e-68
-3.9906232e-68
-3.9345594e-68
-3.8484475e-68
-3.7558144e-68
-3.6687318e-68
-3.595074e-68
-3.5006156e-68
-3.4171679e-68
-3.4109324e-68
-5.9674548e-68
-1.0517166e-66
-1.3709928e-11
9.8586764e-25
7.3518294e-37
1.1719574e-48
4.8140087e-59
-5.4036468e-69
-6.7136274e-76
-2.5947242e-76
-4.0218668e-76
-5.5195698e-76
-6.1173103e-76
-6.6426976e-76
-7.2428494e-76
-7.7715225e-76
-8.3677915e-76
-9.0276647e-76
-9.5828217e-76
-9.8752988e-76
-1.0560752e-75
-1.0994009e-75
-1.164185e-75
-1.2117359e-75
-1.2606001e-75
-1.3156209e-75
-1.3537317e-75
-1.4307357e-75
-1.4207521e-75
-1.4614156e-75
-1.5082242e-75
-1.5653723e-75
-1.5690084e-75
-1.5662939e-75
-1.5412406e-75
-1.4511386e-75
-1.3407004e-75
-1.1412185e-75
-9.2261142e-76
-1.1231695e-75
5.8683609e-76
2.4288284e-75
-1.4034554e-11
9.9772371e-25
2.6739427e-36
6.8004428e-48
3.2297095e-58
-6.6742399e-68
8.0584509e-77
6.417712e-85
1.4025889e-84
1.912178e-84
2.1403733e-84
2.3471969e-84
2.5826816e-84
2.7837939e-84
3.0225889e-84
3.2765975e-84
3.4870403e-84
3.61104e-84
3.879326e-84
4.0490389e-84
4.2846887e-84
4.4694978e-84
4.6453555e-84
4.8462297e-84
4.986217e-84
5.2601707e-84
5.2048882e-84
5.3310111e-84
5.4812556e-84
5.6450982e-84
5.6217922e-84
5.5678804e-84
5.4256858e-84
5.0566312e-84
4.6185095e-84
3.8855143e-84
3.0920303e-84
3.5482765e-84
-1.4754513e-84
-6.336015e-84
-1.4047089e-11
1.0049918e-24
-2.6423589e-35
-9.6639348e-47
-5.5925509e-57
2.0717752e-66
-3.7832962e-75
1.7055509e-83
-8.375238e-92
-8.7102434e-93
-9.9088358e-93
-1.1014267e-92
-1.2222395e-92
-1.3347277e-92
-1.4572102e-92
-1.5928116e-92
-1.7045477e-92
-1.7741029e-92
-1.9069993e-92
-1.9983969e-92
-2.1183102e-92
-2.2050939e-92
-2.2942347e-92
-2.3901283e-92
-2.4484355e-92
-2.5798909e-92
-2.5435711e-92
-2.5845145e-92
-2.6360728e-92
-2.6845129e-92
-2.6533105e-92
-2.5874269e-92
-2.4923089e-92
-2.2775483e-92
-2.0435522e-92
-1.6841032e-92
-1.3029737e-92
-1.3811365e-92
4.607956e-93
2.4471469e-92
-1.4017699e-11
1.0141486e-24
-5.8515596e-36
-2.6590886e-47
-1.8105147e-57
1.0398677e-66
-3.3352019e-75
3.6045054e-83
-3.9736811e-91
4.512235e-99
1.1210421e-100
1.2731149e-100
1.4330152e-100
1.5846169e-100
1.7359109e-100
1.9169677e-100
2.0597156e-100
2.1670523e-100
2.3235159e-100
2.4354788e-100
2.5830132e-100
2.6719892e-100
2.7746377e-100
2.8562879e-100
2.9022997e-100
3.037849e-100
2.9345888e-100
2.959569e-100
2.9355338e-100
2.952007e-100
2.8434945e-100
2.7194703e-100
2.5443124e-100
2.2597303e-100
1.9631201e-100
1.5602787e-100
1.1530221e-100
1.0604761e-100
-2.3322698e-101
-1.2063237e-100
-1.4019425e-11
1.023002e-24
-4.5168913e-36
-2.3289647e-47
-1.761821e-57
1.3397085e-66
-6.5461549e-75
1.9323904e-82
-5.6667563e-90
1.684583e-97
-5.1193632e-105
-4.0400579e-108
-4.5658387e-108
-5.0578821e-108
-5.7241795e-108
-6.2662962e-108
-6.6716237e-108
-7.0160647e-108
-7.5180059e-108
-7.9174152e-108
-8.2337001e-108
-8.2659014e-108
-8.4998066e-108
-8.5009342e-108
-8.4685232e-108
-8.6041244e-108
-8.0836068e-108
-7.918221e-108
-7.5893091e-108
-7.3409953e-108
-6.721672e-108
-6.2280127e-108
-5.5679754e-108
-4.7402399e-108
-3.8837202e-108
-2.9908439e-108
-2.0527337e-108
-1.48044e-108
1.6091848e-109
6.1331335e-109
-1.4039368e-11
1.0295907e-24
-3.8189912e-36
-2.1616283e-47
-1.7463691e-57
1.6229289e-66
-9.4400091e-75
3.2346798e-82
-1.1202379e-89
3.8643152e-97
-1.3509511e-104
4.7638962e-112
1.6225688e-115
1.8290995e-115
2.0820153e-115
2.3125493e-115
2.4702943e-115
2.5175265e-115
2.7115214e-115
2.7950649e-115
2.8555914e-115
2.8086978e-115
2.834566e-115
2.7826475e-115
2.6558493e-115
2.638204e-115
2.4374382e-115
2.2933798e-115
2.1409829e-115
1.9637991e-115
1.7771328e-115
1.5472695e-115
1.3292488e-115
1.099222e-115
8.5944584e-116
6.3673348e-116
4.1453097e-116
2.2794669e-116
-1.1521162e-117
-3.0729921e-117
-1.4059989e-11
1.0341149e-24
-3.3157415e-36
-2.0358757e-47
-1.7230745e-57
1.9173609e-66
-1.2028742e-74
3.2701312e-82
-9.1280927e-90
2.5752397e-97
-7.2343039e-105
2.0726954e-112
-5.9698062e-120
-5.2727142e-123
-6.0608878e-123
-6.7580918e-123
-7.1329681e-123
-7.2570401e-123
-7.8147403e-123
-7.9807847e-123
-8.0000802e-123
-7.7889255e-123
-7.6236103e-123
-7.3421727e-123
-6.9262054e-123
-6.7371457e-123
-6.108794e-123
-5.5902895e-123
-5.0380821e-123
-4.4671099e-123
-3.9195321e-123
-3.3540396e-123
-2.7612256e-123
-2.2316566e-123
-1.6929604e-123
-1.2190601e-123
-7.594246e-124
-3.2788626e-124
7.9956051e-126
1.5505787e-125
-1.4075874e-11
1.0374222e-24
-2.9777091e-36
-1.9631801e-47
-1.7246551e-57
2.2844541e-66
-1.5559738e-74
4.0083731e-82
-1.0539525e-89
2.7703968e-97
-7.2836704e-105
1.9562048e-112
-5.2960547e-120
1.4281886e-127
1.6239982e-130
1.8141708e-130
1.8923901e-130
1.9455593e-130
2.0785426e-130
2.1313628e-130
2.0712961e-130
2.0192844e-130
1.9325712e-130
1.8309067e-130
1.6911311e-130
1.6134108e-130
1.426551e-130
1.282427e-130
1.1379667e-130
9.7271742e-131
8.3256083e-131
6.9422855e-131
5.5917414e-131
4.3968324e-131
3.2539394e-131
2.264396e-131
1.3512213e-131
4.6480309e-132
-5.5554617e-134
-7.9947459e-134
-1.4087713e-11
1.0400525e-24
-2.7585559e-36
-1.93072e-47
-1.749782e-57
2.7279603e-66
-2.0445571e-74
5.5298367e-82
-1.5541282e-89
4.3124913e-97
-1.2065837e-104
3.3627279e-112
-9.3418607e-120
2.590426e-127
-7.2726908e-135
-5.0378035e-138
-5.2455548e-138
-5.396004e-138
-5.6874884e-138
-5.7617082e-138
-5.5461809e-138
-5.3539263e-138
-5.0667848e-138
-4.6586069e-138
-4.2375326e-138
-3.9427462e-138
-3.4443556e-138
-3.0042052e-138
-2.6246983e-138
-2.1740777e-138
-1.8439176e-138
-1.4913009e-138
-1.171049e-138
-8.9292435e-139
-6.4949911e-139
-4.4262846e-139
-2.5015764e-139
-6.8378086e-140
3.9591056e-142
4.2079011e-142
-1.4096972e-11
1.0422171e-24
-2.612606e-36
-1.9205485e-47
-1.7859336e-57
3.2220213e-66
-2.6582782e-74
7.8738746e-82
-2.364574e-89
7.0896713e-97
-2.1320141e-104
6.5030516e-112
-1.9449555e-119
5.8649278e-127
-1.7451388e-134
5.1828197e-142
1.5311896e-145
1.5802227e-145
1.6496502e-145
1.6598228e-145
1.5795785e-145
1.4861628e-145
1.4225895e-145
1.265233e-145
1.1179328e-145
1.0222229e-145
8.7138933e-146
7.5144427e-146
6.3788785e-146
5.1996755e-146
4.3039337e-146
3.3551527e-146
2.5997415e-146
1.9333167e-146
1.3688824e-146
9.1057411e-147
4.9742972e-147
1.0633654e-147
-2.8950683e-150
-2.2620421e-150
-1.4104497e-11
1.0440026e-24
-2.510007e-36
-1.9209704e-47
-1.8245938e-57
3.7488073e-66
-3.3832334e-74
1.0866769e-81
-3.6017012e-89
1.17324e-96
-3.8337578e-104
1.2508293e-111
-4.0647876e-119
1.3279775e-126
-4.2751292e-134
1.3470649e-141
-4.2786898e-149
-4.9248104e-153
-5.1387885e-153
-5.074383e-153
-4.7269297e-153
-4.45142e-153
-4.1574256e-153
-3.6251245e-153
-3.125437e-153
-2.8063247e-153
-2.358992e-153
-1.9893236e-153
-1.638144e-153
-1.3096456e-153
-1.0578186e-153
-8.1119524e-154
-6.1000061e-154
-4.4016519e-154
-3.0596841e-154
-2.0141133e-154
-1.052147e-154
-1.7215002e-155
2.169321e-158
1.2347438e-158
-1.4110702e-11
1.0454737e-24
-2.4342056e-36
-1.9261515e-47
-1.8614531e-57
4.2998941e-66
-4.1676671e-74
1.4619903e-81
-5.2795924e-89
1.8619548e-96
-6.5870009e-104
2.2850563e-111
-7.838204e-119
2.6846764e-126
-9.1205283e-134
3.132593e-141
-1.0709893e-148
3.5234046e-156
1.685588e-160
1.6316633e-160
1.5007268e-160
1.3867502e-160
1.2719821e-160
1.1082935e-160
9.2239869e-161
8.1379785e-161
6.6217444e-161
5.5396586e-161
4.4340459e-161
3.4079474e-161
2.7706627e-161
2.0595912e-161
1.5016586e-161
1.0682289e-161
7.3054803e-162
4.6691071e-162
2.3508782e-162
2.9404578e-163
-1.6690199e-166
-6.8794405e-167
-1.4115842e-11
1.0466907e-24
-2.3762598e-36
-1.9334103e-47
-1.8956634e-57
4.8549532e-66
-5.0620721e-74
1.9456146e-81
-7.8723394e-89
3.010959e-96
-1.1951234e-103
4.5128139e-111
-1.7230464e-118
6.3515047e-126
-2.3333912e-133
8.4869393e-141
-3.0633406e-148
1.0738722e-155
-3.7800525e-163
-5.560964e-168
-5.0626618e-168
-4.5204891e-168
-4.0810797e-168
-3.5314161e-168
-2.8965593e-168
-2.4883834e-168
-1.997336e-168
-1.6098091e-168
-1.2637539e-168
-9.7333223e-169
-7.5629783e-169
-5.5140398e-169
-3.9854397e-169
-2.726288e-169
-1.8501572e-169
-1.1588103e-169
-5.5433904e-170
-5.2805777e-171
1.3114244e-174
3.8941784e-175
-1.4120119e-11
1.0477039e-24
-2.3309566e-36
-1.94143e-47
-1.9263552e-57
5.4181154e-66
-6.0514624e-74
2.6197319e-81
-1.164619e-88
5.0214171e-96
-2.105129e-103
9.0068324e-111
-3.7432313e-118
1.5300532e-125
-6.1911581e-133
2.4364998e-140
-9.5262371e-148
3.615897e-155
-1.3499852e-162
4.937877e-170
1.8188683e-175
1.5860946e-175
1.4102923e-175
1.20971e-175
9.5491284e-176
8.006994e-176
6.2402307e-176
4.9746357e-176
3.8025315e-176
2.8608425e-176
2.188098e-176
1.5563604e-176
1.1003089e-176
7.4426252e-177
4.9448573e-177
3.0580138e-177
1.3994427e-177
9.9152536e-179
-1.0486634e-182
-2.2386604e-183
-1.4123695e-11
1.0485531e-24
-2.2949576e-36
-1.9495156e-47
-1.9539044e-57
5.9904357e-66
-7.097045e-74
3.3385141e-81
-1.6681346e-88
7.9734495e-96
-3.756806e-103
1.7335164e-110
-7.7655097e-118
3.385259e-125
-1.4850082e-132
6.2580188e-140
-2.5957972e-147
1.0575068e-154
-4.2291889e-162
1.6755439e-169
-6.4057533e-177
-5.7633278e-183
-5.2602542e-183
-4.3426332e-183
-3.3457718e-183
-2.7366441e-183
-2.089802e-183
-1.6306465e-183
-1.2354024e-183
-8.9379402e-184
-6.7351273e-184
-4.664611e-184
-3.2502112e-184
-2.1688549e-184
-1.4212267e-184
-8.6752402e-185
-3.7507577e-185
-1.9329601e-186
8.5626874e-191
1.305645e-191
-1.4126699e-11
1.0492683e-24
-2.2659671e-36
-1.9572994e-47
-1.9782356e-57
6.5486044e-66
-8.2410686e-74
4.6217144e-81
-2.6190848e-88
1.4139453e-95
-7.4329693e-103
3.740218e-110
-1.8768947e-117
9.0189749e-125
-4.233353e-132
1.960594e-139
-8.6346541e-147
3.8274644e-154
-1.6694261e-161
6.9242084e-169
-2.8233433e-176
1.1428655e-183
1.6089286e-190
1.6554325e-190
1.2635434e-190
9.9472723e-191
7.4929605e-191
5.7206311e-191
4.2731032e-191
2.9974951e-191
2.2119742e-191
1.4896201e-191
1.0189127e-191
6.7274954e-192
4.3392578e-192
2.6202778e-192
1.0665899e-192
3.9933783e-194
-7.1630695e-199
-7.7343055e-200
-1.4129236e-11
1.0498736e-24
-2.2423548e-36
-1.9645363e-47
-1.9997724e-57
7.0945896e-66
-9.4599006e-74
5.9276631e-81
-3.7946632e-88
2.3182296e-95
-1.3666569e-102
7.6931949e-110
-4.3307683e-117
2.3126876e-124
-1.2287675e-131
6.2792713e-139
-3.119813e-146
1.4933789e-153
-7.10883e-161
3.197749e-168
-1.417842e-175
6.1382458e-183
-2.6264991e-190
4.0326457e-198
-5.0464968e-198
-3.8579284e-198
-2.8918672e-198
-2.149385e-198
-1.5939693e-198
-1.0873037e-198
-7.7250942e-199
-5.1199482e-199
-3.4498803e-199
-2.231049e-199
-1.4257788e-199
-8.3313635e-200
-3.2572764e-200
-8.5527467e-202
6.0775447e-207
4.6496562e-208
-1.4131385e-11
1.0503878e-24
-2.2229325e-36
-1.9711718e-47
-2.0186136e-57
7.6288304e-66
-1.0745174e-73
8.0137844e-81
-6.0958326e-88
4.3803114e-95
-3.0693712e-102
2.0311594e-109
-1.2538234e-116
7.6162665e-124
-4.4511781e-131
2.5068121e-138
-1.3731457e-145
7.3400401e-153
-3.7571276e-160
1.8994214e-167
-9.2134798e-175
4.342695e-182
-1.9988037e-189
8.7822304e-197
-3.6054154e-204
1.6555916e-205
1.2025883e-205
8.5709572e-206
6.36235e-206
4.2291711e-206
2.9338066e-206
1.9028865e-206
1.2762418e-206
7.9157643e-207
5.0701942e-207
2.8778457e-207
1.0793425e-207
1.947308e-209
-5.2672105e-215
-2.8264393e-216
-1.4133213e-11
1.0508262e-24
-2.2068276e-36
-1.9771558e-47
-2.0350958e-57
8.1552622e-66
-1.2126935e-73
1.0652636e-80
-9.3316219e-88
7.7048273e-95
-6.2515583e-102
4.7262937e-109
-3.4555073e-116
2.3595384e-123
-1.5842334e-130
1.0121784e-137
-6.072566e-145
3.521563e-152
-1.9711421e-159
1.0638453e-166
-5.679153e-174
2.889207e-181
-1.4230443e-188
6.8051492e-196
-3.2118764e-203
1.4643907e-210
-5.3874258e-213
-3.7227919e-213
-2.7169598e-213
-1.7919072e-213
-1.1865186e-213
-7.6538867e-214
-5.0771906e-214
-3.0457198e-214
-1.909471e-214
-1.0678534e-214
-3.8028376e-215
-4.6197078e-217
4.6859601e-223
1.7436958e-224
-1.4134772e-11
1.0512012e-24
-2.1933787e-36
-1.9825362e-47
-2.0494359e-57
8.6665516e-66
-1.3552762e-73
1.4498884e-80
-1.5908403e-87
1.6227378e-94
-1.5585522e-101
1.3850797e-108
-1.1505924e-115
9.0745733e-123
-6.6394821e-130
4.7313277e-137
-3.1762913e-144
2.1123621e-151
-1.3231908e-158
8.0100426e-166
-4.6673468e-173
2.6293788e-180
-1.426267e-187
7.5893547e-195
-3.8865379e-202
1.9372297e-209
-9.5880781e-217
1.746314e-220
1.2570175e-220
8.0513998e-221
5.1704823e-221
3.2856832e-221
2.1480626e-221
1.2737072e-221
7.7985543e-222
4.3655691e-222
1.4356729e-222
1.1728204e-224
-4.2994106e-231
-1.087137e-232
-1.4136106e-11
1.051523e-24
-2.1820822e-36
-1.9873373e-47
-2.0621284e-57
9.1430717e-66
-1.5107014e-73
2.1523451e-80
-3.3604974e-87
4.2045886e-94
-4.5930256e-101
4.9843016e-108
-4.9541566e-115
4.5198821e-122
-3.8955845e-129
3.1518591e-136
-2.4936039e-143
1.8391828e-150
-1.3244494e-157
8.8552468e-165
-5.9389963e-172
3.8291616e-179
-2.3273952e-186
1.3849454e-193
-8.0106541e-201
4.3852703e-208
-2.3838926e-215
1.1957862e-222
-6.3088727e-228
-3.9688849e-228
-2.4933578e-228
-1.5293935e-228
-9.7853659e-229
-5.7784488e-229
-3.4330216e-229
-1.9224295e-229
-6.0034768e-230
-3.0649926e-232
4.222315e-239
6.8821176e-241
-1.4137251e-11
1.0518e-24
-2.1725386e-36
-1.9915956e-47
-2.0731241e-57
9.6335586e-66
-1.6664622e-73
3.0233971e-80
-5.8446768e-87
1.0123182e-93
-1.5188212e-100
2.037349e-107
-2.5839386e-114
2.8811263e-121
-3.0277201e-128
2.9362498e-135
-2.5815927e-142
2.2219746e-149
-1.8364079e-156
1.396318e-163
-1.0181803e-170
7.1044936e-178
-4.7489422e-185
3.0054426e-192
-1.9216743e-199
1.1607727e-206
-6.7260973e-214
3.825839e-221
-2.0723692e-228
3.1883642e-235
1.3075596e-235
7.8166695e-236
4.8803894e-236
2.8567084e-236
1.655684e-236
8.9676344e-237
2.6528556e-237
8.5119614e-240
-4.7135343e-247
-4.4011804e-249
-1.4138236e-11
1.0520392e-24
-2.1644397e-36
-1.9953738e-47
-2.0826823e-57
1.0098638e-65
-1.8311815e-73
5.6577768e-80
-2.1062614e-86
5.2732865e-93
-1.1849879e-99
2.0158752e-106
-2.9725741e-113
4.16959e-120
-5.5923564e-127
6.5648016e-134
-7.1901247e-141
7.0501538e-148
-6.716151e-155
5.8681034e-162
-4.8633364e-169
3.7886695e-176
-2.8490666e-183
2.024422e-190
-1.332493e-197
8.275634e-205
-5.0190557e-212
2.7771164e-219
-1.4030048e-226
6.3039797e-234
-2.1878657e-241
-4.5031648e-243
-2.6408194e-243
-1.5349196e-243
-8.8447252e-244
-4.5772928e-244
-1.2643798e-244
-2.4957799e-247
6.817973e-255
2.8573462e-257
-1.4139084e-11
1.0522461e-24
-2.1575372e-36
-1.9987191e-47
-2.091053e-57
1.0503172e-65
-2.014692e-73
2.1005481e-79
-1.9050632e-85
1.0567822e-91
-3.4265668e-98
8.190131e-105
-1.9025897e-111
3.5401865e-118
-5.6287296e-125
8.1273479e-132
-1.0845204e-138
1.3756353e-145
-1.5704222e-152
1.6773931e-159
-1.6774339e-166
1.5639731e-173
-1.3636206e-180
1.1256186e-187
-9.3610255e-195
7.1361444e-202
-5.2041323e-209
3.6211183e-216
-2.4185892e-223
1.6259356e-230
-1.0273863e-237
6.2846844e-245
1.5836599e-250
9.254018e-251
5.1905333e-251
2.6612463e-251
6.5418483e-252
7.6409858e-255
-1.3951157e-262
-1.8687916e-265
-1.4139818e-11
1.0524258e-24
-2.1516332e-36
-2.0016754e-47
-2.0983351e-57
1.0909784e-65
-2.1807509e-73
-2.7462607e-79
-2.8625608e-85
1.0575575e-90
-1.2209215e-96
6.3029225e-103
-2.3336595e-109
6.0943477e-116
-1.4314401e-122
2.8212264e-129
-4.7976972e-136
7.1962478e-143
-9.8456558e-150
1.2773968e-156
-1.4640339e-163
1.621949e-170
-1.6187306e-177
1.5404704e-184
-1.3579227e-191
1.1509011e-198
-9.5536021e-206
7.4135671e-213
-5.6998419e-220
4.2967602e-227
-3.1024236e-234
2.1656701e-241
-1.4603043e-248
9.729898e-256
-3.461293e-258
-1.674279e-258
-3.7782102e-259
-2.4464968e-262
3.7650634e-270
1.2400549e-273
-1.4140452e-11
1.0525821e-24
-2.1465651e-36
-2.0042869e-47
-2.1047508e-57
1.1290375e-65
-2.3572887e-73
-7.7169559e-80
-3.4392781e-86
-1.7907339e-92
-2.385469e-98
8.0440122e-104
-7.7133711e-110
4.2889811e-116
-1.2543211e-122
3.3540883e-129
-7.9078546e-136
1.4647969e-142
-2.6081002e-149
3.920525e-156
-5.5942811e-163
7.1969706e-170
-8.9701095e-177
9.7817083e-184
-9.9030348e-191
1.0427524e-197
-1.0034139e-204
9.5073526e-212
-8.0619019e-219
6.7787495e-226
-5.5240711e-233
4.3275901e-240
-3.3815894e-247
2.5647657e-254
-1.9002468e-261
1.2121154e-265
2.3766564e-266
8.4565042e-270
-1.2083125e-277
-8.3042413e-282
-1.4141003e-11
1.0527186e-24
-2.1422031e-36
-2.0066126e-47
-2.1103206e-57
1.1672342e-65
-2.5623462e-73
-5.952564e-80
-1.2846939e-86
-3.7573525e-93
-1.4372951e-99
-9.8440287e-106
-2.4148171e-111
-3.478437e-116
3.5725624e-122
-1.9896045e-128
7.8835456e-135
-2.2874553e-141
5.4089775e-148
-1.0996708e-154
1.8687023e-161
-3.2863412e-168
4.7789743e-175
-6.6812081e-182
8.7966743e-189
-1.009809e-195
1.1168122e-202
-1.1804039e-209
1.1747598e-216
-1.1141369e-223
1.0188429e-230
-9.2414684e-238
8.0456517e-245
-6.6288522e-252
5.5358124e-259
-4.3635296e-266
1.4165928e-273
-3.0726303e-277
4.3218159e-285
5.6099357e-290
-1.4141481e-11
1.0528381e-24
-2.1384309e-36
-2.0086688e-47
-2.1150892e-57
1.1998373e-65
-2.784714e-73
-4.4185576e-80
-7.3815705e-87
-1.5463895e-93
-4.0125559e-100
-1.3818031e-106
-5.5675986e-113
-4.5952742e-119
-7.3579245e-125
1.58763e-130
-1.3601312e-136
7.0720323e-143
-2.3974047e-149
6.6858154e-156
-1.593118e-162
3.2921087e-169
-6.5247277e-176
1.1287264e-182
-1.7421177e-189
2.4425476e-196
-3.2220161e-203
3.8247885e-210
-4.7270835e-217
5.2169582e-224
-5.563548e-231
5.8936778e-238
-5.8038125e-245
5.5615038e-252
-5.3461516e-259
5.0086359e-266
-4.0280013e-273
1.5510641e-280
-1.5965828e-288
1.0549843e-296
-1.4141897e-11
1.0529429e-24
-2.1351648e-36
-2.0104979e-47
-2.1194016e-57
1.2362879e-65
-2.9726014e-73
-4.0380932e-80
-5.0564996e-87
-7.650617e-94
-1.2683273e-100
-2.6279808e-107
-7.1601923e-114
-2.4411315e-120
-1.237482e-126
-9.7693033e-133
-1.2479576e-138
4.4957524e-144
-4.5699021e-150
2.2459106e-156
-1.0354688e-162
3.1935581e-169
-8.7029959e-176
1.9615455e-182
-3.8554965e-189
7.2758952e-196
-1.2548836e-202
2.0771693e-209
-3.187789e-216
4.2344006e-223
-5.6413858e-230
7.4821081e-237
-9.2830581e-244
1.0601869e-250
-1.2420079e-257
1.2785507e-264
-1.1842136e-271
4.8013548e-279
-5.0211893e-287
3.4602604e-295
-1.4142259e-11
1.0530353e-24
-2.1323252e-36
-2.012108e-47
-2.1232263e-57
1.2653166e-65
-3.1963418e-73
-3.4895632e-80
-3.584334e-87
-4.3722001e-94
-5.7725726e-101
-9.4246436e-108
-1.6791749e-114
-3.4717757e-121
-8.843863e-128
-3.618137e-134
-1.946267e-140
-1.8857057e-146
-5.045253e-152
1.2897323e-157
-1.9671827e-163
1.3140692e-169
-6.3683146e-176
2.0944027e-182
-5.9616228e-189
1.4989282e-195
-3.2317196e-202
6.1659739e-209
-1.1421459e-215
1.9129613e-222
-3.0239731e-229
4.6203328e-236
-6.7755366e-243
9.0765495e-250
-1.2776874e-256
1.5967853e-263
-1.7106514e-270
7.5491371e-278
-7.9688442e-286
5.5597142e-294
-1.4142575e-11
1.053117e-24
-2.1298561e-36
-2.0135616e-47
-2.1266101e-57
1.2992689e-65
-3.4242859e-73
-3.1373926e-80
-2.9811545e-87
-3.1260488e-94
-3.6597102e-101
-4.673784e-108
-6.6787311e-115
-1.1892417e-121
-2.3521066e-128
-5.4551478e-135
-1.8444101e-141
-7.4232232e-148
-4.5639e-154
-5.3654985e-160
-4.1250318e-165
2.4354765e-169
-2.0397145e-175
1.2563573e-181
-5.5333598e-188
1.870367e-194
-6.1217086e-201
1.9250071e-207
-4.4021923e-214
9.9971836e-221
-2.1319656e-227
4.1285639e-234
-7.3959404e-241
1.252349e-247
-1.9212885e-254
2.9303319e-261
-3.5535188e-268
1.6954843e-275
-1.8163351e-283
1.2832721e-291
-1.4142851e-11
1.0531894e-24
-2.1276955e-36
-2.0148688e-47
-2.1294723e-57
1.3221796e-65
-3.6825674e-73
-2.9226193e-80
-2.3966296e-87
-2.1246857e-94
-2.0764284e-101
-2.3032635e-108
-2.8428293e-115
-3.6853036e-122
-5.681889e-129
-1.1036046e-135
-2.351851e-142
-6.8742255e-149
-2.2925591e-155
-9.5344707e-162
-5.311399e-168
-4.8151055e-174
-1.2689785e-179
5.8166072e-185
-9.535911e-191
7.8613568e-197
-4.1474377e-203
1.6131118e-209
-6.6165247e-216
2.1983815e-222
-6.2124126e-229
1.3981483e-235
-3.4506488e-242
7.1465192e-249
-1.5326124e-255
2.7715249e-262
-4.3925917e-269
2.2072463e-276
-2.4053009e-284
1.7107788e-292
-1.4143092e-11
1.0532539e-24
-2.1258054e-36
-2.0160335e-47
-2.1320678e-57
1.3514272e-65
-3.8512892e-73
-2.8143564e-80
-1.9852562e-87
-1.6001284e-94
-1.4140218e-101
-1.3610501e-108
-1.4010203e-115
-1.6001638e-122
-2.1431921e-129
-3.2748769e-136
-5.4271403e-143
-1.0272336e-149
-2.1018871e-156
-5.7914597e-163
-1.7506602e-169
-7.4978529e-176
-5.4469062e-182
-4.9948463e-188
-7.9168222e-194
2.5691216e-199
-2.7751434e-205
2.7443563e-211
-1.805365e-217
8.8621764e-224
-3.8752684e-230
1.5458461e-236
-5.0432853e-243
1.6793137e-249
-5.1713828e-256
1.4708373e-262
-2.8856776e-269
1.5346588e-276
-1.6890659e-284
1.2135541e-292
-1.4143303e-11
1.0533115e-24
-2.1241456e-36
-2.0170904e-47
-2.1342857e-57
1.3740308e-65
-4.1274939e-73
-2.718134e-80
-1.8422587e-87
-1.2892719e-94
-1.0205987e-101
-8.3938562e-109
-8.0827143e-116
-8.2458561e-123
-8.8431995e-130
-1.1052448e-136
-1.5094246e-143
-2.3710505e-150
-4.0496012e-157
-8.038304e-164
-1.8584328e-170
-5.0438906e-177
-1.6405691e-183
-7.2655407e-190
-4.9396764e-196
-3.2597393e-202
-6.2875975e-208
-2.1734977e-213
6.3089373e-219
-3.0432713e-224
2.2428635e-230
-1.8739288e-236
9.2472041e-243
-5.5113831e-249
2.4167509e-255
-1.0605505e-261
2.6463295e-268
-1.5490441e-275
1.7315632e-283
-1.2541859e-291
-1.4143487e-11
1.0533634e-24
-2.1226834e-36
-2.0180564e-47
-2.1365033e-57
1.399427e-65
-4.4139836e-73
-2.7288704e-80
-1.6563599e-87
-1.1009413e-94
-8.0822727e-102
-5.983617e-109
-5.0427219e-116
-4.6873928e-123
-4.6251155e-130
-5.028946e-137
-6.1045946e-144
-7.9118671e-151
-1.1082247e-157
-1.8340072e-164
-3.1493719e-171
-6.3579133e-178
-1.5729254e-184
-4.6395375e-191
-1.7122928e-197
-6.6954579e-204
-3.0319539e-210
-1.7666921e-216
-1.8090644e-222
-5.3555503e-228
3.9941689e-233
-1.2613302e-238
8.4565454e-244
-1.0360702e-249
1.067494e-255
-8.4431809e-262
3.0600825e-268
-1.8582724e-275
2.0989322e-283
-1.53424e-291
-1.4143648e-11
1.0534102e-24
-2.1213964e-36
-2.0189381e-47
-2.138398e-57
1.4257745e-65
-4.7209909e-73
-2.6735944e-80
-1.5400814e-87
-9.1503293e-95
-6.0255956e-102
-4.1600979e-109
-3.1291902e-116
-2.5299791e-123
-2.2135506e-130
-2.1629055e-137
-2.2773206e-144
-2.5499327e-151
-2.9654912e-158
-3.9382145e-165
-6.0458191e-172
-1.0992952e-178
-1.8890193e-185
-4.2277328e-192
-9.6010497e-199
-2.7194489e-205
-9.0426399e-212
-3.1669163e-218
-1.5374286e-224
-9.011516e-231
-7.3721383e-237
-6.0081882e-243
-8.2563679e-249
-2.4374322e-254
-9.0008246e-260
3.160059e-265
-2.3070889e-271
1.5579323e-278
-1.794875e-286
1.3228099e-294
-1.4143789e-11
1.0534528e-24
-2.1202534e-36
-2.0197446e-47
-2.1400789e-57
1.4491485e-65
-4.9965256e-73
-2.7179826e-80
-1.4421185e-87
-8.1124503e-95
-4.9745681e-102
-3.2379061e-109
-2.2003331e-116
-1.660779e-123
-1.3238337e-130
-1.1174262e-137
-1.0536917e-144
-1.052636e-151
-1.1514863e-158
-1.3520548e-165
-1.6815911e-172
-2.275943e-179
-3.5150886e-186
-6.2096261e-193
-1.0938519e-199
-2.2319276e-206
-5.1541792e-213
-1.3441821e-219
-4.2030252e-226
-1.4019092e-232
-4.9960866e-239
-2.5078067e-245
-1.7130134e-251
-1.5013292e-257
-1.1915076e-263
-1.0506046e-269
2.6034744e-275
-1.8715805e-282
2.1627499e-290
-1.6057688e-298
-1.4143912e-11
1.0534917e-24
-2.1192383e-36
-2.0204876e-47
-2.1417062e-57
1.4744532e-65
-5.2951343e-73
-2.6369165e-80
-1.3013662e-87
-6.9200617e-95
-3.8643506e-102
-2.3394093e-109
-1.5217212e-116
-1.0388861e-123
-7.5096518e-131
-5.9575046e-138
-4.9881675e-145
-4.6056432e-152
-4.5299621e-159
-4.851781e-166
-5.5863518e-173
-6.7658776e-180
-8.9670758e-187
-1.3225104e-193
-2.1247769e-200
-4.0439205e-207
-7.4480019e-214
-1.503752e-220
-3.2070935e-227
-8.3206173e-234
-2.1108115e-240
-7.2717321e-247
-2.5577271e-253
-9.2908138e-260
-4.054265e-266
-2.3542291e-272
-4.4224626e-278
3.322735e-285
-3.8885898e-293
2.9103114e-301
-1.414402e-11
1.0535275e-24
-2.1183351e-36
-2.0211986e-47
-2.1432737e-57
1.4883544e-65
-5.6260778e-73
-2.7701808e-80
-1.3401856e-87
-6.7470678e-95
-3.5408403e-102
-2.0124023e-109
-1.2055113e-116
-7.6939408e-124
-5.13548e-131
-3.7272786e-138
-2.8676219e-145
-2.3617625e-152
-2.1429985e-159
-2.1476916e-166
-2.1477053e-173
-2.3700921e-180
-2.8060263e-187
-3.3655325e-194
-4.4633685e-201
-6.4962601e-208
-1.0691017e-214
-1.9458154e-221
-3.5296619e-228
-6.9084013e-235
-1.5828105e-241
-3.7518017e-248
-9.3290068e-255
-2.4641249e-261
-6.7786148e-268
-2.2143595e-274
-1.9662143e-280
1.6642144e-287
-1.9776494e-295
1.4917506e-303
-1.4144113e-11
1.0535607e-24
-2.1175258e-36
-2.0218603e-47
-2.1446655e-57
1.5132338e-65
-5.802452e-73
-2.5976106e-80
-1.1892745e-87
-5.7422306e-95
-2.9572547e-102
-1.5584382e-109
-8.8277344e-117
-5.2036711e-124
-3.3693925e-131
-2.2665059e-138
-1.6114983e-145
-1.2860906e-152
-1.0416206e-159
-8.941306e-167
-8.3404993e-174
-8.1326547e-181
-8.6856385e-188
-9.8320422e-195
-1.1991424e-201
-1.5200757e-208
-2.1464858e-215
-2.9508236e-222
-4.7836197e-229
-8.1202863e-236
-1.3901424e-242
-2.6621427e-249
-5.525096e-256
-1.2387338e-262
-3.0098436e-269
-8.1320558e-276
-3.1360992e-282
2.8814713e-289
-3.4693548e-297
2.6248944e-305
-1.4144193e-11
1.0535919e-24
-2.1167999e-36
-2.0224918e-47
-2.1459512e-57
1.5322135e-65
-6.2777293e-73
-2.7726586e-80
-1.2193239e-87
-5.7455743e-95
-2.7622918e-102
-1.3997569e-109
-7.7011757e-117
-4.3474376e-124
-2.6185435e-131
-1.6438831e-138
-1.0978712e-145
-7.8278461e-153
-5.8598043e-160
-4.7364986e-167
-4.0073354e-174
-3.7311545e-181
-3.5022081e-188
-3.5934675e-195
-3.7303691e-202
-4.4229364e-209
-5.0848614e-216
-7.2672462e-223
-9.5450019e-230
-1.326867e-236
-2.0607704e-243
-3.2081923e-250
-5.3909115e-257
-1.0394929e-263
-1.9704137e-270
-4.0663529e-277
-1.0722924e-283
1.0816155e-290
-1.3177369e-298
1.0090163e-306
-1.4144263e-11
1.0536212e-24
-2.1161461e-36
-2.0231101e-47
-2.1471885e-57
1.5503664e-65
-6.6042897e-73
-2.7432427e-80
-1.1499014e-87
-5.1441475e-95
-2.3924173e-102
-1.1647935e-109
-5.8381867e-117
-3.244563e-124
-1.8871642e-131
-1.1399447e-138
-7.224387e-146
-4.769222e-153
-3.3260333e-160
-2.6158694e-167
-2.0569695e-174
-1.7430955e-181
-1.5139034e-188
-1.3929553e-195
-1.3564733e-202
-1.4432376e-209
-1.5488881e-216
-1.7843421e-223
-2.2102005e-230
-2.9447853e-237
-4.1768808e-244
-5.994508e-251
-9.4428576e-258
-1.382475e-264
-2.2097781e-271
-3.5693344e-278
-7.8003895e-285
8.7302477e-292
-1.0721243e-299
8.2242831e-308
-1.4144322e-11
1.0536491e-24
-2.115558e-36
-2.0236964e-47
-2.1484084e-57
1.5615863e-65
-6.9578496e-73
-2.7969385e-80
-1.1412528e-87
-4.8654784e-95
-2.1500388e-102
-1.0118853e-109
-4.984094e-117
-2.593715e-124
-1.4250551e-131
-8.1362493e-139
-4.9966601e-146
-3.3019149e-153
-2.2609971e-160
-1.6218052e-167
-1.1859621e-174
-9.0937062e-182
-7.534967e-189
-6.5305325e-196
-6.0877889e-203
-5.6052475e-210
-5.6736022e-217
-5.961173e-224
-6.3780509e-231
-7.6319237e-238
-9.7481974e-245
-1.2143818e-251
-1.5775323e-258
-2.1145133e-265
-2.8363774e-272
-4.3820806e-279
-8.0620533e-286
9.4125821e-293
-1.1685303e-300
9.0049939e-309
-1.4144372e-11
1.0536759e-24
-2.11502e-36
-2.0242848e-47
-2.1496431e-57
1.5803905e-65
-7.2854815e-73
-2.8776809e-80
-1.1297942e-87
-4.6219823e-95
-1.9765741e-102
-8.9372254e-110
-4.2671617e-117
-2.108796e-124
-1.129257e-131
-6.1471102e-139
-3.4841132e-146
-2.126279e-153
-1.3748974e-160
-9.0607909e-168
-6.2820506e-175
-4.7686408e-182
-3.6682481e-189
-2.9744463e-196
-2.5028675e-203
-2.2883011e-210
-2.1138446e-217
-2.1262324e-224
-2.1391872e-231
-2.3185542e-238
-2.6703038e-245
-3.0273071e-252
-3.5874988e-259
-4.3457265e-266
-5.7823806e-273
-7.5434869e-280
-1.1861575e-286
1.5380082e-293
-1.9231158e-301
1.4929692e-309
-1.4144413e-11
1.0537018e-24
-2.114529e-36
-2.0248564e-47
-2.1508523e-57
1.5984717e-65
-7.5727524e-73
-2.9075727e-80
-1.1161469e-87
-4.4143889e-95
-1.8313669e-102
-7.9987094e-110
-3.7391073e-117
-1.8103923e-124
-8.9918044e-132
-4.8378956e-139
-2.652193e-146
-1.5335723e-153
-9.4117715e-161
-5.8785918e-168
-3.9866448e-175
-2.7768088e-182
-2.0165893e-189
-1.6402712e-196
-1.3245624e-203
-1.0995383e-210
-9.6315053e-218
-9.1526451e-225
-8.8148895e-232
-8.7563474e-239
-8.9237493e-246
-9.7854558e-253
-1.0258764e-259
-1.1583861e-266
-1.3273574e-273
-1.5626099e-280
-2.3524522e-287
3.380787e-294
-4.2775377e-302
3.3507845e-310
-1.4144447e-11
1.0537273e-24
-2.114078e-36
-2.0254314e-47
-2.1520518e-57
1.6143409e-65
-8.0657337e-73
-3.0051664e-80
-1.1352067e-87
-4.4484985e-95
-1.8151093e-102
-7.6870137e-110
-3.4579368e-117
-1.5889572e-124
-7.8376684e-132
-4.0528157e-139
-2.1670856e-146
-1.2429142e-153
-7.3946107e-161
-4.5143329e-168
-2.8958535e-175
-1.988256e-182
-1.3938014e-189
-1.0002353e-196
-7.4507207e-204
-6.0196711e-211
-4.8848154e-218
-4.2243729e-225
-3.841929e-232
-3.4906022e-239
-3.3472927e-246
-3.4006016e-253
-3.6669106e-260
-3.6639412e-267
-3.9452647e-274
-4.4182245e-281
-5.880299e-288
9.4552984e-295
-1.2023998e-302
9.4429376e-311
-1.4144474e-11
1.0537525e-24
-2.1136633e-36
-2.0260292e-47
-2.1533383e-57
1.6288934e-65
-8.3329807e-73
-3.0057373e-80
-1.0901521e-87
-4.1716949e-95
-1.6622346e-102
-6.9822592e-110
-3.0014535e-117
-1.3566077e-124
-6.461908e-132
-3.2184071e-139
-1.6315176e-146
-8.6132826e-154
-4.7561702e-161
-2.787588e-168
-1.7035623e-175
-1.05541e-182
-7.1569665e-190
-5.0229097e-197
-3.5774731e-204
-2.7167409e-211
-2.1043371e-218
-1.6859138e-225
-1.4291108e-232
-1.2063576e-239
-1.1611152e-246
-1.0675713e-253
-1.02674e-260
-1.0036859e-267
-1.0294314e-274
-1.1054323e-281
-1.3666847e-288
2.5642634e-295
-3.2952425e-303
2.6050898e-311
-1.4144493e-11
1.0537776e-24
-2.1132755e-36
-2.0266284e-47
-2.1545855e-57
1.6455205e-65
-8.7936987e-73
-3.0946351e-80
-1.1086905e-87
-4.1408772e-95
-1.595384e-102
-6.407196e-110
-2.7461692e-117
-1.1923856e-124
-5.3860332e-132
-2.5920015e-139
-1.3011492e-146
-6.835824e-154
-3.7506821e-161
-2.1175809e-168
-1.2562578e-175
-7.7028238e-183
-4.9107888e-190
-3.29798e-197
-2.3029587e-204
-1.6845871e-211
-1.2596241e-218
-9.7868391e-226
-7.882208e-233
-6.5403783e-240
-5.4395277e-247
-4.9750699e-254
-4.5076016e-261
-4.2951209e-268
-3.9500685e-275
-4.0031966e-282
-4.7534862e-289
1.0055336e-295
-1.2988845e-303
9.919972e-312
-1.4144506e-11
1.053803e-24
-2.1129122e-36
-2.0272307e-47
-2.1559055e-57
1.6602133e-65
-9.3338794e-73
-3.3537795e-80
-1.1443432e-87
-4.1739488e-95
-1.5962213e-102
-6.3165504e-110
-2.593918e-117
-1.0885909e-124
-5.0026928e-132
-2.3223487e-139
-1.1368267e-146
-5.7374984e-154
-2.9853766e-161
-1.6332736e-168
-9.4259618e-176
-5.6811505e-183
-3.5689893e-190
-2.2807308e-197
-1.5391829e-204
-1.0890689e-211
-7.9348989e-219
-5.8542661e-226
-4.3751928e-233
-3.3932784e-240
-2.6265903e-247
-2.2572483e-254
-1.9600113e-261
-1.7808724e-268
-1.6380346e-275
-1.504647e-282
-1.6512268e-289
3.7888922e-296
-4.9376865e-304
3.7918127e-312
-1.4144514e-11
1.0538288e-24
-2.1125697e-36
-2.0278766e-47
-2.1572959e-57
1.6692965e-65
-9.4612375e-73
-3.2348234e-80
-1.1157499e-87
-4.0015294e-95
-1.4906375e-102
-5.7851681e-110
-2.313998e-117
-9.6835004e-125
-4.1707724e-132
-1.9090557e-139
-9.1452721e-147
-4.5562378e-154
-2.3304861e-161
-1.2390413e-168
-6.8972873e-176
-3.9904037e-183
-2.3971106e-190
-1.4835838e-197
-9.427271e-205
-6.4192324e-212
-4.4921991e-219
-3.2659696e-226
-2.3906523e-233
-1.8422194e-240
-1.4790775e-247
-1.1849808e-254
-9.881283e-262
-8.4519487e-269
-7.2526996e-276
-6.4515215e-283
-6.6047161e-290
1.7395408e-296
-2.2825916e-304
1.8719984e-312
-1.4144515e-11
1.0538552e-24
-2.1122475e-36
-2.0285454e-47
-2.1587485e-57
1.6811232e-65
-9.8450637e-73
-3.3466684e-80
-1.1382966e-87
-3.9741038e-95
-1.4638467e-102
-5.5440115e-110
-2.1675472e-117
-9.0207122e-125
-3.8917349e-132
-1.8056347e-139
-8.3192548e-147
-4.029435e-154
-2.0404653e-161
-1.0489192e-168
-5.7192778e-176
-3.2890553e-183
-1.9518481e-190
-1.1770965e-197
-7.2254873e-205
-4.7793639e-212
-3.225839e-219
-2.2308381e-226
-1.5935926e-233
-1.1470127e-240
-8.6383127e-248
-6.7874491e-255
-5.46172e-262
-4.2453486e-269
-3.5165343e-276
-2.9180027e-283
-2.8058609e-290
9.0335471e-297
-1.1969029e-304
9.4582217e-313
-1.414451e-11
1.0538825e-24
-2.1119369e-36
-2.029247e-47
-2.1602583e-57
1.69688e-65
-9.9735238e-73
-3.3669172e-80
-1.1372777e-87
-3.9929888e-95
-1.4456742e-102
-5.4064439e-110
-2.1470327e-117
-8.7558698e-125
-3.7160685e-132
-1.6235974e-139
-7.3874251e-147
-3.4709967e-154
-1.6909855e-161
-8.7804681e-169
-4.674245e-176
-2.6010798e-183
-1.4861886e-190
-8.9697472e-198
-5.6088388e-205
-3.6345095e-212
-2.340101e-219
-1.5693857e-226
-1.0656965e-233
-7.7111572e-241
-5.6806719e-248
-4.2083792e-255
-3.2240083e-262
-2.5834341e-269
-2.1203324e-276
-1.7215405e-283
-1.7504284e-290
6.8210463e-297
-9.0003261e-305
7.7247386e-313
-1.4144499e-11
1.0539109e-24
-2.1116374e-36
-2.0299874e-47
-2.1617973e-57
1.7096104e-65
-1.0685314e-72
-3.5271143e-80
-1.1639766e-87
-4.0267225e-95
-1.4460564e-102
-5.3783367e-110
-2.0588084e-117
-8.2270031e-125
-3.4182695e-132
-1.456617e-139
-6.5557636e-147
-3.0785872e-154
-1.5167992e-161
-7.4959222e-169
-3.9179091e-176
-2.1186968e-183
-1.1758432e-190
-6.8533972e-198
-4.1265582e-205
-2.5587181e-212
-1.6072383e-219
-1.0713768e-226
-7.4420303e-234
-5.1926824e-241
-3.7403094e-248
-2.743541e-255
-2.089437e-262
-1.6008999e-269
-1.2802038e-276
-1.0442478e-283
-9.2624608e-291
3.5160128e-297
-4.6888783e-305
7.3478739e-315
-1.4144483e-11
1.0539408e-24
-2.1113476e-36
-2.0307828e-47
-2.1635736e-57
1.7178191e-65
-1.0895909e-72
-3.5929133e-80
-1.1860652e-87
-4.0147661e-95
-1.4021862e-102
-5.1394188e-110
-1.9249544e-117
-7.660169e-125
-3.1381673e-132
-1.3460003e-139
-5.9375084e-147
-2.7318722e-154
-1.2819844e-161
-6.3447501e-169
-3.2549499e-176
-1.73967e-183
-9.4532363e-191
-5.3570543e-198
-3.0987403e-205
-1.8635559e-212
-1.164401e-219
-7.4491042e-227
-4.9843015e-234
-3.4370763e-241
-2.3711631e-248
-1.7535328e-255
-1.2938877e-262
-9.7760602e-270
-7.3213153e-277
-5.55342e-284
-4.9667525e-291
2.491452e-297
-3.3355535e-305
1.8217772e-313
-1.414446e-11
1.0539722e-24
-2.111059e-36
-2.0316061e-47
-2.1655164e-57
1.7371988e-65
-1.0955859e-72
-3.4881136e-80
-1.1393503e-87
-3.8672444e-95
-1.3589008e-102
-4.993126e-110
-1.8987186e-117
-7.4176122e-125
-3.0118402e-132
-1.3108741e-139
-5.7192242e-147
-2.5728919e-154
-1.2074527e-161
-5.936049e-169
-3.0066114e-176
-1.5670139e-183
-8.6263444e-191
-4.8386781e-198
-2.7355453e-205
-1.626121e-212
-1.0126529e-219
-6.2491027e-227
-4.1282207e-234
-2.7354634e-241
-1.882091e-248
-1.2674151e-255
-8.9741987e-263
-6.2680868e-270
-4.784684e-277
-3.6076169e-284
-3.1394792e-291
1.5589633e-297
-2.0937289e-305
7.8492755e-314
-1.4144432e-11
1.0540054e-24
-2.1107783e-36
-2.0325192e-47
-2.1676157e-57
1.7470786e-65
-1.1432375e-72
-3.7040204e-80
-1.1834138e-87
-3.9217318e-95
-1.3740232e-102
-4.9336872e-110
-1.8903955e-117
-7.3059886e-125
-2.9767115e-132
-1.2630123e-139
-5.4848627e-147
-2.4911251e-154
-1.1439492e-161
-5.4880356e-169
-2.7441078e-176
-1.430414e-183
-7.6284723e-191
-4.2692192e-198
-2.4390617e-205
-1.4371196e-212
-8.4606128e-220
-5.295596e-227
-3.3374192e-234
-2.1581384e-241
-1.4455801e-248
-9.9592872e-256
-7.0232903e-263
-4.9841735e-270
-3.6311874e-277
-2.7834373e-284
-2.2290308e-291
1.2468255e-297
-1.6625293e-305
1.5705658e-313
-1.4144397e-11
1.0540408e-24
-2.1104981e-36
-2.0334704e-47
-2.1696225e-57
1.7484272e-65
-1.1879237e-72
-3.8266109e-80
-1.2262736e-87
-4.0861173e-95
-1.4306506e-102
-5.1683181e-110
-1.9027494e-117
-7.3628074e-125
-2.9722757e-132
-1.2200478e-139
-5.1996973e-147
-2.3477958e-154
-1.1049146e-161
-5.3030203e-169
-2.6496202e-176
-1.3798267e-183
-7.2981092e-191
-4.0469107e-198
-2.2401509e-205
-1.2821814e-212
-7.6676722e-220
-4.7656436e-227
-3.0512317e-234
-2.0253452e-241
-1.3447917e-248
-8.9820213e-256
-6.0804394e-263
-4.3777522e-270
-3.1719049e-277
-2.3534378e-284
-1.9205099e-291
1.0936346e-297
-1.4609982e-305
4.5037799e-314
-1.4144355e-11
1.0540786e-24
-2.110216e-36
-2.0345214e-47
-2.172031e-57
1.7737094e-65
-1.1887869e-72
-3.7997426e-80
-1.2215772e-87
-4.1496824e-95
-1.4337311e-102
-5.1789861e-110
-1.9454091e-117
-7.4178787e-125
-3.0076007e-132
-1.2375377e-139
-5.4099515e-147
-2.4430737e-154
-1.1243024e-161
-5.3867917e-169
-2.7197738e-176
-1.3885731e-183
-7.3172069e-191
-3.9736254e-198
-2.2471954e-205
-1.2980158e-212
-7.71848e-220
-4.7116921e-227
-2.942401e-234
-1.9121668e-241
-1.3069545e-248
-8.5940681e-256
-6.1369494e-263
-4.2226214e-270
-3.0120036e-277
-2.2157892e-284
-1.8043283e-291
1.0870052e-297
-1.4651588e-305
1.8769538e-313
-1.4144307e-11
1.0541193e-24
-2.1099303e-36
-2.0356421e-47
-2.174592e-57
1.7786543e-65
-1.1904163e-72
-3.8573385e-80
-1.245913e-87
-4.1683612e-95
-1.4180561e-102
-5.0165613e-110
-1.8769772e-117
-7.3571779e-125
-2.8941572e-132
-1.2078101e-139
-5.0885518e-147
-2.2655481e-154
-1.0485548e-161
-5.0316766e-169
-2.522749e-176
-1.292695e-183
-6.8499772e-191
-3.620726e-198
-2.0533473e-205
-1.172159e-212
-6.8284326e-220
-4.1633316e-227
-2.5592786e-234
-1.6217027e-241
-1.0344085e-248
-6.8163728e-256
-4.5323945e-263
-3.2275679e-270
-2.2359527e-277
-1.5849214e-284
-1.2662034e-291
1.0213303e-297
-1.3794295e-305
-5.3890903e-314
-1.4144251e-11
1.0541631e-24
-2.1096429e-36
-2.0368576e-47
-2.1774545e-57
1.7948302e-65
-1.238949e-72
-4.0466008e-80
-1.2999156e-87
-4.3271751e-95
-1.5030388e-102
-5.4270159e-110
-2.0432145e-117
-7.9531242e-125
-3.1649232e-132
-1.3077045e-139
-5.5978044e-147
-2.450451e-154
-1.1307287e-161
-5.3151735e-169
-2.6512522e-176
-1.3537076e-183
-7.1076366e-191
-3.8820821e-198
-2.144531e-205
-1.2258304e-212
-7.230996e-220
-4.4073702e-227
-2.701455e-234
-1.7269315e-241
-1.0942908e-248
-7.2153611e-256
-4.8669874e-263
-3.3396938e-270
-2.3277934e-277
-1.6435022e-284
-1.2914754e-291
1.2057728e-297
-1.6249313e-305
2.8271245e-315
-1.4144186e-11
1.0542104e-24
-2.1093454e-36
-2.0381858e-47
-2.1803184e-57
1.8049479e-65
-1.2455206e-72
-4.0068487e-80
-1.2806512e-87
-4.282183e-95
-1.4696295e-102
-5.2361298e-110
-1.9319832e-117
-7.4509293e-125
-2.9990584e-132
-1.261497e-139
-5.5139966e-147
-2.4820164e-154
-1.1346863e-161
-5.4416685e-169
-2.6610609e-176
-1.343767e-183
-7.0816709e-191
-3.861577e-198
-2.160988e-205
-1.2231134e-212
-7.1310117e-220
-4.3563416e-227
-2.7632422e-234
-1.7743955e-241
-1.1178853e-248
-7.2914425e-256
-4.9946771e-263
-3.4769193e-270
-2.3361387e-277
-1.7131485e-284
-1.3351823e-291
1.7805472e-297
-2.4124384e-305
-1.2224632e-313
-1.4144113e-11
1.0542616e-24
-2.1090427e-36
-2.0396289e-47
-2.1837252e-57
1.821396e-65
-1.2654481e-72
-4.1411977e-80
-1.3569778e-87
-4.5767408e-95
-1.6095639e-102
-5.8616568e-110
-2.1568594e-117
-8.3213555e-125
-3.320764e-132
-1.3812665e-139
-5.9340926e-147
-2.6726247e-154
-1.2484969e-161
-5.983889e-169
-2.9631626e-176
-1.5056326e-183
-7.8092928e-191
-4.1931498e-198
-2.4000071e-205
-1.3680668e-212
-8.1662721e-220
-4.9322054e-227
-3.0526164e-234
-1.9427408e-241
-1.2633487e-248
-8.4903198e-256
-5.6958253e-263
-3.8733199e-270
-2.6843342e-277
-1.9215656e-284
-1.4520881e-291
9.612581e-298
-1.2982907e-305
1.5625052e-313
-1.414403e-11
1.0543173e-24
-2.1087273e-36
-2.0411891e-47
-2.1873633e-57
1.8295094e-65
-1.2346477e-72
-3.9820896e-80
-1.2826261e-87
-4.3205274e-95
-1.5103398e-102
-5.5200404e-110
-2.0698049e-117
-8.1783335e-125
-3.3575439e-132
-1.3949026e-139
-6.154562e-147
-2.7492896e-154
-1.2750217e-161
-6.0553455e-169
-2.9802129e-176
-1.539437e-183
-7.9830941e-191
-4.4354759e-198
-2.4778254e-205
-1.4624764e-212
-8.7628497e-220
-5.2773165e-227
-3.3143295e-234
-2.153203e-241
-1.4315763e-248
-9.3295519e-256
-6.3160582e-263
-4.2521134e-270
-2.9554079e-277
-2.0569024e-284
-1.6334754e-291
1.7636824e-297
-2.3824798e-305
-5.1611144e-314
-1.4143937e-11
1.054378e-24
-2.1084046e-36
-2.0429168e-47
-2.1912739e-57
1.8428384e-65
-1.2627648e-72
-4.1565879e-80
-1.3450256e-87
-4.5960643e-95
-1.6270152e-102
-5.8889466e-110
-2.2366637e-117
-8.7705523e-125
-3.5680413e-132
-1.5119258e-139
-6.6496285e-147
-2.9991391e-154
-1.3906656e-161
-6.6530373e-169
-3.3394619e-176
-1.6975643e-183
-9.0517634e-191
-4.8446512e-198
-2.7350311e-205
-1.6184972e-212
-9.6813624e-220
-5.8628229e-227
-3.6557249e-234
-2.3570924e-241
-1.5142614e-248
-1.0427671e-255
-7.0678816e-263
-4.6947616e-270
-3.2644946e-277
-2.3341917e-284
-1.8611649e-291
1.8155296e-297
-2.4414861e-305
8.0652341e-314
-1.4143832e-11
1.0544444e-24
-2.1080694e-36
-2.0447879e-47
-2.1956555e-57
1.8651324e-65
-1.2518119e-72
-4.1174551e-80
-1.3534281e-87
-4.5746287e-95
-1.631659e-102
-6.0444694e-110
-2.315728e-117
-9.2277054e-125
-3.8538963e-132
-1.6795048e-139
-7.3360029e-147
-3.3772693e-154
-1.5980146e-161
-7.7622281e-169
-3.9397925e-176
-2.0599301e-183
-1.0967184e-190
-6.1816778e-198
-3.497228e-205
-2.094627e-212
-1.260166e-219
-7.7113947e-227
-4.7925258e-234
-3.1265681e-241
-2.0292303e-248
-1.3512096e-255
-9.2160253e-263
-6.346327e-270
-4.3998584e-277
-3.1566813e-284
-2.6198973e-291
2.2451519e-297
-3.0139072e-305
3.171593e-313
-1.4143713e-11
1.0545169e-24
-2.1077201e-36
-2.0468425e-47
-2.2003894e-57
1.8806933e-65
-1.2257745e-72
-4.0878771e-80
-1.3722455e-87
-4.8045758e-95
-1.7187123e-102
-6.3753772e-110
-2.4721938e-117
-1.007108e-124
-4.1878889e-132
-1.8189985e-139
-8.2615882e-147
-3.8440473e-154
-1.8392298e-161
-8.9352656e-169
-4.5393114e-176
-2.4005239e-183
-1.2863807e-190
-7.165794e-198
-4.1258594e-205
-2.4736464e-212
-1.5124623e-219
-9.55761e-227
-6.1341805e-234
-3.9864827e-241
-2.6002018e-248
-1.7601307e-255
-1.2437667e-262
-8.771204e-270
-6.2641656e-277
-4.5491523e-284
-3.687088e-291
2.8412666e-297
-3.8117535e-305
2.8941556e-313
-1.4143579e-11
1.0545967e-24
-2.1073585e-36
-2.0491294e-47
-2.2056452e-57
1.8913137e-65
-1.2330874e-72
-4.1879795e-80
-1.4085706e-87
-4.9466109e-95
-1.8255782e-102
-6.8894521e-110
-2.7041726e-117
-1.0878845e-124
-4.5914986e-132
-1.9966851e-139
-9.0867032e-147
-4.3390872e-154
-2.094019e-161
-1.0766353e-168
-5.6356967e-176
-3.0310912e-183
-1.6620354e-190
-9.7016581e-198
-5.6760704e-205
-3.3662871e-212
-2.0398876e-219
-1.2738542e-226
-8.302326e-234
-5.5371558e-241
-3.7767772e-248
-2.5885279e-255
-1.7598818e-262
-1.2400567e-269
-9.0720011e-277
-6.5317185e-284
-5.3026477e-291
3.1234822e-297
-4.1980268e-305
3.5264474e-313
-1.4143429e-11
1.0546844e-24
-2.1069829e-36
-2.0516191e-47
-2.2114078e-57
1.9124298e-65
-1.1974561e-72
-4.1483723e-80
-1.4262638e-87
-5.1227991e-95
-1.8968604e-102
-7.2110439e-110
-2.8903885e-117
-1.2158772e-124
-5.1527109e-132
-2.2860731e-139
-1.0601543e-146
-5.0059869e-154
-2.4396128e-161
-1.234638e-168
-6.381498e-176
-3.4093772e-183
-1.8732776e-190
-1.0664675e-197
-6.242133e-205
-3.785884e-212
-2.3081981e-219
-1.4813034e-226
-9.7098742e-234
-6.5653448e-241
-4.4451668e-248
-3.0173618e-255
-2.0954804e-262
-1.4963504e-269
-1.0831642e-276
-8.079998e-284
-6.8019561e-291
3.8985877e-297
-5.1911954e-305
4.6529037e-313
-1.4143259e-11
1.0547811e-24
-2.1065954e-36
-2.054396e-47
-2.2177227e-57
1.9296124e-65
-1.1935865e-72
-4.2640579e-80
-1.4746835e-87
-5.3695984e-95
-2.0277727e-102
-8.0075709e-110
-3.2404165e-117
-1.3853805e-124
-6.0295821e-132
-2.6938701e-139
-1.2721532e-146
-6.1653986e-154
-3.1147972e-161
-1.6542682e-168
-8.9426867e-176
-4.956864e-183
-2.7493107e-190
-1.6633857e-197
-1.0045579e-204
-6.0818634e-212
-3.8910702e-219
-2.5278867e-226
-1.7184404e-233
-1.1697649e-240
-8.2230901e-248
-6.0354097e-255
-4.4190511e-262
-3.2027606e-269
-2.4134298e-276
-1.8755559e-283
-1.6421746e-290
8.9958842e-297
-1.1916263e-304
1.1850185e-312
-1.4143068e-11
1.054888e-24
-2.1061956e-36
-2.0574448e-47
-2.2247491e-57
1.9475006e-65
-1.2526974e-72
-4.5069923e-80
-1.6002437e-87
-6.0038192e-95
-2.2991377e-102
-9.3239558e-110
-3.8445189e-117
-1.6299732e-124
-7.2728597e-132
-3.3595944e-139
-1.6099058e-146
-7.9885992e-154
-4.0713195e-161
-2.1455039e-168
-1.1700338e-175
-6.6844819e-183
-3.9439198e-190
-2.2989653e-197
-1.4478573e-204
-9.1614889e-212
-5.8801691e-219
-3.9817198e-226
-2.7103988e-233
-1.8458202e-240
-1.2826379e-247
-9.1818732e-255
-6.7798908e-262
-5.0792326e-269
-3.8933938e-276
-3.0935062e-283
-2.6879496e-290
1.2575058e-296
-1.6601107e-304
1.3974811e-312
-1.4142851e-11
1.0550066e-24
-2.1057841e-36
-2.060838e-47
-2.2326751e-57
1.9762246e-65
-1.1720979e-72
-4.3237242e-80
-1.5918507e-87
-6.1220079e-95
-2.3878136e-102
-9.768623e-110
-4.2087109e-117
-1.8763645e-124
-8.6576443e-132
-4.0472858e-139
-1.9599139e-146
-9.8774944e-154
-5.191347e-161
-2.839018e-168
-1.5769741e-175
-9.2588885e-183
-5.586814e-190
-3.5187223e-197
-2.2585417e-204
-1.4798044e-211
-9.8664493e-219
-6.7734002e-226
-4.6767765e-233
-3.4030022e-240
-2.500523e-247
-1.9135129e-254
-1.4723887e-261
-1.1129807e-268
-8.6463904e-276
-6.8663025e-283
-6.1321649e-290
2.4306452e-296
-3.1945205e-304
2.4017937e-312
-1.4142604e-11
1.0551385e-24
-2.105366e-36
-2.0646094e-47
-2.2413409e-57
2.0094865e-65
-1.1485031e-72
-4.320517e-80
-1.6210347e-87
-6.2306887e-95
-2.5655905e-102
-1.0962652e-109
-4.7752183e-117
-2.1590709e-124
-1.0135802e-131
-4.8817004e-139
-2.4657348e-146
-1.3014334e-153
-6.8772556e-161
-3.8625407e-168
-2.2249449e-175
-1.3196531e-182
-8.2641054e-190
-5.3060117e-197
-3.4278508e-204
-2.2736661e-211
-1.5302099e-218
-1.1006289e-225
-7.7855695e-233
-5.6677033e-240
-4.3131699e-247
-3.3518088e-254
-2.6149951e-261
-2.0739661e-268
-1.6647478e-275
-1.3574601e-282
-1.2457697e-289
4.5385922e-296
-5.9548527e-304
4.7520499e-312
-1.4142323e-11
1.0552856e-24
-2.1049453e-36
-2.0688178e-47
-2.2511886e-57
2.0350795e-65
-1.1837119e-72
-4.5785714e-80
-1.7568051e-87
-7.0780661e-95
-2.9570156e-102
-1.2736454e-109
-5.6191095e-117
-2.6122639e-124
-1.2670043e-131
-6.3914453e-139
-3.2871334e-146
-1.7779164e-153
-9.7892425e-161
-5.6941789e-168
-3.2960397e-175
-2.0648631e-182
-1.3028414e-189
-8.2244132e-197
-5.6515761e-204
-3.8772548e-211
-2.7975895e-218
-2.0311666e-225
-1.4998062e-232
-1.1547992e-239
-9.0761925e-247
-7.2200582e-254
-5.5945477e-261
-4.593219e-268
-3.8331586e-275
-3.1947925e-282
-3.0792409e-289
8.186495e-296
-1.0666009e-303
8.3422937e-312
-1.4142e-11
1.0554503e-24
-2.104533e-36
-2.0735495e-47
-2.262115e-57
2.071681e-65
-1.1589158e-72
-4.5647848e-80
-1.7980982e-87
-7.4594811e-95
-3.2544351e-102
-1.4478966e-109
-6.722213e-117
-3.2064695e-124
-1.5848262e-131
-8.2696469e-139
-4.4743279e-146
-2.4979765e-153
-1.416511e-160
-8.6283988e-168
-5.2687748e-175
-3.337224e-182
-2.2289998e-189
-1.5113483e-196
-1.0249603e-203
-7.3132569e-211
-5.3803173e-218
-3.9636843e-225
-3.1005533e-232
-2.4923944e-239
-2.029522e-246
-1.6135082e-253
-1.3482948e-260
-1.1628683e-267
-1.0172263e-274
-9.2368481e-282
-9.4737061e-289
2.4862914e-295
-3.1965539e-303
2.5409976e-311
-1.4141629e-11
1.0556353e-24
-2.1041354e-36
-2.078858e-47
-2.2742714e-57
2.1071735e-65
-1.1412432e-72
-4.6666077e-80
-1.8700657e-87
-7.8677892e-95
-3.4568205e-102
-1.5918354e-109
-7.6936169e-117
-3.7862999e-124
-1.9999277e-131
-1.0662997e-138
-5.9913354e-146
-3.5056242e-153
-2.1088089e-160
-1.3150235e-167
-8.2945665e-175
-5.6101349e-182
-3.7595126e-189
-2.6215922e-196
-1.9218609e-203
-1.4170015e-210
-1.0867046e-217
-8.4110999e-225
-6.900766e-232
-5.4416712e-239
-4.4607249e-246
-3.824232e-253
-3.2871338e-260
-2.8733388e-267
-2.5233674e-274
-2.2622459e-281
-2.3173028e-288
5.1782817e-295
-6.6597051e-303
5.2525922e-311
-1.4141198e-11
1.0558441e-24
-2.1037723e-36
-2.0848413e-47
-2.2880996e-57
2.1496457e-65
-1.1540278e-72
-5.0211908e-80
-2.0909596e-87
-9.4976144e-95
-4.4432427e-102
-2.1676066e-109
-1.0861137e-116
-5.6878924e-124
-3.0267557e-131
-1.6773435e-138
-1.0079377e-145
-6.085923e-153
-3.7884303e-160
-2.4200006e-167
-1.6341205e-174
-1.1535189e-181
-8.4070753e-189
-6.1844492e-196
-4.5337049e-203
-3.4863293e-210
-2.7097627e-217
-2.1479466e-224
-1.8393696e-231
-1.62252e-238
-1.4118298e-245
-1.2559547e-252
-1.1984778e-259
-1.0963768e-266
-1.0177799e-273
-1.0006008e-280
-1.1132854e-287
2.17807e-294
-2.785811e-302
2.1809033e-310
-1.4140696e-11
1.0560808e-24
-2.1034616e-36
-2.0916359e-47
-2.3038028e-57
2.2102278e-65
-1.1510771e-72
-5.060101e-80
-2.216991e-87
-1.0154657e-94
-4.9504932e-102
-2.5063634e-109
-1.326858e-116
-7.2658682e-124
-4.2015822e-131
-2.4867319e-138
-1.478266e-145
-9.5096976e-153
-6.1809869e-160
-4.1766024e-167
-2.9720312e-174
-2.1092202e-181
-1.5913911e-188
-1.2306044e-195
-9.9184495e-203
-7.9091618e-210
-6.6255069e-217
-5.6552005e-224
-5.0729621e-231
-4.6491698e-238
-4.3346973e-245
-4.17321e-252
-3.9687032e-259
-3.9116473e-266
-3.7180718e-273
-3.8998747e-280
-4.2171979e-287
8.1753151e-294
-1.0401218e-301
8.1234635e-310
-1.4140105e-11
1.0563505e-24
-2.1032428e-36
-2.0993801e-47
-2.3217318e-57
2.2672016e-65
-1.1364881e-72
-5.3222081e-80
-2.5205697e-87
-1.2120387e-94
-6.0759369e-102
-3.2447221e-109
-1.8030839e-116
-1.0163776e-123
-6.1107231e-131
-3.6683213e-138
-2.3144787e-145
-1.5472049e-152
-1.1056433e-159
-7.9056663e-167
-5.9085263e-174
-4.4101128e-181
-3.4532417e-188
-2.7915513e-195
-2.2753649e-202
-1.9875292e-209
-1.7630462e-216
-1.5834271e-223
-1.412638e-230
-1.3063141e-237
-1.2489577e-244
-1.237862e-251
-1.2249771e-258
-1.2481312e-265
-1.2653284e-272
-1.3782259e-279
-1.7189765e-286
3.0705635e-293
-3.8801915e-301
3.0338762e-309
-1.4139403e-11
1.0566598e-24
-2.1031541e-36
-2.1082525e-47
-2.3421202e-57
2.3505851e-65
-1.1669304e-72
-5.8508151e-80
-2.772973e-87
-1.4116781e-94
-7.5821339e-102
-4.2522164e-109
-2.475358e-116
-1.4990997e-123
-9.0924542e-131
-6.0513102e-138
-3.9891747e-145
-2.8770029e-152
-2.042827e-159
-1.5421812e-166
-1.2032241e-173
-9.929015e-181
-8.1516727e-188
-7.1494932e-195
-6.1239061e-202
-5.5834272e-209
-5.1392045e-216
-5.0270483e-223
-4.6881372e-230
-4.7188998e-237
-4.9445413e-244
-5.2879718e-251
-5.4822118e-258
-5.9002584e-265
-6.3268117e-272
-6.8250499e-279
-8.8774651e-286
1.4037003e-292
-1.7604667e-300
1.3688913e-308
-1.4138559e-11
1.0570169e-24
-2.1032648e-36
-2.1184852e-47
-2.3657747e-57
2.435471e-65
-1.1745572e-72
-6.0399687e-80
-3.17581e-87
-1.7460559e-94
-9.8380016e-102
-5.8485651e-109
-3.5595604e-116
-2.2845091e-123
-1.5161213e-130
-1.0330947e-137
-7.4006973e-145
-5.3459101e-152
-4.1802277e-159
-3.3185301e-166
-2.8345516e-173
-2.4444305e-180
-2.1299471e-187
-2.0016025e-194
-1.917202e-201
-1.7970108e-208
-1.8009563e-215
-1.8779867e-222
-1.9491994e-229
-2.1177399e-236
-2.3233089e-243
-2.5860971e-250
-2.9840354e-257
-3.3469679e-264
-3.8796878e-271
-4.699987e-278
-6.9162906e-285
9.9356192e-292
-1.2371236e-299
9.5514289e-308
-1.4137532e-11
1.0574324e-24
-2.1036743e-36
-2.130394e-47
-2.3931817e-57
2.5359334e-65
-1.211138e-72
-6.7855985e-80
-3.6811817e-87
-2.1286358e-94
-1.3253148e-101
-8.3196249e-109
-5.4607411e-116
-3.8712889e-123
-2.8186473e-130
-2.0163516e-137
-1.5384677e-144
-1.2490872e-151
-1.07358e-158
-9.2794775e-166
-8.3323966e-173
-7.7304402e-180
-7.3171588e-187
-7.0089173e-194
-7.0415313e-201
-7.1263888e-208
-7.5131315e-215
-8.1732678e-222
-9.2633404e-229
-1.0619804e-235
-1.2426173e-242
-1.5246308e-249
-1.8274742e-256
-2.2972304e-263
-2.9370209e-270
-3.7054439e-277
-6.118314e-284
8.3442141e-291
-1.0343117e-298
7.960171e-307
-1.4136262e-11
1.0579203e-24
-2.1045211e-36
-2.1443612e-47
-2.4254637e-57
2.6701211e-65
-1.211999e-72
-7.2046391e-80
-4.2772645e-87
-2.661726e-94
-1.7192846e-101
-1.1505061e-108
-8.1462062e-116
-6.0670665e-123
-4.6840696e-130
-3.8628342e-137
-3.2327593e-144
-2.79387e-151
-2.5209406e-158
-2.4040799e-165
-2.3417107e-172
-2.3546208e-179
-2.4219389e-186
-2.6241957e-193
-2.9045585e-200
-3.3421197e-207
-3.7267838e-214
-4.3797089e-221
-5.1676691e-228
-6.7588613e-235
-8.1367622e-242
-1.0275101e-248
-1.3520348e-255
-1.7768929e-262
-2.3163204e-269
-3.3601499e-276
-6.0030082e-283
7.5073186e-290
-9.1577473e-298
7.0047417e-306
-1.4134661e-11
1.0584996e-24
-2.1060153e-36
-2.1609106e-47
-2.4634757e-57
2.8200513e-65
-1.2636574e-72
-8.1175695e-80
-5.2877151e-87
-3.5827108e-94
-2.5403142e-101
-1.8202552e-108
-1.3930518e-115
-1.1162397e-122
-9.5270187e-130
-8.3983558e-137
-8.0362688e-144
-7.8611722e-151
-8.1501723e-158
-8.5528448e-165
-8.9705048e-172
-1.0066978e-178
-1.114753e-185
-1.3040937e-192
-1.5566993e-199
-1.8453881e-206
-2.4800055e-213
-3.1688627e-220
-4.2017559e-227
-5.7263849e-234
-8.2379946e-241
-1.1748444e-247
-1.6700663e-254
-2.4850441e-261
-3.7049952e-268
-5.8253144e-275
-1.2111357e-281
1.3661747e-288
-1.6638616e-296
1.2675051e-304
-1.4132599e-11
1.0591959e-24
-2.10848e-36
-2.1807599e-47
-2.5091508e-57
3.0246042e-65
-1.3088033e-72
-9.4331346e-80
-6.6394027e-87
-4.813891e-94
-3.8210884e-101
-3.0799848e-108
-2.6479762e-115
-2.3524529e-122
-2.2575812e-129
-2.2865929e-136
-2.2537552e-143
-2.3473152e-150
-2.4437769e-157
-2.7742501e-164
-3.3117286e-171
-3.9325063e-178
-4.6784939e-185
-6.4283116e-192
-8.6457112e-199
-1.2685882e-205
-1.7004965e-212
-2.4898066e-219
-3.6304341e-226
-5.5114058e-233
-8.6237914e-240
-1.3633054e-246
-2.1981899e-253
-3.5557944e-260
-5.7960056e-267
-1.0696506e-273
3.3756823e-277
1.5406632e-284
-2.4725235e-292
1.9017453e-300
-1.4129869e-11
1.0600455e-24
-2.1124109e-36
-2.2049093e-47
-2.564535e-57
3.2663984e-65
-1.4021352e-72
-1.1580487e-79
-9.0451506e-87
-7.5911785e-94
-6.6204885e-101
-5.9931001e-108
-5.9424633e-115
-5.9865803e-122
-6.0419111e-129
-6.4290949e-136
-7.4480724e-143
-8.4363826e-150
-1.0454474e-156
-1.3716709e-163
-1.869232e-170
-2.4824185e-177
-3.7209503e-184
-5.0192741e-191
-7.3719851e-198
-1.1318042e-204
-1.7706617e-211
-2.9992772e-218
-5.0591916e-225
-8.3528981e-232
-1.3986893e-238
-2.5559761e-245
-3.1350555e-252
-6.0742132e-258
6.6159081e-264
2.6814421e-269
1.4016344e-270
5.36429e-278
-8.5191777e-286
6.5163301e-294
-1.4126145e-11
1.0610996e-24
-2.1185736e-36
-2.2347816e-47
-2.6330231e-57
3.6338502e-65
-1.5531501e-72
-1.4096319e-79
-1.2489095e-86
-1.2195097e-93
-1.2642254e-100
-1.2838154e-107
-1.4144091e-114
-1.6024718e-121
-1.9733519e-128
-2.4957782e-135
-3.1753609e-142
-4.1781544e-149
-5.935747e-156
-9.0694232e-163
-1.4073074e-169
-2.2769759e-176
-3.3119459e-183
-5.3392712e-190
-9.2714946e-197
-1.7443128e-203
-3.3673044e-210
-6.1169349e-217
-9.0391951e-224
-7.5943254e-230
7.2512367e-236
-2.6795263e-240
6.5508104e-246
-2.7769029e-251
3.3408811e-257
1.3469114e-262
5.3510995e-264
2.0296345e-271
-3.1384258e-279
2.3914287e-287
-1.4120854e-11
1.0624374e-24
-2.1283897e-36
-2.2725324e-47
-2.7190107e-57
4.0917401e-65
-1.7099534e-72
-1.861402e-79
-1.9374857e-86
-2.2161018e-93
-2.4918631e-100
-2.9946526e-107
-3.7254092e-114
-5.121022e-121
-7.2136179e-128
-1.1009364e-134
-1.6074955e-141
-2.4705439e-148
-4.1633545e-155
-6.7131635e-162
-1.1664642e-168
-2.063328e-175
-4.0000939e-182
-7.8274865e-189
-1.5901906e-195
2.3563716e-202
-5.7031838e-207
3.7069618e-212
1.1114503e-217
-2.2951942e-223
3.170992e-229
-1.1276462e-233
3.1567342e-239
-1.1646425e-244
1.4207936e-250
6.0914218e-256
1.709214e-257
7.6520471e-265
-1.0099804e-272
7.5857605e-281
-1.4113193e-11
1.0641689e-24
-2.1431429e-36
-2.3211925e-47
-2.8300392e-57
4.7892088e-65
-2.0436148e-72
-2.8442018e-79
-3.4840716e-86
-4.7190348e-93
-6.3110161e-100
-9.2416803e-107
-1.4305097e-113
-2.3332857e-120
-3.7478438e-127
-6.2711805e-134
-1.2469784e-140
-2.3345187e-147
-4.6897241e-154
-1.0806394e-160
-2.3009318e-167
-4.9681819e-174
-1.0841394e-180
-1.4565841e-187
-4.7835727e-190
2.3191651e-195
-2.3320144e-200
1.311098e-205
4.6499031e-211
-7.8276772e-217
1.2866522e-222
-4.0510469e-227
1.0960807e-232
-4.4439729e-238
4.6613669e-244
2.1703039e-249
4.0674529e-251
1.2557627e-258
-2.183714e-266
1.6507063e-274
-1.4100995e-11
1.0664265e-24
-2.1689408e-36
-2.3855243e-47
-2.9745489e-57
5.749779e-65
-2.4655276e-72
-4.3487198e-79
-7.2966952e-86
-1.1735458e-92
-2.0506749e-99
-3.8444162e-106
-7.2579823e-113
-1.5479112e-119
-3.4007857e-126
-8.0845177e-133
-1.7338215e-139
-4.0612593e-146
-9.3226408e-153
-3.2139375e-159
-2.2174546e-165
6.7443394e-171
4.6748164e-176
4.1457951e-181
-1.5108581e-183
7.3813347e-189
-7.6547404e-194
4.0223942e-199
1.4185582e-204
-2.5410994e-210
3.5505055e-216
-1.192956e-220
3.1142422e-226
-1.099241e-231
1.3988154e-237
6.0181423e-243
8.3971717e-245
8.5054615e-252
-9.3355578e-260
6.8683682e-268
-1.4082125e-11
1.0700406e-24
-2.2104663e-36
-2.4834161e-47
-3.1942179e-57
7.5371574e-65
-3.2017748e-72
-8.4443072e-79
-1.859257e-85
-4.5425125e-92
-1.17943e-98
-3.5383073e-105
-1.0126004e-111
-3.2029518e-118
-1.0490724e-124
-3.2898356e-131
-1.1157719e-137
8.6552732e-144
-2.2192658e-148
-2.0011058e-153
-4.1732083e-159
1.959519e-164
1.3578176e-169
1.0369469e-174
-4.1846316e-177
1.8817413e-182
-1.7818587e-187
8.7076166e-193
3.1662885e-198
-5.2241972e-204
8.2787296e-210
-2.4159834e-214
7.9354425e-220
-2.1095282e-225
2.5273126e-231
1.2103562e-236
5.4650345e-239
-6.8311709e-246
7.7992595e-254
-5.6937257e-262
-1.4059066e-11
1.0722412e-24
-2.2422492e-36
-2.5589698e-47
-3.3793684e-57
9.9374978e-65
-4.3694736e-72
-1.7048991e-78
-5.6219025e-85
-1.9475192e-91
-6.4117137e-98
-2.5319752e-104
-1.2652058e-110
-1.374896e-116
-2.6518676e-122
-7.3916767e-127
4.2056598e-132
1.9355821e-137
-2.8567501e-142
-2.6768858e-147
-5.2184561e-153
2.5714867e-158
1.2205682e-163
1.2352475e-168
-3.8866268e-171
1.4844484e-176
-1.7694423e-181
8.775133e-187
3.1677467e-192
-6.6490236e-198
9.8480246e-204
-2.4276132e-208
9.192542e-214
-2.497142e-219
1.740202e-225
8.0991213e-231
8.1010366e-234
-1.1002519e-241
1.2175362e-249
-8.8590632e-258
-1.3962807e-11
1.0865628e-24
-2.5323502e-36
-3.002161e-47
-4.3125754e-57
3.6075011e-64
-1.8179138e-71
3.1550687e-77
3.2448274e-83
1.6413131e-88
6.0580496e-94
9.0377092e-100
1.4929309e-105
1.4825368e-110
2.0754496e-116
2.4022032e-122
5.4353774e-128
1.7674368e-133
2.7163966e-139
-7.1294985e-145
-1.8778648e-150
-2.0603057e-155
-6.2162087e-161
1.291455e-166
-5.9614386e-172
-9.1727735e-177
-2.3661455e-182
5.0083648e-188
-3.9414803e-193
6.4538093e-199
-4.5499831e-203
1.8742573e-208
-3.4492852e-214
-2.110149e-219
1.2415384e-224
-1.9559727e-230
9.2456455e-237
-6.0439897e-244
6.7513445e-252
-4.8635447e-260
)
;

boundaryField
{
    wall
    {
        type            fixedValue;
        value           uniform 350;
    }
    sides
    {
        type            zeroGradient;
    }
    frontAndBack
    {
        type            empty;
    }
    inlet
    {
        type            fixedValue;
        value           uniform 300;
    }
    outlet
    {
        type            zeroGradient;
    }
}


// ************************************************************************* //
