# Residuals     
# Time          	Uy              	Uz              	p               	h               	T               
0               	N/A	N/A	N/A	N/A
0.000119048     	9.99976756e-01	1.00000000e+00	9.99999993e-01	1.00000000e+00	N/A
0.000260204     	6.27297891e-01	5.26395196e-01	1.65007680e-01	3.05299280e-01	N/A
0.000428132     	2.62538483e-01	5.11639665e-01	3.22531356e-02	1.79121840e-01	N/A
0.000627546     	3.83039728e-01	4.77224054e-01	1.47805030e-02	1.27448263e-01	N/A
0.000861857     	6.10286526e-02	3.40002989e-01	2.15604164e-02	9.96786716e-02	N/A
0.00113877      	1.12140070e-01	3.06836553e-02	8.23145324e-02	8.34676524e-02	N/A
0.00146696      	3.61001752e-02	5.40378567e-01	3.11805123e-03	7.27368869e-02	N/A
0.00185483      	3.92126699e-02	6.37286106e-01	1.60414286e-02	6.47248431e-02	N/A
0.00230734      	1.89437610e-02	1.92144432e-01	1.63192638e-02	5.78122585e-02	N/A
0.00282018      	2.68512675e-02	3.72909653e-01	8.85339672e-03	5.09022046e-02	N/A
0.0034185       	3.12351075e-02	1.32821600e-01	3.80590182e-02	4.81997223e-02	N/A
0.00407665      	3.17391489e-02	3.01474949e-01	8.09975958e-03	4.35693058e-02	N/A
0.00481707      	3.44077932e-02	9.97280575e-02	3.47005682e-02	4.08269927e-02	N/A
0.00568089      	3.83879710e-02	1.27440226e-01	7.06833101e-03	3.98968259e-02	N/A
0.00654471      	3.62199729e-02	6.16470625e-02	1.46466515e-02	3.36789323e-02	N/A
0.00740853      	3.42230984e-02	4.23251056e-02	1.85629041e-02	2.89803110e-02	N/A
0.00827236      	3.24602591e-02	3.61838251e-02	9.30566382e-03	2.52089357e-02	N/A
0.00913618      	3.07257271e-02	3.84899347e-02	5.07506008e-03	2.22015184e-02	N/A
0.01            	2.90863218e-02	3.07258325e-02	4.19893591e-03	1.97850922e-02	N/A
0.011           	3.18670907e-02	3.06024754e-02	6.10713887e-03	2.05059785e-02	N/A
0.012125        	3.36694549e-02	3.20910486e-02	3.73648366e-03	2.05269509e-02	N/A
0.01325         	3.14535175e-02	2.88362568e-02	3.56840925e-03	1.82609212e-02	N/A
0.014375        	2.93866303e-02	2.57182606e-02	3.21079022e-03	1.63830924e-02	N/A
0.0155          	2.75251365e-02	2.34180800e-02	2.84277305e-03	1.48126646e-02	N/A
0.016625        	2.58363252e-02	2.15114798e-02	2.51411406e-03	1.34928487e-02	N/A
0.01775         	2.42782676e-02	1.98214477e-02	2.31337138e-03	1.23640299e-02	N/A
0.018875        	2.28838290e-02	1.83574539e-02	2.13095831e-03	1.13901217e-02	N/A
0.02            	2.16117200e-02	1.70886378e-02	1.99719903e-03	1.05529277e-02	N/A
0.02125         	2.27044496e-02	1.76772841e-02	2.79244733e-03	1.08879364e-02	N/A
0.0225          	2.14246563e-02	1.64616425e-02	2.01447083e-03	1.01050282e-02	N/A
0.02375         	2.02658940e-02	1.53863065e-02	1.98620366e-03	9.42029542e-03	N/A
0.025           	1.92494460e-02	1.44309218e-02	1.77649171e-03	8.81235572e-03	N/A
0.02625         	1.83257230e-02	1.35738759e-02	1.62559146e-03	8.26406734e-03	N/A
0.0275          	1.74943239e-02	1.28000975e-02	1.51518538e-03	7.76356353e-03	N/A
0.02875         	1.67505678e-02	1.20990828e-02	1.41432455e-03	7.31404545e-03	N/A
0.03            	1.60805046e-02	1.14612238e-02	1.32345013e-03	6.90903501e-03	N/A
0.03125         	1.54681129e-02	1.08799069e-02	1.25879197e-03	6.54226877e-03	N/A
0.0325          	1.49173528e-02	1.03511165e-02	1.21683171e-03	6.20923612e-03	N/A
0.03375         	1.44265603e-02	9.86485910e-03	1.12372533e-03	5.90561288e-03	N/A
0.035           	1.39615537e-02	9.41267834e-03	1.06549487e-03	5.62947585e-03	N/A
0.03625         	1.35365332e-02	8.99599733e-03	1.04150842e-03	5.37764312e-03	N/A
0.0375          	1.31588471e-02	8.61185732e-03	9.66077632e-04	5.14809206e-03	N/A
0.03875         	1.28042652e-02	8.25532028e-03	9.30476415e-04	4.93703002e-03	N/A
0.04            	1.24681750e-02	7.92124569e-03	9.04457266e-04	4.74183062e-03	N/A
0.04125         	1.21765893e-02	7.61054801e-03	8.57392604e-04	4.56065579e-03	N/A
0.0425          	1.18932006e-02	7.32099957e-03	8.20634671e-04	4.39234550e-03	N/A
0.04375         	1.16290762e-02	7.05004215e-03	7.94279616e-04	4.23532508e-03	N/A
0.045           	1.13899729e-02	6.79650331e-03	7.89923290e-04	4.08881521e-03	N/A
0.04625         	1.11633756e-02	6.55793060e-03	7.38803710e-04	3.95151675e-03	N/A
0.0475          	1.09414954e-02	6.33350621e-03	7.14386454e-04	3.82274441e-03	N/A
0.04875         	1.07452725e-02	6.12253653e-03	7.10967596e-04	3.70161748e-03	N/A
0.05            	1.05509495e-02	5.92396328e-03	6.78488368e-04	3.58744901e-03	N/A
0.05125         	1.03663898e-02	5.73613924e-03	6.60098299e-04	3.48006797e-03	N/A
0.0525          	1.01958016e-02	5.55797878e-03	6.50800510e-04	3.37874849e-03	N/A
0.05375         	1.00312467e-02	5.38888198e-03	6.30100705e-04	3.28301764e-03	N/A
0.055           	9.87044494e-03	5.22799915e-03	6.21743093e-04	3.19253658e-03	N/A
0.05625         	9.72379336e-03	5.07449392e-03	6.09909633e-04	3.10627603e-03	N/A
0.0575          	9.57370538e-03	4.92844866e-03	5.94081890e-04	3.02360905e-03	N/A
0.05875         	9.43425186e-03	4.78864211e-03	5.87279589e-04	2.94381086e-03	N/A
0.06            	9.30067172e-03	4.65493307e-03	5.67524757e-04	2.86767855e-03	N/A
0.06125         	9.16373328e-03	4.52832407e-03	5.68028231e-04	2.79497188e-03	N/A
0.0625          	9.03984129e-03	4.40801135e-03	5.49175361e-04	2.72550581e-03	N/A
0.06375         	8.91597270e-03	4.29273093e-03	5.44612525e-04	2.65904764e-03	N/A
0.065           	8.79105983e-03	4.18207037e-03	5.32235398e-04	2.59540903e-03	N/A
0.06625         	8.67595579e-03	4.07581228e-03	5.21757261e-04	2.53444422e-03	N/A
0.0675          	8.55917273e-03	3.97349902e-03	5.19529920e-04	2.47597534e-03	N/A
0.06875         	8.44625879e-03	3.87665861e-03	5.05843068e-04	2.41991962e-03	N/A
0.07            	8.33294198e-03	3.78427623e-03	5.05389275e-04	2.36601563e-03	N/A
0.07125         	8.23140770e-03	3.69519632e-03	4.96398398e-04	2.31426776e-03	N/A
0.0725          	8.11940631e-03	3.60963731e-03	4.88529276e-04	2.26441261e-03	N/A
0.07375         	8.02045347e-03	3.52748232e-03	4.85183416e-04	2.21644038e-03	N/A
0.075           	7.91870953e-03	3.44838496e-03	4.73731202e-04	2.17024407e-03	N/A
0.07625         	7.81442562e-03	3.37164451e-03	4.70565132e-04	2.12573906e-03	N/A
0.0775          	7.72243644e-03	3.29748508e-03	4.67447095e-04	2.08286544e-03	N/A
0.07875         	7.62439446e-03	3.22551295e-03	4.57012561e-04	2.04165221e-03	N/A
0.08            	7.52847941e-03	3.15582106e-03	4.53736074e-04	2.00184899e-03	N/A
0.08125         	7.44117742e-03	3.08736741e-03	4.48286135e-04	1.96334819e-03	N/A
0.0825          	7.34618996e-03	3.02073830e-03	4.39281793e-04	1.92610616e-03	N/A
0.08375         	7.25864103e-03	2.95590107e-03	4.42607323e-04	1.89004295e-03	N/A
0.085           	7.17354265e-03	2.89320619e-03	4.36627917e-04	1.85510610e-03	N/A
0.08625         	7.08414566e-03	2.83211470e-03	4.24749552e-04	1.82125063e-03	N/A
0.0875          	7.00197099e-03	2.77322036e-03	4.28168799e-04	1.78838901e-03	N/A
0.08875         	6.92033318e-03	2.71584648e-03	4.16508786e-04	1.75653245e-03	N/A
0.09            	6.83639469e-03	2.66016767e-03	4.16697069e-04	1.72555570e-03	N/A
0.09125         	6.75801397e-03	2.60590237e-03	4.14921938e-04	1.69553635e-03	N/A
0.0925          	6.67855693e-03	2.55321066e-03	4.00739823e-04	1.66632433e-03	N/A
0.09375         	6.60156747e-03	2.50148903e-03	4.06275462e-04	1.63794422e-03	N/A
0.095           	6.52460309e-03	2.45104791e-03	4.01160555e-04	1.61034778e-03	N/A
0.09625         	6.45114639e-03	2.40158476e-03	3.90829637e-04	1.58350492e-03	N/A
0.0975          	6.37556252e-03	2.35313772e-03	3.88725233e-04	1.55735991e-03	N/A
0.09875         	6.30067474e-03	2.30606342e-03	3.79922509e-04	1.53191452e-03	N/A
0.1             	6.23326586e-03	2.26030258e-03	3.75817432e-04	1.50714138e-03	N/A
0.10125         	6.16172951e-03	2.21564380e-03	3.76375237e-04	1.48294707e-03	N/A
0.1025          	6.09138606e-03	2.17234568e-03	3.64875813e-04	1.45925836e-03	N/A
0.10375         	6.02704780e-03	2.13023934e-03	3.64801051e-04	1.43594970e-03	N/A
0.105           	5.95864981e-03	2.08917154e-03	3.62864256e-04	1.41303571e-03	N/A
0.10625         	5.89289511e-03	2.04896803e-03	3.53004612e-04	1.39066488e-03	N/A
0.1075          	5.83118241e-03	2.00998770e-03	3.52450192e-04	1.36880245e-03	N/A
0.10875         	5.76659255e-03	1.97178935e-03	3.48075039e-04	1.34746727e-03	N/A
0.11            	5.70455726e-03	1.93448417e-03	3.43603490e-04	1.32659188e-03	N/A
0.11125         	5.64640335e-03	1.89806919e-03	3.41437237e-04	1.30623094e-03	N/A
0.1125          	5.58483254e-03	1.86262610e-03	3.34290006e-04	1.28629833e-03	N/A
0.11375         	5.52726772e-03	1.82831951e-03	3.32735714e-04	1.26681583e-03	N/A
0.115           	5.47066294e-03	1.79483519e-03	3.30975731e-04	1.24775937e-03	N/A
0.11625         	5.41361516e-03	1.76224476e-03	3.21778560e-04	1.22912194e-03	N/A
0.1175          	5.35885389e-03	1.73023858e-03	3.21373347e-04	1.21088887e-03	N/A
0.11875         	5.30484898e-03	1.69896494e-03	3.18124608e-04	1.19305152e-03	N/A
0.12            	5.25082125e-03	1.66829442e-03	3.11335841e-04	1.17563220e-03	N/A
0.12125         	5.19848470e-03	1.63814397e-03	3.11781175e-04	1.15857880e-03	N/A
0.1225          	5.14725765e-03	1.60857064e-03	3.07997973e-04	1.14187061e-03	N/A
0.12375         	5.09414808e-03	1.57951869e-03	3.02858765e-04	1.12549145e-03	N/A
0.125           	5.04499700e-03	1.55095851e-03	3.03523173e-04	1.10943372e-03	N/A
0.12625         	4.99522311e-03	1.52282638e-03	2.97109211e-04	1.09369832e-03	N/A
0.1275          	4.94405963e-03	1.49532713e-03	2.93832361e-04	1.07826051e-03	N/A
0.12875         	4.89607844e-03	1.46829669e-03	2.92908130e-04	1.06312524e-03	N/A
0.13            	4.84831334e-03	1.44176505e-03	2.87946214e-04	1.04826015e-03	N/A
0.13125         	4.79815982e-03	1.41581279e-03	2.86274780e-04	1.03368879e-03	N/A
0.1325          	4.75124534e-03	1.39020568e-03	2.85011669e-04	1.01937763e-03	N/A
0.13375         	4.70509284e-03	1.36507589e-03	2.80712088e-04	1.00533026e-03	N/A
0.135           	4.65605707e-03	1.34037979e-03	2.79517334e-04	9.91533682e-04	N/A
0.13625         	4.60977137e-03	1.31608810e-03	2.77220496e-04	9.77983033e-04	N/A
0.1375          	4.56472501e-03	1.29219446e-03	2.73662365e-04	9.64671505e-04	N/A
0.13875         	4.51636673e-03	1.26871025e-03	2.72910127e-04	9.51598671e-04	N/A
0.14            	4.47111785e-03	1.24560139e-03	2.70105118e-04	9.38760779e-04	N/A
0.14125         	4.42603460e-03	1.22290455e-03	2.66355554e-04	9.26153544e-04	N/A
0.1425          	4.37882580e-03	1.20055474e-03	2.65762377e-04	9.13755879e-04	N/A
0.14375         	4.33333247e-03	1.17845972e-03	2.64003306e-04	9.01559760e-04	N/A
0.145           	4.28884884e-03	1.15687339e-03	2.61393285e-04	8.89559252e-04	N/A
0.14625         	4.24173729e-03	1.13552205e-03	2.60588369e-04	8.77751252e-04	N/A
0.1475          	4.19578807e-03	1.11445124e-03	2.59590039e-04	8.66130401e-04	N/A
0.14875         	4.15112682e-03	1.09376640e-03	2.57919265e-04	8.54693187e-04	N/A
0.15            	4.10369485e-03	1.07340705e-03	2.57092527e-04	8.43426960e-04	N/A
0.15125         	4.05774647e-03	1.05329655e-03	2.56973762e-04	8.32321529e-04	N/A
0.1525          	4.01155413e-03	1.03344221e-03	2.56580300e-04	8.21365507e-04	N/A
0.15375         	3.96356091e-03	1.01405374e-03	2.56102339e-04	8.10558787e-04	N/A
0.155           	3.91658154e-03	9.94916126e-04	2.56329539e-04	7.99896594e-04	N/A
0.15625         	3.86873040e-03	9.75956266e-04	2.58205393e-04	7.89371946e-04	N/A
0.1575          	3.81886943e-03	9.57451960e-04	2.59969835e-04	7.78986338e-04	N/A
0.15875         	3.76862213e-03	9.39208983e-04	2.61961862e-04	7.68731210e-04	N/A
0.16            	3.71682152e-03	9.21092724e-04	2.65395672e-04	7.58602308e-04	N/A
0.16125         	3.66239606e-03	9.03344891e-04	2.71633614e-04	7.48591723e-04	N/A
0.1625          	3.60555407e-03	8.85903840e-04	2.76958293e-04	7.38683503e-04	N/A
0.16375         	3.54577295e-03	8.68593430e-04	2.82983491e-04	7.28856800e-04	N/A
0.165           	3.48190218e-03	8.51582950e-04	2.93603144e-04	7.19102121e-04	N/A
0.16625         	3.41465322e-03	8.35045767e-04	3.09482347e-04	7.09403372e-04	N/A
0.1675          	3.34113636e-03	8.18526565e-04	3.08755162e-04	6.99745840e-04	N/A
0.16875         	3.26356881e-03	8.02366315e-04	3.28311827e-04	6.90103902e-04	N/A
0.17            	3.18041052e-03	7.86712579e-04	3.36497378e-04	6.80449851e-04	N/A
0.17125         	3.09164470e-03	7.71314003e-04	3.40551637e-04	6.70755598e-04	N/A
0.1725          	2.99747966e-03	7.56265599e-04	3.46929371e-04	6.60988153e-04	N/A
0.17375         	2.90034124e-03	7.41723315e-04	3.51060500e-04	6.51127804e-04	N/A
0.175           	2.79910204e-03	7.27438226e-04	3.47314569e-04	6.41145450e-04	N/A
0.17625         	2.69654792e-03	7.13539870e-04	3.41130154e-04	6.31022558e-04	N/A
0.1775          	2.59457964e-03	6.99846621e-04	3.34285632e-04	6.20749456e-04	N/A
0.17875         	2.49295508e-03	6.86232352e-04	3.21176259e-04	6.10323671e-04	N/A
0.18            	2.39507083e-03	6.72732957e-04	3.04715273e-04	5.99753885e-04	N/A
0.18125         	2.30132812e-03	6.59123359e-04	2.85341519e-04	5.89060600e-04	N/A
0.1825          	2.20828773e-03	6.45598238e-04	2.68265554e-04	5.78272790e-04	N/A
0.18375         	2.11823198e-03	6.32298121e-04	2.46140189e-04	5.67428694e-04	N/A
0.185           	2.02829601e-03	6.19217234e-04	2.26691256e-04	5.56574953e-04	N/A
0.18625         	1.93536732e-03	6.06469471e-04	2.27064399e-04	5.45762524e-04	N/A
0.1875          	1.84207821e-03	5.94200290e-04	2.30400630e-04	5.35044475e-04	N/A
0.18875         	1.74722446e-03	5.82508596e-04	2.36156685e-04	5.24470124e-04	N/A
0.19            	1.65285986e-03	5.71405118e-04	2.40350990e-04	5.14083874e-04	N/A
0.19125         	1.56395669e-03	5.60997617e-04	2.41327891e-04	5.03921581e-04	N/A
0.1925          	1.47562710e-03	5.51372971e-04	2.40241810e-04	4.94009619e-04	N/A
0.19375         	1.39490823e-03	5.42413073e-04	2.35579735e-04	4.84362879e-04	N/A
0.195           	1.32003010e-03	5.34193199e-04	2.27927578e-04	4.74987513e-04	N/A
0.19625         	1.24930652e-03	5.26564931e-04	2.18036774e-04	4.65880157e-04	N/A
0.1975          	1.18379590e-03	5.19272688e-04	2.05537667e-04	4.57029530e-04	N/A
0.19875         	1.12419215e-03	5.12439214e-04	1.91319156e-04	4.48418444e-04	N/A
0.2             	1.07061088e-03	5.05724428e-04	1.76567972e-04	4.40026900e-04	N/A
0.20125         	1.02317804e-03	4.99063784e-04	1.63064596e-04	4.31832596e-04	N/A
0.2025          	9.82155735e-04	4.92453441e-04	1.51672813e-04	4.23814840e-04	N/A
0.20375         	9.46123755e-04	4.85841730e-04	1.41482263e-04	4.15954732e-04	N/A
0.205           	9.13263418e-04	4.79235762e-04	1.33156200e-04	4.08236381e-04	N/A
0.20625         	8.84008112e-04	4.72635991e-04	1.25820772e-04	4.00648169e-04	N/A
0.2075          	8.57636654e-04	4.66069431e-04	1.20001096e-04	3.93182369e-04	N/A
0.20875         	8.33222756e-04	4.59512885e-04	1.15269822e-04	3.85833705e-04	N/A
0.21            	8.11073632e-04	4.52982702e-04	1.11380456e-04	3.78600280e-04	N/A
0.21125         	7.91571321e-04	4.46490873e-04	1.07921824e-04	3.71482241e-04	N/A
0.2125          	7.74746375e-04	4.40023475e-04	1.04686927e-04	3.64480975e-04	N/A
0.21375         	7.60600629e-04	4.33594089e-04	1.01626296e-04	3.57598379e-04	N/A
0.215           	7.48933586e-04	4.27229129e-04	9.87875863e-05	3.50836268e-04	N/A
0.21625         	7.39289799e-04	4.20920510e-04	9.62170937e-05	3.44195963e-04	N/A
0.2175          	7.31189776e-04	4.14673211e-04	9.39951927e-05	3.37678049e-04	N/A
0.21875         	7.24327816e-04	4.08478606e-04	9.21147658e-05	3.31282299e-04	N/A
0.22            	7.18160266e-04	4.02336450e-04	9.06746867e-05	3.25007711e-04	N/A
0.22125         	7.12512235e-04	3.96236583e-04	8.97457448e-05	3.18852666e-04	N/A
0.2225          	7.07144992e-04	3.90180290e-04	8.88292250e-05	3.12815035e-04	N/A
0.22375         	7.02012019e-04	3.84167742e-04	8.79692265e-05	3.06892411e-04	N/A
0.225           	6.97020392e-04	3.78199062e-04	8.70655915e-05	3.01082066e-04	N/A
0.22625         	6.92221803e-04	3.72275394e-04	8.61143521e-05	2.95381361e-04	N/A
0.2275          	6.87597694e-04	3.66397878e-04	8.51081616e-05	2.89787806e-04	N/A
0.22875         	6.83103761e-04	3.60565844e-04	8.40945683e-05	2.84299043e-04	N/A
0.23            	6.78811662e-04	3.54781892e-04	8.30385512e-05	2.78912579e-04	N/A
0.23125         	6.74621215e-04	3.49046189e-04	8.19735857e-05	2.73626321e-04	N/A
0.2325          	6.70518003e-04	3.43359102e-04	8.08982510e-05	2.68438320e-04	N/A
0.23375         	6.66501609e-04	3.37722158e-04	7.98342977e-05	2.63346264e-04	N/A
0.235           	6.62544673e-04	3.32135911e-04	7.88341641e-05	2.58348121e-04	N/A
0.23625         	6.58604219e-04	3.26600317e-04	7.78472708e-05	2.53441675e-04	N/A
0.2375          	6.54668365e-04	3.21116165e-04	7.69659532e-05	2.48624618e-04	N/A
0.23875         	6.50750294e-04	3.15683793e-04	7.61149733e-05	2.43894706e-04	N/A
0.24            	6.46787582e-04	3.10303969e-04	7.53766826e-05	2.39249524e-04	N/A
0.24125         	6.42791458e-04	3.04976652e-04	7.46668390e-05	2.34686683e-04	N/A
0.2425          	6.37652236e-04	2.99638345e-04	6.63537512e-05	2.30204121e-04	N/A
0.24375         	6.33628763e-04	2.94394729e-04	6.59168799e-05	2.25799405e-04	N/A
0.245           	6.29486641e-04	2.89248583e-04	6.53004506e-05	2.21469809e-04	N/A
0.24625         	6.25303682e-04	2.84134503e-04	6.47800852e-05	2.17212959e-04	N/A
0.2475          	6.21093205e-04	2.79071170e-04	6.42576245e-05	2.13026406e-04	N/A
0.24875         	6.16843463e-04	2.74067089e-04	6.37779097e-05	2.08907862e-04	N/A
0.25            	6.12586642e-04	2.69116921e-04	6.33556419e-05	2.04855203e-04	N/A
0.25125         	6.08299302e-04	2.64220762e-04	6.29817517e-05	2.00866204e-04	N/A
0.2525          	6.04007014e-04	2.59379124e-04	6.26372169e-05	1.96938761e-04	N/A
0.25375         	5.99707741e-04	2.54592494e-04	6.23129077e-05	1.93070942e-04	N/A
0.255           	5.95385769e-04	2.49860465e-04	6.20147026e-05	1.89260907e-04	N/A
0.25625         	5.91063496e-04	2.45184181e-04	6.17245400e-05	1.85506770e-04	N/A
0.2575          	5.86711430e-04	2.40563269e-04	6.14873306e-05	1.81806803e-04	N/A
0.25875         	5.82377933e-04	2.35997843e-04	6.12605295e-05	1.78159447e-04	N/A
0.26            	5.78003584e-04	2.31488344e-04	6.10535335e-05	1.74563267e-04	N/A
0.26125         	5.73622547e-04	2.27034662e-04	6.08581059e-05	1.71016876e-04	N/A
0.2625          	5.69203164e-04	2.22637296e-04	6.06723312e-05	1.67518965e-04	N/A
0.26375         	5.62952228e-04	2.18128414e-04	5.01762598e-05	1.64069228e-04	N/A
0.265           	5.58753122e-04	2.13797888e-04	5.08087696e-05	1.60666449e-04	N/A
0.26625         	5.54196987e-04	2.09627633e-04	5.06835804e-05	1.57309122e-04	N/A
0.2675          	5.49667199e-04	2.05450924e-04	5.06135401e-05	1.53996309e-04	N/A
0.26875         	5.45048012e-04	2.01324927e-04	5.04175156e-05	1.50727249e-04	N/A
0.27            	5.40361800e-04	1.97268706e-04	5.02859595e-05	1.47501276e-04	N/A
0.27125         	5.35589229e-04	1.93264528e-04	5.01336558e-05	1.44317834e-04	N/A
0.2725          	5.30722801e-04	1.89313130e-04	4.99497070e-05	1.41176425e-04	N/A
0.27375         	5.25753916e-04	1.85417684e-04	4.97402218e-05	1.38076685e-04	N/A
0.275           	5.20685412e-04	1.81576746e-04	4.95169749e-05	1.35018368e-04	N/A
0.27625         	5.15516143e-04	1.77790438e-04	4.92637143e-05	1.32001258e-04	N/A
0.2775          	5.10244735e-04	1.74058494e-04	4.90013773e-05	1.29025202e-04	N/A
0.27875         	5.04877213e-04	1.70380615e-04	4.87116492e-05	1.26090103e-04	N/A
0.28            	4.99409292e-04	1.66756826e-04	4.84122331e-05	1.23195917e-04	N/A
0.28125         	4.93842404e-04	1.63186883e-04	4.80736170e-05	1.20342646e-04	N/A
0.2825          	4.88183162e-04	1.59671211e-04	4.77491576e-05	1.17530328e-04	N/A
0.28375         	4.82434277e-04	1.56209101e-04	4.73907935e-05	1.14759037e-04	N/A
0.285           	4.76592026e-04	1.52800422e-04	4.70139122e-05	1.12028871e-04	N/A
0.28625         	4.70667703e-04	1.49445535e-04	4.66266894e-05	1.09339931e-04	N/A
0.2875          	4.64661623e-04	1.46143965e-04	4.62091351e-05	1.06692348e-04	N/A
0.28875         	4.58581519e-04	1.42895254e-04	4.57859025e-05	1.04086261e-04	N/A
0.29            	4.52426917e-04	1.39699654e-04	4.53492424e-05	1.01521835e-04	N/A
0.29125         	4.46207214e-04	1.36556904e-04	4.48910019e-05	9.89992109e-05	N/A
0.2925          	4.39925031e-04	1.33466915e-04	4.44240144e-05	9.65185220e-05	N/A
0.29375         	4.33589214e-04	1.30429150e-04	4.39360873e-05	9.40798924e-05	N/A
0.295           	4.27200864e-04	1.27443645e-04	4.34371813e-05	9.16834265e-05	N/A
0.29625         	4.20771319e-04	1.24509853e-04	4.29258379e-05	8.93292221e-05	N/A
0.2975          	4.14301232e-04	1.21627846e-04	4.23991643e-05	8.70173411e-05	N/A
0.29875         	4.07800724e-04	1.18797237e-04	4.18662038e-05	8.47478294e-05	N/A
0.3             	4.01273650e-04	1.16017536e-04	4.13229573e-05	8.25207118e-05	N/A
