/*--------------------------------*- C++ -*----------------------------------*\
  =========                 |
  \\      /  F ield         | OpenFOAM: The Open Source CFD Toolbox
   \\    /   O peration     | Website:  https://openfoam.org
    \\  /    A nd           | Version:  10
     \\/     M anipulation  |
\*---------------------------------------------------------------------------*/
FoamFile
{
    format      ascii;
    class       volScalarField;
    location    "0.09";
    object      T;
}
// * * * * * * * * * * * * * * * * * * * * * * * * * * * * * * * * * * * * * //

dimensions      [0 0 0 1 0 0 0];

internalField   nonuniform List<scalar> 
4000
(
303.10114
299.34309
299.99042
300.00082
299.99993
300
300
300
300
300
300
300
300
300
300
300
300
300
300
300
300
300
300
300
300
300
300
300
300
300
300
300
300
300
300
300
300
300
300
300.00001
309.66213
298.49344
299.7794
300.00183
300.0008
299.99999
300
300
300
300
300
300
300
300
300
300
300
300
300
300
300
300
300
300
300
300
300
300
300
300
300
300
300
300
300
300
300
300
299.99999
300.00002
316.00089
298.6847
299.39285
299.97574
300.00404
300.00025
299.99999
300
300
300
300
300
300
300
300
300
300
300
300
300
300
300
300
300
300
300
300
300
300
300
300
300
300
300
300
300
300
299.99999
299.99999
300.00002
321.73584
299.84454
298.98604
299.89519
300.00713
300.00138
300
299.99999
300
300
300
300
300
300
300
300
300
300
300
300
300
300
300
300
300
300
300
300
300
300
300
300
300
300
300
300
299.99999
299.99999
299.99999
300.00003
326.66061
301.69604
298.71161
299.75391
300.00322
300.00376
300.00017
299.99998
300
300
300
300
300
300
300
300
300
300
300
300
300
300
300
300
300
300
300
300
300
300
300
300
300
300
299.99999
299.99999
299.99999
299.99998
299.99999
300.00004
330.66974
303.93865
298.66457
299.56989
299.9844
300.00691
300.0007
299.99996
299.99999
300
300
300
300
300
300
300
300
300
300
300
300
300
300
300
300
300
300
300
300
300
300
300
300
299.99999
299.99999
299.99999
299.99999
299.99998
300
300.00004
333.7537
306.31448
298.87075
299.37629
299.94564
300.0093
300.00178
300
299.99998
299.99999
300
300
300
300
300
300
300
300
300
300
300
300
300
300
300
300
300
300
300
300
300
300
299.99999
299.99999
299.99999
299.99999
299.99998
299.99998
300
300.00004
335.99543
308.63891
299.30466
299.20743
299.88686
300.00884
300.00339
300.00013
299.99996
299.99999
299.99999
300
300
300
300
300
300
300
300
300
300
300
300
300
300
300
300
300
300
300
299.99999
299.99999
299.99999
299.99999
299.99999
299.99998
299.99998
299.99998
300
300.00004
337.54151
310.80106
299.91619
299.08901
299.81249
300.00356
300.00532
300.00044
299.99995
299.99998
299.99999
299.99999
300
300
300
300
300
300
300
300
300
300
300
300
300
300
300
300
300
299.99999
299.99999
299.99999
299.99999
299.99999
299.99999
299.99998
299.99998
299.99998
300.00001
300.00004
338.56306
312.74805
300.65049
299.03519
299.72957
299.9922
300.00711
300.00096
299.99996
299.99998
299.99999
299.99999
299.99999
299.99999
300
300
300
300
300
300
300
300
300
300
300
300
300
299.99999
299.99999
299.99999
299.99999
299.99999
299.99999
299.99999
299.99998
299.99998
299.99998
299.99998
300.00001
300.00004
339.22235
314.4668
301.45859
299.05006
299.64578
299.97441
300.00824
300.00169
300
299.99996
299.99999
299.99999
299.99999
299.99999
299.99999
299.99999
300
300
300
300
300
300
300
300
300
299.99999
299.99999
299.99999
299.99999
299.99999
299.99999
299.99999
299.99999
299.99999
299.99998
299.99998
299.99997
299.99998
300.00002
300.00004
339.65211
315.96825
302.30178
299.13063
299.56808
299.95068
300.00818
300.00258
300.0001
299.99995
299.99999
299.99999
299.99999
299.99999
299.99999
299.99999
299.99999
299.99999
299.99999
299.99999
299.99999
299.99999
299.99999
299.99999
299.99999
299.99999
299.99999
299.99999
299.99999
299.99999
299.99999
299.99999
299.99999
299.99999
299.99998
299.99998
299.99997
299.99999
300.00002
300.00003
339.94826
317.27537
303.15203
299.26983
299.50193
299.92215
300.00653
300.00353
300.00027
299.99995
299.99998
299.99999
299.99999
299.99999
299.99999
299.99999
299.99999
299.99999
299.99999
299.99999
299.99999
299.99999
299.99999
299.99999
299.99999
299.99999
299.99999
299.99999
299.99999
299.99999
299.99999
299.99999
299.99999
299.99998
299.99998
299.99998
299.99997
299.99999
300.00002
300.00003
340.17273
318.41504
303.99046
299.4589
299.45112
299.89031
300.00302
300.00441
300.00052
299.99995
299.99998
299.99999
299.99999
299.99999
299.99999
299.99999
299.99999
299.99999
299.99999
299.99999
299.99999
299.99999
299.99999
299.99999
299.99999
299.99999
299.99999
299.99999
299.99999
299.99999
299.99999
299.99999
299.99999
299.99998
299.99998
299.99997
299.99997
299.99999
300.00003
300.00003
340.36098
319.41326
304.80516
299.68886
299.41794
299.85678
299.99755
300.00509
300.00083
299.99997
299.99997
299.99999
299.99999
299.99999
299.99999
299.99999
299.99999
299.99999
299.99999
299.99999
299.99999
299.99999
299.99999
299.99999
299.99999
299.99999
299.99999
299.99999
299.99999
299.99999
299.99999
299.99999
299.99998
299.99998
299.99998
299.99997
299.99998
300
300.00003
300.00003
340.53041
320.29284
305.5891
299.95131
299.40342
299.82316
299.99018
300.00545
300.00119
300.00001
299.99996
299.99999
299.99999
299.99999
299.99999
299.99999
299.99999
299.99999
299.99999
299.99999
299.99999
299.99999
299.99999
299.99999
299.99999
299.99999
299.99999
299.99999
299.99999
299.99999
299.99999
299.99998
299.99998
299.99998
299.99998
299.99997
299.99998
300
300.00003
300.00003
340.68744
321.07243
306.33837
300.23876
299.40764
299.79088
299.98109
300.00537
300.00158
300.00007
299.99996
299.99998
299.99999
299.99999
299.99999
299.99999
299.99999
299.99999
299.99999
299.99999
299.99999
299.99999
299.99999
299.99999
299.99999
299.99999
299.99999
299.99999
299.99999
299.99999
299.99999
299.99998
299.99998
299.99998
299.99998
299.99997
299.99998
300
300.00003
300.00002
340.83281
321.7665
307.05095
300.54473
299.43004
299.76121
299.97056
300.00478
300.00196
300.00015
299.99996
299.99998
299.99999
299.99999
299.99999
299.99999
299.99999
299.99999
299.99999
299.99999
299.99999
299.99999
299.99999
299.99999
299.99999
299.99999
299.99999
299.99999
299.99999
299.99999
299.99998
299.99998
299.99998
299.99998
299.99997
299.99997
299.99998
300
300.00003
300.00002
340.96506
322.38575
307.72578
300.86358
299.46959
299.73517
299.95892
300.00362
300.00231
300.00026
299.99996
299.99998
299.99999
299.99999
299.99999
299.99999
299.99999
299.99999
299.99999
299.99999
299.99999
299.99999
299.99999
299.99999
299.99999
299.99999
299.99999
299.99999
299.99999
299.99999
299.99998
299.99998
299.99998
299.99998
299.99997
299.99997
299.99998
300.00001
300.00003
300.00002
341.0825
322.93771
308.36219
301.19043
299.52495
299.71357
299.94654
300.00187
300.00259
300.00038
299.99997
299.99997
299.99998
299.99999
299.99999
299.99999
299.99999
299.99999
299.99999
299.99999
299.99999
299.99999
299.99999
299.99999
299.99999
299.99999
299.99999
299.99999
299.99999
299.99998
299.99998
299.99998
299.99998
299.99998
299.99997
299.99997
299.99998
300.00001
300.00003
300.00002
341.18374
323.42735
308.9595
301.52096
299.59458
299.69702
299.93382
299.99955
300.00276
300.00051
299.99999
299.99997
299.99998
299.99999
299.99999
299.99999
299.99999
299.99999
299.99999
299.99999
299.99999
299.99999
299.99999
299.99999
299.99999
299.99999
299.99999
299.99999
299.99998
299.99998
299.99998
299.99998
299.99998
299.99998
299.99997
299.99997
299.99998
300.00001
300.00003
300.00002
341.26773
323.85763
309.51682
301.85128
299.67681
299.68592
299.92115
299.9967
300.00281
300.00065
300.00001
299.99997
299.99998
299.99998
299.99999
299.99999
299.99999
299.99999
299.99999
299.99999
299.99999
299.99999
299.99999
299.99999
299.99999
299.99999
299.99999
299.99998
299.99998
299.99998
299.99998
299.99998
299.99998
299.99997
299.99997
299.99997
299.99999
300.00001
300.00003
300.00003
341.33349
324.22998
310.03293
302.17783
299.76987
299.6805
299.9089
299.99337
300.00271
300.00078
300.00004
299.99997
299.99998
299.99998
299.99998
299.99998
299.99999
299.99999
299.99999
299.99999
299.99999
299.99999
299.99999
299.99999
299.99999
299.99998
299.99998
299.99998
299.99998
299.99998
299.99998
299.99998
299.99998
299.99997
299.99997
299.99997
299.99999
300.00001
300.00003
300.00003
341.38024
324.54466
310.50625
302.49722
299.87193
299.68083
299.89742
299.98966
300.00245
300.00091
300.00007
299.99997
299.99998
299.99998
299.99998
299.99998
299.99998
299.99998
299.99998
299.99998
299.99998
299.99998
299.99998
299.99998
299.99998
299.99998
299.99998
299.99998
299.99998
299.99998
299.99998
299.99998
299.99998
299.99997
299.99997
299.99997
299.99999
300.00001
300.00003
300.00004
341.40759
324.8012
310.93483
302.80622
299.98112
299.68684
299.88702
299.98565
300.00202
300.00101
300.00011
299.99997
299.99998
299.99998
299.99998
299.99998
299.99998
299.99998
299.99998
299.99998
299.99998
299.99998
299.99998
299.99998
299.99998
299.99998
299.99998
299.99998
299.99998
299.99998
299.99998
299.99998
299.99997
299.99997
299.99997
299.99997
299.99999
300.00001
300.00003
300.00005
341.41587
324.9989
311.31648
303.10173
300.09551
299.69831
299.87796
299.98147
300.00142
300.00109
300.00015
299.99998
299.99998
299.99998
299.99998
299.99998
299.99998
299.99998
299.99998
299.99998
299.99998
299.99998
299.99998
299.99998
299.99998
299.99998
299.99998
299.99998
299.99998
299.99998
299.99998
299.99998
299.99997
299.99997
299.99997
299.99997
299.99999
300.00001
300.00003
300.00005
341.40632
325.13746
311.64896
303.38072
300.2132
299.7149
299.87046
299.97721
300.00067
300.00113
300.00019
299.99998
299.99997
299.99998
299.99998
299.99998
299.99998
299.99998
299.99998
299.99998
299.99998
299.99998
299.99998
299.99998
299.99998
299.99998
299.99998
299.99998
299.99998
299.99998
299.99998
299.99998
299.99997
299.99997
299.99997
299.99997
299.99999
300.00002
300.00003
300.00005
341.38113
325.21766
311.9303
303.64039
300.33227
299.73619
299.86467
299.97299
299.99977
300.00113
300.00023
299.99999
299.99997
299.99998
299.99998
299.99998
299.99998
299.99998
299.99998
299.99998
299.99998
299.99998
299.99998
299.99998
299.99998
299.99998
299.99998
299.99998
299.99998
299.99998
299.99998
299.99997
299.99997
299.99997
299.99997
299.99997
299.99999
300.00002
300.00003
300.00006
341.34343
325.24197
312.15914
303.87817
300.45087
299.76164
299.86071
299.96893
299.99875
300.00109
300.00027
300
299.99997
299.99998
299.99998
299.99998
299.99998
299.99998
299.99998
299.99998
299.99998
299.99998
299.99998
299.99998
299.99998
299.99998
299.99998
299.99998
299.99998
299.99998
299.99998
299.99997
299.99997
299.99997
299.99997
299.99997
299.99999
300.00002
300.00004
300.00006
341.29701
325.21521
312.33517
304.09193
300.56723
299.79064
299.85862
299.96511
299.99764
300.001
300.0003
300.00001
299.99997
299.99998
299.99998
299.99998
299.99998
299.99998
299.99998
299.99998
299.99998
299.99998
299.99998
299.99998
299.99998
299.99998
299.99998
299.99998
299.99998
299.99998
299.99997
299.99997
299.99997
299.99997
299.99997
299.99997
299.99999
300.00002
300.00004
300.00006
341.24609
325.1449
312.4596
304.28015
300.67972
299.82254
299.85836
299.96163
299.99646
300.00087
300.00032
300.00002
299.99997
299.99997
299.99998
299.99998
299.99998
299.99998
299.99998
299.99998
299.99998
299.99998
299.99998
299.99998
299.99998
299.99998
299.99998
299.99998
299.99997
299.99997
299.99997
299.99997
299.99997
299.99997
299.99997
299.99997
299.99999
300.00002
300.00004
300.00007
341.1949
325.04139
312.53544
304.442
300.78693
299.85662
299.85986
299.95853
299.99523
300.0007
300.00034
300.00003
299.99997
299.99997
299.99997
299.99997
299.99998
299.99998
299.99998
299.99998
299.99998
299.99998
299.99998
299.99998
299.99998
299.99998
299.99997
299.99997
299.99997
299.99997
299.99997
299.99997
299.99997
299.99997
299.99997
299.99997
299.99999
300.00002
300.00004
300.00007
341.1471
324.91737
312.56777
304.57754
300.88773
299.89222
299.86301
299.95588
299.994
300.00049
300.00035
300.00004
299.99997
299.99997
299.99997
299.99997
299.99997
299.99997
299.99997
299.99997
299.99997
299.99997
299.99997
299.99997
299.99997
299.99997
299.99997
299.99997
299.99997
299.99997
299.99997
299.99997
299.99997
299.99996
299.99997
299.99997
299.99999
300.00002
300.00005
300.00007
341.1054
324.78655
312.5637
304.68776
300.98129
299.92871
299.86767
299.95372
299.99278
300.00025
300.00034
300.00004
299.99997
299.99997
299.99997
299.99997
299.99997
299.99997
299.99997
299.99997
299.99997
299.99997
299.99997
299.99997
299.99997
299.99997
299.99997
299.99997
299.99997
299.99997
299.99997
299.99997
299.99997
299.99996
299.99996
299.99997
299.99999
300.00002
300.00005
300.00007
341.07116
324.66173
312.53201
304.7746
301.06715
299.96558
299.87375
299.95209
299.99161
299.99998
300.00033
300.00005
299.99998
299.99997
299.99997
299.99997
299.99997
299.99997
299.99997
299.99997
299.99997
299.99997
299.99997
299.99997
299.99997
299.99997
299.99997
299.99997
299.99997
299.99997
299.99997
299.99997
299.99996
299.99996
299.99996
299.99997
299.99999
300.00002
300.00005
300.00008
341.04435
324.55268
312.48244
304.84097
301.14517
300.00239
299.88112
299.95103
299.99052
299.99968
300.00031
300.00006
299.99998
299.99997
299.99997
299.99997
299.99997
299.99997
299.99997
299.99997
299.99997
299.99997
299.99997
299.99997
299.99997
299.99997
299.99997
299.99997
299.99997
299.99997
299.99997
299.99997
299.99996
299.99996
299.99996
299.99997
299.99999
300.00002
300.00005
300.00008
341.02374
324.46449
312.42459
304.89054
301.2156
300.0387
299.88959
299.95052
299.98952
299.99938
300.00027
300.00007
299.99998
299.99997
299.99997
299.99997
299.99997
299.99997
299.99997
299.99997
299.99997
299.99997
299.99997
299.99997
299.99997
299.99997
299.99997
299.99997
299.99997
299.99997
299.99997
299.99997
299.99996
299.99996
299.99996
299.99997
300
300.00002
300.00005
300.00008
341.0074
324.39701
312.36657
304.92744
301.27898
300.07408
299.89885
299.95048
299.98862
299.99906
300.00023
300.00007
299.99998
299.99997
299.99997
299.99997
299.99997
299.99997
299.99997
299.99997
299.99997
299.99997
299.99997
299.99997
299.99997
299.99997
299.99997
299.99997
299.99997
299.99997
299.99997
299.99997
299.99996
299.99996
299.99996
299.99998
300
300.00002
300.00005
300.00009
340.99322
324.34569
312.3137
304.95569
301.33607
300.10803
299.90845
299.95074
299.98778
299.99874
300.00018
300.00007
299.99999
299.99997
299.99997
299.99997
299.99997
299.99997
299.99997
299.99997
299.99997
299.99997
299.99997
299.99997
299.99997
299.99997
299.99997
299.99997
299.99997
299.99997
299.99997
299.99997
299.99996
299.99996
299.99997
299.99998
300
300.00002
300.00005
300.00009
340.97941
324.30337
312.26769
304.97853
301.38776
300.14011
299.91784
299.95104
299.98694
299.99841
300.00013
300.00007
299.99998
299.99996
299.99996
299.99996
299.99996
299.99996
299.99996
299.99996
299.99996
299.99996
299.99996
299.99996
299.99996
299.99996
299.99996
299.99996
299.99996
299.99996
299.99996
299.99996
299.99996
299.99996
299.99996
299.99998
299.99999
300.00002
300.00006
300.00009
340.96482
324.26265
312.22652
304.99769
301.43487
300.17003
299.92653
299.95112
299.98603
299.99806
300.00007
300.00007
299.99998
299.99996
299.99995
299.99995
299.99995
299.99995
299.99995
299.99995
299.99995
299.99995
299.99995
299.99995
299.99995
299.99995
299.99995
299.99995
299.99995
299.99995
299.99995
299.99995
299.99995
299.99996
299.99996
299.99997
299.99999
300.00002
300.00006
300.00009
340.94906
324.21782
312.1854
305.01292
301.4779
300.19786
299.93435
299.95085
299.98501
299.99769
300.00001
300.00006
299.99997
299.99994
299.99994
299.99994
299.99994
299.99994
299.99994
299.99994
299.99994
299.99994
299.99994
299.99994
299.99994
299.99994
299.99994
299.99994
299.99994
299.99994
299.99994
299.99994
299.99994
299.99995
299.99995
299.99996
299.99998
300.00001
300.00007
300.00009
340.9324
324.16605
312.1384
305.0221
301.51681
300.224
299.94157
299.95034
299.98388
299.9973
299.99995
300.00006
299.99996
299.99993
299.99993
299.99993
299.99993
299.99993
299.99993
299.99993
299.99993
299.99993
299.99993
299.99993
299.99993
299.99993
299.99993
299.99993
299.99993
299.99993
299.99993
299.99993
299.99993
299.99993
299.99994
299.99995
299.99998
300.00001
300.00007
300.0001
340.91552
324.10756
312.08052
305.02185
301.5509
300.24909
299.94896
299.94996
299.98278
299.9969
299.99989
300.00005
299.99995
299.99992
299.99991
299.99991
299.99991
299.99991
299.99991
299.99991
299.99991
299.99991
299.99991
299.99991
299.99991
299.99992
299.99992
299.99992
299.99992
299.99992
299.99992
299.99992
299.99992
299.99992
299.99993
299.99994
299.99997
300.00001
300.00007
300.0001
340.89925
324.04489
312.00939
305.00879
301.57895
300.27377
299.95755
299.95036
299.9819
299.99652
299.99983
300.00005
299.99995
299.99991
299.9999
299.99991
299.99991
299.99991
299.99991
299.99991
299.99991
299.99991
299.99991
299.99991
299.99991
299.99991
299.99991
299.99991
299.99991
299.99991
299.99991
299.99991
299.99991
299.99991
299.99992
299.99993
299.99997
300.00002
300.00008
300.0001
340.88437
323.98187
311.92606
304.98078
301.59951
300.29829
299.96833
299.95224
299.98153
299.99623
299.99977
300.00005
299.99995
299.99991
299.9999
299.9999
299.9999
299.9999
299.99991
299.99991
299.99991
299.99991
299.99991
299.99991
299.99991
299.99991
299.99991
299.99991
299.99991
299.9999
299.9999
299.9999
299.9999
299.9999
299.99991
299.99993
299.99997
300.00003
300.00008
300.0001
340.87146
323.92238
311.8347
304.9379
301.61142
300.32239
299.98181
299.95613
299.98191
299.99609
299.99971
300.00005
299.99995
299.99991
299.99991
299.99991
299.99991
299.99991
299.99991
299.99991
299.99991
299.99991
299.99991
299.99991
299.99991
299.99991
299.99991
299.99991
299.99991
299.99991
299.99991
299.99991
299.9999
299.99991
299.99991
299.99993
299.99997
300.00004
300.00009
300.0001
340.86079
323.86957
311.74142
304.88269
301.61431
300.3453
299.99778
299.96215
299.98317
299.99614
299.99966
300.00004
299.99996
299.99992
299.99992
299.99992
299.99992
299.99992
299.99992
299.99993
299.99993
299.99993
299.99993
299.99993
299.99993
299.99993
299.99992
299.99992
299.99992
299.99992
299.99992
299.99992
299.99991
299.99991
299.99992
299.99994
299.99999
300.00005
300.00009
300.0001
340.85241
323.82538
311.65265
304.81966
301.60875
300.36592
300.01529
299.96993
299.98525
299.9964
299.99964
300.00003
299.99997
299.99994
299.99994
299.99994
299.99994
299.99994
299.99994
299.99994
299.99994
299.99994
299.99994
299.99994
299.99994
299.99994
299.99994
299.99994
299.99994
299.99994
299.99993
299.99993
299.99993
299.99993
299.99994
299.99996
300
300.00006
300.00009
300.0001
340.84614
323.79042
311.5737
304.75419
301.59627
300.38318
300.03296
299.97874
299.98793
299.99684
299.99963
300.00002
299.99999
299.99996
299.99995
299.99996
299.99996
299.99996
299.99996
299.99996
299.99996
299.99996
299.99996
299.99996
299.99996
299.99996
299.99996
299.99996
299.99996
299.99995
299.99995
299.99995
299.99995
299.99995
299.99995
299.99997
300.00001
300.00006
300.00009
300.0001
340.84166
323.76423
311.50787
304.69146
301.57902
300.39636
300.04933
299.98765
299.99088
299.9974
299.99966
300.00001
300
299.99998
299.99997
299.99997
299.99997
299.99998
299.99998
299.99998
299.99998
299.99998
299.99998
299.99998
299.99998
299.99998
299.99998
299.99998
299.99997
299.99997
299.99997
299.99997
299.99997
299.99997
299.99997
299.99999
300.00003
300.00007
300.00009
300.0001
340.83863
323.74558
311.45621
304.63544
301.55934
300.40526
300.06326
299.99581
299.99376
299.99801
299.9997
300
300
299.99999
299.99999
299.99999
299.99999
299.99999
299.99999
299.99999
299.99999
299.99999
299.99999
299.99999
299.99999
299.99999
299.99999
299.99999
299.99999
299.99999
299.99999
299.99998
299.99998
299.99998
299.99999
300.00001
300.00004
300.00007
300.00009
300.0001
340.83666
323.73293
311.41789
304.58848
301.53937
300.41022
300.07413
300.00264
299.9963
299.99859
299.99976
300
300.00001
300
300
300
300
300
300
300
300
300
300
300
300
300
300
300
300
300
300
300
300
300
300
300.00002
300.00004
300.00008
300.00009
300.0001
340.83544
323.72466
311.39083
304.55126
301.52076
300.41197
300.08189
300.00791
299.99837
299.99909
299.99982
300
300.00001
300.00001
300.00001
300.00001
300.00001
300.00001
300.00001
300.00001
300.00001
300.00001
300.00001
300.00001
300.00001
300.00001
300.00001
300.00001
300.00001
300.00001
300.00001
300.00001
300.00001
300.00001
300.00001
300.00003
300.00005
300.00008
300.00009
300.0001
340.83471
323.71939
311.37241
304.52315
301.50455
300.41145
300.08691
300.01167
299.99991
299.99949
299.99988
300
300.00001
300.00001
300.00001
300.00001
300.00001
300.00001
300.00001
300.00001
300.00001
300.00001
300.00001
300.00001
300.00001
300.00001
300.00001
300.00001
300.00001
300.00001
300.00001
300.00001
300.00001
300.00001
300.00002
300.00003
300.00005
300.00008
300.00009
300.0001
340.83426
323.716
311.3601
304.50271
301.49119
300.40961
300.08982
300.01415
300.00099
299.99979
299.99992
300
300.00001
300.00001
300.00001
300.00001
300.00001
300.00001
300.00001
300.00001
300.00001
300.00001
300.00001
300.00001
300.00001
300.00001
300.00001
300.00001
300.00001
300.00001
300.00001
300.00001
300.00001
300.00001
300.00002
300.00003
300.00005
300.00008
300.00009
300.0001
340.83398
323.71371
311.35177
304.48818
301.48065
300.4072
300.09125
300.01567
300.0017
299.99999
299.99996
300
300.00001
300.00001
300.00001
300.00001
300.00001
300.00001
300.00001
300.00001
300.00001
300.00001
300.00001
300.00001
300.00001
300.00001
300.00001
300.00001
300.00001
300.00001
300.00001
300.00001
300.00001
300.00002
300.00002
300.00003
300.00005
300.00008
300.00009
300.0001
340.83379
323.71204
311.34587
304.47785
301.47259
300.40475
300.09179
300.01654
300.00215
300.00013
299.99999
300.00001
300.00001
300.00001
300.00001
300.00001
300.00001
300.00001
300.00001
300.00001
300.00001
300.00001
300.00001
300.00001
300.00001
300.00001
300.00001
300.00001
300.00001
300.00001
300.00001
300.00001
300.00001
300.00002
300.00002
300.00003
300.00005
300.00007
300.00009
300.0001
340.83363
323.71069
311.34136
304.47034
301.4665
300.40257
300.09187
300.01702
300.00241
300.00022
300.00001
300.00001
300.00001
300.00001
300.00001
300.00001
300.00001
300.00001
300.00001
300.00001
300.00001
300.00001
300.00001
300.00001
300.00001
300.00001
300.00001
300.00001
300.00001
300.00001
300.00001
300.00001
300.00001
300.00001
300.00002
300.00003
300.00005
300.00007
300.00009
300.0001
340.83349
323.70952
311.33766
304.46463
301.46191
300.40076
300.09174
300.01727
300.00257
300.00028
300.00002
300.00001
300.00001
300.00001
300.00001
300.00001
300.00001
300.00001
300.00001
300.00001
300.00001
300.00001
300.00001
300.00001
300.00001
300.00001
300.00001
300.00001
300.00001
300.00001
300.00001
300.00001
300.00001
300.00001
300.00002
300.00003
300.00005
300.00007
300.00009
300.0001
340.83335
323.70847
311.33448
304.46006
301.45836
300.39933
300.09158
300.01741
300.00267
300.00032
300.00003
300.00001
300.00001
300.00001
300.00001
300.00001
300.00001
300.00001
300.00001
300.00001
300.00001
300.00001
300.00001
300.00001
300.00001
300.00001
300.00001
300.00001
300.00001
300.00001
300.00001
300.00001
300.00001
300.00001
300.00002
300.00003
300.00005
300.00007
300.00009
300.0001
340.83323
323.70752
311.33168
304.45624
301.45555
300.39821
300.09143
300.0175
300.00274
300.00034
300.00004
300.00001
300.00001
300.00001
300.00001
300.00001
300.00001
300.00001
300.00001
300.00001
300.00001
300.00001
300.00001
300.00001
300.00001
300.00001
300.00001
300.00001
300.00001
300.00001
300.00001
300.00001
300.00001
300.00001
300.00002
300.00003
300.00005
300.00007
300.00009
300.0001
340.83311
323.70666
311.3292
304.45297
301.45326
300.39734
300.09132
300.01757
300.00279
300.00036
300.00004
300.00001
300.00001
300.00001
300.00001
300.00001
300.00001
300.00001
300.00001
300.00001
300.00001
300.00001
300.00001
300.00001
300.00001
300.00001
300.00001
300.00001
300.00001
300.00001
300.00001
300.00001
300.00001
300.00001
300.00002
300.00003
300.00005
300.00007
300.00009
300.00009
340.83301
323.7059
311.32703
304.45013
301.45133
300.39664
300.09124
300.01763
300.00283
300.00037
300.00004
300.00001
300.00001
300.00001
300.00001
300.00001
300.00001
300.00001
300.00001
300.00001
300.00001
300.00001
300.00001
300.00001
300.00001
300.00001
300.00001
300.00001
300.00001
300.00001
300.00001
300.00001
300.00001
300.00001
300.00002
300.00003
300.00005
300.00007
300.00009
300.00009
340.83292
323.70524
311.32513
304.44767
301.44969
300.39606
300.09119
300.01769
300.00287
300.00039
300.00005
300.00001
300.00001
300.00001
300.00001
300.00001
300.00001
300.00001
300.00001
300.00001
300.00001
300.00001
300.00001
300.00001
300.00001
300.00001
300.00001
300.00001
300.00001
300.00001
300.00001
300.00001
300.00001
300.00001
300.00002
300.00003
300.00005
300.00007
300.00009
300.00009
340.83284
323.70465
311.32348
304.44554
301.44828
300.39558
300.09115
300.01773
300.0029
300.0004
300.00005
300.00001
300.00001
300.00001
300.00001
300.00001
300.00001
300.00001
300.00001
300.00001
300.00001
300.00001
300.00001
300.00001
300.00001
300.00001
300.00001
300.00001
300.00001
300.00001
300.00001
300.00001
300.00001
300.00001
300.00002
300.00003
300.00005
300.00007
300.00009
300.00009
340.83278
323.70415
311.32207
304.44371
301.44707
300.39517
300.09112
300.01778
300.00292
300.00041
300.00005
300.00001
300.00001
300.00001
300.00001
300.00001
300.00001
300.00001
300.00001
300.00001
300.00001
300.00001
300.00001
300.00001
300.00001
300.00001
300.00001
300.00001
300.00001
300.00001
300.00001
300.00001
300.00001
300.00001
300.00002
300.00003
300.00005
300.00007
300.00009
300.00009
340.83272
323.70372
311.32085
304.44214
301.44604
300.39481
300.0911
300.01781
300.00295
300.00041
300.00005
300.00001
300.00001
300.00001
300.00001
300.00001
300.00001
300.00001
300.00001
300.00001
300.00001
300.00001
300.00001
300.00001
300.00001
300.00001
300.00001
300.00001
300.00001
300.00001
300.00001
300.00001
300.00001
300.00001
300.00002
300.00003
300.00005
300.00007
300.00009
300.00009
340.83268
323.70335
311.3198
304.44079
301.44515
300.39451
300.09107
300.01784
300.00296
300.00042
300.00005
300.00001
300.00001
300.00001
300.00001
300.00001
300.00001
300.00001
300.00001
300.00001
300.00001
300.00001
300.00001
300.00001
300.00001
300.00001
300.00001
300.00001
300.00001
300.00001
300.00001
300.00001
300.00001
300.00001
300.00001
300.00003
300.00005
300.00007
300.00009
300.00009
340.83265
323.70305
311.3189
304.43964
301.44439
300.39425
300.09105
300.01787
300.00298
300.00042
300.00006
300.00001
300.00001
300.00001
300.00001
300.00001
300.00001
300.00001
300.00001
300.00001
300.00001
300.00001
300.00001
300.00001
300.00001
300.00001
300.00001
300.00001
300.00001
300.00001
300.00001
300.00001
300.00001
300.00001
300.00001
300.00003
300.00005
300.00007
300.00009
300.00009
340.83264
323.7028
311.31813
304.43864
301.44373
300.39402
300.09103
300.01789
300.00299
300.00043
300.00006
300.00001
300.00001
300.00001
300.00001
300.00001
300.00001
300.00001
300.00001
300.00001
300.00001
300.00001
300.00001
300.00001
300.00001
300.00001
300.00001
300.00001
300.00001
300.00001
300.00001
300.00001
300.00001
300.00001
300.00001
300.00003
300.00005
300.00007
300.00009
300.00009
340.83264
323.7026
311.31748
304.43779
301.44317
300.39383
300.09101
300.01791
300.003
300.00043
300.00006
300.00001
300.00001
300.00001
300.00001
300.00001
300.00001
300.00001
300.00001
300.00001
300.00001
300.00001
300.00001
300.00001
300.00001
300.00001
300.00001
300.00001
300.00001
300.00001
300.00001
300.00001
300.00001
300.00001
300.00001
300.00003
300.00005
300.00007
300.00009
300.00009
340.83265
323.70246
311.31693
304.43706
301.44269
300.39367
300.091
300.01792
300.00301
300.00044
300.00006
300.00001
300.00001
300.00001
300.00001
300.00001
300.00001
300.00001
300.00001
300.00001
300.00001
300.00001
300.00001
300.00001
300.00001
300.00001
300.00001
300.00001
300.00001
300.00001
300.00001
300.00001
300.00001
300.00001
300.00001
300.00002
300.00005
300.00007
300.00009
300.00009
340.83267
323.70236
311.31648
304.43644
301.44228
300.39352
300.09099
300.01793
300.00302
300.00044
300.00006
300.00001
300.00001
300.00001
300.00001
300.00001
300.00001
300.00001
300.00001
300.00001
300.00001
300.00001
300.00001
300.00001
300.00001
300.00001
300.00001
300.00001
300.00001
300.00001
300.00001
300.00001
300.00001
300.00001
300.00001
300.00002
300.00004
300.00007
300.00009
300.00009
340.8327
323.7023
311.31611
304.43592
301.44192
300.3934
300.09097
300.01794
300.00303
300.00044
300.00006
300.00001
300.00001
300.00001
300.00001
300.00001
300.00001
300.00001
300.00001
300.00001
300.00001
300.00001
300.00001
300.00001
300.00001
300.00001
300.00001
300.00001
300.00001
300.00001
300.00001
300.00001
300.00001
300.00001
300.00001
300.00002
300.00004
300.00007
300.00009
300.00009
340.83275
323.70229
311.31582
304.43547
301.44162
300.3933
300.09097
300.01795
300.00303
300.00044
300.00006
300.00001
300.00001
300.00001
300.00001
300.00001
300.00001
300.00001
300.00001
300.00001
300.00001
300.00001
300.00001
300.00001
300.00001
300.00001
300.00001
300.00001
300.00001
300.00001
300.00001
300.00001
300.00001
300.00001
300.00001
300.00002
300.00004
300.00007
300.00009
300.00009
340.83282
323.70232
311.3156
304.43511
301.44137
300.39321
300.09096
300.01796
300.00304
300.00044
300.00006
300.00001
300.00001
300.00001
300.00001
300.00001
300.00001
300.00001
300.00001
300.00001
300.00001
300.00001
300.00001
300.00001
300.00001
300.00001
300.00001
300.00001
300.00001
300.00001
300.00001
300.00001
300.00001
300.00001
300.00001
300.00002
300.00004
300.00007
300.00009
300.00009
340.83289
323.7024
311.31546
304.43481
301.44115
300.39313
300.09095
300.01797
300.00304
300.00044
300.00006
300.00001
300.00001
300.00001
300.00001
300.00001
300.00001
300.00001
300.00001
300.00001
300.00001
300.00001
300.00001
300.00001
300.00001
300.00001
300.00001
300.00001
300.00001
300.00001
300.00001
300.00001
300.00001
300.00001
300.00001
300.00002
300.00004
300.00007
300.00009
300.00009
340.83299
323.70252
311.31538
304.43458
301.44097
300.39307
300.09095
300.01797
300.00305
300.00045
300.00006
300.00001
300.00001
300.00001
300.00001
300.00001
300.00001
300.00001
300.00001
300.00001
300.00001
300.00001
300.00001
300.00001
300.00001
300.00001
300.00001
300.00001
300.00001
300.00001
300.00001
300.00001
300.00001
300.00001
300.00001
300.00002
300.00004
300.00007
300.00009
300.00009
340.8331
323.70269
311.31536
304.4344
301.44083
300.39302
300.09094
300.01798
300.00305
300.00045
300.00006
300.00001
300.00001
300.00001
300.00001
300.00001
300.00001
300.00001
300.00001
300.00001
300.00001
300.00001
300.00001
300.00001
300.00001
300.00001
300.00001
300.00001
300.00001
300.00001
300.00001
300.00001
300.00001
300.00001
300.00001
300.00002
300.00004
300.00007
300.00009
300.00009
340.83323
323.70291
311.31541
304.43428
301.44072
300.39297
300.09094
300.01798
300.00305
300.00045
300.00006
300.00001
300.00001
300.00001
300.00001
300.00001
300.00001
300.00001
300.00001
300.00001
300.00001
300.00001
300.00001
300.00001
300.00001
300.00001
300.00001
300.00001
300.00001
300.00001
300.00001
300.00001
300.00001
300.00001
300.00001
300.00002
300.00004
300.00007
300.00009
300.00009
340.83337
323.70317
311.31552
304.43422
301.44063
300.39294
300.09094
300.01799
300.00305
300.00045
300.00006
300.00001
300.00001
300
300
300
300
300
300
300
300
300
300
300
300
300
300
300
300
300
300
300
300.00001
300.00001
300.00001
300.00002
300.00004
300.00007
300.00009
300.00009
340.83354
323.70349
311.3157
304.43421
301.44058
300.39291
300.09093
300.01799
300.00306
300.00045
300.00006
300.00001
300.00001
300
300
300
300
300
300
300
300
300
300
300
300
300
300
300
300
300
300
300
300.00001
300.00001
300.00001
300.00002
300.00004
300.00007
300.00009
300.00009
340.83373
323.70386
311.31594
304.43424
301.44054
300.3929
300.09093
300.01799
300.00306
300.00045
300.00006
300.00001
300
300
300
300
300
300
300
300
300
300
300
300
300
300
300
300
300
300
300
300
300
300.00001
300.00001
300.00002
300.00004
300.00007
300.00009
300.00009
340.83395
323.7043
311.31624
304.43433
301.44054
300.39289
300.09094
300.018
300.00306
300.00045
300.00006
300.00001
300
300
300
300
300
300
300
300
300
300
300
300
300
300
300
300
300
300
300
300
300
300.00001
300.00001
300.00002
300.00004
300.00007
300.00009
300.00009
340.8342
323.7048
311.31662
304.43447
301.44055
300.39289
300.09094
300.018
300.00306
300.00045
300.00006
300.00001
300
300
300
300
300
300
300
300
300
300
300
300
300
300
300
300
300
300
300
300
300
300.00001
300.00001
300.00002
300.00004
300.00007
300.00009
300.00009
340.83448
323.70537
311.31708
304.43466
301.4406
300.39289
300.09094
300.018
300.00306
300.00045
300.00006
300.00001
300
300
300
300
300
300
300
300
300
300
300
300
300
300
300
300
300
300
300
300
300
300.00001
300.00001
300.00002
300.00004
300.00007
300.00009
300.00009
340.83479
323.70602
311.31761
304.4349
301.44066
300.39291
300.09094
300.018
300.00306
300.00045
300.00006
300.00001
300
300
300
300
300
300
300
300
300
300
300
300
300
300
300
300
300
300
300
300
300
300.00001
300.00001
300.00002
300.00004
300.00007
300.00009
300.00009
340.83514
323.70676
311.31823
304.4352
301.44075
300.39293
300.09095
300.01801
300.00306
300.00045
300.00006
300.00001
300
300
300
300
300
300
300
300
300
300
300
300
300
300
300
300
300
300
300
300
300
300.00001
300.00001
300.00002
300.00004
300.00007
300.00009
300.00009
340.83554
323.7076
311.31895
304.43556
301.44087
300.39295
300.09096
300.01801
300.00306
300.00045
300.00006
300.00001
300
300
300
300
300
300
300
300
300
300
300
300
300
300
300
300
300
300
300
300
300
300
300.00001
300.00002
300.00004
300.00007
300.00009
300.00009
340.836
323.70855
311.31977
304.43598
301.44102
300.39299
300.09096
300.01801
300.00306
300.00045
300.00006
300.00001
300
300
300
300
300
300
300
300
300
300
300
300
300
300
300
300
300
300
300
300
300
300
300.00001
300.00002
300.00004
300.00007
300.00008
300.00009
340.83651
323.70963
311.32071
304.43648
301.44119
300.39303
300.09097
300.01801
300.00306
300.00045
300.00006
300.00001
300
300
300
300
300
300
300
300
300
300
300
300
300
300
300
300
300
300
300
300
300
300
300.00001
300.00002
300.00004
300.00007
300.00008
300.00009
340.8371
323.71085
311.32178
304.43705
301.4414
300.39309
300.09098
300.01801
300.00306
300.00045
300.00006
300.00001
300
300
300
300
300
300
300
300
300
300
300
300
300
300
300
300
300
300
300
300
300
300
300.00001
300.00002
300.00004
300.00007
300.00008
300.00009
340.83777
323.71223
311.323
304.43771
301.44163
300.39315
300.09099
300.01801
300.00306
300.00045
300.00006
300.00001
300
300
300
300
300
300
300
300
300
300
300
300
300
300
300
300
300
300
300
300
300
300
300.00001
300.00002
300.00004
300.00007
300.00008
300.00009
340.83855
323.71383
311.32439
304.43846
301.44191
300.39322
300.091
300.01801
300.00306
300.00045
300.00006
300.00001
300
300
300
300
300
300
300
300
300
300
300
300
300
300
300
300
300
300
300
300
300
300
300.00001
300.00002
300.00004
300.00007
300.00008
300.00009
340.83947
323.71567
311.32599
304.43932
301.44223
300.3933
300.09102
300.01801
300.00306
300.00045
300.00006
300.00001
300
300
300
300
300
300
300
300
300
300
300
300
300
300
300
300
300
300
300
300
300
300
300.00001
300.00002
300.00004
300.00007
300.00008
300.00009
340.84058
323.7178
311.32782
304.4403
301.44259
300.39339
300.09103
300.01802
300.00306
300.00045
300.00006
300.00001
300
300
300
300
300
300
300
300
300
300
300
300
300
300
300
300
300
300
300
300
300
300
300.00001
300.00002
300.00004
300.00007
300.00008
300.00009
340.84201
323.72045
311.33002
304.44147
301.44302
300.39351
300.09105
300.01802
300.00306
300.00045
300.00006
300.00001
300
300
300
300
300
300
300
300
300
300
300
300
300
300
300
300
300
300
300
300
300
300
300.00001
300.00002
300.00004
300.00006
300.00008
300.00009
340.84373
323.72312
311.33216
304.44259
301.44342
300.39361
300.09107
300.01802
300.00306
300.00045
300.00006
300.00001
300
300
300
300
300
300
300
300
300
300
300
300
300
300
300
300
300
300
300
300
300
300
300.00001
300.00002
300.00004
300.00006
300.00008
300.00009
340.8479
323.72992
311.33706
304.44503
301.4443
300.39383
300.09111
300.01802
300.00306
300.00045
300.00006
300.00001
300
300
300
300
300
300
300
300
300
300
300
300
300
300
300
300
300
300
300
300
300
300
300.00001
300.00002
300.00004
300.00006
300.00008
300.00009
)
;

boundaryField
{
    wall
    {
        type            fixedValue;
        value           uniform 350;
    }
    sides
    {
        type            zeroGradient;
    }
    frontAndBack
    {
        type            empty;
    }
    inlet
    {
        type            fixedValue;
        value           uniform 300;
    }
    outlet
    {
        type            zeroGradient;
    }
}


// ************************************************************************* //
