/*--------------------------------*- C++ -*----------------------------------*\
  =========                 |
  \\      /  F ield         | OpenFOAM: The Open Source CFD Toolbox
   \\    /   O peration     | Website:  https://openfoam.org
    \\  /    A nd           | Version:  10
     \\/     M anipulation  |
\*---------------------------------------------------------------------------*/
FoamFile
{
    format      ascii;
    class       volScalarField;
    location    "0.09";
    object      TporMedia;
}
// * * * * * * * * * * * * * * * * * * * * * * * * * * * * * * * * * * * * * //

dimensions      [0 0 0 1 0 0 0];

internalField   nonuniform List<scalar> 
4000
(
-3.7862549e-06
1.9365787e-06
-0.00016101391
-0.00020369621
-0.00080386155
-0.00044281408
-0.00052324445
-0.00061022946
-0.0004065067
-0.00054652484
-0.0004502124
-0.00042796417
-0.00032562006
-0.00039103166
-0.00038957155
-0.00039223666
-0.00033754171
-0.00061998127
-0.00031175988
-0.00038029167
-0.00037422159
-0.00043625839
-0.00030207257
-0.0003530683
-0.00042133549
-0.00030750068
-0.00050580821
-0.00041724141
-0.00035247095
-0.00051297467
-0.00035645762
-0.00044961198
-0.00053520336
-0.00057723784
-0.00053933155
-0.00052294028
-0.00068267618
-0.0005192961
-0.00093897384
-0.00068431202
-3.3506388e-07
1.958995e-15
-5.1239592e-13
1.6914928e-11
1.4452415e-10
5.6347142e-10
3.0316114e-10
4.8038508e-10
2.6275954e-10
2.9251571e-10
2.4575543e-10
2.0172958e-10
1.5837325e-10
1.9731089e-10
1.8062227e-10
2.1197031e-10
1.8073386e-10
3.2850951e-10
1.7028894e-10
1.6873453e-10
2.1635308e-10
1.7524226e-10
1.4241748e-10
2.0966087e-10
2.1863604e-10
1.9223901e-10
2.5814252e-10
2.0069409e-10
1.6062327e-10
2.771914e-10
2.0804098e-10
2.5091054e-10
3.2699726e-10
3.0858554e-10
3.2444254e-10
3.3847351e-10
3.9433484e-10
5.9343693e-10
8.3952312e-10
5.0986809e-10
-1.3561687e-07
-5.7154459e-16
-4.6162875e-22
2.0716158e-19
-5.9085383e-18
-1.869251e-16
-2.1064006e-16
-2.9487926e-16
-1.6025706e-16
-1.5526808e-16
-1.2358603e-16
-8.5562693e-17
-7.7834892e-17
-1.052002e-16
-1.2036637e-16
-1.0729446e-16
-8.0475676e-17
-1.6081107e-16
-8.4112055e-17
-8.7708254e-17
-1.0812859e-16
-8.3868419e-17
-5.8457955e-17
-7.1540884e-17
-1.0487351e-16
-8.2897246e-17
-1.0951663e-16
-1.1146186e-16
-8.5819988e-17
-1.1911973e-16
-1.2526761e-16
-1.2247878e-16
-2.2108011e-16
-1.5172787e-16
-3.8883399e-16
-1.7392043e-16
-3.270393e-16
-3.9384104e-16
-9.1431636e-16
-3.5931427e-16
-7.2861661e-08
3.1362679e-17
1.4624523e-26
4.3811285e-28
1.3072617e-25
1.2507683e-23
1.4269988e-22
1.2002883e-22
7.6392601e-23
7.0799487e-23
5.0411491e-23
3.8385061e-23
2.8930271e-23
4.8713911e-23
5.3046602e-23
4.1720324e-23
3.0632114e-23
5.4941712e-23
3.7145482e-23
3.364721e-23
3.9056265e-23
2.8745933e-23
1.9553193e-23
2.7191995e-23
3.4411405e-23
3.8625553e-23
5.3723817e-23
4.4182132e-23
3.0047281e-23
6.982343e-23
4.3309441e-23
9.0104082e-23
8.1188677e-23
7.0669347e-23
3.0663499e-22
8.1548919e-23
2.3030023e-22
2.159091e-22
5.6052411e-22
1.9276599e-22
-4.5829686e-08
6.1003528e-18
2.1762601e-27
1.9521546e-36
6.4445e-32
-2.8472208e-31
-2.632225e-29
-7.3253112e-29
-3.1736682e-29
-2.6963257e-29
-2.0112967e-29
-1.6510682e-29
-1.3486228e-29
-1.7759933e-29
-2.1577661e-29
-1.7354124e-29
-1.0742926e-29
-2.0346761e-29
-1.3850319e-29
-1.1615316e-29
-1.3493433e-29
-9.7007487e-30
-7.5901953e-30
-9.8829345e-30
-1.0566852e-29
-1.2563665e-29
-1.7883844e-29
-1.4627181e-29
-1.1702774e-29
-2.926698e-29
-1.8221318e-29
-3.0965124e-29
-4.0876017e-29
-3.4757101e-29
-1.2324302e-28
-4.0870456e-29
-1.1864086e-28
-1.2463428e-28
-3.8788407e-28
-1.1279785e-28
-3.1894379e-08
2.0300784e-18
8.8430438e-28
3.2488906e-37
2.7149119e-40
3.2559766e-39
1.6664183e-36
3.2406136e-35
1.4113938e-35
1.0663783e-35
7.7918232e-36
5.8391117e-36
5.4932897e-36
6.298081e-36
6.7050213e-36
5.7814081e-36
3.3397127e-36
8.0868115e-36
4.6510416e-36
4.118876e-36
3.859498e-36
2.7502003e-36
2.8269642e-36
3.4019597e-36
3.4483481e-36
3.8391368e-36
5.7038995e-36
5.8137623e-36
4.7826977e-36
1.1660275e-35
7.1056665e-36
1.3256762e-35
1.8641255e-35
1.2600063e-35
5.6541454e-35
1.8888915e-35
6.1916893e-35
7.1843029e-35
1.8213015e-34
6.1087868e-35
-2.3805177e-08
8.7865503e-19
-5.0894218e-27
-1.1377461e-36
-1.403198e-45
-2.6960526e-47
-4.0540022e-44
-1.3176373e-41
-5.5328205e-42
-4.5878343e-42
-2.601247e-42
-1.9313014e-42
-1.9390188e-42
-2.1039754e-42
-2.1572414e-42
-1.7651212e-42
-1.0135232e-42
-2.5698193e-42
-1.2355556e-42
-1.2671817e-42
-1.1508467e-42
-8.6628951e-43
-8.5082428e-43
-9.6104182e-43
-9.400981e-43
-1.0276779e-42
-1.8454343e-42
-1.7719464e-42
-1.4261836e-42
-3.8054291e-42
-2.0820189e-42
-5.4018808e-42
-6.5386287e-42
-5.3490412e-42
-2.5703103e-41
-8.1128156e-42
-2.8533672e-41
-3.7909901e-41
-8.1282391e-41
-2.870771e-41
-1.8652355e-08
4.4680398e-19
-8.4136347e-29
-1.3418766e-38
-7.2521081e-48
3.7518855e-55
4.6773572e-52
1.5909199e-48
3.6103825e-48
1.4182977e-48
7.8673407e-49
6.0538707e-49
5.5972719e-49
6.1740937e-49
5.593709e-49
5.4744875e-49
2.4967e-49
7.549325e-49
3.5391713e-49
4.2377737e-49
3.0604046e-49
2.8339451e-49
2.5377211e-49
2.4103187e-49
2.6203001e-49
2.4987231e-49
5.828246e-49
5.026134e-49
4.0414643e-49
1.1192979e-48
7.0547696e-49
1.7251711e-48
2.1448967e-48
2.0371268e-48
8.8161189e-48
2.574489e-48
1.3018834e-47
1.3579156e-47
2.7306711e-47
1.0703393e-47
-1.5075039e-08
2.521787e-19
-1.8351609e-29
-2.3931187e-39
-6.9625209e-49
-8.3401483e-57
-3.1346099e-60
-7.5037142e-56
-2.9457578e-54
-5.7568101e-55
-2.2152175e-55
-1.8428794e-55
-1.3938919e-55
-1.6776427e-55
-1.5406839e-55
-1.3875449e-55
-7.0117554e-56
-2.0885753e-55
-9.985e-56
-1.1090329e-55
-8.9255341e-56
-7.9487066e-56
-7.7345964e-56
-6.564663e-56
-6.2748165e-56
-6.9242367e-56
-1.6203774e-55
-1.1950185e-55
-1.0332226e-55
-3.9253044e-55
-2.3368427e-55
-4.9492452e-55
-6.132291e-55
-6.0411403e-55
-2.9715484e-54
-9.3786486e-55
-4.9222924e-54
-5.2325031e-54
-1.0868079e-53
-3.2384319e-54
-1.2375742e-08
1.5199339e-19
-5.8400418e-30
-7.1658974e-40
-1.2837571e-49
-2.589625e-58
1.2055112e-66
1.5543224e-63
1.141286e-60
2.5046885e-61
6.05892e-62
4.4781001e-62
4.4801575e-62
4.2266372e-62
4.1629928e-62
3.3349418e-62
1.7528286e-62
5.0669886e-62
2.2016773e-62
2.4364913e-62
2.3431581e-62
1.7657085e-62
1.8422972e-62
1.6682021e-62
1.714703e-62
1.6577847e-62
3.7281962e-62
3.3131396e-62
2.6804201e-62
9.9297521e-62
6.5580048e-62
1.554116e-61
1.6940632e-61
1.9562244e-61
8.6147697e-61
3.0568283e-61
1.9860627e-60
1.9838479e-60
4.2305803e-60
9.4467283e-61
-1.0192644e-08
9.5167348e-20
-2.2276332e-30
-3.1162166e-40
-3.7895341e-50
-3.0407043e-59
1.1488333e-67
-1.6944109e-71
-2.1010152e-67
-8.8470769e-68
-1.6891758e-68
-1.0809191e-68
-1.0559123e-68
-1.0326494e-68
-9.4731711e-69
-8.8418104e-69
-3.8522449e-69
-1.2213193e-68
-5.4189586e-69
-5.8804707e-69
-5.1123881e-69
-4.2930876e-69
-4.0220744e-69
-4.2001082e-69
-3.844937e-69
-3.6968962e-69
-9.8602007e-69
-8.086683e-69
-6.9954944e-69
-2.8441841e-68
-1.5580843e-68
-3.918761e-68
-4.4534367e-68
-5.753211e-68
-2.5580003e-67
-9.2033031e-68
-7.1665218e-67
-6.4444285e-67
-1.1936945e-66
-2.1347139e-67
-8.3503194e-09
6.0733111e-20
-9.4252566e-31
-2.3168226e-40
-2.063354e-50
-8.4863379e-60
3.3424789e-68
-2.1577778e-76
1.4644169e-74
6.5252462e-74
4.8174779e-75
2.2164716e-75
2.5176796e-75
2.2697333e-75
2.1475137e-75
1.9271706e-75
7.3908814e-76
2.6471476e-75
1.2029601e-75
1.2315855e-75
1.0790174e-75
9.6741495e-76
8.7493238e-76
9.1946743e-76
7.7969255e-76
8.2795517e-76
2.2900713e-75
1.8111543e-75
1.6640923e-75
5.9098086e-75
3.6665846e-75
8.5698835e-75
1.1160167e-74
1.5610243e-74
6.252252e-74
2.6807923e-74
2.1405803e-73
1.9836218e-73
3.2133989e-73
4.0913233e-74
-6.7717468e-09
3.901788e-20
-4.2464744e-31
2.4609288e-40
1.7088672e-50
4.1357348e-60
-3.0932108e-68
1.319826e-76
-4.7385504e-82
-4.9018891e-80
-1.4919552e-81
-5.2843051e-82
-5.2811893e-82
-4.5112387e-82
-4.2488669e-82
-4.1678796e-82
-1.6420384e-82
-5.3641195e-82
-2.4389557e-82
-2.4890983e-82
-2.1590596e-82
-1.7412994e-82
-1.6503819e-82
-1.795949e-82
-1.668748e-82
-1.6336888e-82
-4.6289416e-82
-3.7728878e-82
-3.2856323e-82
-1.2387813e-81
-7.6376221e-82
-1.7793983e-81
-2.8074328e-81
-3.7271108e-81
-1.6076184e-80
-8.0279865e-81
-5.2802259e-80
-5.0519077e-80
-7.1987668e-80
-7.9145334e-81
-5.415211e-09
2.4998285e-20
-1.9851534e-31
1.8177434e-41
1.0397411e-51
1.6223931e-61
1.0406453e-69
-3.2192385e-78
5.4408168e-86
2.5519954e-86
5.2170594e-88
1.0695107e-88
9.4089951e-89
8.4162693e-89
9.1403291e-89
8.3711458e-89
3.0690387e-89
9.8428884e-89
4.1195941e-89
4.7572155e-89
4.1959931e-89
2.9538093e-89
2.856166e-89
3.0523936e-89
2.9678145e-89
2.8716253e-89
8.9038706e-89
6.6902387e-89
6.6111966e-89
2.3353646e-88
1.4643052e-88
3.4832418e-88
6.3399125e-88
7.2537784e-88
3.9447968e-87
1.8336542e-87
1.5789536e-86
1.1312925e-86
1.5887111e-86
1.210476e-87
-4.2520758e-09
1.5832222e-20
-9.4446197e-32
3.8900364e-42
1.9298602e-52
2.0749636e-62
3.0373698e-71
-7.3974038e-80
7.3045255e-88
-6.0165864e-93
-2.1446214e-94
-2.041906e-95
-1.9891652e-95
-1.467878e-95
-1.6329574e-95
-1.3601716e-95
-5.6292537e-96
-1.7661918e-95
-7.3084266e-96
-8.4147928e-96
-7.2244245e-96
-4.6052499e-96
-4.9642985e-96
-5.3078274e-96
-4.7255593e-96
-4.7430497e-96
-1.5165692e-95
-1.20373e-95
-1.1540275e-95
-4.0293267e-95
-2.915725e-95
-7.1672828e-95
-1.2524973e-94
-1.4675255e-94
-8.4385378e-94
-3.9208471e-94
-3.4516451e-93
-2.3066653e-93
-3.0037522e-93
-1.3574524e-94
-3.2754586e-09
9.8637565e-21
-4.5175626e-32
1.0591564e-42
4.8044195e-53
3.7485071e-63
2.4683895e-72
-5.2061107e-81
3.2820439e-89
-3.0936576e-96
1.2332688e-100
3.7564345e-102
3.3960071e-102
2.4402872e-102
2.6750272e-102
2.3994129e-102
8.3380837e-103
2.89077e-102
1.2007889e-102
1.3533046e-102
1.1480851e-102
6.9283261e-103
8.1413254e-103
8.0676919e-103
7.9066621e-103
7.4652309e-103
2.3870456e-102
1.9909448e-102
1.8853362e-102
6.5090105e-102
5.1039134e-102
1.2854994e-101
2.3299507e-101
2.7382457e-101
1.7683227e-100
7.8929815e-101
7.1991925e-100
4.2024934e-100
4.8809183e-100
9.5427221e-102
-2.4942517e-09
6.072095e-21
-2.1703015e-32
3.2384518e-43
1.4262503e-53
8.4213918e-64
3.0773877e-73
-6.2713617e-82
2.7044334e-90
-1.1881212e-97
8.176398e-104
-6.8692844e-109
-5.5767894e-109
-3.6005162e-109
-4.0252705e-109
-3.7249774e-109
-1.3617764e-109
-4.1902692e-109
-1.7821986e-109
-1.9893584e-109
-1.8204407e-109
-1.0846982e-109
-1.1997378e-109
-1.1425323e-109
-1.2105595e-109
-1.100466e-109
-3.6361104e-109
-3.0179928e-109
-2.9193817e-109
-9.5340336e-109
-7.9215033e-109
-2.11489e-108
-3.5643714e-108
-4.890708e-108
-3.069985e-107
-1.4749781e-107
-1.2566364e-106
-7.4786108e-107
-6.0090962e-107
-4.5262484e-109
-1.9053042e-09
3.7413189e-21
-1.0563247e-32
1.0723588e-43
4.9583529e-54
2.295594e-64
5.2079013e-74
-1.2200367e-82
3.8295867e-91
-9.210662e-99
7.8592527e-105
-1.4227469e-111
9.0060554e-116
5.443958e-116
5.8200079e-116
4.9874026e-116
1.9541648e-116
5.7408515e-116
2.5081441e-116
2.5381676e-116
2.6472732e-116
1.4716608e-116
1.5866374e-116
1.6100796e-116
1.7555286e-116
1.5535093e-116
5.0292921e-116
4.1377907e-116
4.4935433e-116
1.3734414e-115
1.1458331e-115
3.0596414e-115
5.7101272e-115
8.1724326e-115
5.1534238e-114
2.3700504e-114
2.1247456e-113
1.0639122e-113
5.966261e-114
1.7650246e-116
-1.4806733e-09
2.3400023e-21
-5.2654861e-33
3.8030827e-44
2.0872633e-54
7.8140402e-65
1.1841467e-74
-4.8323155e-83
1.1628655e-91
-1.7011274e-99
8.1643786e-106
-1.7529543e-112
2.4535068e-119
-7.3693485e-123
-8.5140342e-123
-6.2007612e-123
-2.5536215e-123
-7.8336718e-123
-3.1331227e-123
-3.2683724e-123
-3.0940695e-123
-1.8643434e-123
-1.8617418e-123
-2.1275426e-123
-2.1891615e-123
-2.0529071e-123
-6.2111906e-123
-5.6222517e-123
-5.6341811e-123
-1.853956e-122
-1.5524632e-122
-4.5992086e-122
-8.2448655e-122
-1.1202906e-121
-7.9592599e-121
-3.5609548e-121
-3.1771774e-120
-1.2730043e-120
-5.343825e-121
-8.0089466e-124
-1.1796416e-09
1.4992176e-21
-2.7062671e-33
1.4360614e-44
1.2156036e-54
3.783076e-65
4.038728e-75
4.1050984e-83
-7.9791574e-92
7.4769076e-100
-1.2175414e-106
2.8051795e-113
-4.0648487e-120
4.7993103e-127
1.1118011e-129
8.0062852e-130
3.1841181e-130
9.2953618e-130
3.9775657e-130
3.9939105e-130
3.7491214e-130
2.1762782e-130
2.1632264e-130
2.7150257e-130
2.5855362e-130
2.5210396e-130
7.2671341e-130
7.5817045e-130
7.3441847e-130
2.462465e-129
2.0753251e-129
5.7794552e-129
1.1522355e-128
1.5994695e-128
1.1414045e-127
5.3388365e-128
3.9478813e-127
1.4747728e-127
4.1907384e-128
1.1663162e-130
-9.6413449e-10
9.867355e-22
-1.4360403e-33
5.7355836e-45
3.4930224e-54
9.2707808e-65
7.2688682e-75
1.1232325e-83
-1.8579349e-92
1.2068779e-100
-1.0510007e-107
2.2617334e-114
-3.0222341e-121
3.6104302e-128
-4.3462782e-135
-9.9975518e-137
-3.7411443e-137
-1.0581639e-136
-4.5228106e-137
-4.4564402e-137
-3.9274404e-137
-2.5442101e-137
-2.3922066e-137
-3.0263896e-137
-2.789793e-137
-2.737075e-137
-8.3593959e-137
-8.6381279e-137
-8.7246862e-137
-2.7277436e-136
-2.5493207e-136
-7.3738901e-136
-1.4957407e-135
-2.0737557e-135
-1.6216156e-134
-6.6477104e-135
-4.3161997e-134
-1.4396181e-134
-3.7718801e-135
9.4825903e-138
-8.056595e-10
6.6634768e-22
-7.8519541e-34
2.4055662e-45
-1.8271182e-55
-4.2388563e-66
-2.5260444e-76
-1.7438163e-85
2.5921734e-94
-1.2134942e-102
6.1973266e-110
-1.5017959e-116
1.8691224e-123
-2.0669487e-130
2.3189904e-137
7.7339623e-144
4.0013458e-144
1.0888809e-143
4.823997e-144
4.6688802e-144
3.9502606e-144
2.4603482e-144
2.4414702e-144
3.2125309e-144
3.0454207e-144
2.805261e-144
9.0078347e-144
9.0590912e-144
9.1651139e-144
2.8359703e-143
2.8913434e-143
8.2973166e-143
1.7253042e-142
2.332922e-142
1.9008147e-141
7.8722066e-142
4.1902894e-141
1.2905863e-141
4.22977e-142
3.2120911e-145
-6.8549026e-10
4.6069022e-22
-4.4136729e-34
1.0532787e-45
-3.1350858e-56
-6.5167379e-67
-3.0390421e-77
-1.1932202e-86
1.7011996e-95
-6.0450877e-104
1.8686214e-111
-3.7824256e-118
4.7082256e-125
-4.9769634e-132
5.0109049e-139
-5.071429e-146
-3.771824e-151
-1.056817e-150
-4.5674661e-151
-4.3868295e-151
-3.8377922e-151
-2.447601e-151
-2.3297687e-151
-3.0417708e-151
-2.959636e-151
-2.6773346e-151
-8.8686778e-151
-8.763705e-151
-9.1765971e-151
-2.7599143e-150
-2.8580929e-150
-8.6251068e-150
-1.8297786e-149
-2.6661652e-149
-2.2665579e-148
-8.2139312e-149
-3.7298003e-148
-1.0827977e-148
-7.5277432e-149
8.5891892e-153
-5.9222616e-10
3.2574606e-22
-2.5489995e-34
4.800423e-46
-7.9019832e-57
-1.5104366e-67
-5.6563215e-78
-1.4208091e-87
2.1165301e-96
-5.9471863e-105
1.2012204e-112
-2.1538049e-119
2.5081949e-126
-2.4125118e-133
2.2950721e-140
-2.0961591e-147
1.8843524e-154
1.0061057e-157
3.9838768e-158
3.9726211e-158
3.4263795e-158
2.1052139e-158
2.1009433e-158
2.6058814e-158
2.735728e-158
2.2931398e-158
8.1366434e-158
7.641782e-158
8.1686763e-158
2.5982457e-157
2.5811618e-157
8.7911441e-157
1.7943959e-156
2.7762774e-156
2.264872e-155
7.5081092e-156
2.9783002e-155
8.2011591e-156
5.7188319e-155
2.2319711e-160
-5.1908197e-10
2.3578987e-22
-1.5152766e-34
2.2784136e-46
-2.3783568e-57
-4.3006856e-68
-1.3234978e-78
-2.2874362e-88
4.0806689e-97
-9.3920529e-106
1.289424e-113
-1.6896652e-120
1.8151965e-127
-1.6323286e-134
1.3800194e-141
-1.1831433e-148
1.0191888e-155
-8.8070289e-163
-3.4727492e-165
-3.2074791e-165
-2.7514177e-165
-1.8208473e-165
-1.7515487e-165
-2.1896952e-165
-2.2407374e-165
-1.977278e-165
-6.6997858e-165
-6.3682636e-165
-6.7381677e-165
-2.2031446e-164
-2.2069147e-164
-8.0880778e-164
-1.5635454e-163
-2.6842717e-163
-2.2815381e-162
-6.1751999e-163
-2.1499082e-162
-5.8821785e-163
9.2251377e-161
9.052346e-168
-4.6183254e-10
1.7518153e-22
-9.3089419e-35
1.1300326e-46
-8.0768589e-58
-1.4269574e-68
-3.6851288e-79
-4.6143121e-89
1.3248285e-97
-2.5945428e-106
2.5917231e-114
-2.4339905e-121
2.6458273e-128
-2.2130384e-135
1.8787683e-142
-1.5351086e-149
1.2379373e-156
-9.637121e-164
7.9549614e-171
2.5247127e-172
2.0975322e-172
1.3996376e-172
1.366636e-172
1.6466469e-172
1.8305132e-172
1.5072516e-172
5.3014257e-172
4.8511042e-172
5.3597614e-172
1.7263561e-171
1.7840716e-171
6.7293176e-171
1.3013572e-170
2.2858975e-170
1.9051631e-169
4.6283281e-170
1.3492316e-169
4.043126e-170
4.5914053e-167
1.8474295e-174
-4.1759556e-10
1.3405538e-22
-5.9412639e-35
5.8883515e-47
-3.0332454e-58
-5.4429191e-69
-1.20296e-79
-1.1363235e-89
8.399349e-97
-1.4546509e-105
1.0922094e-113
-7.0984565e-121
7.5210736e-128
-5.9288603e-135
4.6051623e-142
-3.5019099e-149
2.6290712e-156
-1.9978687e-163
1.5544288e-170
-1.2215905e-177
-1.5526524e-179
-1.0426517e-179
-1.0067217e-179
-1.2659455e-179
-1.386945e-179
-1.1299437e-179
-3.8713508e-179
-3.6405545e-179
-4.2157202e-179
-1.3020769e-178
-1.3885003e-178
-5.2785154e-178
-1.0508675e-177
-1.7867273e-177
-1.5148164e-176
-3.0553122e-177
-7.5582233e-177
-2.6528391e-177
1.6757846e-173
6.7863017e-181
-3.8425208e-10
1.0604085e-22
-3.9615177e-35
3.2438772e-47
-1.2513331e-58
-2.400148e-69
-4.6291654e-80
-3.4134568e-90
-7.4054142e-99
1.1774303e-107
-6.935982e-116
3.2211911e-123
-3.2531646e-130
2.5363041e-137
-1.9053579e-144
1.3707759e-151
-9.8973061e-159
7.1388229e-166
-4.9492963e-173
3.665175e-180
8.2135478e-187
7.3892057e-187
6.9924248e-187
8.8991436e-187
9.5990593e-187
7.8332937e-187
2.7693021e-186
2.5809583e-186
3.0494494e-186
9.882478e-186
9.9527021e-186
3.8346609e-185
8.1344777e-185
1.4662919e-184
1.1161473e-183
1.8605925e-184
3.9608611e-184
1.6668332e-184
4.2225891e-180
1.8349829e-187
-3.6019915e-10
8.6990216e-23
-2.7742885e-35
1.9012238e-47
-5.6647481e-59
-1.2536495e-69
-2.1548838e-80
-1.2802524e-90
-1.1816857e-99
1.8107136e-108
-8.6879334e-117
2.9164237e-124
-2.4783832e-131
1.7085293e-138
-1.1090544e-145
6.9812141e-153
-4.3632547e-160
2.8060663e-167
-1.7149038e-174
1.06472e-181
-6.5328281e-189
-4.4949474e-194
-4.3361511e-194
-5.3200829e-194
-5.7577208e-194
-4.7967795e-194
-1.6840435e-193
-1.6317434e-193
-1.9865474e-193
-6.256378e-193
-6.7052598e-193
-2.5261265e-192
-5.7529587e-192
-1.0655772e-191
-7.8502277e-191
-1.0804124e-191
-1.9435895e-191
-1.0008312e-191
8.5218137e-187
3.9311756e-194
-3.4422104e-10
7.4212241e-23
-2.0500959e-35
1.1922979e-47
-2.8176167e-59
-8.2448585e-70
-1.2932488e-80
-6.3820214e-91
-3.4430299e-100
5.3782167e-109
-2.1770212e-117
5.1383248e-125
-3.2339956e-132
1.7929277e-139
-9.4732488e-147
4.7947766e-154
-2.4756597e-161
1.2243169e-168
-6.1448478e-176
3.0532073e-183
-1.5293737e-190
7.5827497e-198
2.1240942e-201
2.679653e-201
2.8531188e-201
2.4008346e-201
8.2752261e-201
8.4067962e-201
1.0174998e-200
3.3449428e-200
3.7007751e-200
1.4731159e-199
3.4362363e-199
6.7092426e-199
4.7327189e-198
5.7692195e-199
8.595538e-199
5.4666757e-199
1.6302651e-193
7.6154971e-201
-3.3536365e-10
6.5975897e-23
-1.604563e-35
8.0379844e-48
-1.5427331e-59
-8.3325869e-70
-1.2237358e-80
-5.1606551e-91
-1.8659861e-100
3.2056434e-109
-1.1334216e-117
1.9908459e-125
-8.8348727e-133
3.923035e-140
-1.6141371e-147
6.7159468e-155
-2.7415786e-162
1.0937361e-169
-4.4317884e-177
1.7753742e-184
-7.1189682e-192
2.7903179e-199
-1.1103158e-206
-1.074065e-208
-1.1288358e-208
-9.6027606e-209
-3.4511021e-208
-3.4882743e-208
-4.2048016e-208
-1.4095596e-207
-1.6383975e-207
-6.8347371e-207
-1.6974554e-206
-3.3760861e-206
-2.5288109e-205
-2.5899064e-206
-3.3968142e-206
-3.1068144e-206
3.4524981e-200
1.5450625e-207
-3.3277622e-10
6.1174023e-23
-1.3332257e-35
5.8428389e-48
-9.3098615e-60
4.839887e-69
6.8219232e-80
2.5171835e-90
6.5968342e-100
-1.3953456e-108
4.4399369e-117
-6.0391247e-125
2.1697424e-132
-8.1492833e-140
2.9846771e-147
-1.0571152e-154
3.734452e-162
-1.3461312e-169
4.7682141e-177
-1.7015795e-184
6.0328904e-192
-2.2052749e-199
7.809458e-207
-2.7439594e-214
4.0173689e-216
3.3757266e-216
1.2067782e-215
1.2683492e-215
1.4988316e-215
5.1732142e-215
6.0115677e-215
2.5993733e-214
6.6315086e-214
1.4081501e-213
1.0104077e-212
9.6405685e-214
1.1640499e-213
6.4726626e-214
1.5536494e-206
6.1279886e-214
-3.3551615e-10
5.9085497e-23
-1.1760344e-35
4.5817744e-48
-6.1880441e-60
2.3318103e-70
3.2149821e-81
1.053949e-91
2.1001043e-101
-6.7640327e-110
2.0051804e-118
-2.2964409e-126
7.5318963e-134
-2.8996314e-141
1.0977593e-148
-4.2359685e-156
1.6091568e-163
-6.2264743e-171
2.4295368e-178
-9.3166769e-186
3.7133886e-193
-2.3808145e-200
1.1030181e-206
-9.1647125e-213
5.497988e-219
-1.2969278e-223
-4.5134238e-223
-4.7641009e-223
-5.5042012e-223
-1.8384583e-222
-2.1083239e-222
-9.1949825e-222
-2.3661156e-221
-5.0375591e-221
-3.5000505e-220
-3.020632e-221
-3.5598468e-221
1.5571497e-220
-4.8820337e-213
-1.5068824e-220
-3.4234367e-10
5.9191424e-23
-1.097629e-35
3.8646531e-48
-4.5131708e-60
8.3471647e-71
1.136226e-81
3.3292396e-92
5.1983594e-102
-5.319021e-110
1.51197e-118
-1.572953e-126
6.4709933e-134
-3.6380966e-141
2.0316721e-148
-1.1983363e-155
7.4643518e-163
-4.6809599e-170
5.5348275e-177
4.0124119e-182
-1.4714589e-187
2.480894e-193
-2.7275327e-199
2.3571854e-205
-1.4260073e-211
5.5848965e-218
-1.5740919e-224
2.9163843e-230
2.8568564e-230
8.7125878e-230
9.7712206e-230
3.9575789e-229
9.4633437e-229
1.8899796e-228
1.1442107e-227
8.8874398e-229
1.0661706e-228
-3.0307111e-227
6.720523e-220
1.7654293e-227
-3.5158212e-10
6.1013888e-23
-1.0757876e-35
3.4815451e-48
-3.5834914e-60
4.3056175e-71
5.7965349e-82
1.5210973e-92
1.9053916e-102
1.1393312e-110
-3.2004938e-119
3.275148e-127
-2.56372e-134
1.835973e-140
-9.4594661e-147
8.1004143e-153
-7.1351106e-159
1.1558833e-164
-4.2724938e-170
-6.2795846e-175
2.3946636e-180
-3.9427936e-186
4.5566383e-192
-3.8425502e-198
2.422832e-204
-9.9112074e-211
2.794569e-217
-7.010391e-224
1.1990971e-230
-1.5094673e-236
-1.1315862e-236
-3.6319043e-236
-6.8931963e-236
-1.0493968e-235
-4.7840695e-235
-3.0116933e-236
-3.732836e-236
3.6688384e-234
-6.7851735e-227
-1.6730956e-234
-3.6117455e-10
6.3971767e-23
-1.0939722e-35
3.3111422e-48
-3.0592874e-60
2.6915601e-71
3.6091862e-82
8.5631692e-93
8.8564571e-103
1.8465466e-111
-5.331914e-120
5.5113526e-128
-1.6011885e-132
-1.2433904e-139
-9.5499875e-147
-7.7042328e-154
-5.8015157e-161
-4.4166832e-168
-3.5997178e-175
-7.9537784e-182
1.9516701e-187
-3.2328578e-193
3.656261e-199
-3.249327e-205
1.9017534e-211
-8.0160512e-218
2.0123917e-224
-5.480365e-231
7.5804056e-238
-1.8940836e-243
-1.7283292e-243
-6.817193e-243
-2.3407139e-242
5.2179869e-242
5.0020818e-242
1.6772684e-243
1.9088454e-243
-4.5606153e-241
7.6905146e-234
1.8787027e-241
-3.6905148e-10
6.7296685e-23
-1.1362182e-35
3.2726883e-48
-2.7615806e-60
1.8833376e-71
2.602726e-82
5.7559924e-93
5.1403425e-103
6.2258529e-112
-1.9751781e-120
2.0143206e-128
7.493985e-135
4.8735412e-142
3.3383492e-149
2.62671e-156
2.1817163e-163
1.9838019e-170
2.0475783e-177
2.1228496e-184
2.5864638e-191
3.0965047e-198
4.540996e-205
1.6272302e-212
2.610827e-218
-6.2987978e-225
1.502637e-231
-3.9198776e-238
3.4431699e-245
-1.6227667e-250
-1.3385407e-250
-5.0158339e-250
-1.6381533e-249
4.1288176e-249
7.7114827e-249
-6.0880882e-250
-1.6160262e-250
7.7937443e-248
-1.770737e-240
-4.770205e-248
-3.7373019e-10
7.0094615e-23
-1.1844604e-35
3.3000403e-48
-2.5840058e-60
1.3988443e-71
2.1779617e-82
4.7794537e-93
3.9460173e-103
3.3776848e-112
-1.3316734e-120
1.2290044e-128
-6.4746498e-136
8.0248506e-143
-7.0289499e-150
4.9763302e-157
-2.8822571e-164
1.4909199e-171
-7.2666172e-179
3.3500993e-186
-1.4865784e-193
6.6025545e-201
-2.9907344e-208
1.4025224e-215
-6.7704957e-223
3.4420761e-230
-2.1165539e-237
1.643424e-244
-1.6433767e-251
2.1526792e-257
3.9352939e-257
-2.6207688e-256
-2.2044527e-256
3.3309278e-256
5.9344761e-256
-1.486062e-256
1.1082909e-257
1.239478e-254
-4.6460264e-247
-1.52818e-254
-3.7481836e-10
7.1603507e-23
-1.2195715e-35
3.330862e-48
-2.4541045e-60
1.0654113e-71
2.2793567e-82
5.5154117e-93
4.6441882e-103
3.2018341e-112
-2.115944e-120
1.6789109e-128
-2.3857093e-136
3.7035258e-144
-5.3826836e-152
7.2935742e-160
-9.3860732e-168
1.1716162e-175
-1.4189247e-183
1.6906115e-191
-1.9737427e-199
2.2500305e-207
-2.3226352e-215
1.1062185e-223
6.9794326e-231
-5.286668e-238
3.5213885e-245
-2.8287246e-252
2.9423966e-259
-3.7022965e-265
-7.7592972e-265
6.5719185e-264
8.0471265e-264
-2.3665395e-263
-9.5755543e-263
1.3680537e-263
-3.0306369e-265
4.7604993e-262
-2.897194e-254
-1.3229954e-261
-3.7306066e-10
7.1525512e-23
-1.2264068e-35
3.3093754e-48
-2.3193666e-60
8.178856e-72
4.368554e-82
1.3840394e-92
1.3635082e-102
8.4451399e-112
-2.0143911e-117
1.3953304e-125
-9.5763208e-134
6.4511361e-142
-4.2212e-150
2.6651133e-158
-1.6507975e-166
1.0049876e-174
-6.0402908e-183
3.6086757e-191
-2.1479983e-199
1.2779558e-207
-7.6552388e-216
4.6196243e-224
-2.8384483e-232
1.7772141e-240
-1.1430851e-248
7.6031359e-257
-5.2955361e-265
6.623965e-273
6.2029195e-273
-5.846302e-272
-8.4927785e-272
3.2219894e-271
1.706176e-270
-2.420213e-271
3.6890816e-273
1.1856608e-269
-9.8704072e-262
-7.2048264e-269
-3.6989884e-10
7.0161648e-23
-1.1998813e-35
3.1991964e-48
-2.1467036e-60
6.3008233e-72
-3.782471e-82
-2.165038e-92
-3.0316334e-102
-1.8338163e-111
-9.2690333e-120
6.3371874e-128
-2.8139394e-136
1.1761861e-144
-4.8522495e-153
1.9843134e-161
-8.0268496e-170
3.2148197e-178
-1.2901843e-186
5.165941e-195
-2.0669608e-203
8.3026144e-212
-3.3444195e-220
1.3578683e-228
-5.5599038e-237
2.3022626e-245
-9.67673e-254
4.1365267e-262
-1.8099654e-270
8.1910101e-279
-2.9445651e-281
2.9567608e-280
4.7100826e-280
-2.0594263e-279
-1.2749815e-278
1.8909216e-279
-2.6702456e-281
2.4249652e-277
-2.244923e-269
-3.1862772e-276
-3.6686668e-10
6.8212259e-23
-1.1471408e-35
2.9970262e-48
-1.9270988e-60
4.8848679e-72
-9.5226314e-83
-3.2086606e-92
-8.2662764e-102
-4.953497e-111
-1.1550318e-119
9.3382767e-128
-3.2975266e-136
1.0745478e-144
-3.5177058e-153
1.1550418e-161
-3.7953132e-170
1.2499751e-178
-4.1277644e-187
1.3676851e-195
-4.5381129e-204
1.5118689e-212
-5.0595515e-221
1.7011584e-229
-5.737112e-238
1.9473294e-246
-6.6399039e-255
2.2773878e-263
-7.8991837e-272
2.7775987e-280
-8.907407e-289
-1.0888619e-288
-1.8235361e-288
8.5799333e-288
5.8121601e-287
-9.2198248e-288
1.4563361e-289
4.8438309e-285
-3.8693748e-277
-1.3666918e-283
-3.6514805e-10
6.6422357e-23
-1.0836542e-35
2.7349564e-48
-1.6767915e-60
3.838061e-72
-5.1822549e-83
8.8761794e-93
4.0185264e-102
2.1046907e-111
3.1285865e-120
-4.4638622e-128
1.5103002e-136
-4.6704962e-145
1.4734054e-153
-4.7363937e-162
1.5436565e-170
-5.0813821e-179
1.6911669e-187
-5.662097e-196
1.9053241e-204
-6.4586284e-213
2.1953328e-221
-7.4626969e-230
2.5304049e-238
-8.5946854e-247
2.9076641e-255
-9.7941495e-264
3.2783912e-272
-1.0902364e-280
3.6239772e-289
2.4031884e-297
6.0815943e-297
-2.9268437e-296
-2.071374e-295
3.5778935e-296
-7.3998835e-298
1.378954e-292
-5.564073e-285
-6.4292383e-291
-3.6540636e-10
6.5336271e-23
-1.0261734e-35
2.4654748e-48
-1.4282924e-60
3.0875879e-72
-4.1209271e-83
1.5935072e-92
3.6945162e-102
1.3502723e-111
1.4845873e-120
-6.387425e-127
2.5303554e-135
-9.2361156e-144
3.5490677e-152
-1.4204988e-160
5.8573975e-169
-2.4680182e-177
1.058443e-185
-4.6134152e-194
2.0345577e-202
-9.0394985e-211
4.0153067e-219
-1.7831128e-227
7.8478752e-236
-3.4176055e-244
1.4684078e-252
-6.1751329e-261
2.5334013e-269
-1.007517e-277
3.8801736e-286
-1.4609856e-294
5.6265177e-303
1.016605e-304
7.2267629e-304
-1.3826724e-304
4.6178871e-306
-3.7098231e-300
-7.2805506e-293
-3.6206095e-298
-3.678074e-10
6.5237049e-23
-9.873844e-36
2.23822e-48
-1.2139957e-60
2.5712972e-72
-5.1691052e-83
-3.1286073e-93
-2.6443873e-103
-5.8740133e-113
-5.1630158e-122
-9.6327858e-130
5.9604794e-138
-3.6856007e-146
2.6096273e-154
-2.0320331e-162
1.7179807e-170
-1.5278819e-178
1.4296728e-186
-1.3912755e-194
1.3951318e-202
-1.4127471e-210
1.4315486e-218
-1.4322634e-226
1.3999204e-234
-1.3091096e-242
1.1863912e-250
-9.4616357e-259
9.4456791e-267
1.3939382e-274
-1.0598562e-280
5.1023375e-288
-1.1448496e-295
1.6182963e-303
-2.1530221e-311
8.2738829e-313
2.4726349e-313
-1.1218038e-308
-9.5361006e-301
-2.7625775e-305
-3.7212469e-10
6.6189675e-23
-9.7439782e-36
2.0851182e-48
-1.0538223e-60
2.2320241e-72
-6.8505073e-82
-1.3623928e-92
-5.4804984e-103
-7.4645754e-113
-5.4341326e-122
-7.0556101e-130
1.5156765e-137
-1.8272173e-144
-9.8565653e-152
-3.1282991e-159
-7.7856082e-167
-1.6421822e-174
-3.1458656e-182
-5.6809286e-190
-9.7802725e-198
-1.6787317e-205
-2.8895042e-213
-5.0832943e-221
-9.4783548e-229
-1.9261863e-236
-4.4568439e-244
-1.2665679e-251
-4.9796349e-259
-3.9270504e-266
1.4970506e-272
-6.6590686e-280
1.4094354e-287
-1.8736246e-295
2.014584e-303
-2.9779496e-311
1.4642442e-313
-1.0582718e-313
-1.38286e-308
-3.6090117e-312
-3.7786588e-10
6.8101458e-23
-9.8979658e-36
2.0200592e-48
-9.5383491e-61
2.01734e-72
3.9119872e-83
4.2574006e-94
1.0280642e-104
9.3395986e-115
5.6850662e-124
8.7685415e-132
1.3632502e-139
9.0187353e-148
4.9400677e-156
2.5530917e-164
1.2702504e-172
6.099003e-181
2.7792568e-189
1.0477556e-197
3.2832351e-207
-7.7261602e-214
-1.7259939e-221
-3.2309817e-229
-6.111977e-237
-1.2406269e-244
-2.8564734e-252
-8.0407807e-260
-3.1339815e-267
-2.4351432e-274
9.152634e-281
-4.0029669e-288
8.3433733e-296
-1.1153711e-303
1.2006229e-311
-2.3484848e-313
-7.0825564e-314
-1.8373883e-314
-1.0376032e-313
3.0348376e-313
-3.8439583e-10
7.076603e-23
-1.0330443e-35
2.0460089e-48
-9.120156e-61
1.8848859e-72
1.9244505e-83
1.4705441e-94
2.543308e-105
1.7137489e-115
8.7753757e-125
2.7284346e-132
1.828238e-140
6.4723639e-149
2.0361606e-157
6.2464515e-166
1.905139e-174
5.7727621e-183
1.739529e-191
5.2363113e-200
1.5742979e-208
4.7373416e-217
1.4288265e-225
4.3175593e-234
1.3103517e-242
3.974518e-251
1.1397403e-259
1.0488071e-268
-9.6139584e-276
-8.1926569e-283
3.0157714e-289
-1.2753981e-296
2.5667441e-304
-3.4886094e-312
7.7634939e-314
1.6705816e-314
7.2731459e-314
1.1099958e-313
-2.2719101e-313
-2.7755838e-313
-3.9105361e-10
7.3896431e-23
-1.1011315e-35
2.1610123e-48
-9.2421346e-61
1.8096452e-72
1.4905172e-83
9.4996642e-95
1.3569641e-105
7.5526406e-116
3.3244826e-125
4.4903008e-132
2.3274597e-140
6.4082889e-149
1.6027028e-157
3.9813318e-166
9.9127926e-175
2.476979e-183
6.2099073e-192
1.5566754e-200
3.917264e-209
9.8730693e-218
2.4936754e-226
6.3061096e-235
1.5965183e-243
4.0433313e-252
1.0242836e-260
2.601582e-269
6.6218523e-278
1.6875877e-286
4.3232618e-295
1.0784031e-303
3.4165707e-312
-1.3040372e-315
-5.3614512e-314
-5.7773632e-314
-7.6466805e-314
5.9263056e-315
9.5900275e-315
-2.2251257e-313
-3.9725866e-10
7.7164199e-23
-1.1885349e-35
2.3597992e-48
-9.8695013e-61
1.7849996e-72
1.5546826e-83
9.5039666e-95
1.2666882e-105
6.452784e-116
2.5483419e-125
3.4468658e-132
1.7240208e-140
4.5022522e-149
1.0718073e-157
2.5629207e-166
6.1988949e-175
1.5128989e-183
3.7177789e-192
9.1886194e-201
2.2806651e-209
5.6835575e-218
1.415975e-226
3.5291129e-235
8.7850492e-244
2.180152e-252
5.3864303e-261
1.3216847e-269
3.2167874e-278
7.7658591e-287
1.8502137e-295
4.3575158e-304
1.0080299e-312
-4.8455268e-314
5.22794e-314
4.1020523e-314
3.1168379e-315
-5.4959871e-314
-1.1920865e-313
-2.5901102e-313
-4.0258913e-10
8.0251388e-23
-1.2871698e-35
2.631735e-48
-1.0971503e-60
1.8143269e-72
2.2684619e-83
1.5091861e-94
2.093487e-105
1.0750269e-115
4.0466453e-125
1.1518698e-132
6.4768487e-141
1.8495223e-149
4.8249151e-158
1.2699421e-166
3.408118e-175
9.2536123e-184
2.5472241e-192
7.0630083e-201
1.972962e-209
5.5267912e-218
1.5538319e-226
4.3587778e-235
1.2169436e-243
3.3764666e-252
9.2878393e-261
2.5220939e-269
6.7387813e-278
1.7759051e-286
8.0104145e-295
6.0522851e-302
6.5230239e-309
-3.716907e-314
-2.9664229e-314
4.3506211e-314
-9.342233e-314
-1.8200716e-313
-5.1781242e-314
-2.163014e-313
-4.0682364e-10
8.290805e-23
-1.3871323e-35
2.9576735e-48
-1.2500157e-60
1.9009467e-72
7.3692209e-83
6.056258e-94
9.6850102e-105
5.4895131e-115
2.1119873e-124
2.7430869e-132
1.9499346e-140
6.9280646e-149
2.2361617e-157
7.3449269e-166
2.4690249e-174
8.4632722e-183
2.9489407e-191
1.0374017e-199
3.6843298e-208
1.3139506e-216
4.6873456e-225
1.6679168e-233
5.8904067e-242
2.0677443e-250
7.136657e-259
2.4696151e-267
-5.9592486e-275
2.5183108e-280
7.7311199e-287
1.3426592e-293
1.4970709e-300
1.1546309e-307
6.2096218e-314
4.8203378e-315
-8.1541511e-314
2.091943e-313
-3.5027107e-313
3.3891532e-313
-4.099321e-10
8.4993246e-23
-1.4785292e-35
3.3089297e-48
-1.4365069e-60
2.0429379e-72
-5.7035402e-83
-6.7064425e-94
-1.3675697e-104
-9.331224e-115
-3.9519269e-124
-3.453449e-132
-3.597947e-140
-1.8121819e-148
-8.2504016e-157
-3.8155629e-165
-1.8238228e-173
-8.9334291e-182
-4.4660468e-190
-2.2682099e-198
-1.1644858e-206
-5.9853574e-215
-3.0807677e-223
-1.5797582e-231
-8.1631685e-240
-9.2968571e-249
-1.3673239e-254
5.8213171e-261
-8.2369487e-267
3.1059483e-272
9.7909143e-279
1.7450192e-285
1.9987832e-292
1.5884824e-299
1.0930893e-306
2.0420171e-313
-1.1603671e-313
-4.6193436e-313
4.2266972e-313
3.6138437e-313
-4.120298e-10
8.6483268e-23
-1.5538469e-35
3.6510011e-48
-1.6421189e-60
2.2319073e-72
-2.3744653e-83
-4.9732793e-94
-1.4406996e-104
-1.2886608e-114
-6.4844425e-124
-4.8373676e-132
-8.7708792e-140
-7.359117e-148
-5.457146e-156
-4.1549067e-164
-3.301302e-172
-2.6937238e-180
-2.2623151e-188
-1.9481324e-196
-1.6874659e-204
-1.4696729e-212
-1.2885889e-220
-1.1437369e-228
-1.2318285e-236
-3.8813541e-244
-3.1139504e-251
-2.4139192e-258
-1.789189e-265
-8.3216076e-273
-8.3799989e-280
1.7213882e-286
2.1981696e-292
1.2056941e-298
5.154178e-305
2.4456715e-310
-1.9658253e-314
1.6588418e-313
-3.705082e-313
2.9267419e-313
-4.1331621e-10
8.7447308e-23
-1.6096653e-35
3.9518548e-48
-1.848386e-60
2.4535527e-72
-1.7337291e-83
-1.1461807e-93
-5.3927425e-104
-6.9098782e-114
-4.4576573e-123
-3.3355389e-131
-1.4815374e-138
-2.639006e-146
-3.961136e-154
-6.1871557e-162
-1.0138497e-169
-1.7534113e-177
-3.1300958e-185
-5.7595584e-193
-1.1004085e-200
-2.6122578e-208
-1.4926943e-215
-1.6241152e-222
-1.9955706e-229
-2.3621382e-236
-2.4515183e-243
-2.0048269e-250
-1.5471106e-257
-7.7743191e-265
-7.7023104e-272
1.5176433e-278
2.081648e-284
1.1894836e-290
5.007751e-297
1.9804708e-302
-3.1559625e-307
7.715191e-313
-2.4961791e-313
2.1619506e-313
-4.1401458e-10
8.8004876e-23
-1.6467773e-35
4.1907538e-48
-2.0370622e-60
2.6895476e-72
-1.5324544e-83
1.5127382e-93
1.4370838e-103
2.9222548e-113
2.6149498e-122
2.2600925e-130
1.5822095e-136
1.2059468e-143
6.3453237e-151
3.3928181e-158
2.0723445e-165
1.4062241e-172
1.0213656e-179
8.1712408e-187
6.720152e-194
5.6590424e-201
4.6317899e-208
3.7844033e-215
3.0456958e-222
2.2341477e-229
1.4912076e-236
9.3592685e-244
5.1092614e-251
2.507767e-258
1.0459007e-265
3.9452939e-273
1.0635756e-280
9.9174237e-288
-5.0773155e-295
-5.0612739e-301
5.6790423e-309
3.581628e-313
-7.954079e-313
-2.5160203e-314
-4.1432821e-10
8.8284941e-23
-1.6688487e-35
4.3625502e-48
-2.1949853e-60
2.9207744e-72
-1.4856499e-83
5.3688208e-94
1.9978159e-103
7.4383767e-113
1.0048015e-121
1.1058729e-129
-1.044448e-136
9.898546e-144
-1.4052491e-150
1.9427771e-157
-2.5289421e-164
2.9511695e-171
-3.461887e-178
3.654512e-185
-3.6584835e-192
3.5475975e-199
-3.744176e-206
3.9045972e-213
-4.2239292e-220
4.7574088e-227
-5.6576143e-234
6.6519379e-241
-1.0304613e-247
1.7358506e-254
-3.8692076e-261
1.4070262e-267
-6.7617832e-274
1.7149639e-280
-1.4718822e-287
5.8253276e-295
-1.6310179e-302
6.0168992e-310
-2.2057559e-312
2.1677084e-313
-4.144187e-10
8.8398431e-23
-1.6805563e-35
4.4754349e-48
-2.3169226e-60
3.131136e-72
-1.5090136e-83
3.9065068e-94
-1.5349005e-103
-1.3946484e-112
-3.1641356e-121
-4.9040503e-129
3.6676003e-136
-1.9258947e-143
1.0820042e-150
-6.2656094e-158
3.7452338e-165
-2.1349827e-172
1.2090274e-179
-6.6556311e-187
3.7738663e-194
-2.1480048e-201
1.197309e-208
-6.7704322e-216
3.8125879e-223
-2.2443768e-230
1.2932545e-237
-7.3981207e-245
4.3184143e-252
-2.6097022e-259
6.8507115e-267
2.3890438e-272
-3.6108244e-278
1.4947331e-284
-2.3733383e-291
1.4526591e-298
-6.7958151e-306
2.307684e-313
2.7196824e-313
-3.2165563e-313
-4.1439916e-10
8.8426374e-23
-1.6861313e-35
4.544573e-48
-2.4051132e-60
3.3105008e-72
-1.5651068e-83
3.4984773e-94
-6.0743529e-104
-1.1203773e-111
-5.0403142e-120
-1.1992479e-127
1.011116e-134
-5.4022203e-142
2.9849704e-149
-1.7407996e-156
9.8235333e-164
-5.6472037e-171
3.2287547e-178
-1.8745011e-185
1.0914717e-192
-6.2928671e-200
3.6846949e-207
-2.1378666e-214
1.2521716e-221
-7.0253635e-229
4.1116033e-236
-6.5768557e-244
1.0686441e-248
-6.5303849e-254
8.4156113e-260
-2.2048326e-265
2.9906557e-271
-1.2575952e-277
2.4003283e-284
-1.8858855e-291
1.1151743e-298
-1.0708103e-305
8.4474774e-312
-4.1449601e-313
-4.1433951e-10
8.8419811e-23
-1.6886565e-35
4.5857098e-48
-2.4663754e-60
3.4556505e-72
-1.6327712e-83
3.4220614e-94
-4.5116001e-104
7.5874276e-113
1.0410821e-120
4.3713617e-128
-4.7586701e-135
3.34371e-142
-2.3176497e-149
1.6225165e-156
-1.1702738e-163
8.5570568e-171
-6.1724393e-178
4.6061166e-185
-3.3817382e-192
2.5865049e-199
-1.9162704e-206
1.3792652e-213
-2.1308599e-220
3.6852639e-226
-7.8106096e-232
-1.4531334e-236
-9.7829834e-242
5.4751462e-247
-6.8851807e-253
1.9763429e-258
-2.6914921e-264
1.2320026e-270
-2.7469794e-277
2.6282048e-284
-1.7376962e-291
1.5047983e-298
-4.2732396e-305
3.56645e-311
-4.142766e-10
8.8405994e-23
-1.6899989e-35
4.6112998e-48
-2.5087695e-60
3.5690822e-72
-1.6992863e-83
3.4736722e-94
-4.060149e-104
4.149156e-113
-1.6313843e-120
-1.484098e-127
2.8049395e-134
-3.1348021e-141
3.2365293e-148
-3.2638769e-155
3.3145051e-162
-3.498162e-169
3.7945762e-176
-4.3654088e-183
5.0527641e-190
-5.8150436e-197
7.531146e-204
2.3470954e-208
3.4900018e-214
-1.3681094e-219
3.2221245e-225
6.4311032e-230
4.2589164e-235
-2.4493769e-240
2.7397112e-246
-1.020768e-251
1.4499004e-257
-7.0340006e-264
1.8439746e-270
-2.0213857e-277
1.4806459e-284
-1.2196591e-291
2.2861363e-298
-9.8092356e-305
-4.1422615e-10
8.8396508e-23
-1.691082e-35
4.6294064e-48
-2.5392615e-60
3.6566224e-72
-1.7579643e-83
3.5679271e-94
-3.9402089e-104
3.2768233e-113
-3.7551557e-121
-1.7266932e-127
4.8111373e-134
-8.0344236e-141
1.3086224e-147
-2.1851455e-154
4.159648e-161
-7.1151623e-168
1.271458e-174
-2.2768405e-181
3.8233363e-188
-6.3796226e-195
1.0590781e-201
-1.9245273e-208
3.4452446e-215
-5.5440066e-222
9.0433729e-229
5.4056272e-235
5.2114464e-240
-6.5432672e-246
3.8191057e-251
-9.8859252e-258
6.6491879e-263
-5.3231433e-268
4.6418881e-274
-6.4913519e-281
4.8684256e-288
-3.9671319e-295
6.8826697e-302
-2.4601486e-308
-4.1419152e-10
8.8394087e-23
-1.6922343e-35
4.6443183e-48
-2.5627532e-60
3.724872e-72
-1.8066013e-83
3.6643389e-94
-3.9309202e-104
2.9390128e-113
-2.2893241e-121
4.6181884e-128
-2.1773455e-134
5.7144086e-141
-1.4303589e-147
3.7397628e-154
-1.1427789e-160
3.2975701e-167
-8.6875868e-174
2.4107757e-180
-6.4558473e-187
2.0842998e-193
-5.9181223e-200
1.4435642e-206
-4.2448188e-213
8.8351448e-220
-2.3663546e-226
5.2337682e-233
-1.1698568e-239
2.9559635e-246
-6.9389582e-253
1.5908827e-259
-2.4100193e-266
2.0073761e-273
-8.5045435e-280
1.2970336e-286
-9.5657938e-294
7.349451e-301
-1.3228759e-307
-7.1064893e-312
-4.1417066e-10
8.8397459e-23
-1.6934827e-35
4.6578023e-48
-2.5821532e-60
3.7795332e-72
-1.8457655e-83
3.7463796e-94
-3.948016e-104
2.7671696e-113
-1.7797961e-121
1.6633967e-128
-1.0389163e-134
4.0402933e-141
-1.5256003e-147
6.1839001e-154
-2.3547686e-160
7.5779056e-167
-2.7136486e-173
1.0033066e-179
-3.5308261e-186
1.0607295e-192
-3.6838474e-199
1.4742394e-205
-4.2766353e-212
1.3459033e-218
-3.8975465e-225
1.3114143e-231
-4.4438683e-238
1.6227468e-244
-5.0677317e-251
1.2744658e-257
-2.5702366e-264
3.4696524e-271
-2.8180285e-278
1.4672396e-285
-5.8272385e-293
2.9206539e-300
-3.2529851e-307
1.7618223e-312
-4.1415973e-10
8.8404446e-23
-1.6947514e-35
4.6702894e-48
-2.5989198e-60
3.8247223e-72
-1.877272e-83
3.8109516e-94
-3.9625689e-104
2.6528906e-113
-1.5030899e-121
9.9712926e-129
-3.5846532e-135
1.5884133e-141
-6.7019612e-148
2.921033e-154
-1.2984839e-160
6.3393892e-167
-2.7096646e-173
1.0229465e-179
-3.7631303e-186
1.7096983e-192
-6.8052445e-199
2.7308104e-205
-1.4269452e-211
5.3230619e-218
-1.7241222e-224
6.6352862e-231
-2.3390199e-237
7.8884513e-244
-4.2107858e-250
-6.0426325e-256
-7.4067785e-262
-1.0690507e-267
2.9624542e-274
-2.8399284e-281
1.6920189e-288
-1.0822555e-295
1.7796232e-302
-6.6686521e-309
-4.1415525e-10
8.8413028e-23
-1.6959566e-35
4.6816898e-48
-2.6136594e-60
3.8630419e-72
-1.9030465e-83
3.860798e-94
-3.967968e-104
2.5664555e-113
-1.3326563e-121
7.0930422e-129
-2.1293701e-135
1.0884489e-141
-4.0173282e-148
1.8311159e-154
-7.5447661e-161
2.5215387e-167
-1.2856109e-173
5.270708e-180
-1.8472982e-186
7.4747979e-193
-2.9025942e-199
1.111454e-205
-4.2043514e-212
1.4222671e-218
-4.9337947e-225
1.3958718e-231
-6.1687312e-238
9.5992567e-245
8.2442894e-250
3.5344634e-255
-6.8273042e-260
7.5028665e-266
-1.1755681e-272
7.144028e-280
-3.12822e-287
1.6523298e-294
-2.298419e-301
7.4310807e-308
-4.1415489e-10
8.8422043e-23
-1.6970507e-35
4.6918551e-48
-2.6266071e-60
3.8960175e-72
-1.9246031e-83
3.9001765e-94
-3.9672871e-104
2.4919581e-113
-1.2091675e-121
5.4889375e-129
-1.5314967e-135
4.9861009e-142
-1.6006221e-148
6.8838947e-155
-1.9803047e-161
6.8053174e-168
-2.894748e-174
1.1228608e-180
-4.3505323e-187
1.4783136e-193
-4.6210288e-200
1.4929372e-206
-6.4364764e-213
2.2214261e-219
-8.1805649e-226
3.801557e-232
-2.4522839e-239
-2.2014927e-244
-3.5571354e-247
-3.767902e-252
-4.2371008e-254
-2.3176213e-260
6.5620651e-267
-6.213239e-274
3.5612341e-281
-2.2860044e-288
3.5711205e-295
-1.2996215e-301
-4.1415715e-10
8.8430855e-23
-1.6980167e-35
4.7007331e-48
-2.6378841e-60
3.9245321e-72
-1.9429817e-83
3.9326005e-94
-3.9642118e-104
2.4293064e-113
-1.1171227e-121
4.6713497e-129
-1.0331251e-135
4.9650978e-142
-1.6951868e-148
6.3397132e-155
-2.666728e-161
8.5994129e-168
-3.1169232e-174
1.0182963e-180
-3.9438638e-187
1.1828485e-193
-5.113322e-200
2.1037022e-206
-9.1749568e-213
-9.2270288e-219
-4.4302303e-224
-3.4356722e-229
-6.5104684e-234
-1.9968627e-240
6.6302226e-245
1.1110365e-250
6.4793053e-256
5.4498792e-261
-1.3192258e-267
1.194044e-274
-6.8642814e-282
4.4562841e-289
-7.0743856e-296
2.431339e-302
-4.1416109e-10
8.8439187e-23
-1.6988593e-35
4.7083862e-48
-2.6476194e-60
3.9491718e-72
-1.9588309e-83
3.9603303e-94
-3.9611962e-104
2.3784572e-113
-1.0489953e-121
4.0141986e-129
-9.4182839e-136
3.0682445e-142
-1.5125208e-148
5.510789e-155
-2.2289815e-161
1.0108216e-167
-2.9908653e-174
9.4261081e-181
-2.8624618e-187
1.0506692e-193
-3.7902252e-200
1.3418346e-206
-4.706144e-213
1.7090636e-219
5.2990233e-225
4.0808367e-230
9.4709125e-236
6.4095557e-242
-4.8103409e-247
-3.0868573e-252
2.3032723e-257
3.5870006e-263
-1.2550823e-269
1.2016374e-276
-7.0718726e-284
4.49104e-291
-6.8343619e-298
3.0729545e-304
-4.1416626e-10
8.8447025e-23
-1.699594e-35
4.7149551e-48
-2.6559806e-60
3.9704236e-72
-1.9725661e-83
3.9846253e-94
-3.9601189e-104
2.3384991e-113
-9.9312678e-122
3.5689029e-129
-7.2697726e-136
2.5775328e-142
-1.1192333e-148
4.1879016e-155
-1.663806e-161
5.7744913e-168
-1.7420265e-174
7.4732412e-181
-2.2940525e-187
9.6437187e-194
-3.2527747e-200
1.115745e-206
-3.8064415e-213
1.2971862e-219
-5.0222176e-226
6.9989051e-233
-1.8264286e-238
-5.4521025e-244
-1.3258221e-249
-1.7897492e-254
8.5974992e-260
-6.5625916e-266
1.7280195e-272
-1.6487506e-279
9.460797e-287
-6.4018719e-294
1.0035368e-300
-4.2389022e-307
-4.1417266e-10
8.8454538e-23
-1.7002404e-35
4.7206065e-48
-2.663157e-60
3.9887287e-72
-1.9844839e-83
4.006039e-94
-3.9602629e-104
2.3064746e-113
-9.5111717e-122
3.1817965e-129
-6.3214003e-136
2.7350578e-142
-1.4362848e-148
6.6729469e-155
-2.4189402e-161
8.2415418e-168
-3.3865222e-174
1.1713854e-180
-5.2025278e-187
1.7878372e-193
-7.1028325e-200
2.6025267e-206
-8.8367118e-213
2.9887968e-219
-1.1910612e-225
5.9726307e-232
-3.6385613e-238
7.8087061e-244
7.7921913e-250
1.7918754e-254
-6.8461884e-260
4.9480053e-265
-1.4920696e-271
1.3863639e-278
-7.794279e-286
5.1095656e-293
-7.4131514e-300
2.8135916e-306
-4.1417962e-10
8.846163e-23
-1.7008116e-35
4.725488e-48
-2.6693237e-60
4.0044851e-72
-1.9948038e-83
4.0249471e-94
-3.9622325e-104
2.2811305e-113
-9.1992329e-122
2.9876376e-129
-6.6910945e-136
2.4110615e-142
-8.19242e-149
3.921559e-155
-1.6731038e-161
4.8396247e-168
-2.4035737e-174
8.4759757e-181
-3.2627518e-187
1.2613287e-193
-4.6094823e-200
1.8662472e-206
-7.6460051e-213
3.1089832e-219
-1.4775869e-225
4.6365672e-232
-2.4001965e-238
-1.3363635e-244
-8.2233392e-250
2.8426773e-255
2.0478157e-261
-7.1776164e-267
1.544173e-273
-1.3098844e-280
7.1687717e-288
-4.5608276e-295
7.3992217e-302
-3.2072611e-308
-4.1418723e-10
8.8468439e-23
-1.7013211e-35
4.7297304e-48
-2.6746411e-60
4.0180852e-72
-2.0037635e-83
4.0416584e-94
-3.964211e-104
2.2606212e-113
-8.9433086e-122
2.8101739e-129
-5.3784621e-136
2.146718e-142
-8.3949638e-149
4.865699e-155
-2.2084614e-161
7.5938909e-168
-3.7993098e-174
1.5468173e-180
-7.1465553e-187
2.9337969e-193
-1.0129802e-199
6.4928288e-206
-2.7266913e-212
-1.0527779e-218
-2.3843481e-224
2.4184775e-229
-2.6733454e-234
1.272572e-239
8.8331223e-246
-5.319514e-251
-2.0341393e-256
7.802771e-262
-2.8283644e-268
2.6537914e-275
-1.5177303e-282
1.0237091e-289
-1.5401025e-296
6.0309165e-303
-4.1419588e-10
8.8475127e-23
-1.7017817e-35
4.7334484e-48
-2.6792521e-60
4.0298473e-72
-2.0115223e-83
4.0562891e-94
-3.9670167e-104
2.2451321e-113
-8.7334686e-122
2.6846914e-129
-4.8232013e-136
2.0411709e-142
-7.0565747e-149
2.5619245e-155
-1.1466753e-161
4.7598777e-168
-2.3536145e-174
8.5777075e-181
-3.2106161e-187
1.4081915e-193
-7.1813222e-200
2.4826248e-206
-1.0373119e-212
3.7942719e-219
-3.0344474e-225
4.6533292e-230
-2.5603678e-235
-5.4476359e-241
-1.2272584e-246
-1.7076443e-252
-9.844736e-258
1.6555401e-263
-4.3644239e-270
4.1610187e-277
-2.3770708e-284
1.5389463e-291
-2.4579523e-298
1.0262691e-304
-4.1420501e-10
8.8481628e-23
-1.7021986e-35
4.7367162e-48
-2.6832617e-60
4.0400478e-72
-2.0182645e-83
4.0690695e-94
-3.9694998e-104
2.2313877e-113
-8.5741757e-122
2.563072e-129
-5.3001815e-136
2.4091328e-142
-1.170836e-148
4.2596878e-155
-2.1450089e-161
9.7508204e-168
-4.328029e-174
1.5985728e-180
-8.6098392e-187
3.0952926e-193
-1.5090812e-199
5.2659409e-206
-2.0209994e-212
7.3315878e-219
-5.8660262e-226
1.4561996e-230
3.0839499e-236
-1.4212733e-241
-9.1773512e-248
1.1525063e-252
-3.2802362e-258
3.0193651e-264
-6.3743931e-271
5.593279e-278
-3.1025465e-285
2.0140086e-292
-3.176647e-299
1.5661975e-305
-4.1421494e-10
8.8488075e-23
-1.7025809e-35
4.7396078e-48
-2.6867641e-60
4.048911e-72
-2.0241198e-83
4.0802101e-94
-3.9724352e-104
2.2213277e-113
-8.4410278e-122
2.5100198e-129
-4.4759855e-136
1.8879281e-142
-8.4456899e-149
4.4970247e-155
-1.9284984e-161
8.6343253e-168
-5.2181737e-174
2.2624082e-180
-8.4699159e-187
3.5466753e-193
-1.6454144e-199
6.7471161e-206
-2.8136858e-212
1.1144255e-218
-9.275678e-225
-8.8890399e-231
-7.7173642e-236
-1.1422451e-241
4.3210418e-247
1.1493355e-252
7.8375866e-258
-1.7917482e-263
4.2858566e-270
-3.5397247e-277
1.9221228e-284
-1.2100203e-291
2.1954925e-298
-1.0930471e-304
-4.1422555e-10
8.8494476e-23
-1.702933e-35
4.7421768e-48
-2.6898324e-60
4.0566477e-72
-2.0292304e-83
4.0900214e-94
-3.9748209e-104
2.2111294e-113
-8.3056723e-122
2.4352978e-129
-4.4797552e-136
1.8882406e-142
-6.7662302e-149
2.459518e-155
-1.3389259e-161
6.4147248e-168
-2.9040871e-174
1.2870569e-180
-7.1399798e-187
3.979516e-193
-1.6045532e-199
8.150659e-206
-3.9563507e-212
2.2185561e-218
-1.3413713e-224
-1.7060398e-229
-7.6931672e-235
-2.8897721e-241
3.6703325e-246
6.3135714e-252
1.8823561e-257
6.8271783e-263
-2.3532638e-269
2.4007403e-276
-1.3776437e-283
9.3913189e-291
-1.7915308e-297
9.6684119e-304
-4.1423687e-10
8.8500882e-23
-1.7032602e-35
4.7444687e-48
-2.6925264e-60
4.0633947e-72
-2.0336865e-83
4.0985957e-94
-3.9773279e-104
2.2041926e-113
-8.2114381e-122
2.3349404e-129
-4.2225657e-136
1.6719749e-142
-8.604796e-149
4.0714623e-155
-2.095704e-161
9.8568412e-168
-4.0052633e-174
2.216072e-180
-1.0038308e-186
4.4467908e-193
-2.014646e-199
8.1258178e-206
-3.6962584e-212
2.0519258e-218
1.5076592e-225
1.1261073e-229
3.5885082e-235
-4.577782e-240
1.5882133e-245
-3.4037423e-251
1.9212997e-256
-1.4328831e-262
3.2150128e-269
-2.9138568e-276
1.624533e-283
-1.061726e-290
2.0275246e-297
-9.0305146e-304
-4.1424899e-10
8.8507363e-23
-1.7035678e-35
4.7465292e-48
-2.6949015e-60
4.0692973e-72
-2.0375627e-83
4.1060528e-94
-3.9792591e-104
2.1976765e-113
-8.1537844e-122
2.3176293e-129
-4.125131e-136
2.1025197e-142
-1.4193972e-148
5.8350555e-155
-3.1790745e-161
1.6261598e-167
-7.8365443e-174
3.8769112e-180
-1.839257e-186
8.1821433e-193
-5.036774e-199
3.2477562e-205
-1.3023607e-211
6.1970724e-218
-2.427278e-224
1.8924018e-230
-2.5883085e-236
-1.2851859e-241
-3.4432701e-246
1.2971226e-251
5.668266e-257
-3.3492909e-263
6.7563568e-270
-5.6747845e-277
3.0896805e-284
-1.9454927e-291
3.3681204e-298
-1.6157281e-304
-4.1426219e-10
8.8514016e-23
-1.7038596e-35
4.7483882e-48
-2.6969976e-60
4.074461e-72
-2.0409476e-83
4.1125994e-94
-3.9811591e-104
2.1918383e-113
-8.0866266e-122
2.2711721e-129
-3.8742826e-136
1.477724e-142
-8.344666e-149
3.7416557e-155
-2.0356798e-161
1.0312437e-167
-6.8543833e-174
3.6861203e-180
-1.96561e-186
1.2830528e-192
-7.5783727e-199
3.4158006e-205
-2.731031e-211
1.3260064e-217
-5.8927994e-224
-1.618384e-229
-2.1081886e-235
-1.0457043e-240
-1.8675611e-246
5.320903e-251
-1.0953551e-256
7.4887805e-263
-1.976844e-269
1.752667e-276
-9.5357674e-284
6.2941853e-291
-1.0362467e-297
7.2831304e-304
-4.1427652e-10
8.85209e-23
-1.7041402e-35
4.750081e-48
-2.6988556e-60
4.0789905e-72
-2.0439052e-83
4.1182253e-94
-3.9828262e-104
2.1870944e-113
-8.0327546e-122
2.2586193e-129
-4.7985976e-136
2.7798399e-142
-1.6456923e-148
1.0844051e-154
-6.7763668e-161
5.0006142e-167
-3.2598473e-173
1.9975314e-179
-9.7997362e-186
5.8999061e-192
-3.4763057e-198
1.7083319e-204
-8.017761e-211
6.1750676e-217
-3.148422e-223
-8.7131317e-229
4.2922547e-234
6.0057358e-239
1.0174283e-244
-1.3873069e-249
-1.8828135e-255
2.536194e-259
-6.338709e-266
5.1635259e-273
-2.7510034e-280
1.7424165e-287
-2.9788793e-294
1.5565262e-300
-4.1429223e-10
8.8528146e-23
-1.7044144e-35
4.7516353e-48
-2.7005104e-60
4.0829568e-72
-2.0464797e-83
4.1232124e-94
-3.9842621e-104
2.1835709e-113
-7.9555451e-122
2.1817068e-129
-4.5428142e-136
2.3396754e-142
-1.416145e-148
6.558081e-155
-4.4420546e-161
2.3833797e-167
-1.2987028e-173
6.1983144e-180
-3.6031881e-186
2.2588378e-192
-1.8280768e-198
9.2651497e-205
-8.0996814e-211
9.74638e-216
1.163482e-221
-1.0122627e-226
-9.7731249e-232
-3.8110749e-237
1.8329366e-242
-4.6497033e-248
-6.0101216e-253
1.7220905e-258
-3.4694017e-265
2.705777e-272
-1.4190104e-279
9.1728284e-287
-1.6508014e-293
9.1985676e-300
-4.1430967e-10
8.853586e-23
-1.7046863e-35
4.7530791e-48
-2.7019899e-60
4.0864472e-72
-2.0487159e-83
4.1274422e-94
-3.9856267e-104
2.1796724e-113
-7.925481e-122
2.1855446e-129
-4.379406e-136
2.4903668e-142
-1.4393866e-148
7.6065553e-155
-6.9115179e-161
4.1965351e-167
-3.4189923e-173
2.4285275e-179
-1.9055233e-185
1.0359095e-191
-5.9376192e-198
3.6239484e-204
-1.661722e-210
1.4365582e-216
-5.4902279e-223
3.6818147e-229
-1.5616883e-235
-3.6563348e-242
6.108474e-247
1.7582378e-254
2.8210658e-258
-7.5574812e-264
1.9716766e-270
-1.6540821e-277
9.091549e-285
-6.1529339e-292
1.1226578e-298
-7.0401337e-305
-4.1432865e-10
8.8544045e-23
-1.7049581e-35
4.7544282e-48
-2.7033156e-60
4.089503e-72
-2.0506541e-83
4.1310299e-94
-3.9866816e-104
2.1767436e-113
-7.8971207e-122
2.2040055e-129
-4.9382083e-136
2.4233439e-142
-1.5245815e-148
1.7904809e-154
-1.2619822e-160
8.900369e-167
-5.6437453e-173
8.9156e-179
-4.5422861e-185
2.2774204e-191
-2.0545582e-197
1.1946461e-203
-1.1102153e-209
6.0884187e-216
-3.4817004e-222
2.0239061e-228
-1.079654e-234
2.6315317e-239
1.3535133e-244
-9.7028832e-250
-8.173985e-258
3.8362875e-262
-9.1325709e-269
7.5573655e-276
-4.0135853e-283
2.6322569e-290
-4.849735e-297
2.6492216e-303
-4.1435017e-10
8.8553019e-23
-1.7052372e-35
4.7557166e-48
-2.7045161e-60
4.0921962e-72
-2.0523289e-83
4.1341646e-94
-3.9870906e-104
2.1743253e-113
-7.8672365e-122
2.1728824e-129
-4.6586374e-136
2.2889879e-142
-1.348539e-148
6.6087068e-155
-4.0349409e-161
2.747456e-167
-2.5062972e-173
1.3486527e-179
-1.127242e-185
8.2328666e-192
-5.6215091e-198
4.402472e-204
-3.2527072e-210
1.1577899e-216
-2.9360641e-222
2.2653459e-227
-3.7814638e-232
3.6084276e-237
3.2124854e-242
-8.710772e-247
2.0398144e-252
-2.0045821e-258
3.8067253e-265
-2.897984e-272
1.5206293e-279
-9.4414533e-287
1.8061991e-293
-8.7653598e-300
-4.1437455e-10
8.8562884e-23
-1.7055277e-35
4.7569618e-48
-2.7056116e-60
4.0945644e-72
-2.0537686e-83
4.1367431e-94
-3.9878376e-104
2.1720452e-113
-7.8416862e-122
2.1385895e-129
-4.2299945e-136
2.5504473e-142
-1.9497409e-148
1.8038581e-154
-1.3309336e-160
1.1085148e-166
-7.0215615e-173
5.3176585e-179
-4.6326204e-185
4.067979e-191
-5.4620926e-197
3.2880799e-203
-2.3630972e-209
1.5377231e-215
-1.2681107e-221
1.2202985e-227
-1.109597e-233
7.0711931e-240
-4.4202809e-246
1.218299e-251
6.4002423e-257
-4.9285477e-263
8.0553839e-270
-5.5774656e-277
2.8289289e-284
-1.7925955e-291
3.5444186e-298
-1.95762e-304
-4.1440205e-10
8.8573827e-23
-1.7058354e-35
4.7581887e-48
-2.7066228e-60
4.0966573e-72
-2.055012e-83
4.1389005e-94
-3.9879554e-104
2.1699998e-113
-7.8198733e-122
2.1598156e-129
-4.7044289e-136
2.4307362e-142
-2.0402776e-148
1.1602713e-154
-1.0344084e-160
8.0217603e-167
-1.0148323e-172
6.8900738e-179
-7.2190331e-185
4.8986139e-191
-2.733046e-197
1.716378e-203
-1.2538493e-209
1.0235191e-215
-6.7907678e-222
6.4636608e-228
-6.6785991e-234
6.2714816e-241
-3.6790157e-245
-2.6011656e-249
3.9385187e-255
-1.5008571e-261
2.2010166e-268
-1.5693219e-275
7.8531042e-283
-4.8086978e-290
8.1164178e-297
-4.3841065e-303
-4.1443339e-10
8.8586087e-23
-1.7061662e-35
4.7594217e-48
-2.7075662e-60
4.0985034e-72
-2.0560572e-83
4.1406116e-94
-3.9880841e-104
2.1678818e-113
-7.8021359e-122
2.1338695e-129
-4.2163254e-136
2.3834578e-142
-2.7811497e-148
2.2541405e-154
-2.0330789e-160
2.0096102e-166
-2.9665016e-172
2.1767623e-178
-1.742847e-184
1.0531292e-190
-8.378921e-197
1.1284026e-202
-8.0291493e-209
5.8499378e-215
-4.1625e-221
2.7930399e-227
-2.407975e-233
2.2782263e-239
-3.2266415e-245
5.5969692e-251
-3.9398201e-257
4.8737033e-263
-1.0617439e-269
8.5193515e-277
-4.4356501e-284
2.8887909e-291
-5.3408664e-298
3.2084065e-304
-4.1446968e-10
8.8600033e-23
-1.7065294e-35
4.7606915e-48
-2.708469e-60
4.1001602e-72
-2.0569515e-83
4.142009e-94
-3.988097e-104
2.1658032e-113
-7.779858e-122
2.1302611e-129
-4.1605077e-136
2.3422109e-142
-2.7305281e-148
3.9840508e-154
-2.7604691e-160
2.0405017e-166
-1.7576833e-172
1.4163918e-178
-1.3172266e-184
1.2185508e-190
-9.7555679e-197
6.1204255e-203
-5.3606048e-209
5.7531059e-215
-1.2562015e-220
-1.3742277e-227
-2.702904e-232
-1.1008484e-235
5.7284939e-241
-5.6433119e-246
8.6616309e-254
-1.0453701e-258
2.8115312e-265
-2.5902125e-272
1.4586766e-279
-9.6372159e-287
1.7873468e-293
-1.1943082e-299
-4.1451179e-10
8.8615987e-23
-1.7069336e-35
4.762028e-48
-2.7093487e-60
4.1016559e-72
-2.0576987e-83
4.143038e-94
-3.9874553e-104
2.1646449e-113
-7.7712998e-122
2.1228059e-129
-4.9208526e-136
4.0640937e-142
-2.9478491e-148
2.4030103e-154
-2.2514902e-160
2.6030979e-166
-3.2552937e-172
4.9086299e-178
-5.4921898e-184
8.4367805e-190
-9.4248873e-196
1.0488762e-201
-7.8898682e-208
3.7014616e-214
-1.0475925e-218
3.5676946e-224
-5.2807457e-229
-2.6339777e-233
-4.3618942e-238
2.9002791e-243
-4.4787237e-249
5.0658679e-255
-9.9099199e-262
7.4295029e-269
-3.7508298e-276
2.3705102e-283
-5.1574351e-290
3.1303119e-296
-4.1456078e-10
8.8634359e-23
-1.7073886e-35
4.7634653e-48
-2.71023e-60
4.1030289e-72
-2.0583199e-83
4.1437832e-94
-3.9869375e-104
2.1629309e-113
-7.7562202e-122
2.1388609e-129
-4.7430399e-136
9.0672717e-142
-9.8018878e-148
1.7899328e-153
-2.030561e-159
5.163121e-165
-4.1461479e-171
4.0456776e-177
-4.5498453e-183
5.0000934e-189
-7.3522452e-195
9.2322683e-201
-1.944612e-206
2.2090182e-212
-3.3133723e-218
2.7370141e-224
-2.8889799e-230
2.9317873e-236
-2.6594126e-242
1.5466287e-248
4.3731171e-254
-5.370956e-260
9.9177631e-267
-7.6478188e-274
4.0596378e-281
-2.6399908e-288
5.2612774e-295
-2.9431639e-301
-4.1461847e-10
8.8655789e-23
-1.70791e-35
4.765052e-48
-2.7111399e-60
4.1043282e-72
-2.0588522e-83
4.1442841e-94
-3.9863397e-104
2.1608314e-113
-7.7481571e-122
2.1275146e-129
-4.2237366e-136
3.1841146e-142
-3.2592378e-148
3.0374988e-154
-5.2277541e-160
1.0896478e-165
-1.5432847e-171
1.649805e-177
-2.3044738e-183
2.9046196e-189
-2.4654339e-195
9.0010994e-201
-1.317782e-206
2.4905451e-212
-6.0822572e-218
6.7390511e-224
-8.2591618e-230
1.0504145e-235
-1.6021445e-241
-2.9265851e-247
-5.2906607e-253
4.5268262e-259
-8.2310917e-266
6.1352966e-273
-3.2261254e-280
2.0279185e-287
-4.0830799e-294
2.7122506e-300
-4.1468692e-10
8.8680945e-23
-1.7085137e-35
4.7668342e-48
-2.7121085e-60
4.1055957e-72
-2.0593041e-83
4.1445654e-94
-3.9856111e-104
2.159614e-113
-7.7325654e-122
2.1222695e-129
-5.4273421e-136
4.32108e-142
-6.3038252e-148
8.6888978e-154
-1.061227e-159
1.3724241e-165
-2.5501404e-171
6.2652179e-177
-8.6386048e-183
1.8693371e-188
-4.2860168e-194
8.1564477e-200
-3.0461339e-205
5.417807e-211
-6.2527498e-217
1.438167e-222
-2.8425347e-228
5.3863398e-234
-5.7196161e-240
6.9145275e-246
-3.6064099e-252
8.0761955e-259
-8.751057e-266
5.2851331e-273
-2.3897538e-280
1.3797481e-287
-2.2931457e-294
1.4610572e-300
-4.1476874e-10
8.8710746e-23
-1.7092215e-35
4.7688819e-48
-2.7131763e-60
4.106899e-72
-2.0597101e-83
4.1446163e-94
-3.9844306e-104
2.1581026e-113
-7.7458102e-122
2.1430055e-129
-5.1818144e-136
3.7241437e-142
-3.5911504e-148
1.1639234e-153
-8.6390796e-160
7.6291247e-166
-1.6937816e-171
2.0251283e-177
-2.892327e-183
3.0698454e-189
-6.624617e-195
2.2017433e-200
-2.1949351e-206
5.5921052e-212
-8.889661e-218
1.8663276e-223
-1.0036786e-229
-1.9669521e-234
2.6666701e-240
9.1964257e-247
2.3061461e-252
-1.7860235e-258
3.1696414e-265
-2.3839559e-272
1.2218851e-279
-7.5888699e-287
1.5020821e-293
-1.0371407e-299
-4.1486719e-10
8.8746326e-23
-1.7100597e-35
4.7712717e-48
-2.7143852e-60
4.1082913e-72
-2.0601053e-83
4.1445068e-94
-3.9834706e-104
2.1570048e-113
-7.7286093e-122
2.1193352e-129
-4.6184926e-136
3.9666393e-141
-7.8957883e-147
7.127932e-153
2.2781386e-158
-5.1524678e-164
9.6786904e-170
-3.0148657e-175
4.1100673e-181
-7.7838761e-187
9.0830149e-193
-1.2224833e-198
5.9327977e-204
-4.101728e-209
5.0640946e-215
-7.1259331e-221
4.6339936e-226
-2.1431124e-231
3.1518957e-237
-5.2128407e-243
4.617036e-249
-1.0716747e-255
1.1411736e-262
-6.8963407e-270
3.2181157e-277
-1.9014594e-284
3.9524106e-291
-2.1566963e-297
-4.1498803e-10
8.8789565e-23
-1.7110704e-35
4.7741265e-48
-2.7158077e-60
4.1098832e-72
-2.0605226e-83
4.144468e-94
-3.9825493e-104
2.1555575e-113
-7.7184206e-122
2.1609876e-129
-5.5521377e-136
5.9129029e-142
-3.6724027e-147
3.8933034e-153
-6.7765202e-159
7.0392317e-164
-5.6481267e-169
8.4434193e-174
1.3979958e-178
-6.2542186e-184
7.305835e-189
-1.9604792e-194
-5.9011682e-200
8.3621596e-206
1.8054047e-211
-2.8041887e-217
4.3295378e-223
2.5063029e-228
-4.3488167e-234
7.6549359e-240
-4.753154e-246
1.1765718e-252
-1.2752295e-259
7.5942144e-267
-3.3901954e-274
2.0326552e-281
-3.4707059e-288
3.6753699e-294
-4.1513743e-10
8.8842224e-23
-1.7122921e-35
4.7775596e-48
-2.7175067e-60
4.1117755e-72
-2.0610306e-83
4.1444636e-94
-3.9810946e-104
2.155499e-113
-7.7285056e-122
2.1278875e-129
-5.2797414e-136
1.0381535e-141
-1.8502273e-147
3.2073148e-153
1.3635959e-156
-2.7125325e-162
8.6891726e-168
-3.1743908e-173
4.7099013e-179
-9.0774535e-185
2.2375973e-190
5.718788e-195
-1.165142e-200
-5.5589343e-206
-4.8849095e-211
5.9192427e-216
-1.4849614e-221
5.5216523e-226
-1.0689417e-230
2.9493031e-236
-2.4253222e-242
5.9241512e-249
-6.2168492e-256
3.7839395e-263
-1.7271774e-270
1.0299899e-277
-2.1949704e-284
1.5419415e-290
-4.1533792e-10
8.8912048e-23
-1.7138989e-35
4.7820698e-48
-2.7197529e-60
4.1143249e-72
-2.0617646e-83
4.1448129e-94
-3.9804629e-104
2.1540764e-113
-7.713194e-122
2.1092239e-129
-5.2049738e-136
8.0911723e-142
-1.8657374e-147
-1.6567358e-152
9.5034848e-158
-2.008782e-163
2.4379433e-169
3.2065558e-174
1.0126379e-179
-2.1012239e-185
-7.7923956e-191
5.5457151e-196
1.2184643e-201
-1.3106579e-206
5.2219136e-212
-1.5136293e-217
-5.4132951e-223
2.2408428e-228
-5.704953e-234
2.3199629e-239
-1.7894881e-245
4.3076626e-252
-4.6808999e-259
2.8038897e-266
-1.2807221e-273
7.7838274e-281
-1.3150487e-287
9.9278376e-294
-4.1557078e-10
8.8987933e-23
-1.7156076e-35
4.7868428e-48
-2.7221529e-60
4.1171419e-72
-2.0626672e-83
4.1455047e-94
-3.9801667e-104
2.1536059e-113
-7.713062e-122
2.1719706e-129
-6.1486592e-136
9.8805179e-142
-1.5914498e-146
-6.313318e-152
3.325718e-157
-1.2441854e-162
-5.5911203e-168
-2.2289527e-172
2.4700853e-178
-5.1580481e-184
1.1296739e-189
3.1221263e-195
-1.402819e-200
5.1705697e-206
-4.4271287e-211
-1.3734731e-216
2.0486433e-221
4.997359e-227
-9.5839627e-233
1.2144568e-238
-1.2665916e-244
3.4866967e-251
-3.8178207e-258
2.3519302e-265
-1.0961718e-272
6.7440822e-280
-1.3545271e-286
1.047285e-292
-4.1620337e-10
8.9196529e-23
-1.7202457e-35
4.7998667e-48
-2.7288762e-60
4.12549e-72
-2.0657242e-83
4.1493065e-94
-3.9822507e-104
2.155138e-113
-7.7250405e-122
2.1848731e-129
-5.5152944e-136
-3.531197e-139
5.4793005e-145
-2.1402091e-150
9.4570839e-156
3.3342619e-161
-1.0347251e-166
-2.5499172e-172
-6.7235205e-177
-6.4618852e-181
-1.7670395e-186
-6.2791999e-192
1.1360345e-197
-4.0278363e-203
-1.014454e-208
8.0881647e-214
2.5576494e-219
-6.7070174e-224
3.1408317e-229
-8.3726913e-235
6.7473141e-241
-1.9463511e-247
2.1239218e-254
-1.322413e-261
6.0973902e-269
-3.7452411e-276
7.6324539e-283
-5.681346e-289
)
;

boundaryField
{
    wall
    {
        type            fixedValue;
        value           uniform 350;
    }
    sides
    {
        type            zeroGradient;
    }
    frontAndBack
    {
        type            empty;
    }
    inlet
    {
        type            fixedValue;
        value           uniform 300;
    }
    outlet
    {
        type            zeroGradient;
    }
}


// ************************************************************************* //
