/*--------------------------------*- C++ -*----------------------------------*\
  =========                 |
  \\      /  F ield         | OpenFOAM: The Open Source CFD Toolbox
   \\    /   O peration     | Website:  https://openfoam.org
    \\  /    A nd           | Version:  10
     \\/     M anipulation  |
\*---------------------------------------------------------------------------*/
FoamFile
{
    format      ascii;
    class       volScalarField;
    location    "0.07";
    object      T;
}
// * * * * * * * * * * * * * * * * * * * * * * * * * * * * * * * * * * * * * //

dimensions      [0 0 0 1 0 0 0];

internalField   nonuniform List<scalar> 
4000
(
303.10084
299.34336
299.99041
300.00082
299.99993
300
300
300
300
300
300
300
300
300
300
300
300
300
300
300
300
300
300
300
300
300
300
300
300
300
300
300
300
300
300
300
300
300
300
300
309.66028
298.49413
299.77966
300.00183
300.0008
299.99999
300
300
300
300
300
300
300
300
300
300
300
300
300
300
300
300
300
300
300
300
300
300
300
300
300
300
300
300
300
300
300
300
300
300
315.99609
298.68492
299.39378
299.97582
300.00403
300.00025
299.99999
300
300
300
300
300
300
300
300
300
300
300
300
300
300
300
300
300
300
300
300
300
300
300
300
300
300
300
300
300
300
300
300
300
321.72653
299.84263
298.98783
299.89559
300.0071
300.00137
300
299.99999
300
300
300
300
300
300
300
300
300
300
300
300
300
300
300
300
300
300
300
300
300
300
300
300
300
300
300
300
300
300
300
300
326.64524
301.68969
298.71396
299.75503
300.00323
300.00373
300.00017
299.99998
300
300
300
300
300
300
300
300
300
300
300
300
300
300
300
300
300
300
300
300
300
300
300
300
300
300
300
300
300
300
300
300
330.64689
303.92504
298.66652
299.57217
299.98461
300.00685
300.0007
299.99997
299.99999
300
300
300
300
300
300
300
300
300
300
300
300
300
300
300
300
300
300
300
300
300
300
300
300
300
300
300
300
300
300
300
333.72213
306.29044
298.87066
299.38004
299.94633
300.00922
300.00176
300
299.99998
300
300
300
300
300
300
300
300
300
300
300
300
300
300
300
300
300
300
300
300
300
300
300
300
300
300
300
300
300
300
300
335.954
308.60099
299.30024
299.21272
299.88842
300.00878
300.00334
300.00014
299.99997
300
300
300
300
300
300
300
300
300
300
300
300
300
300
300
300
300
300
300
300
300
300
300
300
300
300
300
300
300
300
300
337.48884
310.74549
299.90455
299.09551
299.81539
300.00365
300.00521
300.00044
299.99996
299.99999
300
300
300
300
300
300
300
300
300
300
300
300
300
300
300
300
300
300
300
300
300
300
300
300
300
300
300
300
300
300
338.49708
312.67066
300.62813
299.04217
299.73428
299.99263
300.00695
300.00094
299.99997
299.99998
300
300
300
300
300
300
300
300
300
300
300
300
300
300
300
300
300
300
300
300
300
300
300
300
300
300
300
300
300
300
339.13978
314.36275
301.4214
299.05628
299.65274
299.97546
300.00804
300.00164
300.00001
299.99998
300
300
300
300
300
300
300
300
300
300
300
300
300
300
300
300
300
300
300
300
300
300
300
300
300
300
300
300
300
300
339.54766
315.83173
302.24493
299.13434
299.57763
299.95273
300.00799
300.00247
300.00011
299.99997
300
300
300
300
300
300
300
300
300
300
300
300
300
300
300
300
300
300
300
300
300
300
300
300
300
300
300
300
300
300
339.81306
317.09904
303.06985
299.26872
299.51424
299.92562
300.00644
300.00336
300.00026
299.99996
299.99999
300
300
300
300
300
300
300
300
300
300
300
300
300
300
300
300
300
300
300
300
300
300
300
300
300
300
300
300
300
339.99225
318.18916
303.87624
299.45002
299.46617
299.8957
300.00316
300.00417
300.00049
299.99997
299.99999
300
300
300
300
300
300
300
300
300
300
300
300
300
300
300
300
300
300
300
300
300
300
300
300
300
300
300
300
300
340.11468
319.12457
304.65082
299.66858
299.43544
299.86461
299.99812
300.00478
300.00077
299.99999
299.99998
300
300
300
300
300
300
300
300
300
300
300
300
300
300
300
300
300
300
300
300
300
300
300
300
300
300
300
300
300
340.1949
319.92341
305.38468
299.91517
299.42278
299.83396
299.99144
300.00509
300.00109
300.00002
299.99998
300
300
300
300
300
300
300
300
300
300
300
300
300
300
300
300
300
300
300
300
300
300
300
300
300
300
300
300
300
340.24203
320.59916
306.07151
300.18135
299.42791
299.80518
299.98334
300.005
300.00142
300.00007
299.99998
300
300
300
300
300
300
300
300
300
300
300
300
300
300
300
300
300
300
300
300
300
300
300
300
300
300
300
300
300
340.26374
321.16127
306.70632
300.45946
299.44986
299.77946
299.97415
300.00445
300.00174
300.00014
299.99998
299.99999
300
300
300
300
300
300
300
300
300
300
300
300
300
300
300
300
300
300
300
300
300
300
300
300
300
300
300
300
340.26607
321.61602
307.28464
300.74255
299.48712
299.75777
299.96426
300.00344
300.00202
300.00023
299.99998
299.99999
300
300
300
300
300
300
300
300
300
300
300
300
300
300
300
300
300
300
300
300
300
300
300
300
300
300
300
300
340.25234
321.96755
307.80225
301.02419
299.53779
299.74078
299.95407
300.00195
300.00222
300.00032
299.99999
299.99999
300
300
300
300
300
300
300
300
300
300
300
300
300
300
300
300
300
300
300
300
300
300
300
300
300
300
300
300
340.22345
322.21896
308.25508
301.29848
299.59973
299.72891
299.94399
300.00005
300.00234
300.00042
300
299.99999
300
300
300
300
300
300
300
300
300
300
300
300
300
300
300
300
300
300
300
300
300
300
300
300
300
300
300
300
340.17959
322.37353
308.63954
301.55997
299.67054
299.72232
299.93437
299.99779
300.00234
300.00052
300.00002
299.99999
300
300
300
300
300
300
300
300
300
300
300
300
300
300
300
300
300
300
300
300
300
300
300
300
300
300
300
300
340.12197
322.43595
308.95298
301.80377
299.74778
299.72095
299.92556
299.99525
300.00223
300.00062
300.00004
299.99999
300
300
300
300
300
300
300
300
300
300
300
300
300
300
300
300
300
300
300
300
300
300
300
300
300
300
300
300
340.05369
322.41347
309.19428
302.02574
299.82902
299.72455
299.91782
299.99254
300.00201
300.0007
300.00006
299.99999
300
300
300
300
300
300
300
300
300
300
300
300
300
300
300
300
300
300
300
300
300
300
300
300
300
300
300
300
339.97966
322.31705
309.36453
302.22272
299.912
299.73282
299.9114
299.98976
300.00166
300.00076
300.00009
300
300
300
300
300
300
300
300
300
300
300
300
300
300
300
300
300
300
300
300
300
300
300
300
300
300
300
300
300
339.90577
322.1625
309.46763
302.39271
299.9947
299.74532
299.90649
299.98702
300.00122
300.00079
300.00011
300
300
300
300
300
300
300
300
300
300
300
300
300
300
300
300
300
300
300
300
300
300
300
300
300
300
300
300
300
339.8377
321.97062
309.51071
302.53509
300.07529
299.76145
299.90316
299.9844
300.00069
300.0008
300.00014
300
300
300
300
300
300
300
300
300
300
300
300
300
300
300
300
300
300
300
300
300
300
300
300
300
300
300
300
300
339.77972
321.76537
309.50406
302.65058
300.1521
299.78029
299.9013
299.98196
300.0001
300.00078
300.00016
300.00001
300
300
300
300
300
300
300
300
300
300
300
300
300
300
300
300
300
300
300
300
300
300
300
300
300
300
300
300
339.73378
321.56986
309.46035
302.7412
300.22359
299.8006
299.90053
299.97969
299.99946
300.00075
300.00018
300.00001
300
300
300
300
300
300
300
300
300
300
300
300
300
300
300
300
300
300
300
300
300
300
300
300
300
300
300
300
339.69938
321.40137
309.39307
302.80993
300.28851
299.82094
299.90031
299.97751
299.99879
300.0007
300.00021
300.00002
300
300
300
300
300
300
300
300
300
300
300
300
300
300
300
300
300
300
300
300
300
300
300
300
300
300
300
300
339.67409
321.26781
309.31448
302.86029
300.34621
299.84017
299.90011
299.97532
299.99811
300.00066
300.00023
300.00003
300
300
300
300
300
300
300
300
300
300
300
300
300
300
300
300
300
300
300
300
300
300
300
300
300
300
300
300
339.65458
321.1672
309.23368
302.8958
300.39693
299.85789
299.89972
299.97307
299.99741
300.00062
300.00026
300.00003
300
300
300
300
300
300
300
300
300
300
300
300
300
300
300
300
300
300
300
300
300
300
300
300
300
300
300
300
339.63775
321.09049
309.15533
302.91951
300.44183
299.87477
299.89949
299.97087
299.9967
300.00057
300.00029
300.00004
300
300
300
300
300
300
300
300
300
300
300
300
300
300
300
300
300
300
300
300
300
300
300
300
300
300
300
300
339.6215
321.02633
309.0799
302.93361
300.48267
299.8925
299.9004
299.96902
299.99601
300.00052
300.00032
300.00005
300
300
300
300
300
300
300
300
300
300
300
300
300
300
300
300
300
300
300
300
300
300
300
300
300
300
300
300
339.60503
320.96562
309.00512
302.93924
300.52116
299.91306
299.90376
299.96798
299.99541
300.00044
300.00034
300.00006
300
300
300
300
300
300
300
300
300
300
300
300
300
300
300
300
300
300
300
300
300
300
300
300
300
300
300
300
339.58863
320.90394
308.92834
302.93675
300.55829
299.93791
299.91073
299.96826
299.995
300.00033
300.00034
300.00007
300
300
300
300
300
300
300
300
300
300
300
300
300
300
300
300
300
300
300
300
300
300
300
300
300
300
300
300
339.57315
320.84162
308.84852
302.92619
300.59387
299.9672
299.92174
299.97013
299.99487
300.0002
300.00032
300.00007
300
300
300
300
300
300
300
300
300
300
300
300
300
300
300
300
300
300
300
300
300
300
300
300
300
300
300
300
339.55951
320.78188
308.76717
302.908
300.62662
299.9995
299.93621
299.97357
299.99506
300.00006
300.00027
300.00006
300
300
300
300
300
300
300
300
300
300
300
300
300
300
300
300
300
300
300
300
300
300
300
300
300
300
300
300
339.54829
320.7286
308.68791
302.88342
300.65477
300.03227
299.95269
299.97815
299.99556
299.99993
300.00021
300.00006
300
300
300
300
300
300
300
300
300
300
300
300
300
300
300
300
300
300
300
300
300
300
300
300
300
300
300
300
339.53967
320.68451
308.61512
302.85453
300.67675
300.06265
299.9693
299.98323
299.99627
299.99984
300.00015
300.00004
300
300
300
300
300
300
300
300
300
300
300
300
300
300
300
300
300
300
300
300
300
300
300
300
300
300
300
300
339.53342
320.65054
308.55243
302.82398
300.69183
300.08831
299.98435
299.98817
299.99707
299.9998
300.00009
300.00003
300
300
300
300
300
300
300
300
300
300
300
300
300
300
300
300
300
300
300
300
300
300
300
300
300
300
300
300
339.52912
320.62594
308.50179
302.79438
300.70032
300.10807
299.99671
299.99246
299.99786
299.99979
300.00005
300.00002
300
300
300
300
300
300
300
300
300
300
300
300
300
300
300
300
300
300
300
300
300
300
300
300
300
300
300
300
339.52625
320.60896
308.46322
302.76781
300.70344
300.1219
300.006
299.99584
299.99853
299.99981
300.00002
300.00001
300
300
300
300
300
300
300
300
300
300
300
300
300
300
300
300
300
300
300
300
300
300
300
300
300
300
300
300
339.52434
320.5975
308.43522
302.74547
300.70282
300.13063
300.01241
299.9983
299.99907
299.99984
300
300.00001
300
300
300
300
300
300
300
300
300
300
300
300
300
300
300
300
300
300
300
300
300
300
300
300
300
300
300
300
339.52303
320.58968
308.41549
302.7277
300.70012
300.13556
300.01651
299.99996
299.99946
299.99988
299.99999
300
300
300
300
300
300
300
300
300
300
300
300
300
300
300
300
300
300
300
300
300
300
300
300
300
300
300
300
300
339.52206
320.58408
308.40161
302.71412
300.69665
300.13799
300.01896
300.00101
299.99973
299.99992
299.99999
300
300
300
300
300
300
300
300
300
300
300
300
300
300
300
300
300
300
300
300
300
300
300
300
300
300
300
300
300
339.5213
320.57976
308.39156
302.70395
300.69326
300.13898
300.02034
300.00166
299.9999
299.99994
299.99999
300
300
300
300
300
300
300
300
300
300
300
300
300
300
300
300
300
300
300
300
300
300
300
300
300
300
300
300
300
339.52065
320.5762
308.38387
302.69634
300.69035
300.13929
300.02112
300.00204
300.00001
299.99996
299.99999
300
300
300
300
300
300
300
300
300
300
300
300
300
300
300
300
300
300
300
300
300
300
300
300
300
300
300
300
300
339.52008
320.57312
308.37764
302.69051
300.68804
300.13934
300.02158
300.00229
300.00009
299.99998
299.99999
300
300
300
300
300
300
300
300
300
300
300
300
300
300
300
300
300
300
300
300
300
300
300
300
300
300
300
300
300
339.51956
320.57041
308.37235
302.68589
300.68626
300.13933
300.02189
300.00245
300.00013
299.99999
300
300
300
300
300
300
300
300
300
300
300
300
300
300
300
300
300
300
300
300
300
300
300
300
300
300
300
300
300
300
339.5191
320.56801
308.36777
302.68209
300.68489
300.13935
300.02213
300.00257
300.00017
299.99999
300
300
300
300
300
300
300
300
300
300
300
300
300
300
300
300
300
300
300
300
300
300
300
300
300
300
300
300
300
300
339.51869
320.56591
308.36378
302.67889
300.6838
300.1394
300.02234
300.00267
300.0002
300
300
300
300
300
300
300
300
300
300
300
300
300
300
300
300
300
300
300
300
300
300
300
300
300
300
300
300
300
300
300
339.51832
320.56406
308.36031
302.67616
300.68291
300.13946
300.02251
300.00275
300.00022
300
300
300
300
300
300
300
300
300
300
300
300
300
300
300
300
300
300
300
300
300
300
300
300
300
300
300
300
300
300
300
339.518
320.56245
308.35732
302.67381
300.68217
300.13953
300.02267
300.00282
300.00024
300.00001
300
300
300
300
300
300
300
300
300
300
300
300
300
300
300
300
300
300
300
300
300
300
300
300
300
300
300
300
300
300
339.51772
320.56105
308.35474
302.67179
300.68153
300.13958
300.0228
300.00288
300.00026
300.00001
300
300
300
300
300
300
300
300
300
300
300
300
300
300
300
300
300
300
300
300
300
300
300
300
300
300
300
300
300
300
339.51747
320.55983
308.35252
302.67006
300.68098
300.13963
300.02291
300.00293
300.00027
300.00001
300
300
300
300
300
300
300
300
300
300
300
300
300
300
300
300
300
300
300
300
300
300
300
300
300
300
300
300
300
300
339.51725
320.55877
308.3506
302.66858
300.68051
300.13966
300.023
300.00297
300.00028
300.00002
300
300
300
300
300
300
300
300
300
300
300
300
300
300
300
300
300
300
300
300
300
300
300
300
300
300
300
300
300
300
339.51705
320.55784
308.34895
302.6673
300.68011
300.13969
300.02308
300.00301
300.00029
300.00002
300
300
300
300
300
300
300
300
300
300
300
300
300
300
300
300
300
300
300
300
300
300
300
300
300
300
300
300
300
300
339.51688
320.55703
308.34751
302.6662
300.67976
300.13971
300.02314
300.00304
300.0003
300.00002
300
300
300
300
300
300
300
300
300
300
300
300
300
300
300
300
300
300
300
300
300
300
300
300
300
300
300
300
300
300
339.51674
320.55632
308.34626
302.66525
300.67945
300.13973
300.02319
300.00306
300.00031
300.00002
300
300
300
300
300
300
300
300
300
300
300
300
300
300
300
300
300
300
300
300
300
300
300
300
300
300
300
300
300
300
339.51661
320.5557
308.34518
302.66442
300.67919
300.13974
300.02324
300.00308
300.00031
300.00002
300
300
300
300
300
300
300
300
300
300
300
300
300
300
300
300
300
300
300
300
300
300
300
300
300
300
300
300
300
300
339.5165
320.55517
308.34423
302.66371
300.67897
300.13976
300.02328
300.0031
300.00032
300.00002
300
300
300
300
300
300
300
300
300
300
300
300
300
300
300
300
300
300
300
300
300
300
300
300
300
300
300
300
300
300
339.51641
320.5547
308.34341
302.66309
300.67877
300.13977
300.02332
300.00312
300.00032
300.00002
300
300
300
300
300
300
300
300
300
300
300
300
300
300
300
300
300
300
300
300
300
300
300
300
300
300
300
300
300
300
339.51633
320.55429
308.34269
302.66255
300.6786
300.13977
300.02334
300.00313
300.00033
300.00002
300
300
300
300
300
300
300
300
300
300
300
300
300
300
300
300
300
300
300
300
300
300
300
300
300
300
300
300
300
300
339.51626
320.55394
308.34207
302.66208
300.67845
300.13978
300.02337
300.00314
300.00033
300.00002
300
300
300
300
300
300
300
300
300
300
300
300
300
300
300
300
300
300
300
300
300
300
300
300
300
300
300
300
300
300
339.51621
320.55365
308.34154
302.66167
300.67833
300.13979
300.02339
300.00315
300.00033
300.00002
300
300
300
300
300
300
300
300
300
300
300
300
300
300
300
300
300
300
300
300
300
300
300
300
300
300
300
300
300
300
339.51617
320.5534
308.34107
302.66132
300.67821
300.13979
300.02341
300.00316
300.00033
300.00003
300
300
300
300
300
300
300
300
300
300
300
300
300
300
300
300
300
300
300
300
300
300
300
300
300
300
300
300
300
300
339.51615
320.5532
308.34068
302.66102
300.67812
300.1398
300.02343
300.00317
300.00034
300.00003
300
300
300
300
300
300
300
300
300
300
300
300
300
300
300
300
300
300
300
300
300
300
300
300
300
300
300
300
300
300
339.51613
320.55304
308.34034
302.66075
300.67803
300.1398
300.02344
300.00318
300.00034
300.00003
300
300
300
300
300
300
300
300
300
300
300
300
300
300
300
300
300
300
300
300
300
300
300
300
300
300
300
300
300
300
339.51613
320.55291
308.34006
302.66053
300.67796
300.13981
300.02346
300.00318
300.00034
300.00003
300
300
300
300
300
300
300
300
300
300
300
300
300
300
300
300
300
300
300
300
300
300
300
300
300
300
300
300
300
300
339.51614
320.55283
308.33983
302.66034
300.6779
300.13981
300.02347
300.00319
300.00034
300.00003
300
300
300
300
300
300
300
300
300
300
300
300
300
300
300
300
300
300
300
300
300
300
300
300
300
300
300
300
300
300
339.51616
320.55278
308.33965
302.66018
300.67785
300.13982
300.02348
300.00319
300.00034
300.00003
300
300
300
300
300
300
300
300
300
300
300
300
300
300
300
300
300
300
300
300
300
300
300
300
300
300
300
300
300
300
339.51619
320.55277
308.33951
302.66005
300.67781
300.13982
300.02348
300.0032
300.00034
300.00003
300
300
300
300
300
300
300
300
300
300
300
300
300
300
300
300
300
300
300
300
300
300
300
300
300
300
300
300
300
300
339.51624
320.55279
308.33942
302.65995
300.67778
300.13982
300.02349
300.0032
300.00035
300.00003
300
300
300
300
300
300
300
300
300
300
300
300
300
300
300
300
300
300
300
300
300
300
300
300
300
300
300
300
300
300
339.5163
320.55285
308.33937
302.65987
300.67775
300.13983
300.0235
300.0032
300.00035
300.00003
300
300
300
300
300
300
300
300
300
300
300
300
300
300
300
300
300
300
300
300
300
300
300
300
300
300
300
300
300
300
339.51637
320.55294
308.33935
302.65982
300.67773
300.13983
300.0235
300.0032
300.00035
300.00003
300
300
300
300
300
300
300
300
300
300
300
300
300
300
300
300
300
300
300
300
300
300
300
300
300
300
300
300
300
300
339.51646
320.55307
308.33938
302.65979
300.67772
300.13984
300.02351
300.00321
300.00035
300.00003
300
300
300
300
300
300
300
300
300
300
300
300
300
300
300
300
300
300
300
300
300
300
300
300
300
300
300
300
300
300
339.51656
320.55324
308.33944
302.65978
300.67771
300.13984
300.02351
300.00321
300.00035
300.00003
300
300
300
300
300
300
300
300
300
300
300
300
300
300
300
300
300
300
300
300
300
300
300
300
300
300
300
300
300
300
339.51668
320.55345
308.33955
302.6598
300.67771
300.13984
300.02352
300.00321
300.00035
300.00003
300
300
300
300
300
300
300
300
300
300
300
300
300
300
300
300
300
300
300
300
300
300
300
300
300
300
300
300
300
300
339.51682
320.55371
308.3397
302.65984
300.67772
300.13985
300.02352
300.00321
300.00035
300.00003
300
300
300
300
300
300
300
300
300
300
300
300
300
300
300
300
300
300
300
300
300
300
300
300
300
300
300
300
300
300
339.51698
320.554
308.33989
302.65989
300.67773
300.13986
300.02352
300.00321
300.00035
300.00003
300
300
300
300
300
300
300
300
300
300
300
300
300
300
300
300
300
300
300
300
300
300
300
300
300
300
300
300
300
300
339.51716
320.55435
308.34012
302.65998
300.67775
300.13986
300.02353
300.00321
300.00035
300.00003
300
300
300
300
300
300
300
300
300
300
300
300
300
300
300
300
300
300
300
300
300
300
300
300
300
300
300
300
300
300
339.51737
320.55475
308.3404
302.66008
300.67778
300.13987
300.02353
300.00321
300.00035
300.00003
300
300
300
300
300
300
300
300
300
300
300
300
300
300
300
300
300
300
300
300
300
300
300
300
300
300
300
300
300
300
339.5176
320.55522
308.34074
302.66021
300.67781
300.13988
300.02353
300.00322
300.00035
300.00003
300
300
300
300
300
300
300
300
300
300
300
300
300
300
300
300
300
300
300
300
300
300
300
300
300
300
300
300
300
300
339.51787
320.55574
308.34113
302.66037
300.67785
300.13988
300.02353
300.00322
300.00035
300.00003
300
300
300
300
300
300
300
300
300
300
300
300
300
300
300
300
300
300
300
300
300
300
300
300
300
300
300
300
300
300
339.51817
320.55634
308.34158
302.66056
300.6779
300.13989
300.02353
300.00322
300.00035
300.00003
300
300
300
300
300
300
300
300
300
300
300
300
300
300
300
300
300
300
300
300
300
300
300
300
300
300
300
300
300
300
339.51851
320.55703
308.34209
302.66078
300.67796
300.1399
300.02354
300.00322
300.00035
300.00003
300
300
300
300
300
300
300
300
300
300
300
300
300
300
300
300
300
300
300
300
300
300
300
300
300
300
300
300
300
300
339.5189
320.5578
308.34269
302.66103
300.67803
300.13991
300.02354
300.00322
300.00035
300.00003
300
300
300
300
300
300
300
300
300
300
300
300
300
300
300
300
300
300
300
300
300
300
300
300
300
300
300
300
300
300
339.51934
320.55868
308.34336
302.66132
300.6781
300.13992
300.02354
300.00322
300.00035
300.00003
300
300
300
300
300
300
300
300
300
300
300
300
300
300
300
300
300
300
300
300
300
300
300
300
300
300
300
300
300
300
339.51985
320.55969
308.34413
302.66165
300.67819
300.13994
300.02354
300.00321
300.00035
300.00003
300
300
300
300
300
300
300
300
300
300
300
300
300
300
300
300
300
300
300
300
300
300
300
300
300
300
300
300
300
300
339.52043
320.56083
308.34501
302.66203
300.67829
300.13995
300.02354
300.00321
300.00035
300.00003
300
300
300
300
300
300
300
300
300
300
300
300
300
300
300
300
300
300
300
300
300
300
300
300
300
300
300
300
300
300
339.5211
320.56214
308.34602
302.66247
300.67841
300.13997
300.02354
300.00321
300.00035
300.00003
300
300
300
300
300
300
300
300
300
300
300
300
300
300
300
300
300
300
300
300
300
300
300
300
300
300
300
300
300
300
339.52187
320.56364
308.34716
302.66296
300.67854
300.13999
300.02353
300.00321
300.00035
300.00003
300
300
300
300
300
300
300
300
300
300
300
300
300
300
300
300
300
300
300
300
300
300
300
300
300
300
300
300
300
300
339.52278
320.56538
308.34848
302.66353
300.67868
300.14001
300.02353
300.00321
300.00035
300.00003
300
300
300
300
300
300
300
300
300
300
300
300
300
300
300
300
300
300
300
300
300
300
300
300
300
300
300
300
300
300
339.52385
320.56739
308.34999
302.66418
300.67885
300.14003
300.02353
300.00321
300.00035
300.00003
300
300
300
300
300
300
300
300
300
300
300
300
300
300
300
300
300
300
300
300
300
300
300
300
300
300
300
300
300
300
339.52514
320.56975
308.35174
302.66492
300.67904
300.14005
300.02353
300.00321
300.00035
300.00003
300
300
300
300
300
300
300
300
300
300
300
300
300
300
300
300
300
300
300
300
300
300
300
300
300
300
300
300
300
300
339.52671
320.57252
308.35377
302.66577
300.67926
300.14008
300.02353
300.0032
300.00035
300.00003
300
300
300
300
300
300
300
300
300
300
300
300
300
300
300
300
300
300
300
300
300
300
300
300
300
300
300
300
300
300
339.52878
320.57604
308.35625
302.66679
300.67952
300.14011
300.02352
300.0032
300.00035
300.00003
300
300
300
300
300
300
300
300
300
300
300
300
300
300
300
300
300
300
300
300
300
300
300
300
300
300
300
300
300
300
339.53125
320.57955
308.35865
302.66776
300.67975
300.14014
300.02352
300.0032
300.00034
300.00003
300
300
300
300
300
300
300
300
300
300
300
300
300
300
300
300
300
300
300
300
300
300
300
300
300
300
300
300
300
300
339.53755
320.58885
308.36431
302.66994
300.68028
300.1402
300.02351
300.00319
300.00034
300.00003
300
300
300
300
300
300
300
300
300
300
300
300
300
300
300
300
300
300
300
300
300
300
300
300
300
300
300
300
300
300
)
;

boundaryField
{
    wall
    {
        type            fixedValue;
        value           uniform 350;
    }
    sides
    {
        type            zeroGradient;
    }
    frontAndBack
    {
        type            empty;
    }
    inlet
    {
        type            fixedValue;
        value           uniform 300;
    }
    outlet
    {
        type            zeroGradient;
    }
}


// ************************************************************************* //
