/*--------------------------------*- C++ -*----------------------------------*\
  =========                 |
  \\      /  F ield         | OpenFOAM: The Open Source CFD Toolbox
   \\    /   O peration     | Website:  https://openfoam.org
    \\  /    A nd           | Version:  10
     \\/     M anipulation  |
\*---------------------------------------------------------------------------*/
FoamFile
{
    format      ascii;
    class       volScalarField;
    location    "0.3";
    object      T_0;
}
// * * * * * * * * * * * * * * * * * * * * * * * * * * * * * * * * * * * * * //

dimensions      [0 0 0 1 0 0 0];

internalField   nonuniform List<scalar> 
4000
(
303.10136
299.3429
299.99042
300.00082
299.99993
300
300
300
300
300
300
300
300
300
300
300
300
300
300
300
300
300
300
300
300
300
300
300
300
300
300
300
300
300
300
300
300
300
300
300.00001
309.66349
298.49295
299.7792
300.00184
300.0008
299.99999
300
300
300
300
300
300
300
300
300
300
300
300
300
300
300
300
300
300
300
300
300
300
300
300
300
300
300
300
300
300
300
300
299.99999
300.00002
316.00434
298.68456
299.39218
299.97569
300.00406
300.00025
299.99999
300
300
300
300
300
300
300
300
300
300
300
300
300
300
300
300
300
300
300
300
300
300
300
300
300
300
300
300
300
300
299.99999
299.99999
300.00002
321.74245
299.84594
298.98476
299.8949
300.00716
300.00138
300
299.99999
300
300
300
300
300
300
300
300
300
300
300
300
300
300
300
300
300
300
300
300
300
300
300
300
300
300
300
300
299.99999
299.99999
299.99999
300.00003
326.67135
301.70059
298.70994
299.7531
300.00322
300.00379
300.00017
299.99998
300
300
300
300
300
300
300
300
300
300
300
300
300
300
300
300
300
300
300
300
300
300
300
300
300
300
299.99999
299.99999
299.99999
299.99998
299.99999
300.00004
330.68539
303.94823
298.66322
299.56825
299.98426
300.00696
300.00071
299.99996
299.99999
300
300
300
300
300
300
300
300
300
300
300
300
300
300
300
300
300
300
300
300
300
300
300
300
299.99999
299.99999
299.99999
299.99999
299.99998
300
300.00004
333.77482
306.33115
298.87087
299.37362
299.94515
300.00937
300.0018
300
299.99998
299.99999
300
300
300
300
300
300
300
300
300
300
300
300
300
300
300
300
300
300
300
300
300
300
299.99999
299.99999
299.99999
299.99999
299.99998
299.99998
300
300.00004
336.0224
308.6648
299.30781
299.20372
299.88575
300.00889
300.00345
300.00014
299.99996
299.99999
300
300
300
300
300
300
300
300
300
300
300
300
300
300
300
300
300
300
300
300
300
299.99999
299.99999
299.99999
299.99999
299.99999
299.99998
299.99998
300.00001
300.00004
337.57468
310.83835
299.9243
299.0845
299.81044
300.00351
300.00541
300.00045
299.99995
299.99999
299.99999
300
300
300
300
300
300
300
300
300
300
300
300
300
300
300
300
300
300
300
299.99999
299.99999
299.99999
299.99999
299.99999
299.99998
299.99998
299.99998
300.00001
300.00004
338.60301
312.79907
300.66582
299.03044
299.72625
299.9919
300.00724
300.00099
299.99996
299.99998
299.99999
299.99999
300
300
300
300
300
300
300
300
300
300
300
300
300
300
300
300
300
299.99999
299.99999
299.99999
299.99999
299.99999
299.99999
299.99998
299.99998
299.99998
300.00002
300.00004
339.27011
314.53406
301.48373
299.04595
299.64092
299.97366
300.0084
300.00175
300
299.99996
299.99999
299.99999
299.99999
300
300
300
300
300
300
300
300
300
300
300
300
300
300
300
299.99999
299.99999
299.99999
299.99999
299.99999
299.99999
299.99998
299.99998
299.99998
299.99999
300.00002
300.00004
339.70929
316.05459
302.33967
299.12836
299.56148
299.94922
300.00833
300.00267
300.00011
299.99995
299.99999
299.99999
299.99999
299.99999
300
300
300
300
300
300
300
300
300
300
300
300
300
299.99999
299.99999
299.99999
299.99999
299.99999
299.99999
299.99999
299.99998
299.99998
299.99998
299.99999
300.00002
300.00004
340.01717
317.38411
303.20601
299.27099
299.49351
299.91968
300.00661
300.00367
300.00029
299.99995
299.99998
299.99999
299.99999
299.99999
299.99999
299.99999
300
300
300
300
300
300
300
300
300
299.99999
299.99999
299.99999
299.99999
299.99999
299.99999
299.99999
299.99999
299.99999
299.99998
299.99998
299.99998
299.99999
300.00003
300.00004
340.25643
318.55013
304.06435
299.46545
299.44098
299.8865
300.00292
300.0046
300.00055
299.99995
299.99998
299.99999
299.99999
299.99999
299.99999
299.99999
299.99999
300
300
300
300
300
300
299.99999
299.99999
299.99999
299.99999
299.99999
299.99999
299.99999
299.99999
299.99999
299.99999
299.99998
299.99998
299.99998
299.99998
300
300.00003
300.00004
340.46351
319.57949
304.90334
299.70318
299.40633
299.85127
299.99713
300.00534
300.00089
299.99997
299.99997
299.99999
299.99999
299.99999
299.99999
299.99999
299.99999
299.99999
299.99999
299.99999
299.99999
299.99999
299.99999
299.99999
299.99999
299.99999
299.99999
299.99999
299.99999
299.99999
299.99999
299.99999
299.99999
299.99998
299.99998
299.99997
299.99998
300
300.00003
300.00003
340.65717
320.49604
305.71663
299.97628
299.39084
299.81559
299.98926
300.00573
300.00129
300.00001
299.99996
299.99999
299.99999
299.99999
299.99999
299.99999
299.99999
299.99999
299.99999
299.99999
299.99999
299.99999
299.99999
299.99999
299.99999
299.99999
299.99999
299.99999
299.99999
299.99999
299.99999
299.99999
299.99999
299.99998
299.99998
299.99997
299.99998
300
300.00003
300.00003
340.84546
321.31982
306.50114
300.2778
299.39485
299.78092
299.97943
300.00567
300.00172
300.00008
299.99996
299.99998
299.99999
299.99999
299.99999
299.99999
299.99999
299.99999
299.99999
299.99999
299.99999
299.99999
299.99999
299.99999
299.99999
299.99999
299.99999
299.99999
299.99999
299.99999
299.99999
299.99999
299.99998
299.99998
299.99998
299.99997
299.99998
300
300.00003
300.00003
341.03068
322.06707
307.25583
300.60187
299.4181
299.74854
299.96789
300.00503
300.00216
300.00018
299.99996
299.99998
299.99999
299.99999
299.99999
299.99999
299.99999
299.99999
299.99999
299.99999
299.99999
299.99999
299.99999
299.99999
299.99999
299.99999
299.99999
299.99999
299.99999
299.99999
299.99999
299.99999
299.99998
299.99998
299.99998
299.99997
299.99998
300.00001
300.00003
300.00003
341.21251
322.75062
307.98089
300.94356
299.45992
299.71957
299.95491
300.00376
300.00257
300.0003
299.99996
299.99998
299.99999
299.99999
299.99999
299.99999
299.99999
299.99999
299.99999
299.99999
299.99999
299.99999
299.99999
299.99999
299.99999
299.99999
299.99999
299.99999
299.99999
299.99999
299.99999
299.99999
299.99998
299.99998
299.99998
299.99997
299.99998
300.00001
300.00003
300.00003
341.38971
323.38047
308.6771
301.29881
299.51936
299.69488
299.94085
300.0018
300.00291
300.00044
299.99997
299.99998
299.99999
299.99999
299.99999
299.99999
299.99999
299.99999
299.99999
299.99999
299.99999
299.99999
299.99999
299.99999
299.99999
299.99999
299.99999
299.99999
299.99999
299.99999
299.99999
299.99998
299.99998
299.99998
299.99998
299.99997
299.99999
300.00001
300.00003
300.00003
341.56099
323.96441
309.34558
301.66424
299.59535
299.67522
299.92607
299.99913
300.00315
300.00061
299.99999
299.99997
299.99999
299.99999
299.99999
299.99999
299.99999
299.99999
299.99999
299.99999
299.99999
299.99999
299.99999
299.99999
299.99999
299.99999
299.99999
299.99999
299.99999
299.99999
299.99999
299.99998
299.99998
299.99998
299.99997
299.99998
299.99999
300.00001
300.00004
300.00003
341.72538
324.50849
309.98753
302.03708
299.68674
299.66112
299.91093
299.99576
300.00324
300.00079
300.00002
299.99997
299.99998
299.99999
299.99999
299.99999
299.99999
299.99999
299.99999
299.99999
299.99999
299.99999
299.99999
299.99999
299.99999
299.99999
299.99999
299.99999
299.99999
299.99999
299.99999
299.99998
299.99998
299.99998
299.99997
299.99998
299.99999
300.00002
300.00004
300.00003
341.88229
325.01749
310.60419
302.41499
299.79235
299.65303
299.8958
299.99172
300.00316
300.00097
300.00006
299.99997
299.99998
299.99999
299.99999
299.99999
299.99999
299.99999
299.99999
299.99999
299.99999
299.99999
299.99999
299.99999
299.99999
299.99999
299.99999
299.99999
299.99999
299.99999
299.99998
299.99998
299.99998
299.99998
299.99997
299.99998
299.99999
300.00002
300.00004
300.00003
342.03152
325.49526
311.19674
302.79605
299.91102
299.65121
299.88104
299.98705
300.00288
300.00115
300.0001
299.99997
299.99998
299.99999
299.99999
299.99999
299.99999
299.99999
299.99999
299.99999
299.99999
299.99999
299.99999
299.99999
299.99999
299.99999
299.99999
299.99999
299.99999
299.99999
299.99998
299.99998
299.99998
299.99998
299.99997
299.99998
299.99999
300.00002
300.00004
300.00004
342.17312
325.94492
311.76633
303.17862
300.04162
299.65588
299.86696
299.98183
300.00238
300.00131
300.00016
299.99998
299.99998
299.99999
299.99999
299.99999
299.99999
299.99999
299.99999
299.99999
299.99999
299.99999
299.99999
299.99999
299.99999
299.99999
299.99999
299.99999
299.99999
299.99998
299.99998
299.99998
299.99998
299.99998
299.99997
299.99998
300
300.00002
300.00004
300.00004
342.30735
326.36914
312.31404
303.56134
300.18306
299.66712
299.85389
299.97613
300.00164
300.00145
300.00022
299.99998
299.99998
299.99999
299.99999
299.99999
299.99999
299.99999
299.99999
299.99999
299.99999
299.99999
299.99999
299.99999
299.99999
299.99999
299.99999
299.99999
299.99999
299.99998
299.99998
299.99998
299.99998
299.99998
299.99997
299.99998
300
300.00002
300.00004
300.00004
342.43458
326.77017
312.84089
303.94308
300.3343
299.68496
299.84211
299.97004
300.00065
300.00155
300.00029
299.99999
299.99998
299.99998
299.99999
299.99999
299.99999
299.99999
299.99999
299.99999
299.99999
299.99999
299.99999
299.99999
299.99999
299.99999
299.99999
299.99999
299.99999
299.99998
299.99998
299.99998
299.99998
299.99997
299.99997
299.99998
300
300.00002
300.00004
300.00004
342.55526
327.15
313.34787
304.32287
300.49437
299.70936
299.83188
299.96366
299.9994
300.0016
300.00036
300
299.99998
299.99998
299.99999
299.99999
299.99999
299.99999
299.99999
299.99999
299.99999
299.99999
299.99999
299.99999
299.99999
299.99999
299.99999
299.99999
299.99998
299.99998
299.99998
299.99998
299.99998
299.99997
299.99997
299.99998
300
300.00002
300.00004
300.00004
342.66984
327.51038
313.83593
304.69992
300.66234
299.74023
299.82342
299.95709
299.99791
300.00159
300.00043
300.00002
299.99998
299.99998
299.99999
299.99999
299.99999
299.99999
299.99999
299.99999
299.99999
299.99999
299.99999
299.99999
299.99999
299.99999
299.99999
299.99999
299.99998
299.99998
299.99998
299.99998
299.99998
299.99997
299.99997
299.99998
300
300.00003
300.00004
300.00004
342.77878
327.85287
314.30597
305.07357
300.83735
299.77743
299.81694
299.95043
299.99617
300.00152
300.0005
300.00004
299.99998
299.99998
299.99999
299.99999
299.99999
299.99999
299.99999
299.99999
299.99999
299.99999
299.99999
299.99999
299.99999
299.99999
299.99999
299.99998
299.99998
299.99998
299.99998
299.99998
299.99998
299.99997
299.99997
299.99998
300
300.00003
300.00004
300.00004
342.88251
328.1789
314.75886
305.44326
301.01861
299.82081
299.81261
299.94379
299.99419
300.00137
300.00057
300.00006
299.99998
299.99998
299.99998
299.99999
299.99999
299.99999
299.99999
299.99999
299.99999
299.99999
299.99999
299.99999
299.99999
299.99999
299.99998
299.99998
299.99998
299.99998
299.99998
299.99998
299.99998
299.99997
299.99997
299.99998
300.00001
300.00003
300.00004
300.00004
342.98144
328.48971
315.19544
305.80855
301.20538
299.87016
299.81059
299.93729
299.99199
300.00114
300.00063
300.00008
299.99998
299.99998
299.99998
299.99999
299.99999
299.99999
299.99999
299.99999
299.99999
299.99999
299.99999
299.99999
299.99999
299.99999
299.99998
299.99998
299.99998
299.99998
299.99998
299.99998
299.99998
299.99997
299.99997
299.99999
300.00001
300.00003
300.00004
300.00004
343.07594
328.78648
315.61651
306.16909
301.39697
299.92528
299.811
299.93101
299.9896
300.00081
300.00068
300.00011
299.99999
299.99998
299.99998
299.99998
299.99999
299.99999
299.99999
299.99999
299.99999
299.99999
299.99999
299.99999
299.99999
299.99998
299.99998
299.99998
299.99998
299.99998
299.99998
299.99998
299.99998
299.99997
299.99997
299.99999
300.00001
300.00003
300.00004
300.00004
343.16633
329.07024
316.02282
306.52457
301.59274
299.98595
299.81393
299.92508
299.98703
300.0004
300.00071
300.00013
299.99999
299.99998
299.99998
299.99998
299.99998
299.99999
299.99999
299.99999
299.99999
299.99999
299.99999
299.99999
299.99998
299.99998
299.99998
299.99998
299.99998
299.99998
299.99998
299.99998
299.99997
299.99997
299.99998
299.99999
300.00001
300.00003
300.00004
300.00004
343.25293
329.34192
316.41512
306.87479
301.79211
300.05191
299.81949
299.91959
299.98432
299.99989
300.00072
300.00016
300
299.99998
299.99998
299.99998
299.99998
299.99998
299.99998
299.99999
299.99999
299.99999
299.99998
299.99998
299.99998
299.99998
299.99998
299.99998
299.99998
299.99998
299.99998
299.99998
299.99997
299.99997
299.99998
299.99999
300.00001
300.00003
300.00004
300.00004
343.33599
329.60237
316.79408
307.21956
301.99456
300.12294
299.82772
299.91462
299.98149
299.99929
300.00071
300.00019
300
299.99998
299.99998
299.99998
299.99998
299.99998
299.99998
299.99998
299.99998
299.99998
299.99998
299.99998
299.99998
299.99998
299.99998
299.99998
299.99998
299.99998
299.99998
299.99998
299.99997
299.99997
299.99998
299.99999
300.00001
300.00003
300.00004
300.00004
343.41578
329.85238
317.16037
307.55877
302.19958
300.19878
299.83867
299.91029
299.97858
299.99859
300.00068
300.00022
300.00001
299.99998
299.99998
299.99998
299.99998
299.99998
299.99998
299.99998
299.99998
299.99998
299.99998
299.99998
299.99998
299.99998
299.99998
299.99998
299.99998
299.99998
299.99998
299.99998
299.99997
299.99997
299.99998
299.99999
300.00001
300.00003
300.00004
300.00004
343.49249
330.09262
317.5146
307.89233
302.40672
300.27918
299.85237
299.90665
299.97562
299.99779
300.00062
300.00024
300.00002
299.99998
299.99998
299.99998
299.99998
299.99998
299.99998
299.99998
299.99998
299.99998
299.99998
299.99998
299.99998
299.99998
299.99998
299.99998
299.99998
299.99998
299.99998
299.99998
299.99997
299.99997
299.99998
299.99999
300.00001
300.00003
300.00004
300.00004
343.56634
330.32374
317.85737
308.22018
302.61559
300.36391
299.86883
299.90381
299.97264
299.99691
300.00053
300.00026
300.00003
299.99998
299.99998
299.99998
299.99998
299.99998
299.99998
299.99998
299.99998
299.99998
299.99998
299.99998
299.99998
299.99998
299.99998
299.99998
299.99998
299.99998
299.99998
299.99998
299.99997
299.99997
299.99998
299.99999
300.00001
300.00003
300.00004
300.00004
343.63749
330.54629
318.18923
308.54231
302.82579
300.45271
299.88806
299.90182
299.96969
299.99594
300.00041
300.00028
300.00004
299.99998
299.99998
299.99998
299.99998
299.99998
299.99998
299.99998
299.99998
299.99998
299.99998
299.99998
299.99998
299.99998
299.99998
299.99998
299.99998
299.99998
299.99998
299.99997
299.99997
299.99997
299.99998
299.99999
300.00002
300.00003
300.00004
300.00004
343.70611
330.76081
318.51069
308.85871
303.03698
300.54534
299.91005
299.90077
299.9668
299.99489
300.00025
300.00029
300.00005
299.99998
299.99998
299.99998
299.99998
299.99998
299.99998
299.99998
299.99998
299.99998
299.99998
299.99998
299.99998
299.99998
299.99998
299.99998
299.99998
299.99998
299.99998
299.99997
299.99997
299.99997
299.99998
299.99999
300.00002
300.00003
300.00004
300.00004
343.77234
330.96776
318.82224
309.1694
303.24885
300.64158
299.93477
299.9007
299.964
299.99377
300.00005
300.0003
300.00006
299.99999
299.99998
299.99998
299.99998
299.99998
299.99998
299.99998
299.99998
299.99998
299.99998
299.99998
299.99998
299.99998
299.99998
299.99998
299.99998
299.99998
299.99998
299.99997
299.99997
299.99997
299.99998
300
300.00002
300.00003
300.00004
300.00004
343.8363
331.16757
319.12435
309.47441
303.46112
300.74119
299.96219
299.90168
299.96135
299.99258
299.99982
300.00029
300.00007
299.99999
299.99998
299.99998
299.99998
299.99998
299.99998
299.99998
299.99998
299.99998
299.99998
299.99998
299.99998
299.99998
299.99998
299.99998
299.99998
299.99998
299.99998
299.99997
299.99997
299.99997
299.99998
300
300.00002
300.00003
300.00004
300.00004
343.89813
331.36063
319.41743
309.77379
303.67352
300.84395
299.99228
299.90376
299.95886
299.99134
299.99955
300.00028
300.00008
299.99999
299.99998
299.99998
299.99998
299.99998
299.99998
299.99998
299.99998
299.99998
299.99998
299.99998
299.99998
299.99998
299.99998
299.99998
299.99998
299.99998
299.99998
299.99997
299.99997
299.99997
299.99998
300
300.00002
300.00003
300.00004
300.00004
343.95793
331.54729
319.7019
310.0676
303.88582
300.94965
300.02499
299.90697
299.95658
299.99006
299.99924
300.00026
300.00009
299.99999
299.99998
299.99998
299.99998
299.99998
299.99998
299.99998
299.99998
299.99998
299.99998
299.99998
299.99998
299.99998
299.99998
299.99998
299.99998
299.99998
299.99997
299.99997
299.99997
299.99997
299.99998
300
300.00002
300.00003
300.00004
300.00004
344.0158
331.72789
319.97812
310.35589
304.09779
301.05807
300.06028
299.91137
299.95455
299.98875
299.9989
300.00023
300.00009
300
299.99998
299.99998
299.99998
299.99998
299.99998
299.99998
299.99998
299.99998
299.99998
299.99998
299.99998
299.99998
299.99998
299.99998
299.99998
299.99998
299.99997
299.99997
299.99997
299.99997
299.99998
300
300.00002
300.00003
300.00004
300.00004
344.07183
331.90273
320.24645
310.63875
304.30924
301.16901
300.09807
299.91698
299.9528
299.98741
299.99852
300.00018
300.0001
300
299.99998
299.99998
299.99998
299.99998
299.99998
299.99998
299.99998
299.99998
299.99998
299.99998
299.99998
299.99998
299.99998
299.99998
299.99998
299.99998
299.99997
299.99997
299.99997
299.99997
299.99998
300
300.00002
300.00003
300.00004
300.00004
344.1261
332.07207
320.50722
310.91624
304.51998
301.28229
300.13832
299.92383
299.95136
299.98607
299.9981
300.00012
300.0001
300.00001
299.99998
299.99998
299.99998
299.99998
299.99998
299.99998
299.99998
299.99998
299.99998
299.99998
299.99998
299.99998
299.99998
299.99998
299.99998
299.99998
299.99997
299.99997
299.99997
299.99997
299.99998
300
300.00002
300.00003
300.00004
300.00004
344.17868
332.23618
320.76073
311.18845
304.72986
301.39772
300.18096
299.93195
299.95027
299.98474
299.99765
300.00005
300.00011
300.00001
299.99998
299.99998
299.99998
299.99998
299.99998
299.99998
299.99998
299.99998
299.99998
299.99998
299.99998
299.99998
299.99998
299.99998
299.99998
299.99997
299.99997
299.99997
299.99997
299.99997
299.99998
300
300.00002
300.00003
300.00004
300.00004
344.22966
332.39527
321.00727
311.45545
304.93872
301.51511
300.22592
299.94136
299.94957
299.98343
299.99717
299.99997
300.00011
300.00001
299.99998
299.99998
299.99998
299.99998
299.99998
299.99998
299.99998
299.99998
299.99998
299.99998
299.99998
299.99998
299.99998
299.99998
299.99998
299.99997
299.99997
299.99997
299.99997
299.99997
299.99998
300
300.00002
300.00003
300.00004
300.00004
344.27908
332.54958
321.24712
311.71734
305.14643
301.63429
300.27313
299.95206
299.94927
299.98216
299.99666
299.99987
300.0001
300.00002
299.99998
299.99998
299.99998
299.99998
299.99998
299.99998
299.99998
299.99998
299.99998
299.99998
299.99998
299.99998
299.99998
299.99998
299.99998
299.99997
299.99997
299.99997
299.99997
299.99997
299.99998
300
300.00002
300.00003
300.00004
300.00004
344.32702
332.69928
321.48051
311.97418
305.35286
301.75509
300.32252
299.96408
299.94941
299.98093
299.99612
299.99975
300.00009
300.00002
299.99998
299.99998
299.99998
299.99998
299.99998
299.99998
299.99998
299.99998
299.99998
299.99998
299.99998
299.99998
299.99998
299.99998
299.99998
299.99997
299.99997
299.99997
299.99997
299.99997
299.99999
300
300.00002
300.00003
300.00004
300.00004
344.37352
332.84456
321.70767
312.22607
305.55789
301.87737
300.374
299.97742
299.95001
299.97978
299.99557
299.99962
300.00008
300.00002
299.99998
299.99998
299.99998
299.99998
299.99998
299.99998
299.99998
299.99998
299.99998
299.99998
299.99998
299.99998
299.99998
299.99998
299.99997
299.99997
299.99997
299.99997
299.99997
299.99997
299.99999
300
300.00002
300.00003
300.00004
300.00004
344.41862
332.98558
321.92884
312.47309
305.76143
302.00096
300.42752
299.99208
299.95111
299.9787
299.99499
299.99947
300.00007
300.00002
299.99999
299.99998
299.99998
299.99998
299.99998
299.99998
299.99998
299.99998
299.99998
299.99998
299.99998
299.99998
299.99998
299.99998
299.99997
299.99997
299.99997
299.99997
299.99997
299.99997
299.99999
300
300.00002
300.00003
300.00004
300.00004
344.46238
333.1225
322.14419
312.7153
305.96336
302.12571
300.48298
300.00805
299.95272
299.97772
299.9944
299.99931
300.00005
300.00003
299.99999
299.99998
299.99998
299.99998
299.99998
299.99998
299.99998
299.99998
299.99998
299.99998
299.99998
299.99998
299.99998
299.99998
299.99997
299.99997
299.99997
299.99997
299.99997
299.99997
299.99999
300.00001
300.00002
300.00003
300.00004
300.00004
344.50483
333.25544
322.35393
312.95279
306.16362
302.25149
300.54031
300.02535
299.95487
299.97685
299.9938
299.99914
300.00002
300.00003
299.99999
299.99998
299.99998
299.99998
299.99998
299.99998
299.99998
299.99998
299.99998
299.99998
299.99998
299.99998
299.99998
299.99997
299.99997
299.99997
299.99997
299.99997
299.99997
299.99997
299.99999
300.00001
300.00002
300.00003
300.00004
300.00004
344.54601
333.38454
322.55822
313.18563
306.3621
302.37816
300.59943
300.04395
299.95758
299.9761
299.9932
299.99895
299.99999
300.00003
299.99999
299.99998
299.99998
299.99998
299.99998
299.99998
299.99998
299.99998
299.99998
299.99998
299.99998
299.99998
299.99998
299.99997
299.99997
299.99997
299.99997
299.99997
299.99997
299.99998
299.99999
300.00001
300.00002
300.00003
300.00004
300.00004
344.58595
333.50991
322.75721
313.41389
306.55875
302.50559
300.66026
300.06386
299.96086
299.9755
299.9926
299.99874
299.99995
300.00002
299.99999
299.99998
299.99998
299.99998
299.99998
299.99998
299.99998
299.99998
299.99998
299.99998
299.99998
299.99998
299.99998
299.99997
299.99997
299.99997
299.99997
299.99997
299.99997
299.99998
299.99999
300.00001
300.00002
300.00003
300.00004
300.00004
344.62467
333.63164
322.95105
313.63764
306.75347
302.63364
300.72272
300.08505
299.96474
299.97505
299.992
299.99853
299.99991
300.00002
299.99999
299.99998
299.99998
299.99998
299.99998
299.99998
299.99998
299.99998
299.99998
299.99998
299.99998
299.99998
299.99997
299.99997
299.99997
299.99997
299.99997
299.99997
299.99997
299.99998
299.99999
300.00001
300.00002
300.00003
300.00004
300.00004
344.6622
333.74984
323.13988
313.85693
306.94622
302.76221
300.78673
300.10751
299.96922
299.97477
299.99142
299.9983
299.99986
300.00002
299.99999
299.99998
299.99998
299.99998
299.99998
299.99998
299.99998
299.99998
299.99998
299.99998
299.99998
299.99998
299.99997
299.99997
299.99997
299.99997
299.99997
299.99997
299.99997
299.99998
299.99999
300.00001
300.00002
300.00003
300.00004
300.00004
344.69855
333.86456
323.3238
314.07183
307.13692
302.89117
300.85221
300.13123
299.97433
299.97468
299.99086
299.99806
299.99981
300.00001
299.99999
299.99998
299.99998
299.99998
299.99998
299.99998
299.99998
299.99998
299.99998
299.99998
299.99998
299.99997
299.99997
299.99997
299.99997
299.99997
299.99997
299.99997
299.99997
299.99998
299.99999
300.00001
300.00003
300.00003
300.00004
300.00004
344.73374
333.97589
323.50294
314.28238
307.32552
303.02041
300.91908
300.15618
299.98007
299.97478
299.99032
299.99781
299.99974
300
299.99999
299.99998
299.99998
299.99998
299.99998
299.99998
299.99998
299.99998
299.99998
299.99998
299.99997
299.99997
299.99997
299.99997
299.99997
299.99997
299.99997
299.99997
299.99997
299.99998
299.99999
300.00001
300.00003
300.00003
300.00004
300.00004
344.76778
334.08388
323.67737
314.48864
307.51195
303.14982
300.98726
300.18233
299.98645
299.9751
299.98981
299.99755
299.99968
299.99999
299.99999
299.99998
299.99998
299.99998
299.99998
299.99998
299.99998
299.99998
299.99998
299.99998
299.99997
299.99997
299.99997
299.99997
299.99997
299.99997
299.99997
299.99997
299.99997
299.99998
299.99999
300.00001
300.00003
300.00004
300.00004
300.00004
344.80067
334.18857
323.8472
314.69063
307.69617
303.27929
301.05667
300.20968
299.99348
299.97564
299.98934
299.99729
299.9996
299.99998
299.99999
299.99998
299.99998
299.99997
299.99997
299.99998
299.99998
299.99998
299.99998
299.99997
299.99997
299.99997
299.99997
299.99997
299.99997
299.99997
299.99997
299.99997
299.99997
299.99998
299.99999
300.00001
300.00003
300.00004
300.00004
300.00005
344.83243
334.29001
324.01247
314.88841
307.87812
303.40872
301.12722
300.23818
300.00118
299.97641
299.98891
299.99702
299.99952
299.99997
299.99999
299.99998
299.99997
299.99997
299.99997
299.99997
299.99997
299.99997
299.99997
299.99997
299.99997
299.99997
299.99997
299.99997
299.99997
299.99997
299.99997
299.99997
299.99997
299.99998
299.99999
300.00001
300.00003
300.00004
300.00004
300.00005
344.86304
334.38821
324.17327
315.082
308.05774
303.538
301.19885
300.26781
300.00953
299.97743
299.98854
299.99676
299.99944
299.99995
299.99999
299.99998
299.99997
299.99997
299.99997
299.99997
299.99997
299.99997
299.99997
299.99997
299.99997
299.99997
299.99997
299.99997
299.99997
299.99997
299.99997
299.99997
299.99997
299.99998
299.99999
300.00001
300.00003
300.00004
300.00004
300.00005
344.89252
334.4832
324.32962
315.27142
308.23498
303.66704
301.27146
300.29854
300.01855
299.97871
299.98822
299.99649
299.99935
299.99994
299.99999
299.99998
299.99997
299.99997
299.99997
299.99997
299.99997
299.99997
299.99997
299.99997
299.99997
299.99997
299.99997
299.99997
299.99997
299.99997
299.99997
299.99997
299.99997
299.99998
299.99999
300.00001
300.00003
300.00004
300.00004
300.00005
344.92084
334.57498
324.48158
315.45668
308.40979
303.79573
301.34498
300.33034
300.02824
299.98026
299.98796
299.99622
299.99925
299.99992
299.99999
299.99998
299.99997
299.99997
299.99997
299.99997
299.99997
299.99997
299.99997
299.99997
299.99997
299.99997
299.99997
299.99997
299.99997
299.99997
299.99997
299.99997
299.99997
299.99998
299.99999
300.00001
300.00003
300.00004
300.00004
300.00005
344.948
334.66354
324.62915
315.63781
308.58212
303.92399
301.41933
300.36317
300.0386
299.98208
299.98778
299.99596
299.99915
299.99989
299.99998
299.99998
299.99997
299.99997
299.99997
299.99997
299.99997
299.99997
299.99997
299.99997
299.99997
299.99997
299.99997
299.99997
299.99997
299.99997
299.99997
299.99997
299.99997
299.99998
299.99999
300.00001
300.00003
300.00004
300.00004
300.00005
344.97398
334.74887
324.77237
315.8148
308.75191
304.05171
301.49443
300.397
300.04962
299.98419
299.98767
299.9957
299.99904
299.99987
299.99998
299.99998
299.99997
299.99997
299.99997
299.99997
299.99997
299.99997
299.99997
299.99997
299.99997
299.99997
299.99997
299.99997
299.99997
299.99997
299.99997
299.99997
299.99997
299.99998
299.99999
300.00001
300.00003
300.00004
300.00004
300.00005
344.99878
334.83095
324.91122
315.98764
308.9191
304.17881
301.57019
300.43178
300.0613
299.9866
299.98765
299.99545
299.99894
299.99984
299.99998
299.99998
299.99997
299.99997
299.99997
299.99997
299.99997
299.99997
299.99997
299.99997
299.99997
299.99997
299.99997
299.99997
299.99997
299.99997
299.99997
299.99997
299.99997
299.99998
300
300.00001
300.00003
300.00004
300.00005
300.00005
345.02237
334.90975
325.04569
316.15633
309.08363
304.30519
301.64654
300.46749
300.07364
299.98931
299.98771
299.99522
299.99882
299.99981
299.99997
299.99998
299.99997
299.99997
299.99997
299.99997
299.99997
299.99997
299.99997
299.99997
299.99997
299.99997
299.99997
299.99997
299.99997
299.99997
299.99997
299.99997
299.99997
299.99998
300
300.00001
300.00003
300.00004
300.00005
300.00005
345.04474
334.98523
325.17577
316.32083
309.24546
304.43075
301.72339
300.50407
300.08663
299.99233
299.98788
299.995
299.99871
299.99978
299.99997
299.99998
299.99997
299.99997
299.99997
299.99997
299.99997
299.99997
299.99997
299.99997
299.99997
299.99997
299.99997
299.99997
299.99997
299.99997
299.99997
299.99997
299.99997
299.99998
300
300.00001
300.00003
300.00004
300.00005
300.00005
345.06586
335.05733
325.30141
316.48113
309.4045
304.55541
301.80067
300.54149
300.10027
299.99566
299.98814
299.9948
299.99859
299.99974
299.99996
299.99998
299.99997
299.99997
299.99997
299.99997
299.99997
299.99997
299.99997
299.99997
299.99997
299.99997
299.99997
299.99997
299.99997
299.99997
299.99997
299.99997
299.99997
299.99998
300
300.00001
300.00003
300.00004
300.00005
300.00005
345.08573
335.12602
325.42257
316.63718
309.5607
304.67908
301.8783
300.57971
300.11453
299.99931
299.98851
299.99462
299.99847
299.9997
299.99995
299.99998
299.99997
299.99997
299.99997
299.99997
299.99997
299.99997
299.99997
299.99997
299.99997
299.99997
299.99997
299.99997
299.99997
299.99997
299.99997
299.99997
299.99997
299.99998
300
300.00001
300.00003
300.00004
300.00005
300.00005
345.10432
335.19123
325.53919
316.78894
309.71399
304.80165
301.95618
300.61867
300.12942
300.00329
299.989
299.99446
299.99835
299.99966
299.99994
299.99997
299.99997
299.99997
299.99997
299.99997
299.99997
299.99997
299.99997
299.99997
299.99997
299.99997
299.99997
299.99997
299.99997
299.99997
299.99997
299.99997
299.99997
299.99998
300
300.00002
300.00003
300.00004
300.00005
300.00006
345.12162
335.25291
325.65122
316.93634
309.86429
304.92304
302.03425
300.65834
300.14492
300.00759
299.9896
299.99433
299.99824
299.99962
299.99993
299.99997
299.99997
299.99997
299.99997
299.99997
299.99997
299.99997
299.99997
299.99997
299.99997
299.99997
299.99997
299.99997
299.99997
299.99997
299.99997
299.99997
299.99997
299.99998
300
300.00002
300.00003
300.00004
300.00005
300.00006
345.13762
335.31101
325.75858
317.07933
310.01153
305.04315
302.11241
300.69866
300.16101
300.01223
299.99033
299.99423
299.99812
299.99958
299.99992
299.99997
299.99997
299.99997
299.99997
299.99997
299.99997
299.99997
299.99997
299.99997
299.99997
299.99997
299.99997
299.99997
299.99997
299.99997
299.99997
299.99997
299.99997
299.99998
300
300.00002
300.00003
300.00004
300.00005
300.00006
345.15233
335.36548
325.86118
317.21782
310.15561
305.16189
302.19058
300.73959
300.17767
300.01719
299.99119
299.99416
299.99801
299.99953
299.99991
299.99997
299.99997
299.99997
299.99997
299.99997
299.99997
299.99997
299.99997
299.99997
299.99997
299.99997
299.99997
299.99997
299.99997
299.99997
299.99996
299.99997
299.99997
299.99998
300
300.00002
300.00003
300.00004
300.00005
300.00006
345.16574
335.41628
325.95894
317.35174
310.29647
305.27916
302.26869
300.78107
300.1949
300.02249
299.99218
299.99412
299.9979
299.99948
299.9999
299.99997
299.99997
299.99997
299.99997
299.99997
299.99997
299.99997
299.99997
299.99997
299.99997
299.99997
299.99997
299.99997
299.99997
299.99997
299.99996
299.99997
299.99997
299.99998
300
300.00002
300.00003
300.00004
300.00005
300.00006
345.17785
335.46337
326.05179
317.481
310.43399
305.39487
302.34663
300.82305
300.21267
300.02811
299.99331
299.99413
299.99779
299.99943
299.99988
299.99996
299.99997
299.99997
299.99997
299.99997
299.99997
299.99997
299.99997
299.99997
299.99997
299.99997
299.99997
299.99997
299.99997
299.99997
299.99996
299.99997
299.99997
299.99998
300
300.00002
300.00003
300.00004
300.00005
300.00006
345.1887
335.50674
326.13963
317.6055
310.5681
305.5089
302.42434
300.86549
300.23096
300.03407
299.99458
299.99417
299.9977
299.99938
299.99987
299.99996
299.99997
299.99997
299.99997
299.99997
299.99997
299.99997
299.99997
299.99997
299.99997
299.99997
299.99997
299.99997
299.99997
299.99996
299.99996
299.99997
299.99997
299.99998
300
300.00002
300.00003
300.00004
300.00005
300.00006
345.1983
335.54638
326.2224
317.72514
310.69868
305.62117
302.50172
300.90832
300.24975
300.04035
299.99599
299.99426
299.99761
299.99933
299.99985
299.99996
299.99997
299.99997
299.99997
299.99997
299.99997
299.99997
299.99997
299.99997
299.99997
299.99997
299.99997
299.99997
299.99997
299.99996
299.99996
299.99997
299.99997
299.99998
300
300.00002
300.00003
300.00004
300.00005
300.00006
345.20669
335.58232
326.30001
317.83982
310.82564
305.73158
302.57869
300.95149
300.26902
300.04695
299.99756
299.9944
299.99752
299.99928
299.99984
299.99995
299.99997
299.99997
299.99997
299.99997
299.99997
299.99997
299.99997
299.99997
299.99997
299.99997
299.99997
299.99997
299.99997
299.99996
299.99996
299.99997
299.99997
299.99998
300
300.00002
300.00003
300.00004
300.00005
300.00006
345.21392
335.61461
326.37242
317.94942
310.94886
305.84
302.65515
300.99495
300.28874
300.05388
299.99927
299.99458
299.99745
299.99923
299.99982
299.99995
299.99997
299.99997
299.99997
299.99997
299.99997
299.99997
299.99997
299.99997
299.99997
299.99997
299.99997
299.99997
299.99997
299.99996
299.99996
299.99997
299.99997
299.99998
300
300.00002
300.00003
300.00004
300.00006
300.00006
345.22004
335.64331
326.43959
318.05386
311.06824
305.94635
302.73102
301.03863
300.30889
300.06111
300.00113
299.99482
299.99739
299.99918
299.9998
299.99995
299.99997
299.99997
299.99997
299.99997
299.99997
299.99997
299.99997
299.99997
299.99997
299.99997
299.99997
299.99997
299.99997
299.99996
299.99996
299.99997
299.99997
299.99998
300
300.00002
300.00003
300.00005
300.00006
300.00006
345.22513
335.66854
326.50151
318.15304
311.18367
306.05052
302.80622
301.08249
300.32943
300.06866
300.00315
299.99511
299.99734
299.99913
299.99978
299.99994
299.99997
299.99997
299.99997
299.99997
299.99997
299.99997
299.99997
299.99997
299.99997
299.99997
299.99997
299.99997
299.99996
299.99996
299.99996
299.99997
299.99997
299.99999
300
300.00002
300.00003
300.00005
300.00006
300.00006
345.22925
335.6904
326.55819
318.24686
311.29503
306.1524
302.88065
301.12645
300.35035
300.0765
300.00533
299.99545
299.9973
299.99908
299.99976
299.99994
299.99997
299.99997
299.99997
299.99997
299.99997
299.99997
299.99997
299.99997
299.99997
299.99997
299.99997
299.99997
299.99996
299.99996
299.99996
299.99997
299.99997
299.99999
300
300.00002
300.00003
300.00005
300.00006
300.00006
345.2325
335.70909
326.60969
318.33527
311.40222
306.25189
302.95423
301.17047
300.37162
300.08464
300.00765
299.99586
299.99728
299.99904
299.99974
299.99993
299.99996
299.99997
299.99997
299.99997
299.99997
299.99997
299.99997
299.99997
299.99997
299.99997
299.99997
299.99997
299.99996
299.99996
299.99996
299.99997
299.99997
299.99999
300
300.00002
300.00003
300.00005
300.00006
300.00006
345.23497
335.72478
326.6561
318.41821
311.50513
306.34888
303.02687
301.21448
300.3932
300.09306
300.01014
299.99633
299.99728
299.99899
299.99972
299.99992
299.99996
299.99997
299.99997
299.99997
299.99997
299.99997
299.99997
299.99997
299.99997
299.99997
299.99997
299.99997
299.99996
299.99996
299.99996
299.99997
299.99997
299.99999
300
300.00002
300.00003
300.00005
300.00006
300.00007
345.23675
335.7377
326.69755
318.49566
311.60369
306.44328
303.09849
301.25843
300.41506
300.10175
300.01278
299.99685
299.99729
299.99895
299.9997
299.99992
299.99996
299.99997
299.99997
299.99997
299.99997
299.99997
299.99997
299.99997
299.99997
299.99997
299.99997
299.99997
299.99996
299.99996
299.99996
299.99997
299.99997
299.99999
300
300.00002
300.00004
300.00005
300.00006
300.00007
345.23794
335.74811
326.73422
318.56763
311.69781
306.53499
303.169
301.30225
300.43718
300.11071
300.01558
299.99745
299.99732
299.99891
299.99968
299.99991
299.99996
299.99997
299.99997
299.99997
299.99997
299.99997
299.99997
299.99997
299.99997
299.99997
299.99997
299.99996
299.99996
299.99996
299.99996
299.99997
299.99997
299.99999
300
300.00002
300.00004
300.00005
300.00006
300.00007
345.23866
335.75627
326.76634
318.63416
311.78742
306.62393
303.23832
301.3459
300.45952
300.11991
300.01853
299.99811
299.99738
299.99888
299.99966
299.9999
299.99996
299.99997
299.99997
299.99997
299.99997
299.99997
299.99997
299.99997
299.99997
299.99997
299.99997
299.99996
299.99996
299.99996
299.99996
299.99997
299.99997
299.99999
300
300.00002
300.00004
300.00005
300.00006
300.00007
345.239
335.7625
326.79418
318.69534
311.8725
306.71001
303.30639
301.38931
300.48206
300.12936
300.02163
299.99883
299.99745
299.99885
299.99964
299.9999
299.99996
299.99997
299.99997
299.99997
299.99997
299.99997
299.99997
299.99997
299.99997
299.99997
299.99997
299.99996
299.99996
299.99996
299.99996
299.99997
299.99997
299.99999
300
300.00002
300.00004
300.00005
300.00006
300.00007
345.23906
335.76708
326.81806
318.75131
311.95302
306.79318
303.37312
301.43242
300.50475
300.13904
300.02488
299.99962
299.99754
299.99882
299.99962
299.99989
299.99995
299.99997
299.99997
299.99997
299.99997
299.99997
299.99997
299.99997
299.99997
299.99997
299.99997
299.99996
299.99996
299.99996
299.99996
299.99997
299.99997
299.99999
300
300.00002
300.00004
300.00005
300.00006
300.00007
345.23894
335.77035
326.83838
318.80226
312.02904
306.87342
303.4385
301.47524
300.5276
300.14894
300.02828
300.00048
299.99766
299.9988
299.9996
299.99988
299.99995
299.99997
299.99997
299.99997
299.99997
299.99997
299.99997
299.99997
299.99997
299.99997
299.99996
299.99996
299.99996
299.99996
299.99996
299.99997
299.99997
299.99999
300
300.00002
300.00004
300.00005
300.00006
300.00007
345.2387
335.77255
326.85543
318.84831
312.10037
306.9504
303.50219
301.51748
300.55044
300.15899
300.03181
300.00141
299.9978
299.99878
299.99958
299.99987
299.99995
299.99996
299.99997
299.99997
299.99997
299.99997
299.99997
299.99997
299.99997
299.99997
299.99996
299.99996
299.99996
299.99996
299.99996
299.99997
299.99997
299.99999
300
300.00002
300.00004
300.00005
300.00006
300.00007
345.23856
335.77426
326.87001
318.89041
312.16836
307.02575
303.56572
301.56028
300.57394
300.16952
300.03559
300.00244
299.99797
299.99877
299.99956
299.99986
299.99995
299.99996
299.99997
299.99997
299.99997
299.99997
299.99997
299.99997
299.99997
299.99997
299.99996
299.99996
299.99996
299.99996
299.99996
299.99997
299.99998
299.99999
300.00001
300.00002
300.00004
300.00005
300.00006
300.00007
345.23815
335.77472
326.88098
318.92513
312.22608
307.09051
303.62068
301.59751
300.5945
300.17879
300.03895
300.00337
299.99813
299.99877
299.99954
299.99986
299.99994
299.99996
299.99997
299.99997
299.99997
299.99997
299.99997
299.99997
299.99997
299.99996
299.99996
299.99996
299.99996
299.99996
299.99996
299.99997
299.99998
299.99999
300.00001
300.00002
300.00004
300.00005
300.00006
300.00007
345.23979
335.77837
326.89669
318.97446
312.31343
307.19349
303.71133
301.66073
300.63037
300.19545
300.04521
300.00519
299.9985
299.99878
299.99951
299.99984
299.99994
299.99996
299.99997
299.99997
299.99997
299.99997
299.99997
299.99997
299.99997
299.99996
299.99996
299.99996
299.99996
299.99996
299.99996
299.99997
299.99998
299.99999
300.00001
300.00002
300.00004
300.00005
300.00006
300.00007
)
;

boundaryField
{
    wall
    {
        type            fixedValue;
        value           uniform 350;
    }
    sides
    {
        type            zeroGradient;
    }
    frontAndBack
    {
        type            empty;
    }
    inlet
    {
        type            fixedValue;
        value           uniform 300;
    }
    outlet
    {
        type            zeroGradient;
    }
}


// ************************************************************************* //
