/*--------------------------------*- C++ -*----------------------------------*\
  =========                 |
  \\      /  F ield         | OpenFOAM: The Open Source CFD Toolbox
   \\    /   O peration     | Website:  https://openfoam.org
    \\  /    A nd           | Version:  10
     \\/     M anipulation  |
\*---------------------------------------------------------------------------*/
FoamFile
{
    format      ascii;
    class       volScalarField;
    location    "0.25";
    object      rho_0;
}
// * * * * * * * * * * * * * * * * * * * * * * * * * * * * * * * * * * * * * //

dimensions      [1 -3 0 0 0 0 0];

internalField   nonuniform List<scalar> 
4000
(
1.1257779
1.1399124
1.1374518
1.1374123
1.1374156
1.1374153
1.1374153
1.1374152
1.1374152
1.1374152
1.1374152
1.1374152
1.1374152
1.1374152
1.1374151
1.1374151
1.1374151
1.1374151
1.1374151
1.1374151
1.1374151
1.1374151
1.1374151
1.1374151
1.1374151
1.1374151
1.1374151
1.1374152
1.1374152
1.1374152
1.1374152
1.1374152
1.1374152
1.1374152
1.1374153
1.1374153
1.1374154
1.1374154
1.1374155
1.1374158
1.1019211
1.1431582
1.1382532
1.1374084
1.1374123
1.1374153
1.1374153
1.1374152
1.1374152
1.1374152
1.1374152
1.1374152
1.1374152
1.1374152
1.1374151
1.1374151
1.1374151
1.1374151
1.1374151
1.1374151
1.1374151
1.1374151
1.1374151
1.1374151
1.1374151
1.1374151
1.1374151
1.1374152
1.1374152
1.1374152
1.1374152
1.1374152
1.1374152
1.1374152
1.1374153
1.1374153
1.1374154
1.1374154
1.1374155
1.1374156
1.07981
1.1424247
1.1397246
1.1375075
1.1373999
1.1374144
1.1374153
1.1374152
1.1374152
1.1374152
1.1374152
1.1374152
1.1374152
1.1374152
1.1374151
1.1374151
1.1374151
1.1374151
1.1374151
1.1374151
1.1374151
1.1374151
1.1374151
1.1374151
1.1374151
1.1374151
1.1374151
1.1374151
1.1374152
1.1374152
1.1374152
1.1374152
1.1374152
1.1374152
1.1374153
1.1374153
1.1374153
1.1374154
1.1374154
1.1374153
1.0605521
1.1379997
1.1412776
1.1378139
1.1373881
1.13741
1.1374152
1.1374153
1.1374152
1.1374152
1.1374152
1.1374152
1.1374152
1.1374151
1.1374151
1.1374151
1.1374151
1.1374151
1.1374151
1.1374151
1.1374151
1.1374151
1.1374151
1.1374151
1.1374151
1.1374151
1.1374151
1.1374151
1.1374152
1.1374152
1.1374152
1.1374152
1.1374152
1.1374152
1.1374152
1.1374153
1.1374153
1.1374154
1.1374154
1.1374152
1.0445501
1.131004
1.1423275
1.1383521
1.137403
1.1374009
1.1374146
1.1374153
1.1374152
1.1374152
1.1374152
1.1374152
1.1374152
1.1374151
1.1374151
1.1374151
1.1374151
1.1374151
1.1374151
1.1374151
1.1374151
1.1374151
1.1374151
1.1374151
1.1374151
1.1374151
1.1374151
1.1374151
1.1374151
1.1374152
1.1374152
1.1374152
1.1374152
1.1374152
1.1374152
1.1374153
1.1374153
1.1374153
1.1374153
1.1374151
1.0318707
1.1226404
1.1425062
1.1390545
1.1374749
1.1373888
1.1374125
1.1374153
1.1374152
1.1374152
1.1374152
1.1374152
1.1374151
1.1374151
1.1374151
1.1374151
1.1374151
1.1374151
1.1374151
1.1374151
1.1374151
1.1374151
1.1374151
1.1374151
1.1374151
1.1374151
1.1374151
1.1374151
1.1374151
1.1374152
1.1374152
1.1374152
1.1374152
1.1374152
1.1374152
1.1374152
1.1374153
1.1374153
1.1374152
1.1374151
1.0223197
1.1139075
1.1417123
1.139795
1.1376232
1.1373796
1.1374083
1.1374152
1.1374152
1.1374152
1.1374152
1.1374151
1.1374151
1.1374151
1.1374151
1.1374151
1.1374151
1.1374151
1.1374151
1.1374151
1.1374151
1.1374151
1.1374151
1.1374151
1.1374151
1.1374151
1.1374151
1.1374151
1.1374151
1.1374151
1.1374152
1.1374152
1.1374152
1.1374152
1.1374152
1.1374152
1.1374152
1.1374152
1.1374152
1.137415
1.0154816
1.1054858
1.1400456
1.1404422
1.1378485
1.1373814
1.1374021
1.1374146
1.1374153
1.1374152
1.1374151
1.1374151
1.1374151
1.1374151
1.1374151
1.1374151
1.1374151
1.1374151
1.1374151
1.1374151
1.1374151
1.1374151
1.1374151
1.1374151
1.1374151
1.1374151
1.1374151
1.1374151
1.1374151
1.1374151
1.1374151
1.1374151
1.1374152
1.1374152
1.1374152
1.1374152
1.1374152
1.1374152
1.1374151
1.1374149
1.0108121
1.0977557
1.1377022
1.1408967
1.1381343
1.1374018
1.1373946
1.1374134
1.1374153
1.1374152
1.1374151
1.1374151
1.1374151
1.1374151
1.1374151
1.1374151
1.1374151
1.1374151
1.1374151
1.1374151
1.1374151
1.1374151
1.1374151
1.1374151
1.1374151
1.1374151
1.1374151
1.1374151
1.1374151
1.1374151
1.1374151
1.1374151
1.1374151
1.1374152
1.1374152
1.1374152
1.1374152
1.1374152
1.137415
1.1374149
1.0077423
1.0908747
1.1348963
1.1411029
1.1384539
1.1374458
1.1373877
1.1374113
1.1374153
1.1374152
1.1374151
1.1374151
1.1374151
1.1374151
1.1374151
1.1374151
1.1374151
1.1374151
1.1374151
1.1374151
1.1374151
1.1374151
1.1374151
1.1374151
1.1374151
1.1374151
1.1374151
1.1374151
1.1374151
1.1374151
1.1374151
1.1374151
1.1374151
1.1374151
1.1374152
1.1374152
1.1374152
1.1374151
1.137415
1.1374149
1.0057608
1.0848574
1.1318175
1.1410438
1.1387781
1.137515
1.1373833
1.1374085
1.1374151
1.1374152
1.1374151
1.1374151
1.1374151
1.1374151
1.1374151
1.1374151
1.1374151
1.1374151
1.1374151
1.1374151
1.1374151
1.1374151
1.1374151
1.1374151
1.1374151
1.1374151
1.1374151
1.1374151
1.1374151
1.1374151
1.1374151
1.1374151
1.1374151
1.1374151
1.1374151
1.1374152
1.1374152
1.1374151
1.137415
1.1374149
1.0044606
1.0796383
1.1286133
1.1407294
1.1390801
1.1376076
1.1373835
1.1374049
1.1374147
1.1374153
1.1374151
1.1374151
1.1374151
1.1374151
1.1374151
1.1374151
1.1374151
1.1374151
1.1374151
1.1374151
1.1374151
1.1374151
1.1374151
1.1374151
1.1374151
1.1374151
1.1374151
1.1374151
1.1374151
1.1374151
1.1374151
1.1374151
1.1374151
1.1374151
1.1374151
1.1374151
1.1374151
1.1374151
1.1374149
1.1374149
1.0035511
1.0751158
1.1253886
1.1401857
1.1393385
1.1377196
1.13739
1.1374012
1.137414
1.1374153
1.1374151
1.1374151
1.1374151
1.1374151
1.1374151
1.1374151
1.1374151
1.1374151
1.1374151
1.1374151
1.1374151
1.1374151
1.1374151
1.1374151
1.1374151
1.1374151
1.1374151
1.1374151
1.1374151
1.1374151
1.1374151
1.1374151
1.1374151
1.1374151
1.1374151
1.1374151
1.1374151
1.1374151
1.1374149
1.1374149
1.0028455
1.0711806
1.1222119
1.1394454
1.1395384
1.1378455
1.137404
1.1373976
1.137413
1.1374152
1.1374151
1.1374151
1.1374151
1.1374151
1.1374151
1.1374151
1.1374151
1.1374151
1.1374151
1.1374151
1.1374151
1.1374151
1.1374151
1.1374151
1.1374151
1.1374151
1.1374151
1.1374151
1.1374151
1.1374151
1.1374151
1.1374151
1.1374151
1.1374151
1.1374151
1.1374151
1.1374151
1.137415
1.1374149
1.1374149
1.0022357
1.0677306
1.1191241
1.1385416
1.1396702
1.1379792
1.1374259
1.1373948
1.1374117
1.1374151
1.1374152
1.1374151
1.1374151
1.1374151
1.1374151
1.1374151
1.1374151
1.1374151
1.1374151
1.1374151
1.1374151
1.1374151
1.1374151
1.1374151
1.1374151
1.1374151
1.1374151
1.1374151
1.1374151
1.1374151
1.1374151
1.1374151
1.1374151
1.1374151
1.1374151
1.1374151
1.1374151
1.137415
1.1374149
1.1374149
1.001666
1.0646774
1.1161472
1.1375051
1.1397292
1.1381146
1.1374557
1.1373933
1.1374101
1.137415
1.1374152
1.1374151
1.1374151
1.1374151
1.1374151
1.1374151
1.1374151
1.1374151
1.1374151
1.1374151
1.1374151
1.1374151
1.1374151
1.1374151
1.1374151
1.1374151
1.1374151
1.1374151
1.1374151
1.1374151
1.1374151
1.1374151
1.1374151
1.1374151
1.1374151
1.1374151
1.1374151
1.137415
1.1374149
1.1374149
1.0011128
1.0619481
1.1132906
1.136363
1.1397139
1.1382462
1.137493
1.1373935
1.1374085
1.1374147
1.1374152
1.1374151
1.1374151
1.1374151
1.1374151
1.1374151
1.1374151
1.1374151
1.1374151
1.1374151
1.1374151
1.1374151
1.1374151
1.1374151
1.1374151
1.1374151
1.1374151
1.1374151
1.1374151
1.1374151
1.1374151
1.1374151
1.1374151
1.1374151
1.1374151
1.1374151
1.1374151
1.137415
1.1374149
1.1374148
1.0005693
1.0594846
1.1105564
1.1351381
1.1396254
1.1383691
1.1375368
1.1373959
1.1374068
1.1374143
1.1374152
1.1374151
1.1374151
1.1374151
1.1374151
1.1374151
1.1374151
1.1374151
1.1374151
1.1374151
1.1374151
1.1374151
1.1374151
1.1374151
1.1374151
1.1374151
1.1374151
1.1374151
1.1374151
1.1374151
1.1374151
1.1374151
1.1374151
1.1374151
1.1374151
1.1374151
1.1374151
1.137415
1.1374148
1.1374148
1.0000363
1.0572412
1.1079423
1.1338494
1.1394663
1.1384791
1.1375859
1.1374008
1.1374053
1.1374139
1.1374151
1.1374151
1.1374151
1.1374151
1.1374151
1.137415
1.137415
1.137415
1.137415
1.137415
1.137415
1.137415
1.137415
1.137415
1.137415
1.137415
1.137415
1.1374151
1.1374151
1.1374151
1.1374151
1.1374151
1.1374151
1.1374151
1.1374151
1.1374151
1.137415
1.1374149
1.1374148
1.1374148
0.99951744
1.0551825
1.1054439
1.1325128
1.1392402
1.1385728
1.1376392
1.1374082
1.137404
1.1374133
1.1374151
1.1374151
1.1374151
1.137415
1.137415
1.137415
1.137415
1.137415
1.137415
1.137415
1.137415
1.137415
1.137415
1.137415
1.137415
1.137415
1.137415
1.137415
1.137415
1.137415
1.1374151
1.1374151
1.1374151
1.1374151
1.1374151
1.1374151
1.137415
1.1374149
1.1374148
1.1374148
0.99901649
1.0532811
1.1030557
1.1311412
1.1389512
1.1386475
1.1376953
1.1374183
1.1374031
1.1374127
1.137415
1.1374151
1.1374151
1.137415
1.137415
1.137415
1.137415
1.137415
1.137415
1.137415
1.137415
1.137415
1.137415
1.137415
1.137415
1.137415
1.137415
1.137415
1.137415
1.137415
1.137415
1.137415
1.1374151
1.1374151
1.1374151
1.1374151
1.137415
1.1374149
1.1374148
1.1374148
0.99853623
1.0515159
1.100772
1.1297453
1.138604
1.138701
1.1377527
1.1374311
1.1374027
1.137412
1.1374149
1.1374151
1.137415
1.137415
1.137415
1.137415
1.137415
1.137415
1.137415
1.137415
1.137415
1.137415
1.137415
1.137415
1.137415
1.137415
1.137415
1.137415
1.137415
1.137415
1.137415
1.137415
1.1374151
1.1374151
1.1374151
1.1374151
1.137415
1.1374149
1.1374148
1.1374148
0.99807828
1.0498699
1.0985875
1.128334
1.138203
1.1387318
1.13781
1.1374464
1.137403
1.1374113
1.1374148
1.1374151
1.137415
1.137415
1.137415
1.137415
1.137415
1.137415
1.137415
1.137415
1.137415
1.137415
1.137415
1.137415
1.137415
1.137415
1.137415
1.137415
1.137415
1.137415
1.137415
1.137415
1.137415
1.1374151
1.1374151
1.1374151
1.137415
1.1374149
1.1374148
1.1374148
0.99764324
1.0483298
1.0964966
1.1269146
1.1377528
1.1387386
1.137866
1.137464
1.1374041
1.1374106
1.1374146
1.1374151
1.137415
1.137415
1.137415
1.137415
1.137415
1.137415
1.137415
1.137415
1.137415
1.137415
1.137415
1.137415
1.137415
1.137415
1.137415
1.137415
1.137415
1.137415
1.137415
1.137415
1.137415
1.1374151
1.1374151
1.137415
1.137415
1.1374149
1.1374148
1.1374148
0.99723087
1.0468847
1.0944944
1.1254933
1.1372578
1.1387209
1.1379194
1.1374838
1.1374059
1.13741
1.1374144
1.1374151
1.137415
1.137415
1.137415
1.137415
1.137415
1.137415
1.137415
1.137415
1.137415
1.137415
1.137415
1.137415
1.137415
1.137415
1.137415
1.137415
1.137415
1.137415
1.137415
1.137415
1.137415
1.137415
1.1374151
1.137415
1.137415
1.1374149
1.1374148
1.1374148
0.99684037
1.0455252
1.0925764
1.1240752
1.1367222
1.1386782
1.1379689
1.1375054
1.1374087
1.1374095
1.1374141
1.137415
1.137415
1.137415
1.137415
1.137415
1.137415
1.137415
1.137415
1.137415
1.137415
1.137415
1.137415
1.137415
1.137415
1.137415
1.137415
1.137415
1.137415
1.137415
1.137415
1.137415
1.137415
1.137415
1.137415
1.137415
1.137415
1.1374149
1.1374148
1.1374148
0.99647061
1.0442435
1.0907379
1.1226644
1.1361502
1.1386104
1.1380136
1.1375285
1.1374125
1.1374091
1.1374139
1.137415
1.137415
1.137415
1.137415
1.137415
1.137415
1.137415
1.137415
1.137415
1.137415
1.137415
1.137415
1.137415
1.137415
1.137415
1.137415
1.137415
1.137415
1.137415
1.137415
1.137415
1.137415
1.137415
1.137415
1.137415
1.1374149
1.1374148
1.1374148
1.1374148
0.99612028
1.0430327
1.0889749
1.1212646
1.1355455
1.1385177
1.1380524
1.1375526
1.1374172
1.1374089
1.1374136
1.1374149
1.137415
1.137415
1.137415
1.137415
1.137415
1.137415
1.137415
1.137415
1.137415
1.137415
1.137415
1.137415
1.137415
1.137415
1.137415
1.137415
1.137415
1.137415
1.137415
1.137415
1.137415
1.137415
1.137415
1.137415
1.1374149
1.1374148
1.1374148
1.1374148
0.995788
1.0418868
1.0872834
1.1198785
1.1349117
1.1384005
1.1380844
1.1375775
1.1374229
1.1374089
1.1374133
1.1374149
1.137415
1.137415
1.137415
1.137415
1.137415
1.137415
1.137415
1.137415
1.137415
1.137415
1.137415
1.137415
1.137415
1.137415
1.137415
1.137415
1.137415
1.137415
1.137415
1.137415
1.137415
1.137415
1.137415
1.137415
1.1374149
1.1374148
1.1374148
1.1374148
0.99547243
1.0408005
1.0856597
1.1185086
1.1342522
1.1382594
1.1381089
1.1376027
1.1374294
1.1374092
1.137413
1.1374148
1.137415
1.137415
1.137415
1.137415
1.137415
1.137415
1.137415
1.137415
1.137415
1.137415
1.137415
1.137415
1.137415
1.137415
1.137415
1.137415
1.137415
1.137415
1.137415
1.137415
1.137415
1.137415
1.137415
1.137415
1.1374149
1.1374148
1.1374148
1.1374148
0.99517229
1.039769
1.0841002
1.1171567
1.13357
1.1380948
1.1381253
1.1376278
1.1374369
1.1374097
1.1374128
1.1374147
1.137415
1.137415
1.137415
1.137415
1.137415
1.137415
1.137415
1.137415
1.137415
1.137415
1.137415
1.137415
1.137415
1.137415
1.137415
1.137415
1.137415
1.137415
1.137415
1.137415
1.137415
1.137415
1.137415
1.137415
1.1374149
1.1374148
1.1374148
1.1374148
0.99488641
1.0387878
1.0826016
1.1158245
1.1328682
1.1379077
1.1381329
1.1376525
1.1374452
1.1374106
1.1374125
1.1374146
1.137415
1.137415
1.137415
1.137415
1.137415
1.137415
1.137415
1.137415
1.137415
1.137415
1.137415
1.137415
1.137415
1.137415
1.137415
1.137415
1.137415
1.137415
1.137415
1.137415
1.137415
1.137415
1.137415
1.137415
1.1374149
1.1374148
1.1374148
1.1374148
0.99461369
1.0378532
1.0811607
1.1145132
1.1321494
1.1376989
1.1381313
1.1376762
1.1374543
1.1374118
1.1374124
1.1374145
1.137415
1.137415
1.137415
1.137415
1.137415
1.137415
1.137415
1.137415
1.137415
1.137415
1.137415
1.137415
1.137415
1.137415
1.137415
1.137415
1.137415
1.137415
1.137415
1.137415
1.137415
1.137415
1.137415
1.137415
1.1374149
1.1374148
1.1374148
1.1374148
0.99435317
1.0369617
1.0797745
1.1132236
1.131416
1.1374693
1.1381201
1.1376986
1.137464
1.1374134
1.1374122
1.1374144
1.137415
1.137415
1.137415
1.137415
1.137415
1.137415
1.137415
1.137415
1.137415
1.137415
1.137415
1.137415
1.137415
1.137415
1.137415
1.137415
1.137415
1.137415
1.137415
1.137415
1.137415
1.137415
1.137415
1.1374149
1.1374149
1.1374148
1.1374148
1.1374148
0.99410396
1.0361102
1.0784401
1.1119566
1.1306704
1.1372197
1.138099
1.1377193
1.1374742
1.1374153
1.1374122
1.1374143
1.1374149
1.137415
1.137415
1.137415
1.137415
1.137415
1.137415
1.137415
1.137415
1.137415
1.137415
1.137415
1.137415
1.137415
1.137415
1.137415
1.137415
1.137415
1.137415
1.137415
1.137415
1.137415
1.137415
1.1374149
1.1374149
1.1374148
1.1374148
1.1374148
0.9938653
1.0352958
1.077155
1.1107126
1.1299145
1.1369512
1.1380678
1.1377381
1.1374849
1.1374176
1.1374122
1.1374142
1.1374149
1.137415
1.137415
1.137415
1.137415
1.137415
1.137415
1.137415
1.137415
1.137415
1.137415
1.137415
1.137415
1.137415
1.137415
1.137415
1.137415
1.137415
1.137415
1.137415
1.137415
1.137415
1.137415
1.1374149
1.1374148
1.1374148
1.1374148
1.1374148
0.99363649
1.034516
1.0759165
1.1094921
1.1291505
1.1366648
1.1380262
1.1377544
1.1374959
1.1374202
1.1374123
1.1374141
1.1374149
1.137415
1.137415
1.137415
1.137415
1.137415
1.137415
1.137415
1.137415
1.137415
1.137415
1.137415
1.137415
1.137415
1.137415
1.137415
1.137415
1.137415
1.137415
1.137415
1.137415
1.137415
1.137415
1.1374149
1.1374148
1.1374148
1.1374147
1.1374147
0.9934169
1.0337685
1.0747223
1.1082951
1.1283799
1.1363614
1.1379743
1.1377681
1.1375071
1.1374232
1.1374125
1.137414
1.1374148
1.137415
1.137415
1.137415
1.137415
1.137415
1.137415
1.137415
1.137415
1.137415
1.137415
1.137415
1.137415
1.137415
1.137415
1.137415
1.137415
1.137415
1.137415
1.137415
1.137415
1.137415
1.137415
1.1374149
1.1374148
1.1374148
1.1374147
1.1374147
0.99320598
1.0330513
1.0735703
1.1071219
1.1276044
1.1360421
1.137912
1.1377788
1.1375183
1.1374266
1.1374129
1.1374139
1.1374148
1.137415
1.137415
1.137415
1.137415
1.137415
1.1374149
1.1374149
1.1374149
1.1374149
1.1374149
1.1374149
1.137415
1.137415
1.137415
1.137415
1.137415
1.137415
1.137415
1.137415
1.137415
1.137415
1.137415
1.1374149
1.1374148
1.1374148
1.1374147
1.1374147
0.99300324
1.0323625
1.0724583
1.1059724
1.1268255
1.1357078
1.1378392
1.1377862
1.1375294
1.1374302
1.1374133
1.1374138
1.1374147
1.1374149
1.137415
1.1374149
1.1374149
1.1374149
1.1374149
1.1374149
1.1374149
1.1374149
1.1374149
1.1374149
1.1374149
1.1374149
1.1374149
1.137415
1.137415
1.137415
1.137415
1.137415
1.137415
1.137415
1.137415
1.1374149
1.1374148
1.1374147
1.1374147
1.1374147
0.99280824
1.0317006
1.0713846
1.1048467
1.1260446
1.1353595
1.1377561
1.1377901
1.1375403
1.1374342
1.1374139
1.1374138
1.1374147
1.1374149
1.1374149
1.1374149
1.1374149
1.1374149
1.1374149
1.1374149
1.1374149
1.1374149
1.1374149
1.1374149
1.1374149
1.1374149
1.1374149
1.1374149
1.137415
1.137415
1.137415
1.137415
1.137415
1.137415
1.1374149
1.1374149
1.1374148
1.1374147
1.1374147
1.1374147
0.9926206
1.0310639
1.0703473
1.1037445
1.1252629
1.1349981
1.1376627
1.1377902
1.1375508
1.1374384
1.1374147
1.1374138
1.1374147
1.1374149
1.1374149
1.1374149
1.1374149
1.1374149
1.1374149
1.1374149
1.1374149
1.1374149
1.1374149
1.1374149
1.1374149
1.1374149
1.1374149
1.1374149
1.1374149
1.137415
1.137415
1.137415
1.137415
1.137415
1.1374149
1.1374149
1.1374148
1.1374147
1.1374147
1.1374147
0.99243996
1.0304513
1.0693448
1.1026658
1.1244815
1.1346246
1.1375592
1.1377864
1.1375607
1.1374428
1.1374155
1.1374138
1.1374146
1.1374149
1.1374149
1.1374149
1.1374149
1.1374149
1.1374149
1.1374149
1.1374149
1.1374149
1.1374149
1.1374149
1.1374149
1.1374149
1.1374149
1.1374149
1.1374149
1.1374149
1.137415
1.137415
1.137415
1.137415
1.1374149
1.1374149
1.1374148
1.1374147
1.1374147
1.1374147
0.99226603
1.0298614
1.0683756
1.1016103
1.1237014
1.1342399
1.1374458
1.1377785
1.13757
1.1374475
1.1374165
1.1374138
1.1374146
1.1374149
1.1374149
1.1374149
1.1374149
1.1374149
1.1374149
1.1374149
1.1374149
1.1374149
1.1374149
1.1374149
1.1374149
1.1374149
1.1374149
1.1374149
1.1374149
1.1374149
1.1374149
1.137415
1.137415
1.137415
1.1374149
1.1374149
1.1374148
1.1374147
1.1374147
1.1374147
0.99209852
1.0292932
1.0674382
1.1005778
1.1229237
1.1338449
1.1373226
1.1377662
1.1375785
1.1374523
1.1374177
1.1374139
1.1374145
1.1374149
1.1374149
1.1374149
1.1374149
1.1374149
1.1374149
1.1374149
1.1374149
1.1374149
1.1374149
1.1374149
1.1374149
1.1374149
1.1374149
1.1374149
1.1374149
1.1374149
1.1374149
1.137415
1.137415
1.137415
1.1374149
1.1374149
1.1374148
1.1374147
1.1374147
1.1374147
0.99193721
1.0287457
1.0665315
1.099568
1.1221493
1.1334404
1.1371899
1.1377496
1.1375861
1.1374572
1.137419
1.137414
1.1374145
1.1374149
1.1374149
1.1374149
1.1374149
1.1374149
1.1374149
1.1374149
1.1374149
1.1374149
1.1374149
1.1374149
1.1374149
1.1374149
1.1374149
1.1374149
1.1374149
1.1374149
1.1374149
1.1374149
1.137415
1.1374149
1.1374149
1.1374148
1.1374148
1.1374147
1.1374147
1.1374147
0.99178188
1.0282182
1.0656542
1.0985809
1.1213789
1.1330273
1.137048
1.1377283
1.1375926
1.1374622
1.1374204
1.1374142
1.1374145
1.1374148
1.1374149
1.1374149
1.1374149
1.1374149
1.1374149
1.1374149
1.1374149
1.1374149
1.1374149
1.1374149
1.1374149
1.1374149
1.1374149
1.1374149
1.1374149
1.1374149
1.1374149
1.1374149
1.137415
1.1374149
1.1374149
1.1374148
1.1374148
1.1374147
1.1374147
1.1374147
0.99163235
1.0277097
1.0648052
1.097616
1.1206132
1.1326063
1.136897
1.1377024
1.1375979
1.1374672
1.137422
1.1374144
1.1374144
1.1374148
1.1374149
1.1374149
1.1374149
1.1374149
1.1374149
1.1374149
1.1374149
1.1374149
1.1374149
1.1374149
1.1374149
1.1374149
1.1374149
1.1374149
1.1374149
1.1374149
1.1374149
1.1374149
1.1374149
1.1374149
1.1374149
1.1374148
1.1374148
1.1374147
1.1374147
1.1374147
0.99148849
1.0272197
1.0639836
1.0966731
1.1198531
1.1321784
1.1367374
1.1376718
1.1376018
1.1374721
1.1374237
1.1374146
1.1374144
1.1374148
1.1374149
1.1374149
1.1374149
1.1374149
1.1374149
1.1374149
1.1374149
1.1374149
1.1374149
1.1374149
1.1374149
1.1374149
1.1374149
1.1374149
1.1374149
1.1374149
1.1374149
1.1374149
1.1374149
1.1374149
1.1374149
1.1374148
1.1374147
1.1374147
1.1374147
1.1374147
0.99135017
1.0267476
1.0631885
1.0957521
1.1190992
1.1317443
1.1365694
1.1376364
1.1376044
1.137477
1.1374254
1.137415
1.1374144
1.1374148
1.1374149
1.1374149
1.1374149
1.1374149
1.1374149
1.1374149
1.1374149
1.1374149
1.1374149
1.1374149
1.1374149
1.1374149
1.1374149
1.1374149
1.1374149
1.1374149
1.1374149
1.1374149
1.1374149
1.1374149
1.1374149
1.1374148
1.1374147
1.1374147
1.1374147
1.1374147
0.99121728
1.0262928
1.0624191
1.0948526
1.118352
1.1313047
1.1363933
1.1375962
1.1376053
1.1374817
1.1374273
1.1374153
1.1374144
1.1374148
1.1374149
1.1374149
1.1374149
1.1374149
1.1374149
1.1374149
1.1374149
1.1374149
1.1374149
1.1374149
1.1374149
1.1374149
1.1374149
1.1374149
1.1374149
1.1374149
1.1374149
1.1374149
1.1374149
1.1374149
1.1374149
1.1374148
1.1374147
1.1374147
1.1374147
1.1374147
0.99108976
1.025855
1.0616747
1.0939746
1.1176122
1.1308603
1.1362095
1.1375511
1.1376047
1.1374862
1.1374293
1.1374158
1.1374145
1.1374148
1.1374149
1.1374149
1.1374149
1.1374149
1.1374149
1.1374149
1.1374149
1.1374149
1.1374149
1.1374149
1.1374149
1.1374149
1.1374149
1.1374149
1.1374149
1.1374149
1.1374149
1.1374149
1.1374149
1.1374149
1.1374149
1.1374148
1.1374147
1.1374147
1.1374147
1.1374146
0.99096756
1.0254337
1.0609547
1.0931177
1.1168802
1.1304119
1.1360184
1.1375012
1.1376022
1.1374904
1.1374314
1.1374162
1.1374145
1.1374147
1.1374149
1.1374149
1.1374149
1.1374149
1.1374149
1.1374149
1.1374149
1.1374149
1.1374149
1.1374149
1.1374149
1.1374149
1.1374149
1.1374149
1.1374149
1.1374149
1.1374149
1.1374149
1.1374149
1.1374149
1.1374149
1.1374148
1.1374147
1.1374147
1.1374147
1.1374146
0.99085066
1.0250287
1.0602585
1.0922819
1.1161567
1.1299602
1.1358202
1.1374465
1.137598
1.1374944
1.1374335
1.1374168
1.1374146
1.1374147
1.1374149
1.1374149
1.1374149
1.1374149
1.1374149
1.1374149
1.1374149
1.1374149
1.1374149
1.1374149
1.1374149
1.1374149
1.1374149
1.1374149
1.1374149
1.1374149
1.1374149
1.1374149
1.1374149
1.1374149
1.1374149
1.1374148
1.1374147
1.1374147
1.1374147
1.1374146
0.99073906
1.0246398
1.0595856
1.091467
1.1154421
1.1295058
1.1356153
1.137387
1.1375918
1.1374979
1.1374357
1.1374174
1.1374146
1.1374147
1.1374149
1.1374149
1.1374149
1.1374149
1.1374149
1.1374149
1.1374149
1.1374149
1.1374149
1.1374149
1.1374149
1.1374149
1.1374149
1.1374149
1.1374149
1.1374149
1.1374149
1.1374149
1.1374149
1.1374149
1.1374149
1.1374148
1.1374147
1.1374147
1.1374146
1.1374146
0.99063278
1.0242669
1.0589358
1.0906729
1.1147369
1.1290494
1.1354043
1.1373227
1.1375836
1.137501
1.1374379
1.137418
1.1374147
1.1374147
1.1374148
1.1374149
1.1374149
1.1374149
1.1374149
1.1374149
1.1374149
1.1374149
1.1374149
1.1374149
1.1374149
1.1374149
1.1374149
1.1374149
1.1374149
1.1374149
1.1374149
1.1374149
1.1374149
1.1374149
1.1374148
1.1374148
1.1374147
1.1374147
1.1374146
1.1374146
0.99053187
1.0239098
1.0583087
1.0898996
1.1140415
1.1285917
1.1351873
1.1372538
1.1375733
1.1375037
1.1374401
1.1374187
1.1374148
1.1374147
1.1374148
1.1374149
1.1374149
1.1374149
1.1374149
1.1374149
1.1374149
1.1374149
1.1374149
1.1374149
1.1374149
1.1374149
1.1374149
1.1374149
1.1374149
1.1374149
1.1374149
1.1374149
1.1374149
1.1374149
1.1374148
1.1374148
1.1374147
1.1374147
1.1374146
1.1374146
0.99043637
1.0235686
1.0577041
1.089147
1.1133565
1.1281332
1.1349648
1.1371803
1.137561
1.1375058
1.1374422
1.1374195
1.137415
1.1374147
1.1374148
1.1374149
1.1374149
1.1374149
1.1374149
1.1374149
1.1374149
1.1374149
1.1374149
1.1374149
1.1374149
1.1374149
1.1374149
1.1374149
1.1374149
1.1374149
1.1374149
1.1374149
1.1374149
1.1374149
1.1374148
1.1374148
1.1374147
1.1374147
1.1374146
1.1374146
0.99034637
1.0232434
1.0571218
1.0884152
1.1126822
1.1276747
1.1347373
1.1371024
1.1375465
1.1375073
1.1374444
1.1374203
1.1374151
1.1374147
1.1374148
1.1374149
1.1374149
1.1374149
1.1374149
1.1374149
1.1374149
1.1374149
1.1374149
1.1374149
1.1374149
1.1374149
1.1374149
1.1374149
1.1374149
1.1374149
1.1374149
1.1374149
1.1374149
1.1374149
1.1374148
1.1374148
1.1374147
1.1374146
1.1374146
1.1374146
0.99026196
1.0229343
1.0565619
1.0877041
1.1120192
1.1272167
1.1345051
1.13702
1.1375297
1.1375081
1.1374465
1.1374211
1.1374153
1.1374147
1.1374148
1.1374149
1.1374149
1.1374149
1.1374149
1.1374149
1.1374149
1.1374149
1.1374149
1.1374149
1.1374149
1.1374149
1.1374149
1.1374149
1.1374149
1.1374149
1.1374149
1.1374149
1.1374149
1.1374149
1.1374148
1.1374147
1.1374147
1.1374146
1.1374146
1.1374146
0.99018322
1.0226415
1.0560243
1.0870139
1.1113678
1.1267599
1.1342686
1.1369334
1.1375108
1.1375083
1.1374485
1.1374219
1.1374155
1.1374147
1.1374148
1.1374149
1.1374149
1.1374149
1.1374149
1.1374149
1.1374149
1.1374149
1.1374149
1.1374149
1.1374149
1.1374149
1.1374149
1.1374149
1.1374149
1.1374149
1.1374149
1.1374149
1.1374149
1.1374149
1.1374148
1.1374147
1.1374147
1.1374146
1.1374146
1.1374146
0.99011024
1.0223652
1.0555093
1.0863448
1.1107286
1.1263049
1.1340283
1.1368426
1.1374895
1.1375077
1.1374503
1.1374228
1.1374157
1.1374148
1.1374148
1.1374149
1.1374149
1.1374149
1.1374149
1.1374149
1.1374149
1.1374149
1.1374149
1.1374149
1.1374149
1.1374149
1.1374149
1.1374149
1.1374149
1.1374149
1.1374149
1.1374149
1.1374149
1.1374149
1.1374148
1.1374147
1.1374147
1.1374146
1.1374146
1.1374146
0.9900431
1.0221056
1.0550169
1.085697
1.1101019
1.1258522
1.1337846
1.1367479
1.137466
1.1375063
1.1374521
1.1374237
1.137416
1.1374148
1.1374148
1.1374149
1.1374149
1.1374149
1.1374149
1.1374149
1.1374149
1.1374149
1.1374149
1.1374149
1.1374149
1.1374149
1.1374149
1.1374149
1.1374149
1.1374149
1.1374149
1.1374149
1.1374149
1.1374149
1.1374148
1.1374147
1.1374147
1.1374146
1.1374146
1.1374146
0.98998188
1.0218632
1.0545474
1.0850706
1.1094884
1.1254024
1.1335379
1.1366494
1.1374403
1.1375042
1.1374537
1.1374247
1.1374162
1.1374148
1.1374148
1.1374148
1.1374149
1.1374149
1.1374149
1.1374149
1.1374149
1.1374149
1.1374149
1.1374149
1.1374149
1.1374149
1.1374149
1.1374149
1.1374149
1.1374149
1.1374149
1.1374149
1.1374149
1.1374149
1.1374148
1.1374147
1.1374147
1.1374146
1.1374146
1.1374146
0.98992661
1.0216381
1.0541013
1.084466
1.1088884
1.1249563
1.1332887
1.1365472
1.1374123
1.1375011
1.1374552
1.1374256
1.1374165
1.1374149
1.1374148
1.1374148
1.1374149
1.1374149
1.1374149
1.1374149
1.1374149
1.1374149
1.1374149
1.1374149
1.1374149
1.1374149
1.1374149
1.1374149
1.1374149
1.1374149
1.1374149
1.1374149
1.1374149
1.1374148
1.1374148
1.1374147
1.1374147
1.1374146
1.1374146
1.1374145
0.9898773
1.0214306
1.0536788
1.0838837
1.1083025
1.1245143
1.1330374
1.1364416
1.137382
1.1374972
1.1374564
1.1374265
1.1374168
1.1374149
1.1374148
1.1374148
1.1374149
1.1374149
1.1374149
1.1374149
1.1374149
1.1374149
1.1374149
1.1374149
1.1374149
1.1374149
1.1374149
1.1374149
1.1374149
1.1374149
1.1374149
1.1374149
1.1374149
1.1374148
1.1374148
1.1374147
1.1374147
1.1374146
1.1374146
1.1374145
0.98983392
1.021241
1.0532805
1.083324
1.1077312
1.1240771
1.1327845
1.1363327
1.1373495
1.1374923
1.1374574
1.1374275
1.1374171
1.137415
1.1374148
1.1374148
1.1374149
1.1374149
1.1374149
1.1374149
1.1374149
1.1374149
1.1374149
1.1374149
1.1374149
1.1374149
1.1374149
1.1374149
1.1374149
1.1374149
1.1374149
1.1374149
1.1374149
1.1374148
1.1374148
1.1374147
1.1374146
1.1374146
1.1374146
1.1374145
0.98979638
1.0210694
1.0529067
1.0827873
1.1071752
1.1236453
1.1325304
1.1362208
1.1373148
1.1374865
1.1374582
1.1374284
1.1374175
1.1374151
1.1374148
1.1374148
1.1374148
1.1374149
1.1374149
1.1374149
1.1374149
1.1374149
1.1374149
1.1374149
1.1374149
1.1374149
1.1374149
1.1374149
1.1374149
1.1374149
1.1374149
1.1374149
1.1374149
1.1374148
1.1374148
1.1374147
1.1374146
1.1374146
1.1374146
1.1374145
0.98976454
1.0209159
1.0525579
1.0822743
1.1066349
1.1232195
1.1322756
1.1361061
1.1372779
1.1374797
1.1374586
1.1374293
1.1374178
1.1374152
1.1374148
1.1374148
1.1374148
1.1374148
1.1374148
1.1374148
1.1374148
1.1374148
1.1374148
1.1374148
1.1374148
1.1374149
1.1374149
1.1374149
1.1374149
1.1374149
1.1374149
1.1374149
1.1374149
1.1374148
1.1374148
1.1374147
1.1374146
1.1374146
1.1374145
1.1374145
0.9897382
1.0207805
1.0522345
1.0817855
1.1061109
1.1228003
1.1320205
1.1359888
1.1372389
1.1374719
1.1374589
1.1374301
1.1374182
1.1374152
1.1374148
1.1374148
1.1374148
1.1374148
1.1374148
1.1374148
1.1374148
1.1374148
1.1374148
1.1374148
1.1374148
1.1374148
1.1374149
1.1374149
1.1374149
1.1374149
1.1374149
1.1374149
1.1374149
1.1374148
1.1374148
1.1374147
1.1374146
1.1374146
1.1374145
1.1374145
0.9897171
1.0206628
1.051937
1.0813214
1.105604
1.1223884
1.1317657
1.1358692
1.137198
1.1374632
1.1374587
1.1374309
1.1374186
1.1374153
1.1374148
1.1374148
1.1374148
1.1374148
1.1374148
1.1374148
1.1374148
1.1374148
1.1374148
1.1374148
1.1374148
1.1374148
1.1374148
1.1374149
1.1374149
1.1374149
1.1374149
1.1374149
1.1374149
1.1374148
1.1374148
1.1374147
1.1374146
1.1374146
1.1374145
1.1374145
0.9897009
1.0205624
1.0516655
1.0808826
1.1051146
1.1219843
1.1315116
1.1357474
1.137155
1.1374534
1.1374583
1.1374317
1.1374189
1.1374154
1.1374149
1.1374148
1.1374148
1.1374148
1.1374148
1.1374148
1.1374148
1.1374148
1.1374148
1.1374148
1.1374148
1.1374148
1.1374148
1.1374148
1.1374149
1.1374149
1.1374149
1.1374149
1.1374148
1.1374148
1.1374148
1.1374147
1.1374146
1.1374146
1.1374145
1.1374145
0.98968921
1.0204789
1.0514202
1.0804697
1.1046436
1.1215887
1.1312587
1.1356238
1.1371101
1.1374426
1.1374575
1.1374323
1.1374193
1.1374155
1.1374149
1.1374148
1.1374148
1.1374148
1.1374148
1.1374148
1.1374148
1.1374148
1.1374148
1.1374148
1.1374148
1.1374148
1.1374148
1.1374148
1.1374149
1.1374149
1.1374149
1.1374149
1.1374148
1.1374148
1.1374147
1.1374147
1.1374146
1.1374146
1.1374145
1.1374145
0.9896816
1.0204112
1.0512009
1.0800832
1.1041914
1.1212021
1.1310075
1.1354987
1.1370635
1.1374307
1.1374564
1.1374329
1.1374197
1.1374157
1.1374149
1.1374148
1.1374148
1.1374148
1.1374148
1.1374148
1.1374148
1.1374148
1.1374148
1.1374148
1.1374148
1.1374148
1.1374148
1.1374148
1.1374148
1.1374149
1.1374149
1.1374149
1.1374148
1.1374148
1.1374147
1.1374147
1.1374146
1.1374146
1.1374145
1.1374145
0.98967758
1.0203585
1.0510074
1.0797234
1.1037587
1.1208253
1.1307584
1.1353722
1.1370151
1.1374179
1.1374549
1.1374335
1.1374201
1.1374158
1.1374149
1.1374148
1.1374148
1.1374148
1.1374148
1.1374148
1.1374148
1.1374148
1.1374148
1.1374148
1.1374148
1.1374148
1.1374148
1.1374148
1.1374148
1.1374149
1.1374149
1.1374149
1.1374148
1.1374148
1.1374147
1.1374147
1.1374146
1.1374146
1.1374145
1.1374145
0.98967664
1.0203196
1.0508392
1.0793907
1.1033462
1.1204589
1.130512
1.1352447
1.1369651
1.1374041
1.1374529
1.1374339
1.1374204
1.1374159
1.1374149
1.1374148
1.1374148
1.1374148
1.1374148
1.1374148
1.1374148
1.1374148
1.1374148
1.1374148
1.1374148
1.1374148
1.1374148
1.1374148
1.1374148
1.1374148
1.1374149
1.1374148
1.1374148
1.1374148
1.1374147
1.1374147
1.1374146
1.1374145
1.1374145
1.1374145
0.98967822
1.020293
1.0506953
1.0790852
1.1029542
1.1201033
1.1302686
1.1351165
1.1369135
1.1373892
1.1374506
1.1374342
1.1374208
1.1374161
1.137415
1.1374148
1.1374148
1.1374148
1.1374148
1.1374148
1.1374148
1.1374148
1.1374148
1.1374148
1.1374148
1.1374148
1.1374148
1.1374148
1.1374148
1.1374148
1.1374148
1.1374148
1.1374148
1.1374148
1.1374147
1.1374147
1.1374146
1.1374145
1.1374145
1.1374145
0.98968181
1.0202772
1.0505747
1.0788067
1.1025833
1.1197591
1.1300288
1.1349877
1.1368606
1.1373735
1.1374479
1.1374344
1.1374212
1.1374162
1.137415
1.1374148
1.1374148
1.1374148
1.1374148
1.1374148
1.1374148
1.1374148
1.1374148
1.1374148
1.1374148
1.1374148
1.1374148
1.1374148
1.1374148
1.1374148
1.1374148
1.1374148
1.1374148
1.1374148
1.1374147
1.1374147
1.1374146
1.1374145
1.1374145
1.1374145
0.98968687
1.0202706
1.0504758
1.078555
1.1022338
1.1194268
1.129793
1.1348588
1.1368064
1.1373567
1.1374447
1.1374345
1.1374215
1.1374163
1.137415
1.1374148
1.1374148
1.1374148
1.1374148
1.1374148
1.1374148
1.1374148
1.1374148
1.1374148
1.1374148
1.1374148
1.1374148
1.1374148
1.1374148
1.1374148
1.1374148
1.1374148
1.1374148
1.1374148
1.1374147
1.1374146
1.1374146
1.1374145
1.1374145
1.1374144
0.98969291
1.0202715
1.050397
1.0783295
1.1019058
1.1191069
1.1295616
1.1347299
1.1367511
1.1373391
1.1374412
1.1374345
1.1374218
1.1374165
1.1374151
1.1374148
1.1374148
1.1374148
1.1374148
1.1374148
1.1374148
1.1374148
1.1374148
1.1374148
1.1374148
1.1374148
1.1374148
1.1374148
1.1374148
1.1374148
1.1374148
1.1374148
1.1374148
1.1374148
1.1374147
1.1374146
1.1374146
1.1374145
1.1374145
1.1374144
0.98969948
1.0202781
1.0503361
1.0781291
1.1015995
1.1187998
1.1293349
1.1346014
1.1366947
1.1373205
1.1374372
1.1374343
1.1374221
1.1374166
1.1374151
1.1374148
1.1374148
1.1374148
1.1374148
1.1374148
1.1374148
1.1374148
1.1374148
1.1374148
1.1374148
1.1374148
1.1374148
1.1374148
1.1374148
1.1374148
1.1374148
1.1374148
1.1374148
1.1374148
1.1374147
1.1374146
1.1374146
1.1374145
1.1374145
1.1374144
0.9897062
1.0202889
1.0502909
1.0779528
1.1013145
1.1185056
1.1291134
1.1344734
1.1366373
1.1373011
1.1374327
1.137434
1.1374224
1.1374168
1.1374152
1.1374148
1.1374148
1.1374148
1.1374148
1.1374148
1.1374148
1.1374148
1.1374148
1.1374148
1.1374148
1.1374148
1.1374148
1.1374148
1.1374148
1.1374148
1.1374148
1.1374148
1.1374148
1.1374148
1.1374147
1.1374146
1.1374146
1.1374145
1.1374145
1.1374144
0.98971276
1.0203021
1.050259
1.0777989
1.1010506
1.1182247
1.1288974
1.1343462
1.1365792
1.1372809
1.1374279
1.1374336
1.1374226
1.1374169
1.1374152
1.1374149
1.1374148
1.1374148
1.1374148
1.1374148
1.1374148
1.1374148
1.1374148
1.1374148
1.1374148
1.1374148
1.1374148
1.1374148
1.1374148
1.1374148
1.1374148
1.1374148
1.1374148
1.1374148
1.1374147
1.1374146
1.1374146
1.1374145
1.1374145
1.1374144
0.98971892
1.0203165
1.0502378
1.0776657
1.1008072
1.117957
1.128687
1.1342201
1.1365204
1.1372599
1.1374226
1.1374329
1.1374228
1.1374171
1.1374153
1.1374149
1.1374148
1.1374148
1.1374148
1.1374148
1.1374148
1.1374148
1.1374148
1.1374148
1.1374148
1.1374148
1.1374148
1.1374148
1.1374148
1.1374148
1.1374148
1.1374148
1.1374148
1.1374148
1.1374147
1.1374146
1.1374146
1.1374145
1.1374145
1.1374144
0.98972455
1.0203307
1.0502247
1.0775511
1.1005834
1.1177026
1.1284826
1.1340952
1.136461
1.1372382
1.1374169
1.1374322
1.137423
1.1374172
1.1374153
1.1374149
1.1374148
1.1374148
1.1374148
1.1374148
1.1374148
1.1374148
1.1374148
1.1374148
1.1374148
1.1374148
1.1374148
1.1374148
1.1374148
1.1374148
1.1374148
1.1374148
1.1374148
1.1374148
1.1374147
1.1374146
1.1374146
1.1374145
1.1374144
1.1374144
0.98972958
1.020344
1.0502173
1.0774527
1.1003782
1.1174612
1.1282843
1.1339718
1.1364012
1.1372158
1.1374108
1.1374312
1.1374231
1.1374174
1.1374154
1.1374149
1.1374148
1.1374148
1.1374148
1.1374148
1.1374148
1.1374148
1.1374148
1.1374148
1.1374148
1.1374148
1.1374148
1.1374148
1.1374148
1.1374148
1.1374148
1.1374148
1.1374148
1.1374148
1.1374147
1.1374146
1.1374146
1.1374145
1.1374144
1.1374144
0.98973405
1.0203556
1.0502132
1.0773681
1.1001904
1.1172326
1.1280921
1.13385
1.1363411
1.1371928
1.1374042
1.1374301
1.1374232
1.1374175
1.1374154
1.1374149
1.1374148
1.1374148
1.1374148
1.1374148
1.1374148
1.1374148
1.1374148
1.1374148
1.1374148
1.1374148
1.1374148
1.1374148
1.1374148
1.1374148
1.1374148
1.1374148
1.1374148
1.1374147
1.1374147
1.1374146
1.1374145
1.1374145
1.1374144
1.1374144
0.98973806
1.0203651
1.0502105
1.0772949
1.1000184
1.1170163
1.1279061
1.1337299
1.1362807
1.1371691
1.1373973
1.1374289
1.1374232
1.1374176
1.1374155
1.1374149
1.1374148
1.1374148
1.1374148
1.1374148
1.1374148
1.1374148
1.1374148
1.1374148
1.1374148
1.1374148
1.1374148
1.1374148
1.1374148
1.1374148
1.1374148
1.1374148
1.1374148
1.1374147
1.1374147
1.1374146
1.1374145
1.1374145
1.1374144
1.1374144
0.98974178
1.0203725
1.0502073
1.0772304
1.0998608
1.1168118
1.1277264
1.1336117
1.1362202
1.1371449
1.13739
1.1374274
1.1374232
1.1374177
1.1374155
1.1374149
1.1374148
1.1374148
1.1374148
1.1374148
1.1374148
1.1374148
1.1374148
1.1374148
1.1374148
1.1374148
1.1374148
1.1374148
1.1374148
1.1374148
1.1374148
1.1374148
1.1374148
1.1374147
1.1374147
1.1374146
1.1374145
1.1374145
1.1374144
1.1374144
0.98974543
1.0203781
1.0502025
1.0771724
1.0997158
1.1166185
1.1275527
1.1334954
1.1361596
1.1371201
1.1373823
1.1374258
1.1374231
1.1374178
1.1374156
1.1374149
1.1374148
1.1374148
1.1374148
1.1374148
1.1374148
1.1374148
1.1374148
1.1374148
1.1374148
1.1374148
1.1374148
1.1374148
1.1374148
1.1374148
1.1374148
1.1374148
1.1374148
1.1374147
1.1374147
1.1374146
1.1374145
1.1374145
1.1374144
1.1374144
0.98974924
1.0203822
1.0501952
1.0771187
1.0995817
1.1164355
1.127385
1.1333812
1.1360991
1.1370949
1.1373742
1.1374241
1.137423
1.1374179
1.1374156
1.137415
1.1374148
1.1374148
1.1374148
1.1374148
1.1374148
1.1374148
1.1374148
1.1374148
1.1374148
1.1374148
1.1374148
1.1374148
1.1374148
1.1374148
1.1374148
1.1374148
1.1374148
1.1374147
1.1374147
1.1374146
1.1374145
1.1374145
1.1374144
1.1374144
0.98975347
1.0203855
1.050185
1.0770674
1.0994568
1.1162621
1.1272231
1.133269
1.1360386
1.1370692
1.1373658
1.1374221
1.1374228
1.137418
1.1374157
1.137415
1.1374148
1.1374148
1.1374148
1.1374148
1.1374148
1.1374148
1.1374148
1.1374148
1.1374148
1.1374148
1.1374148
1.1374148
1.1374148
1.1374148
1.1374148
1.1374148
1.1374148
1.1374147
1.1374147
1.1374146
1.1374145
1.1374145
1.1374144
1.1374144
0.98975837
1.0203889
1.0501721
1.0770169
1.0993393
1.1160974
1.1270667
1.1331589
1.1359784
1.1370432
1.1373571
1.13742
1.1374225
1.1374181
1.1374158
1.137415
1.1374148
1.1374148
1.1374148
1.1374148
1.1374148
1.1374148
1.1374148
1.1374148
1.1374148
1.1374148
1.1374148
1.1374148
1.1374148
1.1374148
1.1374148
1.1374148
1.1374148
1.1374147
1.1374147
1.1374146
1.1374145
1.1374145
1.1374144
1.1374144
0.98976416
1.0203932
1.050157
1.0769663
1.0992278
1.1159404
1.1269156
1.133051
1.1359183
1.1370167
1.137348
1.1374177
1.1374222
1.1374181
1.1374158
1.137415
1.1374148
1.1374148
1.1374148
1.1374148
1.1374148
1.1374148
1.1374148
1.1374148
1.1374148
1.1374148
1.1374148
1.1374148
1.1374148
1.1374148
1.1374148
1.1374148
1.1374148
1.1374147
1.1374147
1.1374146
1.1374145
1.1374145
1.1374144
1.1374144
0.98977103
1.0203994
1.0501407
1.0769149
1.099121
1.1157905
1.1267695
1.1329451
1.1358586
1.13699
1.1373386
1.1374153
1.1374218
1.1374182
1.1374159
1.137415
1.1374148
1.1374148
1.1374148
1.1374148
1.1374148
1.1374148
1.1374148
1.1374148
1.1374148
1.1374148
1.1374148
1.1374148
1.1374148
1.1374148
1.1374148
1.1374148
1.1374148
1.1374147
1.1374147
1.1374146
1.1374145
1.1374144
1.1374144
1.1374144
0.98977908
1.0204081
1.0501243
1.0768624
1.0990176
1.1156466
1.126628
1.1328412
1.1357991
1.136963
1.1373288
1.1374126
1.1374214
1.1374182
1.1374159
1.1374151
1.1374148
1.1374148
1.1374148
1.1374148
1.1374148
1.1374148
1.1374148
1.1374148
1.1374148
1.1374148
1.1374148
1.1374148
1.1374148
1.1374148
1.1374148
1.1374148
1.1374148
1.1374147
1.1374147
1.1374146
1.1374145
1.1374144
1.1374144
1.1374144
0.98978844
1.0204204
1.0501093
1.0768094
1.0989172
1.1155086
1.1264913
1.1327398
1.1357403
1.1369358
1.1373189
1.1374099
1.1374209
1.1374182
1.1374159
1.1374151
1.1374148
1.1374148
1.1374148
1.1374148
1.1374148
1.1374148
1.1374148
1.1374148
1.1374148
1.1374148
1.1374148
1.1374148
1.1374148
1.1374148
1.1374148
1.1374148
1.1374148
1.1374147
1.1374146
1.1374146
1.1374145
1.1374144
1.1374144
1.1374144
0.98979877
1.0204363
1.0500968
1.0767554
1.098817
1.1153725
1.126356
1.132638
1.1356805
1.1369077
1.1373084
1.1374068
1.1374203
1.1374182
1.137416
1.1374151
1.1374148
1.1374148
1.1374148
1.1374148
1.1374148
1.1374148
1.1374148
1.1374148
1.1374148
1.1374148
1.1374148
1.1374148
1.1374148
1.1374148
1.1374148
1.1374148
1.1374148
1.1374147
1.1374146
1.1374146
1.1374145
1.1374144
1.1374144
1.1374143
0.98981097
1.0204568
1.0500891
1.0767074
1.0987293
1.1152552
1.1262394
1.1325501
1.1356284
1.136883
1.137299
1.1374041
1.1374198
1.1374182
1.137416
1.1374151
1.1374149
1.1374148
1.1374148
1.1374148
1.1374148
1.1374148
1.1374148
1.1374148
1.1374148
1.1374148
1.1374148
1.1374148
1.1374148
1.1374148
1.1374148
1.1374148
1.1374148
1.1374147
1.1374146
1.1374146
1.1374145
1.1374144
1.1374144
1.1374143
0.98982193
1.0204876
1.050086
1.0766327
1.0985855
1.1150634
1.1260473
1.1324024
1.1355391
1.1368396
1.1372821
1.1373989
1.1374187
1.1374181
1.1374161
1.1374151
1.1374149
1.1374148
1.1374148
1.1374148
1.1374148
1.1374148
1.1374148
1.1374148
1.1374148
1.1374148
1.1374148
1.1374148
1.1374148
1.1374148
1.1374148
1.1374148
1.1374147
1.1374147
1.1374146
1.1374146
1.1374145
1.1374144
1.1374144
1.1374143
)
;

boundaryField
{
    wall
    {
        type            calculated;
        value           nonuniform List<scalar> 
100
(
0.97492806
0.97492778
0.97492757
0.97492746
0.97492739
0.97492732
0.97492727
0.97492722
0.97492719
0.97492717
0.97492716
0.97492715
0.97492714
0.97492713
0.97492713
0.97492713
0.97492712
0.97492712
0.97492712
0.97492711
0.97492711
0.9749271
0.9749271
0.97492709
0.97492709
0.97492709
0.97492708
0.97492708
0.97492707
0.97492707
0.97492706
0.97492706
0.97492705
0.97492705
0.97492705
0.97492704
0.97492704
0.97492703
0.97492703
0.97492703
0.97492702
0.97492702
0.97492701
0.97492701
0.97492701
0.974927
0.974927
0.97492699
0.97492699
0.97492699
0.97492698
0.97492698
0.97492697
0.97492697
0.97492697
0.97492696
0.97492696
0.97492696
0.97492695
0.97492695
0.97492695
0.97492694
0.97492694
0.97492694
0.97492693
0.97492693
0.97492693
0.97492692
0.97492692
0.97492692
0.97492691
0.97492691
0.97492691
0.9749269
0.9749269
0.9749269
0.9749269
0.97492689
0.97492689
0.97492689
0.97492688
0.97492688
0.97492688
0.97492688
0.97492687
0.97492687
0.97492687
0.97492687
0.97492686
0.97492686
0.97492686
0.97492686
0.97492685
0.97492685
0.97492685
0.97492685
0.97492684
0.97492684
0.97492684
0.97492684
)
;
    }
    sides
    {
        type            calculated;
        value           nonuniform List<scalar> 
100
(
1.1374158
1.1374156
1.1374153
1.1374152
1.1374151
1.1374151
1.137415
1.1374149
1.1374149
1.1374149
1.1374149
1.1374149
1.1374149
1.1374149
1.1374149
1.1374149
1.1374148
1.1374148
1.1374148
1.1374148
1.1374148
1.1374148
1.1374148
1.1374148
1.1374148
1.1374148
1.1374148
1.1374148
1.1374148
1.1374148
1.1374148
1.1374148
1.1374148
1.1374148
1.1374148
1.1374148
1.1374147
1.1374147
1.1374147
1.1374147
1.1374147
1.1374147
1.1374147
1.1374147
1.1374147
1.1374147
1.1374147
1.1374147
1.1374147
1.1374147
1.1374147
1.1374146
1.1374146
1.1374146
1.1374146
1.1374146
1.1374146
1.1374146
1.1374146
1.1374146
1.1374146
1.1374146
1.1374146
1.1374146
1.1374145
1.1374145
1.1374145
1.1374145
1.1374145
1.1374145
1.1374145
1.1374145
1.1374145
1.1374145
1.1374145
1.1374145
1.1374145
1.1374145
1.1374144
1.1374144
1.1374144
1.1374144
1.1374144
1.1374144
1.1374144
1.1374144
1.1374144
1.1374144
1.1374144
1.1374144
1.1374144
1.1374144
1.1374144
1.1374144
1.1374144
1.1374144
1.1374144
1.1374143
1.1374143
1.1374143
)
;
    }
    frontAndBack
    {
        type            empty;
    }
    inlet
    {
        type            calculated;
        value           nonuniform List<scalar> 
40
(
1.1374161
1.1374156
1.1374155
1.1374154
1.1374154
1.1374153
1.1374153
1.1374152
1.1374152
1.1374152
1.1374152
1.1374152
1.1374152
1.1374152
1.1374151
1.1374151
1.1374151
1.1374151
1.1374151
1.1374151
1.1374151
1.1374151
1.1374151
1.1374151
1.1374151
1.1374151
1.1374151
1.1374152
1.1374152
1.1374152
1.1374152
1.1374152
1.1374152
1.1374152
1.1374153
1.1374153
1.1374154
1.1374154
1.1374155
1.1374159
)
;
    }
    outlet
    {
        type            calculated;
        value           nonuniform List<scalar> 
40
(
0.98982193
1.0204876
1.050086
1.0766327
1.0985855
1.1150634
1.1260473
1.1324024
1.1355391
1.1368396
1.1372821
1.1373989
1.1374187
1.1374181
1.1374161
1.1374151
1.1374149
1.1374148
1.1374148
1.1374148
1.1374148
1.1374148
1.1374148
1.1374148
1.1374148
1.1374148
1.1374148
1.1374148
1.1374148
1.1374148
1.1374148
1.1374148
1.1374147
1.1374147
1.1374146
1.1374146
1.1374145
1.1374144
1.1374144
1.1374143
)
;
    }
}


// ************************************************************************* //
