/*--------------------------------*- C++ -*----------------------------------*\
  =========                 |
  \\      /  F ield         | OpenFOAM: The Open Source CFD Toolbox
   \\    /   O peration     | Website:  https://openfoam.org
    \\  /    A nd           | Version:  10
     \\/     M anipulation  |
\*---------------------------------------------------------------------------*/
FoamFile
{
    format      ascii;
    class       volScalarField;
    location    "0.25";
    object      T_0;
}
// * * * * * * * * * * * * * * * * * * * * * * * * * * * * * * * * * * * * * //

dimensions      [0 0 0 1 0 0 0];

internalField   nonuniform List<scalar> 
4000
(
303.10136
299.3429
299.99042
300.00082
299.99993
300
300
300
300
300
300
300
300
300
300
300
300
300
300
300
300
300
300
300
300
300
300
300
300
300
300
300
300
300
300
300
300
300
300
300.00001
309.66349
298.49295
299.7792
300.00184
300.0008
299.99999
300
300
300
300
300
300
300
300
300
300
300
300
300
300
300
300
300
300
300
300
300
300
300
300
300
300
300
300
300
300
300
300
299.99999
300.00002
316.00434
298.68456
299.39218
299.97569
300.00406
300.00025
299.99999
300
300
300
300
300
300
300
300
300
300
300
300
300
300
300
300
300
300
300
300
300
300
300
300
300
300
300
300
300
300
299.99999
299.99999
300.00002
321.74244
299.84594
298.98476
299.8949
300.00716
300.00138
300
299.99999
300
300
300
300
300
300
300
300
300
300
300
300
300
300
300
300
300
300
300
300
300
300
300
300
300
300
300
300
299.99999
299.99999
299.99999
300.00003
326.67134
301.70059
298.70994
299.7531
300.00322
300.00379
300.00017
299.99998
300
300
300
300
300
300
300
300
300
300
300
300
300
300
300
300
300
300
300
300
300
300
300
300
300
300
300
299.99999
299.99999
299.99998
299.99999
300.00004
330.68538
303.94823
298.66322
299.56825
299.98426
300.00696
300.00071
299.99996
299.99999
300
300
300
300
300
300
300
300
300
300
300
300
300
300
300
300
300
300
300
300
300
300
300
300
299.99999
299.99999
299.99999
299.99999
299.99998
300
300.00004
333.7748
306.33113
298.87087
299.37362
299.94515
300.00937
300.0018
300
299.99998
300
300
300
300
300
300
300
300
300
300
300
300
300
300
300
300
300
300
300
300
300
300
300
299.99999
299.99999
299.99999
299.99999
299.99998
299.99998
300
300.00004
336.02238
308.66477
299.3078
299.20372
299.88575
300.00889
300.00345
300.00014
299.99996
299.99999
300
300
300
300
300
300
300
300
300
300
300
300
300
300
300
300
300
300
300
300
300
299.99999
299.99999
299.99999
299.99999
299.99999
299.99998
299.99998
300.00001
300.00004
337.57464
310.83831
299.9243
299.08451
299.81044
300.00351
300.00541
300.00045
299.99995
299.99999
299.99999
300
300
300
300
300
300
300
300
300
300
300
300
300
300
300
300
300
300
300
299.99999
299.99999
299.99999
299.99999
299.99999
299.99998
299.99998
299.99998
300.00001
300.00004
338.60296
312.79901
300.6658
299.03045
299.72625
299.9919
300.00724
300.00099
299.99996
299.99998
299.99999
299.99999
300
300
300
300
300
300
300
300
300
300
300
300
300
300
300
300
300
299.99999
299.99999
299.99999
299.99999
299.99999
299.99999
299.99998
299.99998
299.99998
300.00002
300.00004
339.27004
314.53397
301.4837
299.04595
299.64093
299.97366
300.0084
300.00175
300
299.99996
299.99999
299.99999
299.99999
300
300
300
300
300
300
300
300
300
300
300
300
300
300
300
299.99999
299.99999
299.99999
299.99999
299.99999
299.99999
299.99998
299.99998
299.99998
299.99999
300.00002
300.00004
339.7092
316.05447
302.33962
299.12837
299.56149
299.94923
300.00833
300.00267
300.00011
299.99995
299.99999
299.99999
299.99999
299.99999
300
300
300
300
300
300
300
300
300
300
300
300
300
299.99999
299.99999
299.99999
299.99999
299.99999
299.99999
299.99999
299.99998
299.99998
299.99998
299.99999
300.00002
300.00004
340.01706
317.38395
303.20593
299.27099
299.49352
299.91969
300.00661
300.00367
300.00029
299.99995
299.99998
299.99999
299.99999
299.99999
299.99999
300
300
300
300
300
300
300
300
300
300
300
299.99999
299.99999
299.99999
299.99999
299.99999
299.99999
299.99999
299.99999
299.99998
299.99998
299.99998
299.99999
300.00003
300.00004
340.25629
318.54991
304.06423
299.46544
299.44099
299.8865
300.00292
300.0046
300.00055
299.99995
299.99998
299.99999
299.99999
299.99999
299.99999
299.99999
299.99999
300
300
300
300
300
300
300
299.99999
299.99999
299.99999
299.99999
299.99999
299.99999
299.99999
299.99999
299.99999
299.99998
299.99998
299.99998
299.99998
300
300.00003
300.00004
340.46334
319.57921
304.90318
299.70316
299.40635
299.85128
299.99713
300.00534
300.00089
299.99997
299.99997
299.99999
299.99999
299.99999
299.99999
299.99999
299.99999
299.99999
299.99999
299.99999
299.99999
299.99999
299.99999
299.99999
299.99999
299.99999
299.99999
299.99999
299.99999
299.99999
299.99999
299.99999
299.99999
299.99998
299.99998
299.99997
299.99998
300
300.00003
300.00003
340.65695
320.49568
305.71641
299.97624
299.39086
299.8156
299.98926
300.00573
300.00129
300.00001
299.99996
299.99999
299.99999
299.99999
299.99999
299.99999
299.99999
299.99999
299.99999
299.99999
299.99999
299.99999
299.99999
299.99999
299.99999
299.99999
299.99999
299.99999
299.99999
299.99999
299.99999
299.99999
299.99999
299.99998
299.99998
299.99997
299.99998
300
300.00003
300.00003
340.84519
321.31937
306.50084
300.27773
299.39487
299.78093
299.97944
300.00567
300.00172
300.00008
299.99996
299.99998
299.99999
299.99999
299.99999
299.99999
299.99999
299.99999
299.99999
299.99999
299.99999
299.99999
299.99999
299.99999
299.99999
299.99999
299.99999
299.99999
299.99999
299.99999
299.99999
299.99999
299.99998
299.99998
299.99998
299.99997
299.99998
300
300.00003
300.00003
341.03035
322.0665
307.25544
300.60176
299.41812
299.74857
299.96789
300.00503
300.00216
300.00018
299.99996
299.99998
299.99999
299.99999
299.99999
299.99999
299.99999
299.99999
299.99999
299.99999
299.99999
299.99999
299.99999
299.99999
299.99999
299.99999
299.99999
299.99999
299.99999
299.99999
299.99999
299.99999
299.99998
299.99998
299.99998
299.99997
299.99998
300.00001
300.00003
300.00003
341.21211
322.74991
307.98038
300.9434
299.45993
299.7196
299.95492
300.00376
300.00257
300.0003
299.99996
299.99998
299.99999
299.99999
299.99999
299.99999
299.99999
299.99999
299.99999
299.99999
299.99999
299.99999
299.99999
299.99999
299.99999
299.99999
299.99999
299.99999
299.99999
299.99999
299.99999
299.99999
299.99998
299.99998
299.99998
299.99997
299.99998
300.00001
300.00003
300.00003
341.38923
323.37961
308.67645
301.29858
299.51937
299.69492
299.94087
300.0018
300.00291
300.00044
299.99997
299.99998
299.99999
299.99999
299.99999
299.99999
299.99999
299.99999
299.99999
299.99999
299.99999
299.99999
299.99999
299.99999
299.99999
299.99999
299.99999
299.99999
299.99999
299.99999
299.99999
299.99998
299.99998
299.99998
299.99998
299.99997
299.99999
300.00001
300.00003
300.00003
341.56041
323.96335
309.34476
301.66393
299.59535
299.67526
299.92609
299.99913
300.00314
300.00061
299.99999
299.99997
299.99999
299.99999
299.99999
299.99999
299.99999
299.99999
299.99999
299.99999
299.99999
299.99999
299.99999
299.99999
299.99999
299.99999
299.99999
299.99999
299.99999
299.99999
299.99999
299.99998
299.99998
299.99998
299.99997
299.99998
299.99999
300.00001
300.00003
300.00003
341.72469
324.50722
309.98651
302.03666
299.68671
299.66118
299.91096
299.99576
300.00324
300.00079
300.00002
299.99997
299.99998
299.99999
299.99999
299.99999
299.99999
299.99999
299.99999
299.99999
299.99999
299.99999
299.99999
299.99999
299.99999
299.99999
299.99999
299.99999
299.99999
299.99999
299.99999
299.99998
299.99998
299.99998
299.99997
299.99998
299.99999
300.00002
300.00004
300.00003
341.88148
325.01597
310.60293
302.41444
299.79229
299.65309
299.89583
299.99172
300.00316
300.00097
300.00006
299.99997
299.99998
299.99999
299.99999
299.99999
299.99999
299.99999
299.99999
299.99999
299.99999
299.99999
299.99999
299.99999
299.99999
299.99999
299.99999
299.99999
299.99999
299.99999
299.99998
299.99998
299.99998
299.99998
299.99997
299.99998
299.99999
300.00002
300.00004
300.00003
342.03057
325.49344
311.19521
302.79533
299.91092
299.65128
299.88108
299.98706
300.00288
300.00115
300.0001
299.99997
299.99998
299.99999
299.99999
299.99999
299.99999
299.99999
299.99999
299.99999
299.99999
299.99999
299.99999
299.99999
299.99999
299.99999
299.99999
299.99999
299.99999
299.99999
299.99998
299.99998
299.99998
299.99998
299.99997
299.99998
299.99999
300.00002
300.00004
300.00003
342.172
325.94276
311.76447
303.17771
300.04146
299.65595
299.86701
299.98184
300.00238
300.00131
300.00016
299.99998
299.99998
299.99999
299.99999
299.99999
299.99999
299.99999
299.99999
299.99999
299.99999
299.99999
299.99999
299.99999
299.99999
299.99999
299.99999
299.99999
299.99999
299.99998
299.99998
299.99998
299.99998
299.99998
299.99997
299.99998
300
300.00002
300.00004
300.00004
342.30604
326.36659
312.31179
303.5602
300.18282
299.66719
299.85396
299.97615
300.00164
300.00145
300.00022
299.99998
299.99998
299.99999
299.99999
299.99999
299.99999
299.99999
299.99999
299.99999
299.99999
299.99999
299.99999
299.99999
299.99999
299.99999
299.99999
299.99999
299.99999
299.99998
299.99998
299.99998
299.99998
299.99998
299.99997
299.99998
300
300.00002
300.00004
300.00004
342.43306
326.76717
312.8382
303.94165
300.33396
299.68503
299.84219
299.97006
300.00065
300.00155
300.00029
299.99999
299.99998
299.99998
299.99999
299.99999
299.99999
299.99999
299.99999
299.99999
299.99999
299.99999
299.99999
299.99999
299.99999
299.99999
299.99999
299.99999
299.99998
299.99998
299.99998
299.99998
299.99998
299.99997
299.99997
299.99998
300
300.00002
300.00004
300.00004
342.55349
327.14648
313.34467
304.32111
300.49389
299.70942
299.83197
299.96369
299.9994
300.0016
300.00036
300
299.99998
299.99998
299.99999
299.99999
299.99999
299.99999
299.99999
299.99999
299.99999
299.99999
299.99999
299.99999
299.99999
299.99999
299.99999
299.99999
299.99998
299.99998
299.99998
299.99998
299.99998
299.99997
299.99997
299.99998
300
300.00002
300.00004
300.00004
342.66779
327.50627
313.83214
304.69777
300.6617
299.74027
299.82353
299.95712
299.99791
300.00159
300.00043
300.00002
299.99998
299.99998
299.99999
299.99999
299.99999
299.99999
299.99999
299.99999
299.99999
299.99999
299.99999
299.99999
299.99999
299.99999
299.99999
299.99998
299.99998
299.99998
299.99998
299.99998
299.99998
299.99997
299.99997
299.99998
300
300.00003
300.00004
300.00004
342.77642
327.8481
314.30151
305.07095
300.83652
299.77744
299.81706
299.95047
299.99617
300.00152
300.0005
300.00004
299.99998
299.99998
299.99998
299.99999
299.99999
299.99999
299.99999
299.99999
299.99999
299.99999
299.99999
299.99999
299.99999
299.99999
299.99999
299.99998
299.99998
299.99998
299.99998
299.99998
299.99998
299.99997
299.99997
299.99998
300
300.00003
300.00004
300.00004
342.8798
328.17336
314.75363
305.44011
301.01755
299.82077
299.81275
299.94385
299.9942
300.00137
300.00057
300.00006
299.99998
299.99998
299.99998
299.99999
299.99999
299.99999
299.99999
299.99999
299.99999
299.99999
299.99999
299.99999
299.99999
299.99999
299.99998
299.99998
299.99998
299.99998
299.99998
299.99998
299.99998
299.99997
299.99997
299.99998
300.00001
300.00003
300.00004
300.00004
342.97832
328.48332
315.18933
305.80478
301.20403
299.87007
299.81075
299.93736
299.99201
300.00113
300.00063
300.00008
299.99998
299.99998
299.99998
299.99998
299.99999
299.99999
299.99999
299.99999
299.99999
299.99999
299.99999
299.99999
299.99999
299.99998
299.99998
299.99998
299.99998
299.99998
299.99998
299.99998
299.99998
299.99997
299.99997
299.99999
300.00001
300.00003
300.00004
300.00004
343.07236
328.77912
315.60939
306.16459
301.39527
299.92511
299.81117
299.93111
299.98962
300.00081
300.00067
300.00011
299.99998
299.99998
299.99998
299.99998
299.99998
299.99999
299.99999
299.99999
299.99999
299.99999
299.99999
299.99999
299.99998
299.99998
299.99998
299.99998
299.99998
299.99998
299.99998
299.99998
299.99997
299.99997
299.99997
299.99999
300.00001
300.00003
300.00004
300.00004
343.16225
329.06177
316.01457
306.51924
301.59063
299.98566
299.81411
299.92519
299.98706
300.0004
300.00071
300.00013
299.99999
299.99998
299.99998
299.99998
299.99998
299.99998
299.99998
299.99999
299.99999
299.99999
299.99999
299.99998
299.99998
299.99998
299.99998
299.99998
299.99998
299.99998
299.99998
299.99998
299.99997
299.99997
299.99997
299.99999
300.00001
300.00003
300.00004
300.00004
343.24827
329.33222
316.40557
306.86851
301.78952
300.05149
299.81967
299.91972
299.98435
299.99989
300.00072
300.00016
299.99999
299.99998
299.99998
299.99998
299.99998
299.99998
299.99998
299.99998
299.99998
299.99998
299.99998
299.99998
299.99998
299.99998
299.99998
299.99998
299.99998
299.99998
299.99998
299.99998
299.99997
299.99997
299.99998
299.99999
300.00001
300.00003
300.00004
300.00004
343.33069
329.59129
316.78308
307.21219
301.99139
300.12234
299.8279
299.91478
299.98154
299.99929
300.00071
300.00019
300
299.99998
299.99998
299.99998
299.99998
299.99998
299.99998
299.99998
299.99998
299.99998
299.99998
299.99998
299.99998
299.99998
299.99998
299.99998
299.99998
299.99998
299.99998
299.99998
299.99997
299.99997
299.99998
299.99999
300.00001
300.00003
300.00004
300.00004
343.40976
329.83973
317.14773
307.55016
302.19575
300.19797
299.83884
299.91047
299.97864
299.99859
300.00068
300.00022
300.00001
299.99998
299.99998
299.99998
299.99998
299.99998
299.99998
299.99998
299.99998
299.99998
299.99998
299.99998
299.99998
299.99998
299.99998
299.99998
299.99998
299.99998
299.99998
299.99998
299.99997
299.99997
299.99998
299.99999
300.00001
300.00003
300.00004
300.00004
343.48566
330.07822
317.50013
307.88231
302.40212
300.27811
299.85252
299.90686
299.97569
299.9978
300.00062
300.00024
300.00002
299.99998
299.99998
299.99998
299.99998
299.99998
299.99998
299.99998
299.99998
299.99998
299.99998
299.99998
299.99998
299.99998
299.99998
299.99998
299.99998
299.99998
299.99998
299.99998
299.99997
299.99997
299.99998
299.99999
300.00001
300.00003
300.00004
300.00004
343.55861
330.30738
317.84083
308.20857
302.61008
300.36251
299.86895
299.90405
299.97273
299.99692
300.00053
300.00026
300.00003
299.99998
299.99998
299.99998
299.99998
299.99998
299.99998
299.99998
299.99998
299.99998
299.99998
299.99998
299.99998
299.99998
299.99998
299.99998
299.99998
299.99998
299.99998
299.99997
299.99997
299.99997
299.99998
299.99999
300.00001
300.00003
300.00004
300.00004
343.62875
330.52775
318.17036
308.5289
302.81925
300.45093
299.88812
299.90209
299.9698
299.99596
300.0004
300.00028
300.00004
299.99998
299.99998
299.99998
299.99998
299.99998
299.99998
299.99998
299.99998
299.99998
299.99998
299.99998
299.99998
299.99998
299.99998
299.99998
299.99998
299.99998
299.99998
299.99997
299.99997
299.99997
299.99998
299.99999
300.00001
300.00003
300.00004
300.00004
343.69624
330.73982
318.48923
308.84326
303.02926
300.5431
299.91003
299.90106
299.96693
299.99491
300.00024
300.00029
300.00005
299.99998
299.99998
299.99998
299.99998
299.99998
299.99998
299.99998
299.99998
299.99998
299.99998
299.99998
299.99998
299.99998
299.99998
299.99998
299.99998
299.99998
299.99998
299.99997
299.99997
299.99997
299.99998
299.99999
300.00002
300.00003
300.00004
300.00004
343.76121
330.94403
318.79789
309.15166
303.23978
300.63879
299.93464
299.90102
299.96416
299.9938
300.00005
300.00029
300.00006
299.99999
299.99998
299.99998
299.99998
299.99998
299.99998
299.99998
299.99998
299.99998
299.99998
299.99998
299.99998
299.99998
299.99998
299.99998
299.99998
299.99998
299.99998
299.99997
299.99997
299.99997
299.99998
300
300.00002
300.00003
300.00004
300.00004
343.82378
331.1408
319.09676
309.45411
303.4505
300.73775
299.96193
299.90203
299.96153
299.99262
299.99982
300.00029
300.00007
299.99999
299.99998
299.99998
299.99998
299.99998
299.99998
299.99998
299.99998
299.99998
299.99998
299.99998
299.99998
299.99998
299.99998
299.99998
299.99998
299.99998
299.99998
299.99997
299.99997
299.99997
299.99998
300
300.00002
300.00003
300.00004
300.00004
343.88404
331.33047
319.38624
309.75061
303.66114
300.83976
299.99184
299.90412
299.95907
299.99139
299.99955
300.00028
300.00008
299.99999
299.99998
299.99998
299.99998
299.99998
299.99998
299.99998
299.99998
299.99998
299.99998
299.99998
299.99998
299.99998
299.99998
299.99998
299.99998
299.99998
299.99997
299.99997
299.99997
299.99997
299.99998
300
300.00002
300.00003
300.00004
300.00004
343.9421
331.51337
319.6667
310.0412
303.87144
300.94457
300.02433
299.90735
299.95683
299.99013
299.99925
300.00026
300.00008
299.99999
299.99998
299.99998
299.99998
299.99998
299.99998
299.99998
299.99998
299.99998
299.99998
299.99998
299.99998
299.99998
299.99998
299.99998
299.99998
299.99998
299.99997
299.99997
299.99997
299.99997
299.99998
300
300.00002
300.00003
300.00004
300.00004
343.99804
331.68978
319.93847
310.32591
304.08116
301.05197
300.05934
299.91174
299.95483
299.98883
299.99891
300.00022
300.00009
300
299.99998
299.99998
299.99998
299.99998
299.99998
299.99998
299.99998
299.99998
299.99998
299.99998
299.99998
299.99998
299.99998
299.99998
299.99998
299.99998
299.99997
299.99997
299.99997
299.99997
299.99998
300
300.00002
300.00003
300.00004
300.00004
344.05191
331.85997
320.20186
310.60477
304.29007
301.16173
300.0968
299.91734
299.95312
299.98751
299.99853
300.00018
300.0001
300
299.99998
299.99998
299.99998
299.99998
299.99998
299.99998
299.99998
299.99998
299.99998
299.99998
299.99998
299.99998
299.99998
299.99998
299.99998
299.99998
299.99997
299.99997
299.99997
299.99997
299.99998
300
300.00002
300.00003
300.00004
300.00004
344.10379
332.02415
320.45715
310.87781
304.49796
301.27365
300.13664
299.92417
299.95173
299.9862
299.99812
300.00012
300.0001
300
299.99998
299.99998
299.99998
299.99998
299.99998
299.99998
299.99998
299.99998
299.99998
299.99998
299.99998
299.99998
299.99998
299.99998
299.99998
299.99997
299.99997
299.99997
299.99997
299.99997
299.99998
300
300.00002
300.00003
300.00004
300.00004
344.15371
332.18253
320.7046
311.14509
304.70464
301.38752
300.17878
299.93224
299.95068
299.98489
299.99767
300.00005
300.0001
300.00001
299.99998
299.99998
299.99998
299.99998
299.99998
299.99998
299.99998
299.99998
299.99998
299.99998
299.99998
299.99998
299.99998
299.99998
299.99998
299.99997
299.99997
299.99997
299.99997
299.99997
299.99998
300
300.00002
300.00003
300.00004
300.00004
344.20173
332.33528
320.94444
311.40662
304.90992
301.50313
300.22316
299.94157
299.95001
299.98361
299.9972
299.99996
300.0001
300.00001
299.99998
299.99998
299.99998
299.99998
299.99998
299.99998
299.99998
299.99998
299.99998
299.99998
299.99998
299.99998
299.99998
299.99998
299.99998
299.99997
299.99997
299.99997
299.99997
299.99997
299.99998
300
300.00002
300.00003
300.00004
300.00004
344.24788
332.48254
321.17686
311.66245
305.11363
301.62029
300.26967
299.95218
299.94976
299.98236
299.9967
299.99987
300.0001
300.00001
299.99998
299.99998
299.99998
299.99998
299.99998
299.99998
299.99998
299.99998
299.99998
299.99998
299.99998
299.99998
299.99998
299.99998
299.99998
299.99997
299.99997
299.99997
299.99997
299.99997
299.99998
300
300.00002
300.00003
300.00004
300.00004
344.29217
332.62445
321.40206
311.91259
305.31561
301.73881
300.31824
299.96406
299.94993
299.98117
299.99617
299.99975
300.00009
300.00002
299.99998
299.99998
299.99998
299.99998
299.99998
299.99998
299.99998
299.99998
299.99998
299.99998
299.99998
299.99998
299.99998
299.99998
299.99997
299.99997
299.99997
299.99997
299.99997
299.99997
299.99998
300
300.00002
300.00003
300.00004
300.00004
344.33462
332.7611
321.62018
312.15709
305.51569
301.8585
300.36878
299.97721
299.95057
299.98005
299.99563
299.99962
300.00008
300.00002
299.99998
299.99998
299.99998
299.99998
299.99998
299.99998
299.99998
299.99998
299.99998
299.99998
299.99998
299.99998
299.99998
299.99998
299.99997
299.99997
299.99997
299.99997
299.99997
299.99997
299.99999
300
300.00002
300.00003
300.00004
300.00004
344.37525
332.89257
321.83137
312.39595
305.71373
301.97918
300.42118
299.99164
299.9517
299.97902
299.99507
299.99948
300.00006
300.00002
299.99999
299.99998
299.99998
299.99998
299.99998
299.99998
299.99998
299.99998
299.99998
299.99998
299.99998
299.99998
299.99998
299.99998
299.99997
299.99997
299.99997
299.99997
299.99997
299.99997
299.99999
300
300.00002
300.00003
300.00004
300.00004
344.41404
333.01892
322.03573
312.62918
305.90959
302.10066
300.47537
300.00734
299.95333
299.97808
299.9945
299.99932
300.00004
300.00002
299.99999
299.99998
299.99998
299.99998
299.99998
299.99998
299.99998
299.99998
299.99998
299.99998
299.99998
299.99998
299.99998
299.99998
299.99997
299.99997
299.99997
299.99997
299.99997
299.99997
299.99999
300
300.00002
300.00003
300.00004
300.00005
344.45098
333.14017
322.23336
312.85679
306.10312
302.22278
300.53123
300.02428
299.95549
299.97725
299.99392
299.99915
300.00002
300.00002
299.99999
299.99998
299.99998
299.99998
299.99998
299.99998
299.99998
299.99998
299.99998
299.99998
299.99998
299.99998
299.99998
299.99997
299.99997
299.99997
299.99997
299.99997
299.99997
299.99997
299.99999
300.00001
300.00002
300.00003
300.00004
300.00005
344.48608
333.25634
322.4243
313.07877
306.29418
302.34535
300.58867
300.04246
299.95819
299.97656
299.99334
299.99896
299.99999
300.00002
299.99999
299.99998
299.99998
299.99998
299.99998
299.99998
299.99998
299.99998
299.99998
299.99998
299.99998
299.99998
299.99998
299.99997
299.99997
299.99997
299.99997
299.99997
299.99997
299.99997
299.99999
300.00001
300.00002
300.00003
300.00004
300.00005
344.51929
333.36742
322.60861
313.2951
306.48264
302.46821
300.64758
300.06185
299.96145
299.97601
299.99276
299.99877
299.99995
300.00002
299.99999
299.99998
299.99998
299.99998
299.99998
299.99998
299.99998
299.99998
299.99998
299.99998
299.99998
299.99998
299.99997
299.99997
299.99997
299.99997
299.99997
299.99997
299.99997
299.99997
299.99999
300.00001
300.00002
300.00004
300.00004
300.00005
344.5506
333.47336
322.7863
313.50576
306.66836
302.5912
300.70787
300.08243
299.96527
299.97561
299.9922
299.99856
299.99991
300.00002
299.99999
299.99998
299.99998
299.99998
299.99998
299.99998
299.99998
299.99998
299.99998
299.99998
299.99998
299.99998
299.99997
299.99997
299.99997
299.99997
299.99997
299.99997
299.99997
299.99998
299.99999
300.00001
300.00002
300.00004
300.00004
300.00005
344.57997
333.57413
322.95735
313.71071
306.85121
302.71413
300.76941
300.10417
299.96969
299.97538
299.99165
299.99834
299.99986
300.00001
299.99999
299.99998
299.99998
299.99998
299.99998
299.99998
299.99998
299.99998
299.99998
299.99998
299.99998
299.99997
299.99997
299.99997
299.99997
299.99997
299.99997
299.99997
299.99997
299.99998
299.99999
300.00001
300.00002
300.00004
300.00004
300.00005
344.60737
333.66965
323.12175
313.90989
307.03105
302.83686
300.83212
300.12703
299.97469
299.97534
299.99112
299.99811
299.99981
300.00001
299.99999
299.99998
299.99998
299.99998
299.99998
299.99998
299.99998
299.99998
299.99998
299.99998
299.99998
299.99997
299.99997
299.99997
299.99997
299.99997
299.99997
299.99997
299.99997
299.99998
299.99999
300.00001
300.00003
300.00004
300.00004
300.00005
344.63277
333.75983
323.27943
314.10324
307.20775
302.95921
300.89586
300.15099
299.98028
299.97549
299.99062
299.99788
299.99975
300
299.99999
299.99998
299.99998
299.99998
299.99998
299.99998
299.99998
299.99998
299.99998
299.99998
299.99997
299.99997
299.99997
299.99997
299.99997
299.99997
299.99997
299.99997
299.99997
299.99998
299.99999
300.00001
300.00003
300.00004
300.00005
300.00005
344.65614
333.84458
323.4303
314.29068
307.38117
303.08103
300.96054
300.176
299.98647
299.97585
299.99015
299.99763
299.99968
299.99999
299.99999
299.99998
299.99998
299.99997
299.99998
299.99998
299.99998
299.99998
299.99998
299.99997
299.99997
299.99997
299.99997
299.99997
299.99997
299.99997
299.99997
299.99997
299.99997
299.99998
299.99999
300.00001
300.00003
300.00004
300.00005
300.00005
344.67745
333.9238
323.57428
314.4721
307.55115
303.20214
301.02603
300.20202
299.99327
299.97642
299.98973
299.99739
299.99961
299.99998
299.99999
299.99998
299.99997
299.99997
299.99997
299.99998
299.99998
299.99998
299.99997
299.99997
299.99997
299.99997
299.99997
299.99997
299.99997
299.99997
299.99997
299.99997
299.99997
299.99998
299.99999
300.00001
300.00003
300.00004
300.00005
300.00006
344.69669
333.99737
323.71123
314.6474
307.71756
303.32238
301.09223
300.229
300.00066
299.97722
299.98935
299.99714
299.99954
299.99997
299.99999
299.99998
299.99997
299.99997
299.99997
299.99997
299.99997
299.99997
299.99997
299.99997
299.99997
299.99997
299.99997
299.99997
299.99997
299.99997
299.99997
299.99997
299.99997
299.99998
299.99999
300.00001
300.00003
300.00004
300.00005
300.00006
344.71386
334.06521
323.84102
314.81646
307.88022
303.4416
301.15901
300.2569
300.00865
299.97826
299.98902
299.99689
299.99946
299.99995
299.99999
299.99998
299.99997
299.99997
299.99997
299.99997
299.99997
299.99997
299.99997
299.99997
299.99997
299.99997
299.99997
299.99997
299.99997
299.99997
299.99997
299.99997
299.99997
299.99998
299.99999
300.00001
300.00003
300.00004
300.00005
300.00006
344.72897
334.12723
323.9635
314.97911
308.039
303.55962
301.22625
300.28566
300.01722
299.97954
299.98875
299.99665
299.99937
299.99993
299.99999
299.99998
299.99997
299.99997
299.99997
299.99997
299.99997
299.99997
299.99997
299.99997
299.99997
299.99997
299.99997
299.99997
299.99997
299.99997
299.99997
299.99997
299.99997
299.99998
299.99999
300.00001
300.00003
300.00004
300.00005
300.00006
344.74204
334.18337
324.07851
315.13522
308.19371
303.67627
301.29384
300.31524
300.02637
299.98107
299.98855
299.99641
299.99928
299.99991
299.99999
299.99998
299.99997
299.99997
299.99997
299.99997
299.99997
299.99997
299.99997
299.99997
299.99997
299.99997
299.99997
299.99997
299.99997
299.99997
299.99997
299.99997
299.99997
299.99998
299.99999
300.00001
300.00003
300.00004
300.00005
300.00006
344.75313
334.23361
324.1859
315.2846
308.34418
303.79139
301.36164
300.34556
300.0361
299.98286
299.98842
299.99617
299.99919
299.99989
299.99998
299.99998
299.99997
299.99997
299.99997
299.99997
299.99997
299.99997
299.99997
299.99997
299.99997
299.99997
299.99997
299.99997
299.99997
299.99997
299.99997
299.99997
299.99997
299.99998
299.99999
300.00001
300.00003
300.00004
300.00005
300.00006
344.7623
334.27797
324.28551
315.42707
308.49024
303.90481
301.42954
300.37657
300.04637
299.98491
299.98837
299.99595
299.99909
299.99987
299.99998
299.99998
299.99997
299.99997
299.99997
299.99997
299.99997
299.99997
299.99997
299.99997
299.99997
299.99997
299.99997
299.99997
299.99997
299.99997
299.99997
299.99997
299.99997
299.99998
299.99999
300.00001
300.00003
300.00004
300.00005
300.00006
344.76965
334.31652
324.37724
315.56245
308.63169
304.01635
301.4974
300.40821
300.05719
299.98723
299.98839
299.99574
299.99899
299.99984
299.99997
299.99998
299.99997
299.99997
299.99997
299.99997
299.99997
299.99997
299.99997
299.99997
299.99997
299.99997
299.99997
299.99997
299.99997
299.99997
299.99997
299.99997
299.99997
299.99998
299.99999
300.00001
300.00003
300.00004
300.00005
300.00006
344.77529
334.34938
324.46098
315.69054
308.76835
304.12585
301.56511
300.44041
300.06853
299.98981
299.98851
299.99554
299.99889
299.99981
299.99997
299.99998
299.99997
299.99997
299.99997
299.99997
299.99997
299.99997
299.99997
299.99997
299.99997
299.99997
299.99997
299.99997
299.99997
299.99997
299.99997
299.99997
299.99997
299.99998
299.99999
300.00001
300.00003
300.00004
300.00005
300.00006
344.77936
334.37676
324.53668
315.81118
308.90002
304.23312
301.63253
300.4731
300.08036
299.99266
299.98871
299.99536
299.99879
299.99978
299.99996
299.99998
299.99997
299.99997
299.99997
299.99997
299.99997
299.99997
299.99997
299.99997
299.99997
299.99997
299.99997
299.99997
299.99997
299.99997
299.99997
299.99997
299.99997
299.99998
300
300.00001
300.00003
300.00004
300.00006
300.00006
344.78201
334.39892
324.60437
315.9242
309.02651
304.338
301.69952
300.50622
300.09268
299.99578
299.98901
299.9952
299.99869
299.99975
299.99996
299.99998
299.99997
299.99997
299.99997
299.99997
299.99997
299.99997
299.99997
299.99997
299.99997
299.99997
299.99997
299.99997
299.99997
299.99997
299.99997
299.99997
299.99997
299.99998
300
300.00001
300.00003
300.00004
300.00006
300.00006
344.78341
334.41619
324.66413
316.02947
309.14764
304.44031
301.76598
300.53969
300.10545
299.99916
299.98942
299.99506
299.99859
299.99972
299.99995
299.99997
299.99997
299.99997
299.99997
299.99997
299.99997
299.99997
299.99997
299.99997
299.99997
299.99997
299.99997
299.99997
299.99997
299.99997
299.99997
299.99997
299.99997
299.99998
300
300.00001
300.00003
300.00004
300.00006
300.00007
344.78374
334.42895
324.71611
316.12688
309.26324
304.53989
301.83176
300.57344
300.11865
300.00281
299.98992
299.99494
299.99849
299.99968
299.99994
299.99997
299.99997
299.99997
299.99997
299.99997
299.99997
299.99997
299.99997
299.99997
299.99997
299.99997
299.99997
299.99997
299.99997
299.99997
299.99997
299.99997
299.99997
299.99998
300
300.00001
300.00003
300.00005
300.00006
300.00007
344.78319
334.43767
324.76057
316.21638
309.37314
304.63657
301.89674
300.6074
300.13225
300.00672
299.99053
299.99486
299.99839
299.99965
299.99993
299.99997
299.99997
299.99997
299.99997
299.99997
299.99997
299.99997
299.99997
299.99997
299.99997
299.99997
299.99997
299.99997
299.99997
299.99997
299.99997
299.99997
299.99997
299.99998
300
300.00001
300.00003
300.00005
300.00006
300.00007
344.78194
334.44284
324.79786
316.298
309.47721
304.7302
301.96081
300.6415
300.14621
300.01088
299.99125
299.9948
299.9983
299.99961
299.99992
299.99997
299.99997
299.99997
299.99997
299.99997
299.99997
299.99997
299.99997
299.99997
299.99997
299.99997
299.99997
299.99997
299.99997
299.99997
299.99997
299.99997
299.99997
299.99998
300
300.00002
300.00003
300.00005
300.00006
300.00007
344.78017
334.445
324.82843
316.37181
309.57534
304.82065
302.02383
300.67566
300.16052
300.0153
299.99208
299.99477
299.99821
299.99957
299.99991
299.99997
299.99997
299.99997
299.99997
299.99997
299.99997
299.99997
299.99997
299.99997
299.99997
299.99997
299.99997
299.99997
299.99997
299.99997
299.99997
299.99997
299.99997
299.99998
300
300.00002
300.00003
300.00005
300.00006
300.00007
344.77807
334.44471
324.85282
316.43799
309.66748
304.90778
302.08571
300.7098
300.17514
300.01995
299.99302
299.99478
299.99813
299.99953
299.9999
299.99997
299.99997
299.99997
299.99997
299.99997
299.99997
299.99997
299.99997
299.99997
299.99997
299.99997
299.99997
299.99997
299.99997
299.99997
299.99996
299.99997
299.99997
299.99998
300
300.00002
300.00003
300.00005
300.00006
300.00007
344.77578
334.44254
324.87165
316.49679
309.75361
304.99149
302.14633
300.74388
300.19004
300.02484
299.99408
299.99483
299.99805
299.99949
299.99989
299.99996
299.99997
299.99997
299.99997
299.99997
299.99997
299.99997
299.99997
299.99997
299.99997
299.99997
299.99997
299.99997
299.99997
299.99997
299.99996
299.99997
299.99997
299.99998
300
300.00002
300.00003
300.00005
300.00006
300.00007
344.77344
334.43902
324.88562
316.54856
309.83375
305.07169
302.2056
300.7778
300.20518
300.02996
299.99524
299.99491
299.99798
299.99945
299.99988
299.99996
299.99997
299.99997
299.99997
299.99997
299.99997
299.99997
299.99997
299.99997
299.99997
299.99997
299.99997
299.99997
299.99997
299.99997
299.99996
299.99997
299.99997
299.99998
300
300.00002
300.00003
300.00005
300.00006
300.00007
344.77115
334.43468
324.8955
316.59375
309.90801
305.14834
302.26344
300.81152
300.22053
300.03529
299.99652
299.99503
299.99791
299.99941
299.99986
299.99996
299.99997
299.99997
299.99997
299.99997
299.99997
299.99997
299.99997
299.99997
299.99997
299.99997
299.99997
299.99997
299.99997
299.99996
299.99996
299.99997
299.99997
299.99998
300
300.00002
300.00003
300.00005
300.00006
300.00007
344.769
334.42997
324.90206
316.63288
309.97654
305.22139
302.31977
300.84497
300.23606
300.04082
299.99791
299.99519
299.99786
299.99937
299.99985
299.99995
299.99997
299.99997
299.99997
299.99997
299.99997
299.99997
299.99997
299.99997
299.99997
299.99997
299.99997
299.99997
299.99997
299.99996
299.99996
299.99997
299.99997
299.99998
300
300.00002
300.00003
300.00005
300.00006
300.00007
344.76704
334.42529
324.9061
316.66657
310.03957
305.29087
302.37454
300.87809
300.25175
300.04655
299.99942
299.99539
299.99782
299.99933
299.99984
299.99995
299.99997
299.99997
299.99997
299.99997
299.99997
299.99997
299.99997
299.99997
299.99997
299.99997
299.99997
299.99997
299.99997
299.99996
299.99996
299.99997
299.99997
299.99998
300
300.00002
300.00004
300.00005
300.00006
300.00007
344.76529
334.42094
324.90839
316.69549
310.09738
305.35682
302.42769
300.91084
300.26755
300.05246
300.00103
299.99563
299.99779
299.99929
299.99982
299.99995
299.99997
299.99997
299.99997
299.99997
299.99997
299.99997
299.99997
299.99997
299.99997
299.99997
299.99997
299.99997
299.99997
299.99996
299.99996
299.99997
299.99997
299.99998
300
300.00002
300.00004
300.00005
300.00006
300.00007
344.76373
334.41715
324.90965
316.72034
310.15033
305.4193
302.47921
300.94317
300.28344
300.05855
300.00275
299.99592
299.99777
299.99926
299.99981
299.99994
299.99997
299.99997
299.99997
299.99997
299.99997
299.99997
299.99997
299.99997
299.99997
299.99997
299.99997
299.99997
299.99996
299.99996
299.99996
299.99997
299.99997
299.99998
300
300.00002
300.00004
300.00005
300.00007
300.00007
344.76233
334.41402
324.9105
316.74188
310.19881
305.47844
302.52908
300.97504
300.2994
300.06479
300.00458
299.99626
299.99776
299.99922
299.99979
299.99994
299.99997
299.99997
299.99997
299.99997
299.99997
299.99997
299.99997
299.99997
299.99997
299.99997
299.99997
299.99997
299.99996
299.99996
299.99996
299.99997
299.99997
299.99998
300
300.00002
300.00004
300.00005
300.00007
300.00007
344.76104
334.41159
324.91147
316.76083
310.24326
305.53437
302.57731
301.00643
300.31539
300.07118
300.00651
299.99663
299.99776
299.99919
299.99977
299.99993
299.99996
299.99997
299.99997
299.99997
299.99997
299.99997
299.99997
299.99997
299.99997
299.99997
299.99997
299.99997
299.99996
299.99996
299.99996
299.99997
299.99997
299.99998
300
300.00002
300.00004
300.00005
300.00007
300.00007
344.75977
334.40977
324.91296
316.77789
310.28416
305.58728
302.62391
301.0373
300.3314
300.07771
300.00854
299.99705
299.99778
299.99916
299.99976
299.99993
299.99996
299.99997
299.99997
299.99997
299.99997
299.99997
299.99997
299.99997
299.99997
299.99997
299.99997
299.99997
299.99996
299.99996
299.99996
299.99997
299.99997
299.99998
300
300.00002
300.00004
300.00005
300.00007
300.00008
344.75844
334.40842
324.91522
316.79369
310.322
305.63737
302.66892
301.06764
300.3474
300.08437
300.01066
299.99752
299.99782
299.99914
299.99974
299.99992
299.99996
299.99997
299.99997
299.99997
299.99997
299.99997
299.99997
299.99997
299.99997
299.99997
299.99997
299.99996
299.99996
299.99996
299.99996
299.99997
299.99997
299.99998
300
300.00002
300.00004
300.00005
300.00007
300.00008
344.75696
334.40733
324.91837
316.80878
310.35727
305.68485
302.7124
301.09744
300.36338
300.09114
300.01288
299.99804
299.99786
299.99912
299.99973
299.99992
299.99996
299.99997
299.99997
299.99997
299.99997
299.99997
299.99997
299.99997
299.99997
299.99997
299.99997
299.99996
299.99996
299.99996
299.99996
299.99997
299.99997
299.99998
300
300.00002
300.00004
300.00005
300.00007
300.00008
344.75526
334.40622
324.92235
316.82361
310.39042
305.72996
302.7544
301.12669
300.37931
300.09802
300.01519
299.99859
299.99793
299.9991
299.99971
299.99991
299.99996
299.99997
299.99997
299.99997
299.99997
299.99997
299.99997
299.99997
299.99997
299.99997
299.99996
299.99996
299.99996
299.99996
299.99996
299.99997
299.99997
299.99998
300
300.00002
300.00004
300.00006
300.00007
300.00008
344.75324
334.40481
324.92702
316.8385
310.4219
305.77295
302.795
301.15538
300.39518
300.10499
300.01759
299.9992
299.99801
299.99908
299.9997
299.99991
299.99996
299.99997
299.99997
299.99997
299.99997
299.99997
299.99997
299.99997
299.99997
299.99997
299.99996
299.99996
299.99996
299.99996
299.99996
299.99997
299.99997
299.99998
300
300.00002
300.00004
300.00006
300.00007
300.00008
344.75084
334.40279
324.93207
316.85364
310.45208
305.81403
302.83426
301.18352
300.41098
300.11205
300.02007
299.99984
299.99811
299.99907
299.99969
299.9999
299.99995
299.99996
299.99997
299.99997
299.99997
299.99997
299.99997
299.99997
299.99997
299.99996
299.99996
299.99996
299.99996
299.99996
299.99996
299.99997
299.99997
299.99998
300
300.00002
300.00004
300.00006
300.00007
300.00008
344.74804
334.39992
324.93716
316.86908
310.48129
305.85348
302.8723
301.21115
300.42671
300.11919
300.02264
300.00054
299.99822
299.99906
299.99967
299.99989
299.99995
299.99996
299.99997
299.99997
299.99997
299.99997
299.99997
299.99997
299.99997
299.99996
299.99996
299.99996
299.99996
299.99996
299.99996
299.99996
299.99997
299.99998
300
300.00002
300.00004
300.00006
300.00007
300.00008
344.74478
334.39588
324.9418
316.88468
310.50965
305.89133
302.90903
301.23812
300.44227
300.12636
300.02526
300.00127
299.99835
299.99906
299.99966
299.99989
299.99995
299.99996
299.99997
299.99997
299.99997
299.99997
299.99997
299.99997
299.99996
299.99996
299.99996
299.99996
299.99996
299.99996
299.99996
299.99996
299.99997
299.99998
300
300.00002
300.00004
300.00006
300.00007
300.00008
344.74118
334.39069
324.94566
316.90058
310.53797
305.92865
302.94543
301.26518
300.4581
300.13378
300.02804
300.00207
299.9985
299.99906
299.99965
299.99988
299.99995
299.99996
299.99996
299.99997
299.99997
299.99997
299.99996
299.99996
299.99996
299.99996
299.99996
299.99996
299.99996
299.99996
299.99996
299.99996
299.99997
299.99998
300
300.00002
300.00004
300.00006
300.00007
300.00008
344.73693
334.38397
324.94805
316.9147
310.56274
305.96083
302.97679
301.28858
300.47187
300.14028
300.03049
300.00278
299.99864
299.99907
299.99964
299.99988
299.99995
299.99996
299.99996
299.99996
299.99996
299.99996
299.99996
299.99996
299.99996
299.99996
299.99996
299.99996
299.99996
299.99996
299.99996
299.99996
299.99997
299.99998
300
300.00002
300.00004
300.00006
300.00007
300.00008
344.73311
334.37387
324.94898
316.93667
310.60341
306.01345
303.02848
301.32785
300.49551
300.15174
300.03497
300.00415
299.99894
299.99909
299.99962
299.99987
299.99994
299.99996
299.99996
299.99996
299.99996
299.99996
299.99996
299.99996
299.99996
299.99996
299.99996
299.99996
299.99996
299.99996
299.99996
299.99996
299.99997
299.99998
300
300.00002
300.00004
300.00006
300.00007
300.00008
)
;

boundaryField
{
    wall
    {
        type            fixedValue;
        value           uniform 350;
    }
    sides
    {
        type            zeroGradient;
    }
    frontAndBack
    {
        type            empty;
    }
    inlet
    {
        type            fixedValue;
        value           uniform 300;
    }
    outlet
    {
        type            zeroGradient;
    }
}


// ************************************************************************* //
