/*--------------------------------*- C++ -*----------------------------------*\
  =========                 |
  \\      /  F ield         | OpenFOAM: The Open Source CFD Toolbox
   \\    /   O peration     | Website:  https://openfoam.org
    \\  /    A nd           | Version:  10
     \\/     M anipulation  |
\*---------------------------------------------------------------------------*/
FoamFile
{
    format      ascii;
    class       volScalarField;
    location    "0.24";
    object      rho;
}
// * * * * * * * * * * * * * * * * * * * * * * * * * * * * * * * * * * * * * //

dimensions      [1 -3 0 0 0 0 0];

internalField   nonuniform List<scalar> 
4000
(
1.1257779
1.1399124
1.1374518
1.1374123
1.1374156
1.1374153
1.1374153
1.1374152
1.1374152
1.1374152
1.1374152
1.1374152
1.1374152
1.1374152
1.1374151
1.1374151
1.1374151
1.1374151
1.1374151
1.1374151
1.1374151
1.1374151
1.1374151
1.1374151
1.1374151
1.1374151
1.1374151
1.1374152
1.1374152
1.1374152
1.1374152
1.1374152
1.1374152
1.1374152
1.1374153
1.1374153
1.1374154
1.1374154
1.1374155
1.1374158
1.1019211
1.1431582
1.1382532
1.1374084
1.1374123
1.1374153
1.1374153
1.1374152
1.1374152
1.1374152
1.1374152
1.1374152
1.1374152
1.1374152
1.1374151
1.1374151
1.1374151
1.1374151
1.1374151
1.1374151
1.1374151
1.1374151
1.1374151
1.1374151
1.1374151
1.1374151
1.1374151
1.1374151
1.1374152
1.1374152
1.1374152
1.1374152
1.1374152
1.1374152
1.1374153
1.1374153
1.1374154
1.1374154
1.1374155
1.1374156
1.07981
1.1424247
1.1397246
1.1375075
1.1373999
1.1374143
1.1374153
1.1374152
1.1374152
1.1374152
1.1374152
1.1374152
1.1374152
1.1374151
1.1374151
1.1374151
1.1374151
1.1374151
1.1374151
1.1374151
1.1374151
1.1374151
1.1374151
1.1374151
1.1374151
1.1374151
1.1374151
1.1374151
1.1374152
1.1374152
1.1374152
1.1374152
1.1374152
1.1374152
1.1374153
1.1374153
1.1374153
1.1374154
1.1374154
1.1374153
1.0605521
1.1379998
1.1412776
1.1378139
1.1373881
1.13741
1.1374152
1.1374152
1.1374152
1.1374152
1.1374152
1.1374152
1.1374152
1.1374151
1.1374151
1.1374151
1.1374151
1.1374151
1.1374151
1.1374151
1.1374151
1.1374151
1.1374151
1.1374151
1.1374151
1.1374151
1.1374151
1.1374151
1.1374152
1.1374152
1.1374152
1.1374152
1.1374152
1.1374152
1.1374152
1.1374153
1.1374153
1.1374153
1.1374154
1.1374152
1.0445501
1.1310041
1.1423275
1.1383521
1.137403
1.1374009
1.1374146
1.1374153
1.1374152
1.1374152
1.1374152
1.1374152
1.1374151
1.1374151
1.1374151
1.1374151
1.1374151
1.1374151
1.1374151
1.1374151
1.1374151
1.1374151
1.1374151
1.1374151
1.1374151
1.1374151
1.1374151
1.1374151
1.1374151
1.1374152
1.1374152
1.1374152
1.1374152
1.1374152
1.1374152
1.1374152
1.1374153
1.1374153
1.1374153
1.1374151
1.0318708
1.1226404
1.1425062
1.1390545
1.1374749
1.1373888
1.1374125
1.1374153
1.1374152
1.1374152
1.1374152
1.1374152
1.1374151
1.1374151
1.1374151
1.1374151
1.1374151
1.1374151
1.1374151
1.1374151
1.1374151
1.1374151
1.1374151
1.1374151
1.1374151
1.1374151
1.1374151
1.1374151
1.1374151
1.1374151
1.1374152
1.1374152
1.1374152
1.1374152
1.1374152
1.1374152
1.1374153
1.1374153
1.1374152
1.1374151
1.0223197
1.1139075
1.1417123
1.139795
1.1376232
1.1373796
1.1374083
1.1374152
1.1374152
1.1374152
1.1374152
1.1374151
1.1374151
1.1374151
1.1374151
1.1374151
1.1374151
1.1374151
1.1374151
1.1374151
1.1374151
1.1374151
1.1374151
1.1374151
1.1374151
1.1374151
1.1374151
1.1374151
1.1374151
1.1374151
1.1374151
1.1374152
1.1374152
1.1374152
1.1374152
1.1374152
1.1374152
1.1374152
1.1374152
1.137415
1.0154816
1.1054859
1.1400456
1.1404422
1.1378485
1.1373814
1.1374021
1.1374146
1.1374153
1.1374152
1.1374151
1.1374151
1.1374151
1.1374151
1.1374151
1.1374151
1.1374151
1.1374151
1.1374151
1.1374151
1.1374151
1.1374151
1.1374151
1.1374151
1.1374151
1.1374151
1.1374151
1.1374151
1.1374151
1.1374151
1.1374151
1.1374151
1.1374152
1.1374152
1.1374152
1.1374152
1.1374152
1.1374152
1.1374151
1.1374149
1.0108121
1.0977558
1.1377022
1.1408967
1.1381343
1.1374018
1.1373946
1.1374134
1.1374153
1.1374152
1.1374151
1.1374151
1.1374151
1.1374151
1.1374151
1.1374151
1.1374151
1.1374151
1.1374151
1.1374151
1.1374151
1.1374151
1.1374151
1.1374151
1.1374151
1.1374151
1.1374151
1.1374151
1.1374151
1.1374151
1.1374151
1.1374151
1.1374151
1.1374152
1.1374152
1.1374152
1.1374152
1.1374152
1.137415
1.1374149
1.0077424
1.0908748
1.1348964
1.1411029
1.1384539
1.1374458
1.1373877
1.1374113
1.1374153
1.1374152
1.1374151
1.1374151
1.1374151
1.1374151
1.1374151
1.1374151
1.1374151
1.1374151
1.1374151
1.1374151
1.1374151
1.1374151
1.1374151
1.1374151
1.1374151
1.1374151
1.1374151
1.1374151
1.1374151
1.1374151
1.1374151
1.1374151
1.1374151
1.1374151
1.1374152
1.1374152
1.1374152
1.1374151
1.137415
1.1374149
1.0057609
1.0848576
1.1318175
1.1410437
1.1387781
1.137515
1.1373833
1.1374085
1.1374151
1.1374152
1.1374151
1.1374151
1.1374151
1.1374151
1.1374151
1.1374151
1.1374151
1.1374151
1.1374151
1.1374151
1.1374151
1.1374151
1.1374151
1.1374151
1.1374151
1.1374151
1.1374151
1.1374151
1.1374151
1.1374151
1.1374151
1.1374151
1.1374151
1.1374151
1.1374151
1.1374152
1.1374152
1.1374151
1.137415
1.1374149
1.0044607
1.0796386
1.1286134
1.1407294
1.1390801
1.1376076
1.1373835
1.1374049
1.1374147
1.1374153
1.1374151
1.1374151
1.1374151
1.1374151
1.1374151
1.1374151
1.1374151
1.1374151
1.1374151
1.1374151
1.1374151
1.1374151
1.1374151
1.1374151
1.1374151
1.1374151
1.1374151
1.1374151
1.1374151
1.1374151
1.1374151
1.1374151
1.1374151
1.1374151
1.1374151
1.1374151
1.1374151
1.1374151
1.1374149
1.1374149
1.0035513
1.0751162
1.1253888
1.1401857
1.1393385
1.1377196
1.13739
1.1374012
1.137414
1.1374153
1.1374151
1.1374151
1.1374151
1.1374151
1.1374151
1.1374151
1.1374151
1.1374151
1.1374151
1.1374151
1.1374151
1.1374151
1.1374151
1.1374151
1.1374151
1.1374151
1.1374151
1.1374151
1.1374151
1.1374151
1.1374151
1.1374151
1.1374151
1.1374151
1.1374151
1.1374151
1.1374151
1.1374151
1.1374149
1.1374149
1.0028458
1.0711811
1.1222122
1.1394454
1.1395384
1.1378455
1.137404
1.1373976
1.137413
1.1374152
1.1374151
1.1374151
1.1374151
1.1374151
1.1374151
1.1374151
1.1374151
1.1374151
1.1374151
1.1374151
1.1374151
1.1374151
1.1374151
1.1374151
1.1374151
1.1374151
1.1374151
1.1374151
1.1374151
1.1374151
1.1374151
1.1374151
1.1374151
1.1374151
1.1374151
1.1374151
1.1374151
1.137415
1.1374149
1.1374149
1.0022359
1.0677311
1.1191245
1.1385416
1.1396702
1.1379792
1.1374259
1.1373948
1.1374117
1.1374151
1.1374152
1.1374151
1.1374151
1.1374151
1.1374151
1.1374151
1.1374151
1.1374151
1.1374151
1.1374151
1.1374151
1.1374151
1.1374151
1.1374151
1.1374151
1.1374151
1.1374151
1.1374151
1.1374151
1.1374151
1.1374151
1.1374151
1.1374151
1.1374151
1.1374151
1.1374151
1.1374151
1.137415
1.1374149
1.1374149
1.0016663
1.064678
1.1161476
1.1375052
1.1397292
1.1381146
1.1374557
1.1373933
1.1374101
1.137415
1.1374152
1.1374151
1.1374151
1.1374151
1.1374151
1.1374151
1.1374151
1.1374151
1.1374151
1.1374151
1.1374151
1.1374151
1.1374151
1.1374151
1.1374151
1.1374151
1.1374151
1.1374151
1.1374151
1.1374151
1.1374151
1.1374151
1.1374151
1.1374151
1.1374151
1.1374151
1.1374151
1.137415
1.1374149
1.1374148
1.0011132
1.0619489
1.1132912
1.1363631
1.1397139
1.1382461
1.137493
1.1373935
1.1374085
1.1374147
1.1374152
1.1374151
1.1374151
1.1374151
1.1374151
1.1374151
1.1374151
1.1374151
1.1374151
1.1374151
1.1374151
1.1374151
1.1374151
1.1374151
1.1374151
1.1374151
1.1374151
1.1374151
1.1374151
1.1374151
1.1374151
1.1374151
1.1374151
1.1374151
1.1374151
1.1374151
1.1374151
1.137415
1.1374149
1.1374148
1.0005697
1.0594855
1.1105572
1.1351383
1.1396254
1.138369
1.1375367
1.1373959
1.1374068
1.1374143
1.1374152
1.1374151
1.1374151
1.1374151
1.1374151
1.1374151
1.1374151
1.1374151
1.1374151
1.1374151
1.1374151
1.1374151
1.1374151
1.1374151
1.1374151
1.1374151
1.1374151
1.1374151
1.1374151
1.1374151
1.1374151
1.1374151
1.1374151
1.1374151
1.1374151
1.1374151
1.1374151
1.137415
1.1374148
1.1374148
1.0000368
1.0572423
1.1079433
1.1338497
1.1394662
1.138479
1.1375859
1.1374008
1.1374053
1.1374139
1.1374151
1.1374151
1.1374151
1.1374151
1.137415
1.137415
1.137415
1.137415
1.137415
1.137415
1.137415
1.137415
1.137415
1.137415
1.137415
1.137415
1.137415
1.137415
1.1374151
1.1374151
1.1374151
1.1374151
1.1374151
1.1374151
1.1374151
1.1374151
1.137415
1.1374149
1.1374148
1.1374148
0.9995181
1.0551839
1.1054451
1.1325132
1.1392401
1.1385728
1.1376392
1.1374082
1.137404
1.1374133
1.1374151
1.1374151
1.1374151
1.137415
1.137415
1.137415
1.137415
1.137415
1.137415
1.137415
1.137415
1.137415
1.137415
1.137415
1.137415
1.137415
1.137415
1.137415
1.137415
1.137415
1.137415
1.1374151
1.1374151
1.1374151
1.1374151
1.1374151
1.137415
1.1374149
1.1374148
1.1374148
0.99901727
1.0532828
1.1030571
1.1311418
1.1389513
1.1386474
1.1376952
1.1374183
1.1374031
1.1374127
1.137415
1.1374151
1.137415
1.137415
1.137415
1.137415
1.137415
1.137415
1.137415
1.137415
1.137415
1.137415
1.137415
1.137415
1.137415
1.137415
1.137415
1.137415
1.137415
1.137415
1.137415
1.137415
1.1374151
1.1374151
1.1374151
1.1374151
1.137415
1.1374149
1.1374148
1.1374148
0.99853714
1.0515178
1.1007738
1.1297461
1.1386041
1.1387009
1.1377526
1.137431
1.1374027
1.137412
1.1374149
1.1374151
1.137415
1.137415
1.137415
1.137415
1.137415
1.137415
1.137415
1.137415
1.137415
1.137415
1.137415
1.137415
1.137415
1.137415
1.137415
1.137415
1.137415
1.137415
1.137415
1.137415
1.137415
1.1374151
1.1374151
1.1374151
1.137415
1.1374149
1.1374148
1.1374148
0.99807935
1.0498722
1.0985896
1.128335
1.1382031
1.1387317
1.13781
1.1374464
1.137403
1.1374113
1.1374148
1.1374151
1.137415
1.137415
1.137415
1.137415
1.137415
1.137415
1.137415
1.137415
1.137415
1.137415
1.137415
1.137415
1.137415
1.137415
1.137415
1.137415
1.137415
1.137415
1.137415
1.137415
1.137415
1.1374151
1.1374151
1.137415
1.137415
1.1374149
1.1374148
1.1374148
0.99764449
1.0483325
1.0964991
1.1269159
1.137753
1.1387385
1.137866
1.137464
1.1374041
1.1374106
1.1374146
1.1374151
1.137415
1.137415
1.137415
1.137415
1.137415
1.137415
1.137415
1.137415
1.137415
1.137415
1.137415
1.137415
1.137415
1.137415
1.137415
1.137415
1.137415
1.137415
1.137415
1.137415
1.137415
1.137415
1.1374151
1.137415
1.137415
1.1374149
1.1374148
1.1374148
0.99723231
1.0468878
1.0944975
1.1254949
1.1372581
1.1387207
1.1379193
1.1374838
1.1374059
1.13741
1.1374144
1.1374151
1.137415
1.137415
1.137415
1.137415
1.137415
1.137415
1.137415
1.137415
1.137415
1.137415
1.137415
1.137415
1.137415
1.137415
1.137415
1.137415
1.137415
1.137415
1.137415
1.137415
1.137415
1.137415
1.1374151
1.137415
1.137415
1.1374149
1.1374148
1.1374148
0.99684204
1.0455288
1.0925799
1.1240772
1.1367227
1.138678
1.1379688
1.1375054
1.1374087
1.1374095
1.1374141
1.137415
1.137415
1.137415
1.137415
1.137415
1.137415
1.137415
1.137415
1.137415
1.137415
1.137415
1.137415
1.137415
1.137415
1.137415
1.137415
1.137415
1.137415
1.137415
1.137415
1.137415
1.137415
1.137415
1.137415
1.137415
1.1374149
1.1374149
1.1374148
1.1374148
0.99647254
1.0442477
1.0907421
1.1226668
1.1361508
1.1386103
1.1380134
1.1375284
1.1374125
1.1374091
1.1374139
1.137415
1.137415
1.137415
1.137415
1.137415
1.137415
1.137415
1.137415
1.137415
1.137415
1.137415
1.137415
1.137415
1.137415
1.137415
1.137415
1.137415
1.137415
1.137415
1.137415
1.137415
1.137415
1.137415
1.137415
1.137415
1.1374149
1.1374148
1.1374148
1.1374148
0.99612249
1.0430376
1.0889798
1.1212675
1.1355463
1.1385176
1.1380522
1.1375526
1.1374172
1.1374089
1.1374136
1.1374149
1.137415
1.137415
1.137415
1.137415
1.137415
1.137415
1.137415
1.137415
1.137415
1.137415
1.137415
1.137415
1.137415
1.137415
1.137415
1.137415
1.137415
1.137415
1.137415
1.137415
1.137415
1.137415
1.137415
1.137415
1.1374149
1.1374148
1.1374148
1.1374148
0.99579054
1.0418925
1.0872892
1.119882
1.1349128
1.1384005
1.1380842
1.1375775
1.1374229
1.1374089
1.1374133
1.1374149
1.137415
1.137415
1.137415
1.137415
1.137415
1.137415
1.137415
1.137415
1.137415
1.137415
1.137415
1.137415
1.137415
1.137415
1.137415
1.137415
1.137415
1.137415
1.137415
1.137415
1.137415
1.137415
1.137415
1.137415
1.1374149
1.1374148
1.1374148
1.1374148
0.99547534
1.0408071
1.0856664
1.1185128
1.1342535
1.1382593
1.1381087
1.1376026
1.1374294
1.1374092
1.137413
1.1374148
1.137415
1.137415
1.137415
1.137415
1.137415
1.137415
1.137415
1.137415
1.137415
1.137415
1.137415
1.137415
1.137415
1.137415
1.137415
1.137415
1.137415
1.137415
1.137415
1.137415
1.137415
1.137415
1.137415
1.137415
1.1374149
1.1374148
1.1374148
1.1374148
0.99517562
1.0397764
1.084108
1.1171618
1.1335718
1.1380949
1.138125
1.1376277
1.1374369
1.1374097
1.1374128
1.1374147
1.137415
1.137415
1.137415
1.137415
1.137415
1.137415
1.137415
1.137415
1.137415
1.137415
1.137415
1.137415
1.137415
1.137415
1.137415
1.137415
1.137415
1.137415
1.137415
1.137415
1.137415
1.137415
1.137415
1.137415
1.1374149
1.1374148
1.1374148
1.1374148
0.9948902
1.0387964
1.0826106
1.1158305
1.1328705
1.1379079
1.1381326
1.1376523
1.1374452
1.1374106
1.1374125
1.1374146
1.137415
1.137415
1.137415
1.137415
1.137415
1.137415
1.137415
1.137415
1.137415
1.137415
1.137415
1.137415
1.137415
1.137415
1.137415
1.137415
1.137415
1.137415
1.137415
1.137415
1.137415
1.137415
1.137415
1.137415
1.1374149
1.1374148
1.1374148
1.1374148
0.99461801
1.037863
1.0811711
1.1145202
1.1321522
1.1376992
1.138131
1.137676
1.1374542
1.1374118
1.1374124
1.1374145
1.137415
1.137415
1.137415
1.137415
1.137415
1.137415
1.137415
1.137415
1.137415
1.137415
1.137415
1.137415
1.137415
1.137415
1.137415
1.137415
1.137415
1.137415
1.137415
1.137415
1.137415
1.137415
1.137415
1.137415
1.1374149
1.1374148
1.1374148
1.1374148
0.99435807
1.0369729
1.0797864
1.1132319
1.1314194
1.1374697
1.1381198
1.1376984
1.1374639
1.1374134
1.1374122
1.1374144
1.1374149
1.137415
1.137415
1.137415
1.137415
1.137415
1.137415
1.137415
1.137415
1.137415
1.137415
1.137415
1.137415
1.137415
1.137415
1.137415
1.137415
1.137415
1.137415
1.137415
1.137415
1.137415
1.137415
1.1374149
1.1374149
1.1374148
1.1374148
1.1374148
0.99410954
1.0361229
1.0784538
1.1119662
1.1306745
1.1372204
1.1380987
1.1377191
1.1374742
1.1374153
1.1374122
1.1374143
1.1374149
1.137415
1.137415
1.137415
1.137415
1.137415
1.137415
1.137415
1.137415
1.137415
1.137415
1.137415
1.137415
1.137415
1.137415
1.137415
1.137415
1.137415
1.137415
1.137415
1.137415
1.137415
1.137415
1.1374149
1.1374149
1.1374148
1.1374148
1.1374148
0.99387162
1.0353102
1.0771705
1.1107238
1.1299195
1.1369522
1.1380675
1.1377378
1.1374848
1.1374176
1.1374122
1.1374142
1.1374149
1.137415
1.137415
1.137415
1.137415
1.137415
1.137415
1.137415
1.137415
1.137415
1.137415
1.137415
1.137415
1.137415
1.137415
1.137415
1.137415
1.137415
1.137415
1.137415
1.137415
1.137415
1.137415
1.1374149
1.1374148
1.1374148
1.1374147
1.1374148
0.99364363
1.0345323
1.0759342
1.109505
1.1291565
1.1366661
1.138026
1.1377541
1.1374958
1.1374202
1.1374123
1.1374141
1.1374149
1.137415
1.137415
1.137415
1.137415
1.137415
1.137415
1.137415
1.137415
1.137415
1.137415
1.137415
1.137415
1.137415
1.137415
1.137415
1.137415
1.137415
1.137415
1.137415
1.137415
1.137415
1.137415
1.1374149
1.1374148
1.1374148
1.1374147
1.1374147
0.99342497
1.033787
1.0747425
1.1083101
1.128387
1.1363631
1.1379741
1.1377678
1.1375069
1.1374232
1.1374125
1.137414
1.1374148
1.137415
1.137415
1.137415
1.137415
1.137415
1.137415
1.137415
1.137415
1.137415
1.137415
1.137415
1.137415
1.137415
1.137415
1.137415
1.137415
1.137415
1.137415
1.137415
1.137415
1.137415
1.137415
1.1374149
1.1374148
1.1374148
1.1374147
1.1374147
0.9932151
1.0330722
1.0735932
1.1071391
1.1276129
1.1360443
1.1379118
1.1377784
1.1375181
1.1374265
1.1374129
1.1374139
1.1374148
1.137415
1.137415
1.137415
1.1374149
1.1374149
1.1374149
1.1374149
1.1374149
1.1374149
1.1374149
1.1374149
1.1374149
1.137415
1.137415
1.137415
1.137415
1.137415
1.137415
1.137415
1.137415
1.137415
1.137415
1.1374149
1.1374148
1.1374148
1.1374147
1.1374147
0.99301352
1.0323861
1.0724843
1.1059921
1.1268355
1.1357106
1.1378391
1.1377858
1.1375292
1.1374302
1.1374134
1.1374138
1.1374147
1.1374149
1.137415
1.1374149
1.1374149
1.1374149
1.1374149
1.1374149
1.1374149
1.1374149
1.1374149
1.1374149
1.1374149
1.1374149
1.1374149
1.137415
1.137415
1.137415
1.137415
1.137415
1.137415
1.137415
1.137415
1.1374149
1.1374148
1.1374147
1.1374147
1.1374147
0.99281983
1.0317271
1.0714139
1.1048692
1.1260563
1.135363
1.1377561
1.1377896
1.1375401
1.1374341
1.1374139
1.1374138
1.1374147
1.1374149
1.1374149
1.1374149
1.1374149
1.1374149
1.1374149
1.1374149
1.1374149
1.1374149
1.1374149
1.1374149
1.1374149
1.1374149
1.1374149
1.1374149
1.1374149
1.137415
1.137415
1.137415
1.137415
1.137415
1.1374149
1.1374149
1.1374148
1.1374147
1.1374147
1.1374147
0.99263364
1.0310938
1.0703803
1.1037702
1.1252765
1.1350024
1.1376629
1.1377897
1.1375505
1.1374383
1.1374147
1.1374138
1.1374147
1.1374149
1.1374149
1.1374149
1.1374149
1.1374149
1.1374149
1.1374149
1.1374149
1.1374149
1.1374149
1.1374149
1.1374149
1.1374149
1.1374149
1.1374149
1.1374149
1.1374149
1.137415
1.137415
1.137415
1.137415
1.1374149
1.1374149
1.1374148
1.1374147
1.1374147
1.1374147
0.99245462
1.0304848
1.069382
1.1026949
1.1244973
1.1346299
1.1375596
1.1377859
1.1375605
1.1374428
1.1374155
1.1374138
1.1374146
1.1374149
1.1374149
1.1374149
1.1374149
1.1374149
1.1374149
1.1374149
1.1374149
1.1374149
1.1374149
1.1374149
1.1374149
1.1374149
1.1374149
1.1374149
1.1374149
1.1374149
1.137415
1.137415
1.137415
1.137415
1.1374149
1.1374149
1.1374148
1.1374147
1.1374147
1.1374147
0.9922825
1.0298991
1.0684174
1.1016433
1.1237198
1.1342463
1.1374464
1.1377779
1.1375697
1.1374474
1.1374165
1.1374138
1.1374146
1.1374149
1.1374149
1.1374149
1.1374149
1.1374149
1.1374149
1.1374149
1.1374149
1.1374149
1.1374149
1.1374149
1.1374149
1.1374149
1.1374149
1.1374149
1.1374149
1.1374149
1.1374149
1.137415
1.137415
1.137415
1.1374149
1.1374149
1.1374148
1.1374147
1.1374147
1.1374147
0.99211702
1.0293354
1.0674852
1.1006152
1.122945
1.1338525
1.1373236
1.1377657
1.1375782
1.1374522
1.1374177
1.1374139
1.1374145
1.1374149
1.1374149
1.1374149
1.1374149
1.1374149
1.1374149
1.1374149
1.1374149
1.1374149
1.1374149
1.1374149
1.1374149
1.1374149
1.1374149
1.1374149
1.1374149
1.1374149
1.1374149
1.137415
1.137415
1.137415
1.1374149
1.1374149
1.1374148
1.1374147
1.1374147
1.1374147
0.99195796
1.0287931
1.0665841
1.0996103
1.1221737
1.1334495
1.1371913
1.137749
1.1375857
1.1374571
1.137419
1.137414
1.1374145
1.1374149
1.1374149
1.1374149
1.1374149
1.1374149
1.1374149
1.1374149
1.1374149
1.1374149
1.1374149
1.1374149
1.1374149
1.1374149
1.1374149
1.1374149
1.1374149
1.1374149
1.1374149
1.1374149
1.137415
1.1374149
1.1374149
1.1374148
1.1374148
1.1374147
1.1374147
1.1374147
0.99180516
1.0282712
1.065713
1.0986284
1.1214068
1.1330381
1.1370499
1.1377278
1.1375921
1.137462
1.1374204
1.1374142
1.1374145
1.1374148
1.1374149
1.1374149
1.1374149
1.1374149
1.1374149
1.1374149
1.1374149
1.1374149
1.1374149
1.1374149
1.1374149
1.1374149
1.1374149
1.1374149
1.1374149
1.1374149
1.1374149
1.1374149
1.1374149
1.1374149
1.1374149
1.1374148
1.1374148
1.1374147
1.1374147
1.1374147
0.99165845
1.027769
1.064871
1.0976694
1.1206452
1.1326191
1.1368995
1.1377019
1.1375973
1.137467
1.1374219
1.1374144
1.1374144
1.1374148
1.1374149
1.1374149
1.1374149
1.1374149
1.1374149
1.1374149
1.1374149
1.1374149
1.1374149
1.1374149
1.1374149
1.1374149
1.1374149
1.1374149
1.1374149
1.1374149
1.1374149
1.1374149
1.1374149
1.1374149
1.1374149
1.1374148
1.1374148
1.1374147
1.1374147
1.1374147
0.99151773
1.027286
1.0640571
1.0967331
1.1198895
1.1321934
1.1367406
1.1376714
1.1376012
1.1374719
1.1374236
1.1374146
1.1374144
1.1374148
1.1374149
1.1374149
1.1374149
1.1374149
1.1374149
1.1374149
1.1374149
1.1374149
1.1374149
1.1374149
1.1374149
1.1374149
1.1374149
1.1374149
1.1374149
1.1374149
1.1374149
1.1374149
1.1374149
1.1374149
1.1374149
1.1374148
1.1374147
1.1374147
1.1374147
1.1374147
0.99138291
1.0268216
1.0632705
1.0958193
1.1191404
1.1317618
1.1365735
1.1376361
1.1376037
1.1374767
1.1374254
1.137415
1.1374144
1.1374148
1.1374149
1.1374149
1.1374149
1.1374149
1.1374149
1.1374149
1.1374149
1.1374149
1.1374149
1.1374149
1.1374149
1.1374149
1.1374149
1.1374149
1.1374149
1.1374149
1.1374149
1.1374149
1.1374149
1.1374149
1.1374149
1.1374148
1.1374147
1.1374147
1.1374147
1.1374147
0.99125393
1.0263755
1.0625105
1.0949278
1.1183987
1.131325
1.1363984
1.137596
1.1376046
1.1374814
1.1374273
1.1374153
1.1374144
1.1374148
1.1374149
1.1374149
1.1374149
1.1374149
1.1374149
1.1374149
1.1374149
1.1374149
1.1374149
1.1374149
1.1374149
1.1374149
1.1374149
1.1374149
1.1374149
1.1374149
1.1374149
1.1374149
1.1374149
1.1374149
1.1374149
1.1374148
1.1374147
1.1374147
1.1374147
1.1374146
0.99113076
1.0259472
1.0617764
1.0940585
1.1176649
1.1308839
1.1362158
1.1375511
1.1376039
1.1374858
1.1374292
1.1374158
1.1374145
1.1374147
1.1374149
1.1374149
1.1374149
1.1374149
1.1374149
1.1374149
1.1374149
1.1374149
1.1374149
1.1374149
1.1374149
1.1374149
1.1374149
1.1374149
1.1374149
1.1374149
1.1374149
1.1374149
1.1374149
1.1374149
1.1374149
1.1374148
1.1374147
1.1374147
1.1374147
1.1374146
0.9910134
1.0255366
1.0610678
1.0932113
1.1169397
1.1304391
1.1360259
1.1375015
1.1376014
1.13749
1.1374313
1.1374162
1.1374145
1.1374147
1.1374149
1.1374149
1.1374149
1.1374149
1.1374149
1.1374149
1.1374149
1.1374149
1.1374149
1.1374149
1.1374149
1.1374149
1.1374149
1.1374149
1.1374149
1.1374149
1.1374149
1.1374149
1.1374149
1.1374149
1.1374149
1.1374148
1.1374147
1.1374147
1.1374147
1.1374146
0.99090187
1.0251434
1.0603842
1.0923861
1.1162236
1.1299913
1.1358293
1.1374471
1.1375971
1.1374939
1.1374334
1.1374168
1.1374146
1.1374147
1.1374149
1.1374149
1.1374149
1.1374149
1.1374149
1.1374149
1.1374149
1.1374149
1.1374149
1.1374149
1.1374149
1.1374149
1.1374149
1.1374149
1.1374149
1.1374149
1.1374149
1.1374149
1.1374149
1.1374149
1.1374149
1.1374148
1.1374147
1.1374147
1.1374146
1.1374146
0.99079623
1.0247677
1.0597253
1.0915829
1.1155171
1.1295414
1.1356263
1.137388
1.1375909
1.1374974
1.1374355
1.1374174
1.1374146
1.1374147
1.1374149
1.1374149
1.1374149
1.1374149
1.1374149
1.1374149
1.1374149
1.1374149
1.1374149
1.1374149
1.1374149
1.1374149
1.1374149
1.1374149
1.1374149
1.1374149
1.1374149
1.1374149
1.1374149
1.1374149
1.1374149
1.1374148
1.1374147
1.1374147
1.1374146
1.1374146
0.99069653
1.0244093
1.0590908
1.0908016
1.1148208
1.1290901
1.1354172
1.1373243
1.1375827
1.1375005
1.1374377
1.137418
1.1374147
1.1374147
1.1374148
1.1374149
1.1374149
1.1374149
1.1374149
1.1374149
1.1374149
1.1374149
1.1374149
1.1374149
1.1374149
1.1374149
1.1374149
1.1374149
1.1374149
1.1374149
1.1374149
1.1374149
1.1374149
1.1374149
1.1374148
1.1374148
1.1374147
1.1374147
1.1374146
1.1374146
0.99060287
1.0240684
1.0584806
1.0900423
1.1141353
1.1286379
1.1352026
1.1372559
1.1375725
1.137503
1.1374399
1.1374187
1.1374149
1.1374147
1.1374148
1.1374149
1.1374149
1.1374149
1.1374149
1.1374149
1.1374149
1.1374149
1.1374149
1.1374149
1.1374149
1.1374149
1.1374149
1.1374149
1.1374149
1.1374149
1.1374149
1.1374149
1.1374149
1.1374149
1.1374148
1.1374148
1.1374147
1.1374147
1.1374146
1.1374146
0.99051534
1.0237451
1.0578946
1.0893051
1.1134611
1.1281856
1.1349827
1.1371832
1.1375601
1.137505
1.137442
1.1374194
1.137415
1.1374147
1.1374148
1.1374149
1.1374149
1.1374149
1.1374149
1.1374149
1.1374149
1.1374149
1.1374149
1.1374149
1.1374149
1.1374149
1.1374149
1.1374149
1.1374149
1.1374149
1.1374149
1.1374149
1.1374149
1.1374149
1.1374148
1.1374148
1.1374147
1.1374146
1.1374146
1.1374146
0.99043403
1.0234397
1.0573329
1.0885901
1.1127987
1.1277339
1.1347582
1.137106
1.1375457
1.1375065
1.1374441
1.1374202
1.1374151
1.1374147
1.1374148
1.1374149
1.1374149
1.1374149
1.1374149
1.1374149
1.1374149
1.1374149
1.1374149
1.1374149
1.1374149
1.1374149
1.1374149
1.1374149
1.1374149
1.1374149
1.1374149
1.1374149
1.1374149
1.1374149
1.1374148
1.1374148
1.1374147
1.1374146
1.1374146
1.1374146
0.99035906
1.0231523
1.0567956
1.0878975
1.1121486
1.1272835
1.1345293
1.1370246
1.1375291
1.1375073
1.1374461
1.137421
1.1374153
1.1374147
1.1374148
1.1374149
1.1374149
1.1374149
1.1374149
1.1374149
1.1374149
1.1374149
1.1374149
1.1374149
1.1374149
1.1374149
1.1374149
1.1374149
1.1374149
1.1374149
1.1374149
1.1374149
1.1374149
1.1374149
1.1374148
1.1374147
1.1374147
1.1374146
1.1374146
1.1374146
0.9902905
1.0228833
1.056283
1.0872276
1.1115114
1.1268349
1.1342966
1.1369392
1.1375102
1.1375074
1.1374481
1.1374219
1.1374155
1.1374147
1.1374148
1.1374149
1.1374149
1.1374149
1.1374149
1.1374149
1.1374149
1.1374149
1.1374149
1.1374149
1.1374149
1.1374149
1.1374149
1.1374149
1.1374149
1.1374149
1.1374149
1.1374149
1.1374149
1.1374149
1.1374148
1.1374147
1.1374147
1.1374146
1.1374146
1.1374146
0.99022844
1.0226331
1.0557953
1.0865806
1.1108877
1.126389
1.1340604
1.1368498
1.1374892
1.1375067
1.1374499
1.1374227
1.1374157
1.1374148
1.1374148
1.1374149
1.1374149
1.1374149
1.1374149
1.1374149
1.1374149
1.1374149
1.1374149
1.1374149
1.1374149
1.1374149
1.1374149
1.1374149
1.1374149
1.1374149
1.1374149
1.1374149
1.1374149
1.1374149
1.1374148
1.1374147
1.1374147
1.1374146
1.1374146
1.1374146
0.99017289
1.0224019
1.055333
1.085957
1.110278
1.1259463
1.1338214
1.1367566
1.137466
1.1375053
1.1374516
1.1374236
1.137416
1.1374148
1.1374148
1.1374149
1.1374149
1.1374149
1.1374149
1.1374149
1.1374149
1.1374149
1.1374149
1.1374149
1.1374149
1.1374149
1.1374149
1.1374149
1.1374149
1.1374149
1.1374149
1.1374149
1.1374149
1.1374149
1.1374148
1.1374147
1.1374147
1.1374146
1.1374146
1.1374146
0.99012387
1.0221901
1.0548964
1.0853571
1.1096828
1.1255075
1.1335798
1.1366598
1.1374405
1.1375031
1.1374532
1.1374245
1.1374162
1.1374148
1.1374148
1.1374148
1.1374149
1.1374149
1.1374149
1.1374149
1.1374149
1.1374149
1.1374149
1.1374149
1.1374149
1.1374149
1.1374149
1.1374149
1.1374149
1.1374149
1.1374149
1.1374149
1.1374149
1.1374148
1.1374148
1.1374147
1.1374147
1.1374146
1.1374146
1.1374145
0.99008131
1.0219979
1.0544862
1.0847814
1.1091029
1.1250733
1.1333363
1.1365596
1.1374129
1.1375
1.1374546
1.1374254
1.1374165
1.1374149
1.1374148
1.1374148
1.1374149
1.1374149
1.1374149
1.1374149
1.1374149
1.1374149
1.1374149
1.1374149
1.1374149
1.1374149
1.1374149
1.1374149
1.1374149
1.1374149
1.1374149
1.1374149
1.1374149
1.1374148
1.1374148
1.1374147
1.1374147
1.1374146
1.1374146
1.1374145
0.99004508
1.0218255
1.0541027
1.0842306
1.1085389
1.1246443
1.1330913
1.1364563
1.1373831
1.137496
1.1374557
1.1374264
1.1374168
1.1374149
1.1374148
1.1374148
1.1374149
1.1374149
1.1374149
1.1374149
1.1374149
1.1374149
1.1374149
1.1374149
1.1374149
1.1374149
1.1374149
1.1374149
1.1374149
1.1374149
1.1374149
1.1374149
1.1374149
1.1374148
1.1374148
1.1374147
1.1374146
1.1374146
1.1374146
1.1374145
0.99001501
1.0216728
1.0537465
1.0837051
1.1079913
1.1242213
1.1328453
1.13635
1.1373512
1.1374912
1.1374567
1.1374272
1.1374171
1.137415
1.1374148
1.1374148
1.1374149
1.1374149
1.1374149
1.1374149
1.1374149
1.1374149
1.1374149
1.1374149
1.1374149
1.1374149
1.1374149
1.1374149
1.1374149
1.1374149
1.1374149
1.1374149
1.1374149
1.1374148
1.1374148
1.1374147
1.1374146
1.1374146
1.1374146
1.1374145
0.98999083
1.0215398
1.053418
1.0832057
1.107461
1.1238049
1.1325988
1.1362409
1.1373172
1.1374854
1.1374574
1.1374281
1.1374174
1.1374151
1.1374148
1.1374148
1.1374148
1.1374149
1.1374149
1.1374148
1.1374148
1.1374148
1.1374148
1.1374149
1.1374149
1.1374149
1.1374149
1.1374149
1.1374149
1.1374149
1.1374149
1.1374149
1.1374149
1.1374148
1.1374148
1.1374147
1.1374146
1.1374146
1.1374145
1.1374145
0.9899722
1.0214261
1.0531177
1.0827329
1.1069485
1.1233958
1.1323523
1.1361294
1.1372811
1.1374787
1.1374578
1.137429
1.1374178
1.1374152
1.1374148
1.1374148
1.1374148
1.1374148
1.1374148
1.1374148
1.1374148
1.1374148
1.1374148
1.1374148
1.1374148
1.1374149
1.1374149
1.1374149
1.1374149
1.1374149
1.1374149
1.1374149
1.1374149
1.1374148
1.1374148
1.1374147
1.1374146
1.1374146
1.1374145
1.1374145
0.98995871
1.0213311
1.0528458
1.0822874
1.1064546
1.1229947
1.1321063
1.1360156
1.1372431
1.137471
1.1374579
1.1374298
1.1374181
1.1374152
1.1374148
1.1374148
1.1374148
1.1374148
1.1374148
1.1374148
1.1374148
1.1374148
1.1374148
1.1374148
1.1374148
1.1374148
1.1374149
1.1374149
1.1374149
1.1374149
1.1374149
1.1374149
1.1374149
1.1374148
1.1374148
1.1374147
1.1374146
1.1374146
1.1374145
1.1374145
0.98994989
1.021254
1.0526022
1.0818699
1.1059801
1.1226022
1.1318614
1.1358999
1.1372032
1.1374623
1.1374578
1.1374305
1.1374185
1.1374153
1.1374148
1.1374148
1.1374148
1.1374148
1.1374148
1.1374148
1.1374148
1.1374148
1.1374148
1.1374148
1.1374148
1.1374148
1.1374148
1.1374149
1.1374149
1.1374149
1.1374149
1.1374149
1.1374149
1.1374148
1.1374148
1.1374147
1.1374146
1.1374146
1.1374145
1.1374145
0.98994521
1.0211939
1.0523868
1.0814807
1.1055255
1.1222191
1.1316179
1.1357825
1.1371615
1.1374527
1.1374573
1.1374312
1.1374188
1.1374154
1.1374149
1.1374148
1.1374148
1.1374148
1.1374148
1.1374148
1.1374148
1.1374148
1.1374148
1.1374148
1.1374148
1.1374148
1.1374148
1.1374148
1.1374149
1.1374149
1.1374149
1.1374149
1.1374148
1.1374148
1.1374148
1.1374147
1.1374146
1.1374146
1.1374145
1.1374145
0.9899441
1.0211493
1.0521992
1.0811203
1.1050916
1.1218459
1.1313765
1.1356636
1.137118
1.1374421
1.1374565
1.1374319
1.1374192
1.1374155
1.1374149
1.1374148
1.1374148
1.1374148
1.1374148
1.1374148
1.1374148
1.1374148
1.1374148
1.1374148
1.1374148
1.1374148
1.1374148
1.1374148
1.1374149
1.1374149
1.1374149
1.1374149
1.1374148
1.1374148
1.1374147
1.1374147
1.1374146
1.1374146
1.1374145
1.1374145
0.98994594
1.021119
1.0520386
1.080789
1.104679
1.1214834
1.1311377
1.1355436
1.137073
1.1374306
1.1374553
1.1374324
1.1374196
1.1374157
1.1374149
1.1374148
1.1374148
1.1374148
1.1374148
1.1374148
1.1374148
1.1374148
1.1374148
1.1374148
1.1374148
1.1374148
1.1374148
1.1374148
1.1374148
1.1374149
1.1374149
1.1374149
1.1374148
1.1374148
1.1374147
1.1374147
1.1374146
1.1374146
1.1374145
1.1374145
0.98995015
1.0211011
1.0519039
1.0804868
1.1042883
1.1211322
1.1309019
1.1354228
1.1370264
1.1374181
1.1374537
1.1374329
1.1374199
1.1374158
1.1374149
1.1374148
1.1374148
1.1374148
1.1374148
1.1374148
1.1374148
1.1374148
1.1374148
1.1374148
1.1374148
1.1374148
1.1374148
1.1374148
1.1374148
1.1374148
1.1374149
1.1374149
1.1374148
1.1374148
1.1374147
1.1374147
1.1374146
1.1374145
1.1374145
1.1374145
0.98995611
1.0210938
1.0517935
1.0802134
1.1039197
1.1207927
1.1306695
1.1353013
1.1369783
1.1374046
1.1374518
1.1374333
1.1374203
1.1374159
1.1374149
1.1374148
1.1374148
1.1374148
1.1374148
1.1374148
1.1374148
1.1374148
1.1374148
1.1374148
1.1374148
1.1374148
1.1374148
1.1374148
1.1374148
1.1374148
1.1374149
1.1374148
1.1374148
1.1374148
1.1374147
1.1374147
1.1374146
1.1374145
1.1374145
1.1374145
0.98996325
1.0210954
1.0517056
1.0799684
1.1035737
1.1204656
1.1304412
1.1351796
1.136929
1.1373903
1.1374495
1.1374336
1.1374206
1.137416
1.137415
1.1374148
1.1374148
1.1374148
1.1374148
1.1374148
1.1374148
1.1374148
1.1374148
1.1374148
1.1374148
1.1374148
1.1374148
1.1374148
1.1374148
1.1374148
1.1374148
1.1374148
1.1374148
1.1374148
1.1374147
1.1374147
1.1374146
1.1374145
1.1374145
1.1374145
0.98997107
1.0211037
1.0516382
1.0797508
1.1032504
1.1201513
1.1302172
1.1350578
1.1368785
1.137375
1.1374468
1.1374337
1.1374209
1.1374162
1.137415
1.1374148
1.1374148
1.1374148
1.1374148
1.1374148
1.1374148
1.1374148
1.1374148
1.1374148
1.1374148
1.1374148
1.1374148
1.1374148
1.1374148
1.1374148
1.1374148
1.1374148
1.1374148
1.1374148
1.1374147
1.1374147
1.1374146
1.1374145
1.1374145
1.1374144
0.98997909
1.0211169
1.0515887
1.0795595
1.1029496
1.1198501
1.129998
1.1349363
1.1368269
1.1373589
1.1374437
1.1374338
1.1374213
1.1374163
1.137415
1.1374148
1.1374148
1.1374148
1.1374148
1.1374148
1.1374148
1.1374148
1.1374148
1.1374148
1.1374148
1.1374148
1.1374148
1.1374148
1.1374148
1.1374148
1.1374148
1.1374148
1.1374148
1.1374148
1.1374147
1.1374146
1.1374146
1.1374145
1.1374145
1.1374144
0.98998696
1.0211333
1.0515545
1.0793929
1.102671
1.1195623
1.129784
1.1348152
1.1367743
1.137342
1.1374402
1.1374337
1.1374216
1.1374164
1.1374151
1.1374148
1.1374148
1.1374148
1.1374148
1.1374148
1.1374148
1.1374148
1.1374148
1.1374148
1.1374148
1.1374148
1.1374148
1.1374148
1.1374148
1.1374148
1.1374148
1.1374148
1.1374148
1.1374148
1.1374147
1.1374146
1.1374146
1.1374145
1.1374145
1.1374144
0.98999439
1.0211511
1.0515327
1.0792491
1.1024142
1.1192879
1.1295753
1.1346949
1.1367209
1.1373242
1.1374363
1.1374335
1.1374218
1.1374166
1.1374151
1.1374148
1.1374148
1.1374148
1.1374148
1.1374148
1.1374148
1.1374148
1.1374148
1.1374148
1.1374148
1.1374148
1.1374148
1.1374148
1.1374148
1.1374148
1.1374148
1.1374148
1.1374148
1.1374148
1.1374147
1.1374146
1.1374146
1.1374145
1.1374145
1.1374144
0.99000121
1.0211689
1.0515204
1.0791259
1.1021783
1.1190271
1.1293724
1.1345756
1.1366669
1.1373058
1.137432
1.1374332
1.1374221
1.1374167
1.1374152
1.1374149
1.1374148
1.1374148
1.1374148
1.1374148
1.1374148
1.1374148
1.1374148
1.1374148
1.1374148
1.1374148
1.1374148
1.1374148
1.1374148
1.1374148
1.1374148
1.1374148
1.1374148
1.1374148
1.1374147
1.1374146
1.1374146
1.1374145
1.1374145
1.1374144
0.99000733
1.0211857
1.051515
1.079021
1.1019623
1.1187797
1.1291753
1.1344574
1.1366122
1.1372865
1.1374273
1.1374327
1.1374223
1.1374169
1.1374152
1.1374149
1.1374148
1.1374148
1.1374148
1.1374148
1.1374148
1.1374148
1.1374148
1.1374148
1.1374148
1.1374148
1.1374148
1.1374148
1.1374148
1.1374148
1.1374148
1.1374148
1.1374148
1.1374148
1.1374147
1.1374146
1.1374146
1.1374145
1.1374145
1.1374144
0.99001279
1.0212006
1.0515136
1.0789315
1.101765
1.1185454
1.1289843
1.1343406
1.136557
1.1372666
1.1374222
1.1374321
1.1374224
1.137417
1.1374153
1.1374149
1.1374148
1.1374148
1.1374148
1.1374148
1.1374148
1.1374148
1.1374148
1.1374148
1.1374148
1.1374148
1.1374148
1.1374148
1.1374148
1.1374148
1.1374148
1.1374148
1.1374148
1.1374148
1.1374147
1.1374146
1.1374146
1.1374145
1.1374144
1.1374144
0.99001768
1.0212132
1.0515141
1.0788549
1.1015848
1.1183239
1.1287994
1.1342252
1.1365015
1.1372461
1.1374167
1.1374313
1.1374226
1.1374171
1.1374153
1.1374149
1.1374148
1.1374148
1.1374148
1.1374148
1.1374148
1.1374148
1.1374148
1.1374148
1.1374148
1.1374148
1.1374148
1.1374148
1.1374148
1.1374148
1.1374148
1.1374148
1.1374148
1.1374148
1.1374147
1.1374146
1.1374146
1.1374145
1.1374144
1.1374144
0.99002219
1.0212233
1.0515142
1.0787883
1.10142
1.1181146
1.1286205
1.1341116
1.1364457
1.137225
1.1374109
1.1374304
1.1374227
1.1374172
1.1374153
1.1374149
1.1374148
1.1374148
1.1374148
1.1374148
1.1374148
1.1374148
1.1374148
1.1374148
1.1374148
1.1374148
1.1374148
1.1374148
1.1374148
1.1374148
1.1374148
1.1374148
1.1374148
1.1374148
1.1374147
1.1374146
1.1374146
1.1374145
1.1374144
1.1374144
0.99002656
1.0212312
1.0515127
1.0787291
1.101269
1.1179169
1.1284477
1.1339996
1.1363897
1.1372033
1.1374047
1.1374293
1.1374227
1.1374174
1.1374154
1.1374149
1.1374148
1.1374148
1.1374148
1.1374148
1.1374148
1.1374148
1.1374148
1.1374148
1.1374148
1.1374148
1.1374148
1.1374148
1.1374148
1.1374148
1.1374148
1.1374148
1.1374148
1.1374147
1.1374147
1.1374146
1.1374145
1.1374145
1.1374144
1.1374144
0.99003107
1.0212373
1.0515084
1.0786749
1.1011298
1.1177299
1.1282808
1.1338896
1.1363336
1.1371811
1.1373981
1.1374281
1.1374227
1.1374175
1.1374154
1.1374149
1.1374148
1.1374148
1.1374148
1.1374148
1.1374148
1.1374148
1.1374148
1.1374148
1.1374148
1.1374148
1.1374148
1.1374148
1.1374148
1.1374148
1.1374148
1.1374148
1.1374148
1.1374147
1.1374147
1.1374146
1.1374145
1.1374145
1.1374144
1.1374144
0.99003601
1.0212424
1.0515008
1.0786236
1.1010007
1.117553
1.1281197
1.1337814
1.1362775
1.1371584
1.1373912
1.1374267
1.1374227
1.1374176
1.1374155
1.1374149
1.1374148
1.1374148
1.1374148
1.1374148
1.1374148
1.1374148
1.1374148
1.1374148
1.1374148
1.1374148
1.1374148
1.1374148
1.1374148
1.1374148
1.1374148
1.1374148
1.1374148
1.1374147
1.1374147
1.1374146
1.1374145
1.1374145
1.1374144
1.1374144
0.99004167
1.0212474
1.0514902
1.0785735
1.1008797
1.1173852
1.1279641
1.1336752
1.1362215
1.1371353
1.1373839
1.1374252
1.1374226
1.1374177
1.1374156
1.1374149
1.1374148
1.1374148
1.1374148
1.1374148
1.1374148
1.1374148
1.1374148
1.1374148
1.1374148
1.1374148
1.1374148
1.1374148
1.1374148
1.1374148
1.1374148
1.1374148
1.1374148
1.1374147
1.1374147
1.1374146
1.1374145
1.1374145
1.1374144
1.1374144
0.9900483
1.0212534
1.0514769
1.0785233
1.1007653
1.1172256
1.1278139
1.1335709
1.1361656
1.1371118
1.1373764
1.1374235
1.1374225
1.1374178
1.1374156
1.137415
1.1374148
1.1374148
1.1374148
1.1374148
1.1374148
1.1374148
1.1374148
1.1374148
1.1374148
1.1374148
1.1374148
1.1374148
1.1374148
1.1374148
1.1374148
1.1374148
1.1374148
1.1374147
1.1374147
1.1374146
1.1374145
1.1374145
1.1374144
1.1374144
0.99005613
1.0212614
1.0514622
1.0784723
1.1006561
1.1170733
1.1276686
1.1334686
1.1361098
1.137088
1.1373685
1.1374216
1.1374223
1.1374178
1.1374157
1.137415
1.1374148
1.1374148
1.1374148
1.1374148
1.1374148
1.1374148
1.1374148
1.1374148
1.1374148
1.1374148
1.1374148
1.1374148
1.1374148
1.1374148
1.1374148
1.1374148
1.1374148
1.1374147
1.1374147
1.1374146
1.1374145
1.1374145
1.1374144
1.1374144
0.99006531
1.0212723
1.0514473
1.0784203
1.1005507
1.1169275
1.1275281
1.1333683
1.1360543
1.1370638
1.1373603
1.1374196
1.137422
1.1374179
1.1374157
1.137415
1.1374148
1.1374148
1.1374148
1.1374148
1.1374148
1.1374148
1.1374148
1.1374148
1.1374148
1.1374148
1.1374148
1.1374148
1.1374148
1.1374148
1.1374148
1.1374148
1.1374148
1.1374147
1.1374147
1.1374146
1.1374145
1.1374145
1.1374144
1.1374144
0.99007595
1.0212871
1.0514338
1.0783675
1.1004484
1.1167873
1.127392
1.1332699
1.1359991
1.1370393
1.1373518
1.1374174
1.1374217
1.1374179
1.1374157
1.137415
1.1374148
1.1374148
1.1374148
1.1374148
1.1374148
1.1374148
1.1374148
1.1374148
1.1374148
1.1374148
1.1374148
1.1374148
1.1374148
1.1374148
1.1374148
1.1374148
1.1374148
1.1374147
1.1374147
1.1374146
1.1374145
1.1374144
1.1374144
1.1374144
0.99008807
1.0213064
1.0514235
1.0783146
1.1003485
1.1166522
1.1272601
1.1331734
1.1359442
1.1370146
1.137343
1.1374151
1.1374214
1.137418
1.1374158
1.137415
1.1374148
1.1374148
1.1374148
1.1374148
1.1374148
1.1374148
1.1374148
1.1374148
1.1374148
1.1374148
1.1374148
1.1374148
1.1374148
1.1374148
1.1374148
1.1374148
1.1374148
1.1374147
1.1374147
1.1374146
1.1374145
1.1374144
1.1374144
1.1374144
0.99010161
1.0213308
1.051418
1.0782629
1.1002507
1.1165214
1.127132
1.1330787
1.1358897
1.1369896
1.137334
1.1374127
1.1374209
1.137418
1.1374158
1.137415
1.1374148
1.1374148
1.1374148
1.1374148
1.1374148
1.1374148
1.1374148
1.1374148
1.1374148
1.1374148
1.1374148
1.1374148
1.1374148
1.1374148
1.1374148
1.1374148
1.1374148
1.1374147
1.1374147
1.1374146
1.1374145
1.1374144
1.1374144
1.1374144
0.9901165
1.0213605
1.0514188
1.0782138
1.1001554
1.1163951
1.1270079
1.1329862
1.1358357
1.1369646
1.1373248
1.1374101
1.1374205
1.137418
1.1374159
1.1374151
1.1374148
1.1374148
1.1374148
1.1374148
1.1374148
1.1374148
1.1374148
1.1374148
1.1374148
1.1374148
1.1374148
1.1374148
1.1374148
1.1374148
1.1374148
1.1374148
1.1374148
1.1374147
1.1374147
1.1374146
1.1374145
1.1374144
1.1374144
1.1374143
0.99013225
1.0213953
1.0514275
1.0781684
1.1000613
1.1162701
1.1268848
1.1328935
1.1357809
1.1369387
1.137315
1.1374072
1.1374199
1.137418
1.1374159
1.1374151
1.1374148
1.1374148
1.1374148
1.1374148
1.1374148
1.1374148
1.1374148
1.1374148
1.1374148
1.1374148
1.1374148
1.1374148
1.1374148
1.1374148
1.1374148
1.1374148
1.1374148
1.1374147
1.1374146
1.1374146
1.1374145
1.1374144
1.1374144
1.1374143
0.99014954
1.0214343
1.0514424
1.0781308
1.0999791
1.1161619
1.1267785
1.1328133
1.1357333
1.136916
1.1373064
1.1374047
1.1374194
1.1374179
1.1374159
1.1374151
1.1374149
1.1374148
1.1374148
1.1374148
1.1374148
1.1374148
1.1374148
1.1374148
1.1374148
1.1374148
1.1374148
1.1374148
1.1374148
1.1374148
1.1374148
1.1374148
1.1374148
1.1374147
1.1374146
1.1374146
1.1374145
1.1374144
1.1374144
1.1374143
0.99016657
1.0214927
1.0514839
1.0780873
1.0998518
1.1159864
1.1266034
1.1326788
1.1356517
1.1368763
1.1372908
1.1373999
1.1374183
1.1374178
1.137416
1.1374151
1.1374149
1.1374148
1.1374148
1.1374148
1.1374148
1.1374148
1.1374148
1.1374148
1.1374148
1.1374148
1.1374148
1.1374148
1.1374148
1.1374148
1.1374148
1.1374148
1.1374148
1.1374147
1.1374146
1.1374146
1.1374145
1.1374144
1.1374144
1.1374143
)
;

boundaryField
{
    wall
    {
        type            calculated;
        value           nonuniform List<scalar> 
100
(
0.97492806
0.97492778
0.97492757
0.97492746
0.97492739
0.97492732
0.97492726
0.97492722
0.97492719
0.97492717
0.97492716
0.97492715
0.97492714
0.97492713
0.97492713
0.97492712
0.97492712
0.97492712
0.97492711
0.97492711
0.97492711
0.9749271
0.9749271
0.97492709
0.97492709
0.97492708
0.97492708
0.97492707
0.97492707
0.97492707
0.97492706
0.97492706
0.97492705
0.97492705
0.97492704
0.97492704
0.97492704
0.97492703
0.97492703
0.97492702
0.97492702
0.97492702
0.97492701
0.97492701
0.974927
0.974927
0.974927
0.97492699
0.97492699
0.97492698
0.97492698
0.97492698
0.97492697
0.97492697
0.97492697
0.97492696
0.97492696
0.97492696
0.97492695
0.97492695
0.97492694
0.97492694
0.97492694
0.97492693
0.97492693
0.97492693
0.97492692
0.97492692
0.97492692
0.97492692
0.97492691
0.97492691
0.97492691
0.9749269
0.9749269
0.9749269
0.9749269
0.97492689
0.97492689
0.97492689
0.97492688
0.97492688
0.97492688
0.97492688
0.97492687
0.97492687
0.97492687
0.97492687
0.97492686
0.97492686
0.97492686
0.97492686
0.97492685
0.97492685
0.97492685
0.97492685
0.97492685
0.97492684
0.97492684
0.97492684
)
;
    }
    sides
    {
        type            calculated;
        value           nonuniform List<scalar> 
100
(
1.1374158
1.1374156
1.1374153
1.1374152
1.1374151
1.1374151
1.137415
1.1374149
1.1374149
1.1374149
1.1374149
1.1374149
1.1374149
1.1374149
1.1374149
1.1374148
1.1374148
1.1374148
1.1374148
1.1374148
1.1374148
1.1374148
1.1374148
1.1374148
1.1374148
1.1374148
1.1374148
1.1374148
1.1374148
1.1374148
1.1374148
1.1374148
1.1374148
1.1374148
1.1374148
1.1374148
1.1374147
1.1374147
1.1374147
1.1374147
1.1374147
1.1374147
1.1374147
1.1374147
1.1374147
1.1374147
1.1374147
1.1374147
1.1374147
1.1374147
1.1374146
1.1374146
1.1374146
1.1374146
1.1374146
1.1374146
1.1374146
1.1374146
1.1374146
1.1374146
1.1374146
1.1374146
1.1374146
1.1374145
1.1374145
1.1374145
1.1374145
1.1374145
1.1374145
1.1374145
1.1374145
1.1374145
1.1374145
1.1374145
1.1374145
1.1374145
1.1374145
1.1374144
1.1374144
1.1374144
1.1374144
1.1374144
1.1374144
1.1374144
1.1374144
1.1374144
1.1374144
1.1374144
1.1374144
1.1374144
1.1374144
1.1374144
1.1374144
1.1374144
1.1374144
1.1374144
1.1374143
1.1374143
1.1374143
1.1374143
)
;
    }
    frontAndBack
    {
        type            empty;
    }
    inlet
    {
        type            calculated;
        value           nonuniform List<scalar> 
40
(
1.1374161
1.1374156
1.1374155
1.1374154
1.1374154
1.1374153
1.1374153
1.1374152
1.1374152
1.1374152
1.1374152
1.1374152
1.1374152
1.1374152
1.1374151
1.1374151
1.1374151
1.1374151
1.1374151
1.1374151
1.1374151
1.1374151
1.1374151
1.1374151
1.1374151
1.1374151
1.1374151
1.1374152
1.1374152
1.1374152
1.1374152
1.1374152
1.1374152
1.1374152
1.1374153
1.1374153
1.1374154
1.1374154
1.1374155
1.1374159
)
;
    }
    outlet
    {
        type            calculated;
        value           nonuniform List<scalar> 
40
(
0.99016656
1.0214927
1.0514839
1.0780873
1.0998518
1.1159864
1.1266034
1.1326788
1.1356517
1.1368762
1.1372908
1.1373999
1.1374183
1.1374178
1.137416
1.1374151
1.1374149
1.1374148
1.1374148
1.1374148
1.1374148
1.1374148
1.1374148
1.1374148
1.1374148
1.1374148
1.1374148
1.1374148
1.1374148
1.1374148
1.1374148
1.1374148
1.1374148
1.1374147
1.1374146
1.1374146
1.1374145
1.1374144
1.1374144
1.1374143
)
;
    }
}


// ************************************************************************* //
