/*--------------------------------*- C++ -*----------------------------------*\
  =========                 |
  \\      /  F ield         | OpenFOAM: The Open Source CFD Toolbox
   \\    /   O peration     | Website:  https://openfoam.org
    \\  /    A nd           | Version:  10
     \\/     M anipulation  |
\*---------------------------------------------------------------------------*/
FoamFile
{
    format      ascii;
    class       volScalarField;
    location    "0.24";
    object      T_0;
}
// * * * * * * * * * * * * * * * * * * * * * * * * * * * * * * * * * * * * * //

dimensions      [0 0 0 1 0 0 0];

internalField   nonuniform List<scalar> 
4000
(
303.10136
299.3429
299.99042
300.00082
299.99993
300
300
300
300
300
300
300
300
300
300
300
300
300
300
300
300
300
300
300
300
300
300
300
300
300
300
300
300
300
300
300
300
300
300
300.00001
309.66349
298.49295
299.7792
300.00184
300.0008
299.99999
300
300
300
300
300
300
300
300
300
300
300
300
300
300
300
300
300
300
300
300
300
300
300
300
300
300
300
300
300
300
300
300
299.99999
300.00002
316.00434
298.68456
299.39218
299.97569
300.00406
300.00025
299.99999
300
300
300
300
300
300
300
300
300
300
300
300
300
300
300
300
300
300
300
300
300
300
300
300
300
300
300
300
300
300
299.99999
299.99999
300.00002
321.74244
299.84594
298.98476
299.8949
300.00716
300.00138
300
299.99999
300
300
300
300
300
300
300
300
300
300
300
300
300
300
300
300
300
300
300
300
300
300
300
300
300
300
300
300
299.99999
299.99999
299.99999
300.00003
326.67133
301.70058
298.70995
299.7531
300.00322
300.00379
300.00017
299.99998
300
300
300
300
300
300
300
300
300
300
300
300
300
300
300
300
300
300
300
300
300
300
300
300
300
300
300
299.99999
299.99999
299.99998
299.99999
300.00004
330.68536
303.94822
298.66322
299.56826
299.98426
300.00696
300.00071
299.99996
299.99999
300
300
300
300
300
300
300
300
300
300
300
300
300
300
300
300
300
300
300
300
300
300
300
300
299.99999
299.99999
299.99999
299.99999
299.99998
300
300.00004
333.77478
306.33112
298.87087
299.37363
299.94515
300.00937
300.0018
300
299.99998
300
300
300
300
300
300
300
300
300
300
300
300
300
300
300
300
300
300
300
300
300
300
300
299.99999
299.99999
299.99999
299.99999
299.99998
299.99998
300
300.00004
336.02235
308.66475
299.3078
299.20373
299.88575
300.00889
300.00345
300.00014
299.99996
299.99999
300
300
300
300
300
300
300
300
300
300
300
300
300
300
300
300
300
300
300
300
300
299.99999
299.99999
299.99999
299.99999
299.99999
299.99998
299.99998
300.00001
300.00004
337.57461
310.83828
299.92429
299.08451
299.81044
300.00351
300.00541
300.00045
299.99995
299.99999
299.99999
300
300
300
300
300
300
300
300
300
300
300
300
300
300
300
300
300
300
300
299.99999
299.99999
299.99999
299.99999
299.99999
299.99998
299.99998
299.99998
300.00001
300.00004
338.60292
312.79895
300.66579
299.03045
299.72626
299.9919
300.00724
300.00099
299.99996
299.99998
299.99999
299.99999
300
300
300
300
300
300
300
300
300
300
300
300
300
300
300
300
300
299.99999
299.99999
299.99999
299.99999
299.99999
299.99999
299.99998
299.99998
299.99998
300.00002
300.00004
339.26999
314.5339
301.48368
299.04596
299.64093
299.97366
300.0084
300.00175
300
299.99996
299.99999
299.99999
299.99999
300
300
300
300
300
300
300
300
300
300
300
300
300
300
300
299.99999
299.99999
299.99999
299.99999
299.99999
299.99999
299.99998
299.99998
299.99998
299.99999
300.00002
300.00004
339.70914
316.05437
302.33958
299.12837
299.56149
299.94923
300.00833
300.00267
300.00011
299.99995
299.99999
299.99999
299.99999
299.99999
300
300
300
300
300
300
300
300
300
300
300
300
300
299.99999
299.99999
299.99999
299.99999
299.99999
299.99999
299.99999
299.99998
299.99998
299.99998
299.99999
300.00002
300.00004
340.01699
317.38383
303.20587
299.27099
299.49353
299.91969
300.00661
300.00367
300.00029
299.99995
299.99998
299.99999
299.99999
299.99999
299.99999
299.99999
300
300
300
300
300
300
300
300
300
299.99999
299.99999
299.99999
299.99999
299.99999
299.99999
299.99999
299.99999
299.99999
299.99998
299.99998
299.99998
299.99999
300.00003
300.00004
340.2562
318.54976
304.06415
299.46543
299.441
299.88651
300.00292
300.0046
300.00055
299.99995
299.99998
299.99999
299.99999
299.99999
299.99999
299.99999
299.99999
299.99999
300
300
300
300
300
299.99999
299.99999
299.99999
299.99999
299.99999
299.99999
299.99999
299.99999
299.99999
299.99999
299.99998
299.99998
299.99998
299.99998
300
300.00003
300.00004
340.46323
319.57902
304.90307
299.70314
299.40636
299.85128
299.99713
300.00534
300.00089
299.99997
299.99997
299.99999
299.99999
299.99999
299.99999
299.99999
299.99999
299.99999
299.99999
299.99999
299.99999
299.99999
299.99999
299.99999
299.99999
299.99999
299.99999
299.99999
299.99999
299.99999
299.99999
299.99999
299.99999
299.99998
299.99998
299.99997
299.99998
300
300.00003
300.00003
340.65682
320.49544
305.71626
299.97621
299.39087
299.81561
299.98926
300.00573
300.00129
300.00001
299.99996
299.99999
299.99999
299.99999
299.99999
299.99999
299.99999
299.99999
299.99999
299.99999
299.99999
299.99999
299.99999
299.99999
299.99999
299.99999
299.99999
299.99999
299.99999
299.99999
299.99999
299.99999
299.99999
299.99998
299.99998
299.99997
299.99998
300
300.00003
300.00003
340.84503
321.31908
306.50064
300.27768
299.39488
299.78094
299.97944
300.00567
300.00172
300.00008
299.99996
299.99998
299.99999
299.99999
299.99999
299.99999
299.99999
299.99999
299.99999
299.99999
299.99999
299.99999
299.99999
299.99999
299.99999
299.99999
299.99999
299.99999
299.99999
299.99999
299.99999
299.99999
299.99998
299.99998
299.99998
299.99997
299.99998
300
300.00003
300.00003
341.03016
322.06616
307.25519
300.60169
299.41814
299.74858
299.96789
300.00503
300.00216
300.00018
299.99996
299.99998
299.99999
299.99999
299.99999
299.99999
299.99999
299.99999
299.99999
299.99999
299.99999
299.99999
299.99999
299.99999
299.99999
299.99999
299.99999
299.99999
299.99999
299.99999
299.99999
299.99999
299.99998
299.99998
299.99998
299.99997
299.99998
300.00001
300.00003
300.00003
341.21189
322.74949
307.98007
300.94329
299.45994
299.71961
299.95492
300.00376
300.00257
300.0003
299.99996
299.99998
299.99999
299.99999
299.99999
299.99999
299.99999
299.99999
299.99999
299.99999
299.99999
299.99999
299.99999
299.99999
299.99999
299.99999
299.99999
299.99999
299.99999
299.99999
299.99999
299.99999
299.99998
299.99998
299.99998
299.99997
299.99998
300.00001
300.00003
300.00003
341.38896
323.37911
308.67606
301.29844
299.51937
299.69494
299.94087
300.0018
300.00291
300.00044
299.99997
299.99998
299.99999
299.99999
299.99999
299.99999
299.99999
299.99999
299.99999
299.99999
299.99999
299.99999
299.99999
299.99999
299.99999
299.99999
299.99999
299.99999
299.99999
299.99999
299.99999
299.99998
299.99998
299.99998
299.99998
299.99997
299.99999
300.00001
300.00003
300.00003
341.5601
323.96276
309.34428
301.66374
299.59534
299.67529
299.9261
299.99913
300.00314
300.00061
299.99999
299.99997
299.99999
299.99999
299.99999
299.99999
299.99999
299.99999
299.99999
299.99999
299.99999
299.99999
299.99999
299.99999
299.99999
299.99999
299.99999
299.99999
299.99999
299.99999
299.99999
299.99998
299.99998
299.99998
299.99997
299.99998
299.99999
300.00001
300.00003
300.00003
341.72433
324.50651
309.98593
302.03641
299.6867
299.66121
299.91097
299.99576
300.00324
300.00079
300.00002
299.99997
299.99998
299.99999
299.99999
299.99999
299.99999
299.99999
299.99999
299.99999
299.99999
299.99999
299.99999
299.99999
299.99999
299.99999
299.99999
299.99999
299.99999
299.99999
299.99998
299.99998
299.99998
299.99998
299.99997
299.99998
299.99999
300.00002
300.00004
300.00003
341.88105
325.01513
310.60223
302.41413
299.79226
299.65312
299.89585
299.99172
300.00316
300.00097
300.00006
299.99997
299.99998
299.99999
299.99999
299.99999
299.99999
299.99999
299.99999
299.99999
299.99999
299.99999
299.99999
299.99999
299.99999
299.99999
299.99999
299.99999
299.99999
299.99999
299.99998
299.99998
299.99998
299.99998
299.99997
299.99998
299.99999
300.00002
300.00004
300.00003
342.03007
325.49245
311.19436
302.79493
299.91086
299.65132
299.8811
299.98706
300.00288
300.00115
300.0001
299.99997
299.99998
299.99999
299.99999
299.99999
299.99999
299.99999
299.99999
299.99999
299.99999
299.99999
299.99999
299.99999
299.99999
299.99999
299.99999
299.99999
299.99999
299.99999
299.99998
299.99998
299.99998
299.99998
299.99997
299.99998
299.99999
300.00002
300.00004
300.00003
342.17142
325.94162
311.76346
303.1772
300.04136
299.65599
299.86704
299.98185
300.00238
300.00131
300.00016
299.99998
299.99998
299.99999
299.99999
299.99999
299.99999
299.99999
299.99999
299.99999
299.99999
299.99999
299.99999
299.99999
299.99999
299.99999
299.99999
299.99999
299.99999
299.99998
299.99998
299.99998
299.99998
299.99998
299.99997
299.99998
300
300.00002
300.00004
300.00003
342.30537
326.36525
312.31059
303.55957
300.18268
299.66723
299.85399
299.97615
300.00164
300.00145
300.00022
299.99998
299.99998
299.99999
299.99999
299.99999
299.99999
299.99999
299.99999
299.99999
299.99999
299.99999
299.99999
299.99999
299.99999
299.99999
299.99999
299.99999
299.99999
299.99998
299.99998
299.99998
299.99998
299.99998
299.99997
299.99998
300
300.00002
300.00004
300.00004
342.43228
326.76561
312.83678
303.94089
300.33377
299.68507
299.84223
299.97007
300.00065
300.00155
300.00029
299.99999
299.99998
299.99998
299.99999
299.99999
299.99999
299.99999
299.99999
299.99999
299.99999
299.99999
299.99999
299.99999
299.99999
299.99999
299.99999
299.99999
299.99998
299.99998
299.99998
299.99998
299.99998
299.99997
299.99997
299.99998
300
300.00002
300.00004
300.00004
342.5526
327.14468
313.343
304.32018
300.49364
299.70945
299.83202
299.9637
299.99941
300.0016
300.00036
300
299.99998
299.99998
299.99999
299.99999
299.99999
299.99999
299.99999
299.99999
299.99999
299.99999
299.99999
299.99999
299.99999
299.99999
299.99999
299.99999
299.99998
299.99998
299.99998
299.99998
299.99998
299.99997
299.99997
299.99998
300
300.00002
300.00004
300.00004
342.66677
327.50419
313.83019
304.69664
300.66137
299.74029
299.82359
299.95714
299.99791
300.00159
300.00043
300.00002
299.99998
299.99998
299.99999
299.99999
299.99999
299.99999
299.99999
299.99999
299.99999
299.99999
299.99999
299.99999
299.99999
299.99999
299.99999
299.99998
299.99998
299.99998
299.99998
299.99998
299.99998
299.99997
299.99997
299.99998
300
300.00003
300.00004
300.00004
342.77525
327.8457
314.29923
305.0696
300.83609
299.77745
299.81713
299.9505
299.99617
300.00152
300.0005
300.00004
299.99998
299.99998
299.99998
299.99999
299.99999
299.99999
299.99999
299.99999
299.99999
299.99999
299.99999
299.99999
299.99999
299.99999
299.99999
299.99998
299.99998
299.99998
299.99998
299.99998
299.99998
299.99997
299.99997
299.99998
300
300.00003
300.00004
300.00004
342.87846
328.1706
314.75098
305.43849
301.017
299.82076
299.81283
299.94388
299.9942
300.00137
300.00057
300.00006
299.99998
299.99998
299.99998
299.99999
299.99999
299.99999
299.99999
299.99999
299.99999
299.99999
299.99999
299.99999
299.99999
299.99999
299.99998
299.99998
299.99998
299.99998
299.99998
299.99998
299.99998
299.99997
299.99997
299.99998
300
300.00003
300.00004
300.00004
342.9768
328.48015
315.18626
305.80286
301.20333
299.87002
299.81083
299.9374
299.99201
300.00113
300.00063
300.00008
299.99998
299.99998
299.99998
299.99998
299.99999
299.99999
299.99999
299.99999
299.99999
299.99999
299.99999
299.99999
299.99999
299.99998
299.99998
299.99998
299.99998
299.99998
299.99998
299.99998
299.99998
299.99997
299.99997
299.99998
300.00001
300.00003
300.00004
300.00004
343.07062
328.77549
315.60585
306.16233
301.39441
299.92502
299.81125
299.93116
299.98963
300.00081
300.00067
300.00011
299.99998
299.99998
299.99998
299.99998
299.99998
299.99999
299.99999
299.99999
299.99999
299.99999
299.99999
299.99999
299.99998
299.99998
299.99998
299.99998
299.99998
299.99998
299.99998
299.99998
299.99997
299.99997
299.99997
299.99999
300.00001
300.00003
300.00004
300.00004
343.16027
329.05764
316.01049
306.51659
301.58957
299.98552
299.81421
299.92525
299.98707
300.0004
300.0007
300.00013
299.99999
299.99998
299.99998
299.99998
299.99998
299.99998
299.99998
299.99999
299.99999
299.99999
299.99998
299.99998
299.99998
299.99998
299.99998
299.99998
299.99998
299.99998
299.99998
299.99998
299.99997
299.99997
299.99997
299.99999
300.00001
300.00003
300.00004
300.00004
343.24602
329.3275
316.40089
306.8654
301.78823
300.05128
299.81977
299.91979
299.98437
299.99989
300.00072
300.00016
299.99999
299.99998
299.99998
299.99998
299.99998
299.99998
299.99998
299.99998
299.99998
299.99998
299.99998
299.99998
299.99998
299.99998
299.99998
299.99998
299.99998
299.99998
299.99998
299.99998
299.99997
299.99997
299.99998
299.99999
300.00001
300.00003
300.00004
300.00003
343.32815
329.58593
316.77773
307.20858
301.98983
300.12205
299.82799
299.91486
299.98156
299.99929
300.00071
300.00019
300
299.99998
299.99998
299.99998
299.99998
299.99998
299.99998
299.99998
299.99998
299.99998
299.99998
299.99998
299.99998
299.99998
299.99998
299.99998
299.99998
299.99998
299.99998
299.99998
299.99997
299.99997
299.99998
299.99999
300.00001
300.00003
300.00004
300.00003
343.40687
329.83365
317.14162
307.54597
302.19387
300.19757
299.83893
299.91056
299.97866
299.99859
300.00068
300.00021
300.00001
299.99998
299.99998
299.99998
299.99998
299.99998
299.99998
299.99998
299.99998
299.99998
299.99998
299.99998
299.99998
299.99998
299.99998
299.99998
299.99998
299.99998
299.99998
299.99998
299.99997
299.99997
299.99998
299.99999
300.00001
300.00003
300.00004
300.00003
343.4824
330.07133
317.49316
307.87747
302.39988
300.27758
299.85259
299.90697
299.97572
299.9978
300.00062
300.00024
300.00002
299.99998
299.99998
299.99998
299.99998
299.99998
299.99998
299.99998
299.99998
299.99998
299.99998
299.99998
299.99998
299.99998
299.99998
299.99998
299.99998
299.99998
299.99998
299.99998
299.99997
299.99997
299.99998
299.99999
300.00001
300.00003
300.00004
300.00003
343.55492
330.29958
317.83291
308.20299
302.60743
300.36184
299.869
299.90417
299.97277
299.99693
300.00052
300.00026
300.00003
299.99998
299.99998
299.99998
299.99998
299.99998
299.99998
299.99998
299.99998
299.99998
299.99998
299.99998
299.99998
299.99998
299.99998
299.99998
299.99998
299.99998
299.99998
299.99997
299.99997
299.99997
299.99998
299.99999
300.00001
300.00003
300.00004
300.00003
343.62459
330.51894
318.16139
308.52249
302.81612
300.45007
299.88815
299.90222
299.96985
299.99596
300.0004
300.00028
300.00004
299.99998
299.99998
299.99998
299.99998
299.99998
299.99998
299.99998
299.99998
299.99998
299.99998
299.99998
299.99998
299.99998
299.99998
299.99998
299.99998
299.99998
299.99998
299.99997
299.99997
299.99997
299.99998
299.99999
300.00001
300.00003
300.00004
300.00004
343.69155
330.72988
318.47907
308.83593
303.02558
300.54203
299.91002
299.90121
299.96699
299.99492
300.00024
300.00029
300.00005
299.99998
299.99998
299.99998
299.99998
299.99998
299.99998
299.99998
299.99998
299.99998
299.99998
299.99998
299.99998
299.99998
299.99998
299.99998
299.99998
299.99998
299.99998
299.99997
299.99997
299.99997
299.99998
299.99999
300.00002
300.00003
300.00004
300.00004
343.75594
330.93284
318.7864
309.14329
303.23548
300.63746
299.93459
299.90118
299.96423
299.99381
300.00005
300.00029
300.00006
299.99999
299.99998
299.99998
299.99998
299.99998
299.99998
299.99998
299.99998
299.99998
299.99998
299.99998
299.99998
299.99998
299.99998
299.99998
299.99998
299.99998
299.99998
299.99997
299.99997
299.99997
299.99998
299.99999
300.00002
300.00003
300.00004
300.00004
343.81784
331.12821
319.08381
309.44457
303.44549
300.73613
299.96181
299.90219
299.96162
299.99264
299.99982
300.00029
300.00007
299.99999
299.99998
299.99998
299.99998
299.99998
299.99998
299.99998
299.99998
299.99998
299.99998
299.99998
299.99998
299.99998
299.99998
299.99998
299.99998
299.99998
299.99998
299.99997
299.99997
299.99997
299.99998
300
300.00002
300.00003
300.00004
300.00004
343.87738
331.31632
319.37166
309.73977
303.65534
300.83779
299.99164
299.90429
299.95917
299.99142
299.99955
300.00028
300.00008
299.99999
299.99998
299.99998
299.99998
299.99998
299.99998
299.99998
299.99998
299.99998
299.99998
299.99998
299.99998
299.99998
299.99998
299.99998
299.99998
299.99998
299.99997
299.99997
299.99997
299.99997
299.99998
300
300.00002
300.00003
300.00004
300.00004
343.93461
331.49748
319.6503
310.02891
303.86474
300.9422
300.02403
299.90752
299.95695
299.99016
299.99925
300.00026
300.00008
299.99999
299.99998
299.99998
299.99998
299.99998
299.99998
299.99998
299.99998
299.99998
299.99998
299.99998
299.99998
299.99998
299.99998
299.99998
299.99998
299.99998
299.99997
299.99997
299.99997
299.99997
299.99998
300
300.00002
300.00003
300.00004
300.00004
343.98963
331.67197
319.92006
310.31201
304.07345
301.04914
300.05891
299.91192
299.95497
299.98887
299.99891
300.00022
300.00009
300
299.99998
299.99998
299.99998
299.99998
299.99998
299.99998
299.99998
299.99998
299.99998
299.99998
299.99998
299.99998
299.99998
299.99998
299.99998
299.99998
299.99997
299.99997
299.99997
299.99997
299.99998
300
300.00002
300.00003
300.00004
300.00004
344.04248
331.84
320.18123
310.58909
304.28123
301.15837
300.09621
299.91751
299.95327
299.98756
299.99853
300.00018
300.0001
300
299.99998
299.99998
299.99998
299.99998
299.99998
299.99998
299.99998
299.99998
299.99998
299.99998
299.99998
299.99998
299.99998
299.99998
299.99998
299.99998
299.99997
299.99997
299.99997
299.99997
299.99998
300
300.00002
300.00003
300.00004
300.00004
344.09321
332.00179
320.43405
310.86016
304.48785
301.26969
300.13586
299.92432
299.9519
299.98625
299.99812
300.00012
300.0001
300
299.99998
299.99998
299.99998
299.99998
299.99998
299.99998
299.99998
299.99998
299.99998
299.99998
299.99998
299.99998
299.99998
299.99998
299.99998
299.99997
299.99997
299.99997
299.99997
299.99997
299.99998
300
300.00002
300.00003
300.00004
300.00004
344.14186
332.15751
320.67876
311.12524
304.69312
301.38286
300.17779
299.93237
299.95087
299.98496
299.99768
300.00005
300.0001
300.00001
299.99998
299.99998
299.99998
299.99998
299.99998
299.99998
299.99998
299.99998
299.99998
299.99998
299.99998
299.99998
299.99998
299.99998
299.99998
299.99997
299.99997
299.99997
299.99997
299.99997
299.99998
300
300.00002
300.00003
300.00004
300.00004
344.18845
332.3073
320.91557
311.38435
304.89682
301.49769
300.2219
299.94167
299.95022
299.98369
299.99721
299.99996
300.0001
300.00001
299.99998
299.99998
299.99998
299.99998
299.99998
299.99998
299.99998
299.99998
299.99998
299.99998
299.99998
299.99998
299.99998
299.99998
299.99998
299.99997
299.99997
299.99997
299.99997
299.99997
299.99998
300
300.00002
300.00003
300.00004
300.00004
344.233
332.45128
321.14465
311.6375
305.09878
301.61397
300.26811
299.95223
299.94998
299.98246
299.99672
299.99987
300.0001
300.00001
299.99998
299.99998
299.99998
299.99998
299.99998
299.99998
299.99998
299.99998
299.99998
299.99998
299.99998
299.99998
299.99998
299.99998
299.99998
299.99997
299.99997
299.99997
299.99997
299.99997
299.99998
300
300.00002
300.00003
300.00004
300.00004
344.27552
332.58953
321.36615
311.8847
305.29881
301.73149
300.31632
299.96405
299.95017
299.98128
299.9962
299.99975
300.00009
300.00002
299.99998
299.99998
299.99998
299.99998
299.99998
299.99998
299.99998
299.99998
299.99998
299.99998
299.99998
299.99998
299.99998
299.99998
299.99997
299.99997
299.99997
299.99997
299.99997
299.99997
299.99998
300
300.00002
300.00003
300.00004
300.00004
344.31601
332.72211
321.58019
312.12594
305.49674
301.85005
300.36644
299.97713
299.95083
299.98018
299.99566
299.99962
300.00008
300.00002
299.99998
299.99998
299.99998
299.99998
299.99998
299.99998
299.99998
299.99998
299.99998
299.99998
299.99998
299.99998
299.99998
299.99998
299.99997
299.99997
299.99997
299.99997
299.99997
299.99997
299.99999
300
300.00002
300.00003
300.00004
300.00005
344.35444
332.84906
321.78687
312.36122
305.6924
301.96947
300.41837
299.99146
299.95196
299.97916
299.9951
299.99948
300.00006
300.00002
299.99999
299.99998
299.99998
299.99998
299.99998
299.99998
299.99998
299.99998
299.99998
299.99998
299.99998
299.99998
299.99998
299.99998
299.99997
299.99997
299.99997
299.99997
299.99997
299.99997
299.99999
300
300.00002
300.00003
300.00004
300.00005
344.39081
332.97038
321.98624
312.59051
305.88563
302.08955
300.472
300.00702
299.9536
299.97824
299.99454
299.99933
300.00004
300.00002
299.99999
299.99998
299.99998
299.99998
299.99998
299.99998
299.99998
299.99998
299.99998
299.99998
299.99998
299.99998
299.99998
299.99997
299.99997
299.99997
299.99997
299.99997
299.99997
299.99997
299.99999
300
300.00002
300.00003
300.00004
300.00005
344.42508
333.08606
322.17836
312.81379
306.07626
302.21009
300.52724
300.02382
299.95576
299.97743
299.99397
299.99916
300.00002
300.00002
299.99999
299.99998
299.99998
299.99998
299.99998
299.99998
299.99998
299.99998
299.99998
299.99998
299.99998
299.99998
299.99998
299.99997
299.99997
299.99997
299.99997
299.99997
299.99997
299.99997
299.99999
300.00001
300.00002
300.00003
300.00004
300.00005
344.45722
333.19605
322.36322
313.03101
306.26414
302.33092
300.58396
300.04181
299.95846
299.97676
299.9934
299.99897
299.99998
300.00002
299.99999
299.99998
299.99998
299.99998
299.99998
299.99998
299.99998
299.99998
299.99998
299.99998
299.99998
299.99998
299.99998
299.99997
299.99997
299.99997
299.99997
299.99997
299.99997
299.99997
299.99999
300.00001
300.00002
300.00004
300.00004
300.00005
344.48719
333.30029
322.54082
313.24212
306.44909
302.45185
300.64206
300.06098
299.9617
299.97623
299.99284
299.99878
299.99995
300.00002
299.99999
299.99998
299.99998
299.99998
299.99998
299.99998
299.99998
299.99998
299.99998
299.99998
299.99998
299.99998
299.99997
299.99997
299.99997
299.99997
299.99997
299.99997
299.99997
299.99997
299.99999
300.00001
300.00002
300.00004
300.00004
300.00005
344.51496
333.39868
322.7111
313.44705
306.63098
302.57269
300.70143
300.0813
299.96551
299.97585
299.99228
299.99857
299.99991
300.00002
299.99999
299.99998
299.99998
299.99998
299.99998
299.99998
299.99998
299.99998
299.99998
299.99998
299.99998
299.99998
299.99997
299.99997
299.99997
299.99997
299.99997
299.99997
299.99997
299.99998
299.99999
300.00001
300.00002
300.00004
300.00004
300.00005
344.5405
333.49112
322.874
313.64571
306.80962
302.69327
300.76195
300.10274
299.96989
299.97565
299.99174
299.99836
299.99986
300.00001
299.99999
299.99998
299.99998
299.99998
299.99998
299.99998
299.99998
299.99998
299.99998
299.99998
299.99998
299.99997
299.99997
299.99997
299.99997
299.99997
299.99997
299.99997
299.99997
299.99998
299.99999
300.00001
300.00002
300.00004
300.00005
300.00005
344.56377
333.57751
323.02942
313.838
306.98485
302.81339
300.82349
300.12525
299.97485
299.97562
299.99123
299.99813
299.99981
300.00001
299.99999
299.99998
299.99998
299.99998
299.99998
299.99998
299.99998
299.99998
299.99998
299.99998
299.99998
299.99997
299.99997
299.99997
299.99997
299.99997
299.99997
299.99997
299.99997
299.99998
299.99999
300.00001
300.00003
300.00004
300.00005
300.00005
344.58475
333.65771
323.17721
314.0238
307.15651
302.93288
300.88595
300.14879
299.98038
299.97579
299.99075
299.9979
299.99975
300
299.99999
299.99998
299.99998
299.99998
299.99998
299.99998
299.99998
299.99998
299.99998
299.99998
299.99997
299.99997
299.99997
299.99997
299.99997
299.99997
299.99997
299.99997
299.99997
299.99998
299.99999
300.00001
300.00003
300.00004
300.00005
300.00006
344.60342
333.73161
323.31725
314.20297
307.32442
303.05154
300.94919
300.17333
299.98649
299.97617
299.9903
299.99767
299.99969
299.99999
299.99999
299.99998
299.99997
299.99997
299.99998
299.99998
299.99998
299.99998
299.99998
299.99997
299.99997
299.99997
299.99997
299.99997
299.99997
299.99997
299.99997
299.99997
299.99997
299.99998
299.99999
300.00001
300.00003
300.00004
300.00005
300.00006
344.61981
333.79911
323.44936
314.37536
307.4884
303.16921
301.01309
300.19881
299.99319
299.97676
299.98989
299.99743
299.99962
299.99998
299.99999
299.99998
299.99997
299.99997
299.99997
299.99997
299.99998
299.99998
299.99997
299.99997
299.99997
299.99997
299.99997
299.99997
299.99997
299.99997
299.99997
299.99997
299.99997
299.99998
299.99999
300.00001
300.00003
300.00004
300.00005
300.00006
344.63393
333.86013
323.57337
314.54078
307.64825
303.28569
301.07752
300.22518
300.00046
299.97757
299.98953
299.99719
299.99954
299.99997
299.99999
299.99998
299.99997
299.99997
299.99997
299.99997
299.99997
299.99997
299.99997
299.99997
299.99997
299.99997
299.99997
299.99997
299.99997
299.99997
299.99997
299.99997
299.99997
299.99998
299.99999
300.00001
300.00003
300.00004
300.00005
300.00006
344.64584
333.91461
323.6891
314.69907
307.80379
303.40079
301.14234
300.25239
300.00829
299.97861
299.98922
299.99695
299.99946
299.99995
299.99999
299.99998
299.99997
299.99997
299.99997
299.99997
299.99997
299.99997
299.99997
299.99997
299.99997
299.99997
299.99997
299.99997
299.99997
299.99997
299.99997
299.99997
299.99997
299.99998
299.99999
300.00001
300.00003
300.00004
300.00005
300.00006
344.6556
333.96258
323.79638
314.85
307.95482
303.51433
301.20744
300.28037
300.01669
299.97989
299.98897
299.99671
299.99938
299.99993
299.99999
299.99998
299.99997
299.99997
299.99997
299.99997
299.99997
299.99997
299.99997
299.99997
299.99997
299.99997
299.99997
299.99997
299.99997
299.99997
299.99997
299.99997
299.99997
299.99998
299.99999
300.00001
300.00003
300.00004
300.00005
300.00006
344.66333
334.00408
323.89504
314.99338
308.10112
303.62611
301.27267
300.30906
300.02563
299.98141
299.98879
299.99648
299.9993
299.99991
299.99998
299.99998
299.99997
299.99997
299.99997
299.99997
299.99997
299.99997
299.99997
299.99997
299.99997
299.99997
299.99997
299.99997
299.99997
299.99997
299.99997
299.99997
299.99997
299.99998
299.99999
300.00001
300.00003
300.00004
300.00005
300.00006
344.66915
334.03926
323.98499
315.12899
308.24249
303.73595
301.3379
300.33841
300.0351
299.98319
299.98868
299.99626
299.99921
299.99989
299.99998
299.99998
299.99997
299.99997
299.99997
299.99997
299.99997
299.99997
299.99997
299.99997
299.99997
299.99997
299.99997
299.99997
299.99997
299.99997
299.99997
299.99997
299.99997
299.99998
299.99999
300.00001
300.00003
300.00004
300.00005
300.00006
344.67321
334.06832
324.06614
315.25663
308.3787
303.84366
301.40299
300.36833
300.04509
299.98521
299.98864
299.99605
299.99911
299.99987
299.99998
299.99998
299.99997
299.99997
299.99997
299.99997
299.99997
299.99997
299.99997
299.99997
299.99997
299.99997
299.99997
299.99997
299.99997
299.99997
299.99997
299.99997
299.99997
299.99998
299.99999
300.00001
300.00003
300.00004
300.00005
300.00006
344.6757
334.09156
324.13849
315.3761
308.50955
303.94903
301.4678
300.39877
300.05557
299.98749
299.98869
299.99585
299.99902
299.99984
299.99997
299.99998
299.99997
299.99997
299.99997
299.99997
299.99997
299.99997
299.99997
299.99997
299.99997
299.99997
299.99997
299.99997
299.99997
299.99997
299.99997
299.99997
299.99997
299.99998
299.99999
300.00001
300.00003
300.00004
300.00006
300.00006
344.6768
334.10934
324.20212
315.48725
308.63482
304.05189
301.5322
300.42964
300.06653
299.99002
299.98882
299.99566
299.99892
299.99982
299.99997
299.99998
299.99997
299.99997
299.99997
299.99997
299.99997
299.99997
299.99997
299.99997
299.99997
299.99997
299.99997
299.99997
299.99997
299.99997
299.99997
299.99997
299.99997
299.99998
299.99999
300.00001
300.00003
300.00004
300.00006
300.00007
344.67672
334.12211
324.25719
315.58996
308.75432
304.15204
301.59605
300.46089
300.07794
299.9928
299.98904
299.9955
299.99883
299.99979
299.99996
299.99998
299.99997
299.99997
299.99997
299.99997
299.99997
299.99997
299.99997
299.99997
299.99997
299.99997
299.99997
299.99997
299.99997
299.99997
299.99997
299.99997
299.99997
299.99998
299.99999
300.00001
300.00003
300.00004
300.00006
300.00007
344.67568
334.13039
324.30398
315.68415
308.86787
304.24931
301.65921
300.49242
300.08977
299.99583
299.98935
299.99535
299.99873
299.99976
299.99996
299.99998
299.99997
299.99997
299.99997
299.99997
299.99997
299.99997
299.99997
299.99997
299.99997
299.99997
299.99997
299.99997
299.99997
299.99997
299.99997
299.99997
299.99997
299.99998
300
300.00001
300.00003
300.00005
300.00006
300.00007
344.67389
334.13476
324.34287
315.76983
308.97531
304.34354
301.72156
300.52418
300.102
299.99912
299.98976
299.99522
299.99863
299.99972
299.99995
299.99997
299.99997
299.99997
299.99997
299.99997
299.99997
299.99997
299.99997
299.99997
299.99997
299.99997
299.99997
299.99997
299.99997
299.99997
299.99997
299.99997
299.99997
299.99998
300
300.00001
300.00003
300.00005
300.00006
300.00007
344.67156
334.13583
324.37436
315.84709
309.07652
304.43455
301.78296
300.55608
300.11459
300.00264
299.99027
299.99512
299.99854
299.99969
299.99994
299.99997
299.99997
299.99997
299.99997
299.99997
299.99997
299.99997
299.99997
299.99997
299.99997
299.99997
299.99997
299.99997
299.99997
299.99997
299.99997
299.99997
299.99997
299.99998
300
300.00001
300.00003
300.00005
300.00006
300.00007
344.66889
334.13425
324.39905
315.9161
309.17143
304.52222
301.8433
300.58804
300.12753
300.00641
299.99088
299.99505
299.99845
299.99966
299.99993
299.99997
299.99997
299.99997
299.99997
299.99997
299.99997
299.99997
299.99997
299.99997
299.99997
299.99997
299.99997
299.99997
299.99997
299.99997
299.99997
299.99997
299.99997
299.99998
300
300.00001
300.00003
300.00005
300.00006
300.00007
344.66605
334.13066
324.41766
315.97714
309.26001
304.60641
301.90246
300.62001
300.14077
300.01041
299.99159
299.99501
299.99836
299.99962
299.99992
299.99997
299.99997
299.99997
299.99997
299.99997
299.99997
299.99997
299.99997
299.99997
299.99997
299.99997
299.99997
299.99997
299.99997
299.99997
299.99997
299.99997
299.99997
299.99998
300
300.00001
300.00003
300.00005
300.00006
300.00007
344.66319
334.12569
324.43098
316.0306
309.34229
304.68705
301.96034
300.6519
300.15428
300.01463
299.9924
299.99499
299.99828
299.99958
299.99991
299.99997
299.99997
299.99997
299.99997
299.99997
299.99997
299.99997
299.99997
299.99997
299.99997
299.99997
299.99997
299.99997
299.99997
299.99997
299.99996
299.99997
299.99997
299.99998
300
300.00002
300.00003
300.00005
300.00006
300.00007
344.66044
334.11992
324.43987
316.07697
309.41838
304.76407
302.01685
300.68365
300.16804
300.01906
299.99332
299.99501
299.99821
299.99955
299.9999
299.99997
299.99997
299.99997
299.99997
299.99997
299.99997
299.99997
299.99997
299.99997
299.99997
299.99997
299.99997
299.99997
299.99997
299.99997
299.99996
299.99997
299.99997
299.99998
300
300.00002
300.00003
300.00005
300.00006
300.00007
344.65787
334.11386
324.44523
316.11684
309.48844
304.83743
302.07191
300.7152
300.18202
300.02371
299.99435
299.99507
299.99814
299.99951
299.99989
299.99996
299.99997
299.99997
299.99997
299.99997
299.99997
299.99997
299.99997
299.99997
299.99997
299.99997
299.99997
299.99997
299.99997
299.99997
299.99996
299.99997
299.99997
299.99998
300
300.00002
300.00003
300.00005
300.00006
300.00007
344.65554
334.10795
324.44794
316.15088
309.55272
304.90714
302.12545
300.74648
300.19617
300.02855
299.99547
299.99516
299.99807
299.99947
299.99988
299.99996
299.99997
299.99997
299.99997
299.99997
299.99997
299.99997
299.99997
299.99997
299.99997
299.99997
299.99997
299.99997
299.99997
299.99996
299.99996
299.99997
299.99997
299.99998
300
300.00002
300.00003
300.00005
300.00006
300.00007
344.65345
334.10252
324.44888
316.17985
309.61152
304.97325
302.17742
300.77746
300.21047
300.03358
299.9967
299.99528
299.99802
299.99943
299.99987
299.99996
299.99997
299.99997
299.99997
299.99997
299.99997
299.99997
299.99997
299.99997
299.99997
299.99997
299.99997
299.99997
299.99997
299.99996
299.99996
299.99997
299.99997
299.99998
300
300.00002
300.00003
300.00005
300.00006
300.00007
344.65159
334.0978
324.44885
316.20455
309.66524
305.03582
302.2278
300.80807
300.2249
300.03878
299.99803
299.99545
299.99797
299.9994
299.99985
299.99995
299.99997
299.99997
299.99997
299.99997
299.99997
299.99997
299.99997
299.99997
299.99997
299.99997
299.99997
299.99997
299.99997
299.99996
299.99996
299.99997
299.99997
299.99998
300
300.00002
300.00003
300.00005
300.00007
300.00007
344.64991
334.09389
324.44853
316.22578
309.7143
305.09499
302.27657
300.83829
300.23942
300.04415
299.99947
299.99565
299.99794
299.99936
299.99984
299.99995
299.99997
299.99997
299.99997
299.99997
299.99997
299.99997
299.99997
299.99997
299.99997
299.99997
299.99997
299.99997
299.99997
299.99996
299.99996
299.99997
299.99997
299.99998
300
300.00002
300.00004
300.00005
300.00007
300.00007
344.64833
334.09079
324.4485
316.24436
309.75918
305.15091
302.32373
300.86807
300.254
300.04967
300.00099
299.99589
299.99791
299.99933
299.99983
299.99995
299.99997
299.99997
299.99997
299.99997
299.99997
299.99997
299.99997
299.99997
299.99997
299.99997
299.99997
299.99997
299.99996
299.99996
299.99996
299.99997
299.99997
299.99998
300
300.00002
300.00004
300.00005
300.00007
300.00008
344.64677
334.08837
324.44917
316.26104
309.8004
305.20375
302.36929
300.89738
300.26864
300.05534
300.00262
299.99617
299.9979
299.9993
299.99981
299.99994
299.99997
299.99997
299.99997
299.99997
299.99997
299.99997
299.99997
299.99997
299.99997
299.99997
299.99997
299.99997
299.99996
299.99996
299.99996
299.99997
299.99997
299.99998
300
300.00002
300.00004
300.00005
300.00007
300.00008
344.64511
334.08645
324.45079
316.2765
309.83849
305.25373
302.41331
300.92622
300.28329
300.06114
300.00434
299.9965
299.9979
299.99927
299.9998
299.99994
299.99996
299.99997
299.99997
299.99997
299.99997
299.99997
299.99997
299.99997
299.99997
299.99997
299.99997
299.99997
299.99996
299.99996
299.99996
299.99997
299.99997
299.99998
300
300.00002
300.00004
300.00005
300.00007
300.00008
344.64326
334.08474
324.45343
316.29133
309.87395
305.30109
302.45581
300.95455
300.29794
300.06706
300.00615
299.99686
299.99791
299.99924
299.99978
299.99993
299.99996
299.99997
299.99997
299.99997
299.99997
299.99997
299.99997
299.99997
299.99997
299.99997
299.99997
299.99996
299.99996
299.99996
299.99996
299.99997
299.99997
299.99998
300
300.00002
300.00004
300.00005
300.00007
300.00008
344.64111
334.08293
324.45699
316.30599
309.90728
305.34606
302.49687
300.98238
300.31258
300.07309
300.00804
299.99726
299.99793
299.99921
299.99977
299.99993
299.99996
299.99997
299.99997
299.99997
299.99997
299.99997
299.99997
299.99997
299.99997
299.99997
299.99997
299.99996
299.99996
299.99996
299.99996
299.99996
299.99997
299.99998
300
300.00002
300.00004
300.00005
300.00007
300.00008
344.63859
334.08066
324.46124
316.32078
309.93893
305.38889
302.53655
301.00969
300.32718
300.07923
300.01002
299.99771
299.99796
299.99919
299.99976
299.99992
299.99996
299.99997
299.99997
299.99997
299.99997
299.99997
299.99997
299.99997
299.99997
299.99997
299.99997
299.99996
299.99996
299.99996
299.99996
299.99996
299.99997
299.99998
300
300.00002
300.00004
300.00006
300.00007
300.00008
344.63562
334.07759
324.46581
316.33586
309.96928
305.42983
302.57492
301.03649
300.34174
300.08545
300.01208
299.99819
299.99801
299.99917
299.99974
299.99992
299.99996
299.99997
299.99997
299.99997
299.99997
299.99997
299.99997
299.99997
299.99997
299.99997
299.99996
299.99996
299.99996
299.99996
299.99996
299.99996
299.99997
299.99998
300
300.00002
300.00004
300.00006
300.00007
300.00008
344.63215
334.0734
324.47022
316.35123
309.99864
305.46908
302.61206
301.06278
300.35623
300.09176
300.01422
299.99872
299.99808
299.99916
299.99973
299.99991
299.99996
299.99997
299.99997
299.99997
299.99997
299.99997
299.99997
299.99997
299.99997
299.99996
299.99996
299.99996
299.99996
299.99996
299.99996
299.99996
299.99997
299.99998
300
300.00002
300.00004
300.00006
300.00007
300.00008
344.62816
334.06783
324.47396
316.36674
310.02723
305.50687
302.64806
301.08857
300.37065
300.09815
300.01644
299.99928
299.99816
299.99914
299.99972
299.99991
299.99996
299.99996
299.99997
299.99997
299.99997
299.99997
299.99997
299.99997
299.99997
299.99996
299.99996
299.99996
299.99996
299.99996
299.99996
299.99996
299.99997
299.99998
300
300.00002
300.00004
300.00006
300.00007
300.00008
344.62365
334.06066
324.47649
316.38213
310.05517
305.54336
302.68298
301.11387
300.38498
300.1046
300.01872
299.99988
299.99825
299.99914
299.9997
299.9999
299.99995
299.99996
299.99997
299.99997
299.99997
299.99997
299.99997
299.99996
299.99996
299.99996
299.99996
299.99996
299.99996
299.99996
299.99996
299.99996
299.99997
299.99998
300
300.00002
300.00004
300.00006
300.00007
300.00008
344.61865
334.05177
324.4773
316.39702
310.08251
305.57871
302.71691
301.13869
300.39923
300.11111
300.02108
300.00053
299.99836
299.99913
299.99969
299.9999
299.99995
299.99996
299.99996
299.99996
299.99996
299.99996
299.99996
299.99996
299.99996
299.99996
299.99996
299.99996
299.99996
299.99996
299.99996
299.99996
299.99997
299.99998
300
300.00002
300.00004
300.00006
300.00007
300.00008
344.6132
334.04109
324.47592
316.41095
310.1091
305.61287
302.74978
301.16294
300.41331
300.11764
300.02348
300.0012
299.99848
299.99913
299.99968
299.99989
299.99995
299.99996
299.99996
299.99996
299.99996
299.99996
299.99996
299.99996
299.99996
299.99996
299.99996
299.99996
299.99996
299.99996
299.99996
299.99996
299.99997
299.99998
300
300.00002
300.00004
300.00006
300.00007
300.00008
344.60746
334.02876
324.47192
316.42351
310.13527
305.64667
302.78242
301.18726
300.42761
300.12438
300.02602
300.00194
299.99863
299.99914
299.99967
299.99989
299.99995
299.99996
299.99996
299.99996
299.99996
299.99996
299.99996
299.99996
299.99996
299.99996
299.99996
299.99996
299.99996
299.99996
299.99996
299.99996
299.99997
299.99998
300
300.00002
300.00004
300.00006
300.00007
300.00008
344.60122
334.01507
324.46599
316.43373
310.15805
305.67594
302.81061
301.2083
300.44005
300.13029
300.02826
300.0026
299.99876
299.99914
299.99966
299.99988
299.99995
299.99996
299.99996
299.99996
299.99996
299.99996
299.99996
299.99996
299.99996
299.99996
299.99996
299.99996
299.99996
299.99996
299.99996
299.99996
299.99997
299.99998
300
300.00002
300.00004
300.00006
300.00007
300.00008
344.59505
333.99476
324.45087
316.44458
310.19292
305.72326
302.857
301.24355
300.46134
300.14065
300.03233
300.00385
299.99904
299.99917
299.99965
299.99987
299.99994
299.99996
299.99996
299.99996
299.99996
299.99996
299.99996
299.99996
299.99996
299.99996
299.99996
299.99996
299.99996
299.99996
299.99996
299.99996
299.99997
299.99998
300
300.00002
300.00004
300.00006
300.00007
300.00008
)
;

boundaryField
{
    wall
    {
        type            fixedValue;
        value           uniform 350;
    }
    sides
    {
        type            zeroGradient;
    }
    frontAndBack
    {
        type            empty;
    }
    inlet
    {
        type            fixedValue;
        value           uniform 300;
    }
    outlet
    {
        type            zeroGradient;
    }
}


// ************************************************************************* //
