/*--------------------------------*- C++ -*----------------------------------*\
  =========                 |
  \\      /  F ield         | OpenFOAM: The Open Source CFD Toolbox
   \\    /   O peration     | Website:  https://openfoam.org
    \\  /    A nd           | Version:  10
     \\/     M anipulation  |
\*---------------------------------------------------------------------------*/
FoamFile
{
    format      ascii;
    class       volScalarField;
    location    "0.29";
    object      rho;
}
// * * * * * * * * * * * * * * * * * * * * * * * * * * * * * * * * * * * * * //

dimensions      [1 -3 0 0 0 0 0];

internalField   nonuniform List<scalar> 
4000
(
1.1257779
1.1399124
1.1374518
1.1374123
1.1374156
1.1374153
1.1374153
1.1374153
1.1374152
1.1374152
1.1374152
1.1374152
1.1374152
1.1374152
1.1374152
1.1374151
1.1374151
1.1374151
1.1374151
1.1374151
1.1374151
1.1374151
1.1374151
1.1374151
1.1374151
1.1374151
1.1374152
1.1374152
1.1374152
1.1374152
1.1374152
1.1374152
1.1374152
1.1374153
1.1374153
1.1374153
1.1374154
1.1374154
1.1374155
1.1374158
1.1019211
1.1431582
1.1382532
1.1374084
1.1374123
1.1374154
1.1374153
1.1374153
1.1374152
1.1374152
1.1374152
1.1374152
1.1374152
1.1374152
1.1374152
1.1374151
1.1374151
1.1374151
1.1374151
1.1374151
1.1374151
1.1374151
1.1374151
1.1374151
1.1374151
1.1374151
1.1374152
1.1374152
1.1374152
1.1374152
1.1374152
1.1374152
1.1374152
1.1374153
1.1374153
1.1374153
1.1374154
1.1374154
1.1374155
1.1374156
1.07981
1.1424247
1.1397246
1.1375075
1.1373999
1.1374144
1.1374153
1.1374152
1.1374152
1.1374152
1.1374152
1.1374152
1.1374152
1.1374152
1.1374152
1.1374151
1.1374151
1.1374151
1.1374151
1.1374151
1.1374151
1.1374151
1.1374151
1.1374151
1.1374151
1.1374151
1.1374152
1.1374152
1.1374152
1.1374152
1.1374152
1.1374152
1.1374152
1.1374152
1.1374153
1.1374153
1.1374153
1.1374154
1.1374154
1.1374154
1.0605521
1.1379998
1.1412776
1.1378139
1.1373882
1.13741
1.1374152
1.1374153
1.1374152
1.1374152
1.1374152
1.1374152
1.1374152
1.1374152
1.1374151
1.1374151
1.1374151
1.1374151
1.1374151
1.1374151
1.1374151
1.1374151
1.1374151
1.1374151
1.1374151
1.1374151
1.1374151
1.1374152
1.1374152
1.1374152
1.1374152
1.1374152
1.1374152
1.1374152
1.1374153
1.1374153
1.1374153
1.1374154
1.1374154
1.1374152
1.0445501
1.131004
1.1423275
1.1383521
1.1374031
1.1374009
1.1374146
1.1374153
1.1374152
1.1374152
1.1374152
1.1374152
1.1374152
1.1374152
1.1374151
1.1374151
1.1374151
1.1374151
1.1374151
1.1374151
1.1374151
1.1374151
1.1374151
1.1374151
1.1374151
1.1374151
1.1374151
1.1374152
1.1374152
1.1374152
1.1374152
1.1374152
1.1374152
1.1374152
1.1374152
1.1374153
1.1374153
1.1374153
1.1374153
1.1374151
1.0318707
1.1226404
1.1425062
1.1390545
1.1374749
1.1373888
1.1374125
1.1374153
1.1374152
1.1374152
1.1374152
1.1374152
1.1374152
1.1374151
1.1374151
1.1374151
1.1374151
1.1374151
1.1374151
1.1374151
1.1374151
1.1374151
1.1374151
1.1374151
1.1374151
1.1374151
1.1374151
1.1374151
1.1374152
1.1374152
1.1374152
1.1374152
1.1374152
1.1374152
1.1374152
1.1374152
1.1374153
1.1374153
1.1374152
1.1374151
1.0223196
1.1139075
1.1417123
1.139795
1.1376232
1.1373796
1.1374083
1.1374152
1.1374153
1.1374152
1.1374152
1.1374152
1.1374151
1.1374151
1.1374151
1.1374151
1.1374151
1.1374151
1.1374151
1.1374151
1.1374151
1.1374151
1.1374151
1.1374151
1.1374151
1.1374151
1.1374151
1.1374151
1.1374151
1.1374152
1.1374152
1.1374152
1.1374152
1.1374152
1.1374152
1.1374152
1.1374152
1.1374153
1.1374152
1.137415
1.0154815
1.1054857
1.1400456
1.1404422
1.1378485
1.1373814
1.1374021
1.1374146
1.1374153
1.1374152
1.1374152
1.1374151
1.1374151
1.1374151
1.1374151
1.1374151
1.1374151
1.1374151
1.1374151
1.1374151
1.1374151
1.1374151
1.1374151
1.1374151
1.1374151
1.1374151
1.1374151
1.1374151
1.1374151
1.1374151
1.1374152
1.1374152
1.1374152
1.1374152
1.1374152
1.1374152
1.1374152
1.1374152
1.1374151
1.137415
1.0108119
1.0977555
1.1377022
1.1408967
1.1381343
1.1374018
1.1373946
1.1374134
1.1374153
1.1374152
1.1374151
1.1374151
1.1374151
1.1374151
1.1374151
1.1374151
1.1374151
1.1374151
1.1374151
1.1374151
1.1374151
1.1374151
1.1374151
1.1374151
1.1374151
1.1374151
1.1374151
1.1374151
1.1374151
1.1374151
1.1374151
1.1374151
1.1374152
1.1374152
1.1374152
1.1374152
1.1374152
1.1374152
1.1374151
1.1374149
1.0077421
1.0908745
1.1348963
1.141103
1.1384539
1.1374458
1.1373877
1.1374114
1.1374153
1.1374152
1.1374151
1.1374151
1.1374151
1.1374151
1.1374151
1.1374151
1.1374151
1.1374151
1.1374151
1.1374151
1.1374151
1.1374151
1.1374151
1.1374151
1.1374151
1.1374151
1.1374151
1.1374151
1.1374151
1.1374151
1.1374151
1.1374151
1.1374151
1.1374152
1.1374152
1.1374152
1.1374152
1.1374152
1.137415
1.1374149
1.0057606
1.0848571
1.1318173
1.1410438
1.1387781
1.137515
1.1373833
1.1374085
1.1374151
1.1374152
1.1374151
1.1374151
1.1374151
1.1374151
1.1374151
1.1374151
1.1374151
1.1374151
1.1374151
1.1374151
1.1374151
1.1374151
1.1374151
1.1374151
1.1374151
1.1374151
1.1374151
1.1374151
1.1374151
1.1374151
1.1374151
1.1374151
1.1374151
1.1374151
1.1374152
1.1374152
1.1374152
1.1374151
1.137415
1.1374149
1.0044603
1.0796379
1.1286131
1.1407294
1.1390801
1.1376076
1.1373835
1.1374049
1.1374147
1.1374153
1.1374151
1.1374151
1.1374151
1.1374151
1.1374151
1.1374151
1.1374151
1.1374151
1.1374151
1.1374151
1.1374151
1.1374151
1.1374151
1.1374151
1.1374151
1.1374151
1.1374151
1.1374151
1.1374151
1.1374151
1.1374151
1.1374151
1.1374151
1.1374151
1.1374151
1.1374152
1.1374152
1.1374151
1.1374149
1.1374149
1.0035508
1.0751153
1.1253883
1.1401857
1.1393386
1.1377197
1.13739
1.1374012
1.137414
1.1374153
1.1374151
1.1374151
1.1374151
1.1374151
1.1374151
1.1374151
1.1374151
1.1374151
1.1374151
1.1374151
1.1374151
1.1374151
1.1374151
1.1374151
1.1374151
1.1374151
1.1374151
1.1374151
1.1374151
1.1374151
1.1374151
1.1374151
1.1374151
1.1374151
1.1374151
1.1374151
1.1374151
1.1374151
1.1374149
1.1374149
1.0028451
1.0711799
1.1222115
1.1394453
1.1395385
1.1378455
1.137404
1.1373976
1.137413
1.1374152
1.1374152
1.1374151
1.1374151
1.1374151
1.1374151
1.1374151
1.1374151
1.1374151
1.1374151
1.1374151
1.1374151
1.1374151
1.1374151
1.1374151
1.1374151
1.1374151
1.1374151
1.1374151
1.1374151
1.1374151
1.1374151
1.1374151
1.1374151
1.1374151
1.1374151
1.1374151
1.1374151
1.137415
1.1374149
1.1374149
1.0022352
1.0677297
1.1191235
1.1385415
1.1396703
1.1379792
1.1374259
1.1373948
1.1374117
1.1374152
1.1374152
1.1374151
1.1374151
1.1374151
1.1374151
1.1374151
1.1374151
1.1374151
1.1374151
1.1374151
1.1374151
1.1374151
1.1374151
1.1374151
1.1374151
1.1374151
1.1374151
1.1374151
1.1374151
1.1374151
1.1374151
1.1374151
1.1374151
1.1374151
1.1374151
1.1374151
1.1374151
1.137415
1.1374149
1.1374149
1.0016654
1.0646762
1.1161464
1.137505
1.1397293
1.1381146
1.1374558
1.1373933
1.1374102
1.137415
1.1374152
1.1374151
1.1374151
1.1374151
1.1374151
1.1374151
1.1374151
1.1374151
1.1374151
1.1374151
1.1374151
1.1374151
1.1374151
1.1374151
1.1374151
1.1374151
1.1374151
1.1374151
1.1374151
1.1374151
1.1374151
1.1374151
1.1374151
1.1374151
1.1374151
1.1374151
1.1374151
1.137415
1.1374149
1.1374149
1.0011121
1.0619467
1.1132895
1.1363627
1.139714
1.1382463
1.137493
1.1373935
1.1374085
1.1374147
1.1374152
1.1374151
1.1374151
1.1374151
1.1374151
1.1374151
1.1374151
1.1374151
1.1374151
1.1374151
1.1374151
1.1374151
1.1374151
1.1374151
1.1374151
1.1374151
1.1374151
1.1374151
1.1374151
1.1374151
1.1374151
1.1374151
1.1374151
1.1374151
1.1374151
1.1374151
1.1374151
1.137415
1.1374149
1.1374149
1.0005684
1.0594828
1.110555
1.1351377
1.1396255
1.1383692
1.1375368
1.1373959
1.1374068
1.1374144
1.1374152
1.1374151
1.1374151
1.1374151
1.1374151
1.1374151
1.1374151
1.1374151
1.1374151
1.1374151
1.1374151
1.1374151
1.1374151
1.1374151
1.1374151
1.1374151
1.1374151
1.1374151
1.1374151
1.1374151
1.1374151
1.1374151
1.1374151
1.1374151
1.1374151
1.1374151
1.1374151
1.137415
1.1374149
1.1374149
1.0000352
1.057239
1.1079406
1.1338488
1.1394664
1.1384792
1.137586
1.1374008
1.1374053
1.1374139
1.1374152
1.1374151
1.1374151
1.1374151
1.1374151
1.1374151
1.1374151
1.1374151
1.1374151
1.1374151
1.1374151
1.1374151
1.1374151
1.1374151
1.1374151
1.1374151
1.1374151
1.1374151
1.1374151
1.1374151
1.1374151
1.1374151
1.1374151
1.1374151
1.1374151
1.1374151
1.137415
1.1374149
1.1374148
1.1374148
0.99951612
1.0551798
1.1054417
1.132512
1.1392402
1.138573
1.1376393
1.1374082
1.137404
1.1374133
1.1374151
1.1374151
1.1374151
1.1374151
1.1374151
1.1374151
1.1374151
1.1374151
1.137415
1.137415
1.137415
1.137415
1.137415
1.137415
1.137415
1.1374151
1.1374151
1.1374151
1.1374151
1.1374151
1.1374151
1.1374151
1.1374151
1.1374151
1.1374151
1.1374151
1.137415
1.1374149
1.1374148
1.1374148
0.99901492
1.0532779
1.1030529
1.1311401
1.1389512
1.1386477
1.1376954
1.1374183
1.1374031
1.1374127
1.137415
1.1374151
1.1374151
1.137415
1.137415
1.137415
1.137415
1.137415
1.137415
1.137415
1.137415
1.137415
1.137415
1.137415
1.137415
1.137415
1.137415
1.137415
1.137415
1.1374151
1.1374151
1.1374151
1.1374151
1.1374151
1.1374151
1.1374151
1.137415
1.1374149
1.1374148
1.1374148
0.99853436
1.051512
1.1007686
1.1297438
1.1386039
1.1387012
1.1377528
1.1374311
1.1374027
1.137412
1.1374149
1.1374151
1.1374151
1.137415
1.137415
1.137415
1.137415
1.137415
1.137415
1.137415
1.137415
1.137415
1.137415
1.137415
1.137415
1.137415
1.137415
1.137415
1.137415
1.137415
1.137415
1.1374151
1.1374151
1.1374151
1.1374151
1.1374151
1.137415
1.1374149
1.1374148
1.1374148
0.99807608
1.0498653
1.0985833
1.128332
1.1382028
1.138732
1.1378102
1.1374464
1.137403
1.1374113
1.1374148
1.1374151
1.1374151
1.137415
1.137415
1.137415
1.137415
1.137415
1.137415
1.137415
1.137415
1.137415
1.137415
1.137415
1.137415
1.137415
1.137415
1.137415
1.137415
1.137415
1.137415
1.137415
1.1374151
1.1374151
1.1374151
1.1374151
1.137415
1.1374149
1.1374148
1.1374148
0.99764065
1.0483244
1.0964915
1.1269121
1.1377524
1.1387389
1.1378662
1.1374641
1.1374041
1.1374106
1.1374146
1.1374151
1.1374151
1.137415
1.137415
1.137415
1.137415
1.137415
1.137415
1.137415
1.137415
1.137415
1.137415
1.137415
1.137415
1.137415
1.137415
1.137415
1.137415
1.137415
1.137415
1.137415
1.137415
1.1374151
1.1374151
1.1374151
1.137415
1.1374149
1.1374148
1.1374148
0.99722784
1.0468782
1.0944883
1.1254901
1.1372572
1.1387211
1.1379196
1.1374838
1.137406
1.13741
1.1374144
1.1374151
1.1374151
1.137415
1.137415
1.137415
1.137415
1.137415
1.137415
1.137415
1.137415
1.137415
1.137415
1.137415
1.137415
1.137415
1.137415
1.137415
1.137415
1.137415
1.137415
1.137415
1.137415
1.1374151
1.1374151
1.137415
1.137415
1.1374149
1.1374148
1.1374148
0.99683684
1.0455175
1.092569
1.1240712
1.1367214
1.1386784
1.1379692
1.1375055
1.1374088
1.1374095
1.1374141
1.137415
1.137415
1.137415
1.137415
1.137415
1.137415
1.137415
1.137415
1.137415
1.137415
1.137415
1.137415
1.137415
1.137415
1.137415
1.137415
1.137415
1.137415
1.137415
1.137415
1.137415
1.137415
1.1374151
1.1374151
1.137415
1.137415
1.1374149
1.1374148
1.1374148
0.9964665
1.0442345
1.0907291
1.1226595
1.136149
1.1386106
1.1380139
1.1375285
1.1374125
1.1374091
1.1374139
1.137415
1.137415
1.137415
1.137415
1.137415
1.137415
1.137415
1.137415
1.137415
1.137415
1.137415
1.137415
1.137415
1.137415
1.137415
1.137415
1.137415
1.137415
1.137415
1.137415
1.137415
1.137415
1.137415
1.137415
1.137415
1.1374149
1.1374149
1.1374148
1.1374148
0.99611551
1.0430223
1.0889645
1.1212585
1.1355438
1.1385179
1.1380527
1.1375527
1.1374172
1.1374089
1.1374136
1.1374149
1.137415
1.137415
1.137415
1.137415
1.137415
1.137415
1.137415
1.137415
1.137415
1.137415
1.137415
1.137415
1.137415
1.137415
1.137415
1.137415
1.137415
1.137415
1.137415
1.137415
1.137415
1.137415
1.137415
1.137415
1.1374149
1.1374148
1.1374148
1.1374148
0.9957825
1.0418747
1.0872712
1.1198711
1.1349095
1.1384007
1.1380848
1.1375777
1.1374229
1.1374089
1.1374133
1.1374149
1.137415
1.137415
1.137415
1.137415
1.137415
1.137415
1.137415
1.137415
1.137415
1.137415
1.137415
1.137415
1.137415
1.137415
1.137415
1.137415
1.137415
1.137415
1.137415
1.137415
1.137415
1.137415
1.137415
1.137415
1.1374149
1.1374148
1.1374148
1.1374148
0.99546609
1.0407865
1.0856454
1.1184996
1.1342493
1.1382594
1.1381094
1.1376029
1.1374295
1.1374092
1.137413
1.1374148
1.137415
1.137415
1.137415
1.137415
1.137415
1.137415
1.137415
1.137415
1.137415
1.137415
1.137415
1.137415
1.137415
1.137415
1.137415
1.137415
1.137415
1.137415
1.137415
1.137415
1.137415
1.137415
1.137415
1.137415
1.1374149
1.1374148
1.1374148
1.1374148
0.99516501
1.0397527
1.0840835
1.117146
1.1335663
1.1380947
1.1381258
1.1376281
1.137437
1.1374097
1.1374128
1.1374147
1.137415
1.137415
1.137415
1.137415
1.137415
1.137415
1.137415
1.137415
1.137415
1.137415
1.137415
1.137415
1.137415
1.137415
1.137415
1.137415
1.137415
1.137415
1.137415
1.137415
1.137415
1.137415
1.137415
1.137415
1.1374149
1.1374148
1.1374148
1.1374148
0.99487806
1.0387691
1.0825821
1.1158117
1.1328635
1.1379074
1.1381335
1.1376527
1.1374453
1.1374106
1.1374125
1.1374146
1.137415
1.137415
1.137415
1.137415
1.137415
1.137415
1.137415
1.137415
1.137415
1.137415
1.137415
1.137415
1.137415
1.137415
1.137415
1.137415
1.137415
1.137415
1.137415
1.137415
1.137415
1.137415
1.137415
1.137415
1.1374149
1.1374148
1.1374148
1.1374148
0.99460414
1.0378317
1.0811381
1.114498
1.1321435
1.1376983
1.1381319
1.1376765
1.1374543
1.1374118
1.1374124
1.1374145
1.137415
1.137415
1.137415
1.137415
1.137415
1.137415
1.137415
1.137415
1.137415
1.137415
1.137415
1.137415
1.137415
1.137415
1.137415
1.137415
1.137415
1.137415
1.137415
1.137415
1.137415
1.137415
1.137415
1.137415
1.1374149
1.1374148
1.1374148
1.1374148
0.99434227
1.0369371
1.0797484
1.1132057
1.1314087
1.1374683
1.1381207
1.137699
1.1374641
1.1374134
1.1374122
1.1374144
1.137415
1.137415
1.137415
1.137415
1.137415
1.137415
1.137415
1.137415
1.137415
1.137415
1.137415
1.137415
1.137415
1.137415
1.137415
1.137415
1.137415
1.137415
1.137415
1.137415
1.137415
1.137415
1.137415
1.137415
1.1374149
1.1374148
1.1374148
1.1374148
0.99409155
1.036082
1.0784101
1.1119356
1.1306614
1.1372182
1.1380997
1.1377198
1.1374743
1.1374153
1.1374122
1.1374143
1.1374149
1.137415
1.137415
1.137415
1.137415
1.137415
1.137415
1.137415
1.137415
1.137415
1.137415
1.137415
1.137415
1.137415
1.137415
1.137415
1.137415
1.137415
1.137415
1.137415
1.137415
1.137415
1.137415
1.1374149
1.1374149
1.1374148
1.1374148
1.1374148
0.99385119
1.0352637
1.0771204
1.110688
1.1299036
1.1369491
1.1380684
1.1377386
1.1374851
1.1374176
1.1374122
1.1374142
1.1374149
1.137415
1.137415
1.137415
1.137415
1.137415
1.137415
1.137415
1.137415
1.137415
1.137415
1.137415
1.137415
1.137415
1.137415
1.137415
1.137415
1.137415
1.137415
1.137415
1.137415
1.137415
1.137415
1.1374149
1.1374149
1.1374148
1.1374148
1.1374148
0.99362046
1.0344794
1.0758769
1.1094634
1.1291372
1.136662
1.1380269
1.1377551
1.1374961
1.1374202
1.1374123
1.1374141
1.1374149
1.137415
1.137415
1.137415
1.137415
1.137415
1.137415
1.137415
1.137415
1.137415
1.137415
1.137415
1.137415
1.137415
1.137415
1.137415
1.137415
1.137415
1.137415
1.137415
1.137415
1.137415
1.137415
1.1374149
1.1374148
1.1374148
1.1374148
1.1374148
0.99339874
1.033727
1.0746771
1.1082619
1.128364
1.1363577
1.1379749
1.1377689
1.1375073
1.1374233
1.1374125
1.137414
1.1374148
1.137415
1.137415
1.137415
1.137415
1.137415
1.137415
1.137415
1.137415
1.137415
1.137415
1.137415
1.137415
1.137415
1.137415
1.137415
1.137415
1.137415
1.137415
1.137415
1.137415
1.137415
1.137415
1.1374149
1.1374148
1.1374148
1.1374147
1.1374147
0.99318543
1.0330042
1.0735188
1.1070835
1.1275855
1.1360372
1.1379124
1.1377796
1.1375186
1.1374266
1.1374129
1.1374139
1.1374148
1.137415
1.137415
1.137415
1.137415
1.137415
1.137415
1.137415
1.137415
1.137415
1.137415
1.137415
1.137415
1.137415
1.137415
1.137415
1.137415
1.137415
1.137415
1.137415
1.137415
1.137415
1.137415
1.1374149
1.1374148
1.1374148
1.1374147
1.1374147
0.99298003
1.0323093
1.0723998
1.1059282
1.1268031
1.1357016
1.1378394
1.1377871
1.1375298
1.1374303
1.1374133
1.1374138
1.1374147
1.1374149
1.137415
1.137415
1.137415
1.137415
1.137415
1.137415
1.137415
1.137415
1.137415
1.137415
1.137415
1.137415
1.137415
1.137415
1.137415
1.137415
1.137415
1.137415
1.137415
1.137415
1.137415
1.1374149
1.1374148
1.1374148
1.1374147
1.1374147
0.99278206
1.0316404
1.0713182
1.1047958
1.1260182
1.1353517
1.137756
1.1377911
1.1375407
1.1374342
1.1374139
1.1374138
1.1374147
1.1374149
1.137415
1.137415
1.137415
1.1374149
1.1374149
1.1374149
1.1374149
1.1374149
1.1374149
1.1374149
1.137415
1.137415
1.137415
1.137415
1.137415
1.137415
1.137415
1.137415
1.137415
1.137415
1.137415
1.1374149
1.1374148
1.1374148
1.1374147
1.1374147
0.9925911
1.030996
1.0702721
1.1036863
1.1252319
1.1349884
1.1376623
1.1377914
1.1375513
1.1374385
1.1374147
1.1374138
1.1374147
1.1374149
1.137415
1.1374149
1.1374149
1.1374149
1.1374149
1.1374149
1.1374149
1.1374149
1.1374149
1.1374149
1.1374149
1.1374149
1.1374149
1.137415
1.137415
1.137415
1.137415
1.137415
1.137415
1.137415
1.1374149
1.1374149
1.1374148
1.1374147
1.1374147
1.1374147
0.99240677
1.0303748
1.0692599
1.1025993
1.1244452
1.1346127
1.1375583
1.1377876
1.1375614
1.137443
1.1374155
1.1374138
1.1374146
1.1374149
1.1374149
1.1374149
1.1374149
1.1374149
1.1374149
1.1374149
1.1374149
1.1374149
1.1374149
1.1374149
1.1374149
1.1374149
1.1374149
1.1374149
1.137415
1.137415
1.137415
1.137415
1.137415
1.137415
1.1374149
1.1374149
1.1374148
1.1374147
1.1374147
1.1374147
0.99222872
1.0297754
1.0682798
1.1015345
1.1236593
1.1342254
1.1374443
1.1377798
1.1375708
1.1374477
1.1374166
1.1374138
1.1374146
1.1374149
1.1374149
1.1374149
1.1374149
1.1374149
1.1374149
1.1374149
1.1374149
1.1374149
1.1374149
1.1374149
1.1374149
1.1374149
1.1374149
1.1374149
1.1374149
1.137415
1.137415
1.137415
1.137415
1.137415
1.1374149
1.1374149
1.1374148
1.1374147
1.1374147
1.1374147
0.99205664
1.0291966
1.0673304
1.1004918
1.122875
1.1338273
1.1373203
1.1377675
1.1375794
1.1374525
1.1374177
1.1374139
1.1374145
1.1374149
1.1374149
1.1374149
1.1374149
1.1374149
1.1374149
1.1374149
1.1374149
1.1374149
1.1374149
1.1374149
1.1374149
1.1374149
1.1374149
1.1374149
1.1374149
1.1374149
1.137415
1.137415
1.137415
1.137415
1.1374149
1.1374149
1.1374148
1.1374147
1.1374147
1.1374147
0.99189023
1.0286374
1.0664103
1.0994706
1.122093
1.1334193
1.1371866
1.1377509
1.1375871
1.1374575
1.137419
1.137414
1.1374145
1.1374149
1.1374149
1.1374149
1.1374149
1.1374149
1.1374149
1.1374149
1.1374149
1.1374149
1.1374149
1.1374149
1.1374149
1.1374149
1.1374149
1.1374149
1.1374149
1.1374149
1.137415
1.137415
1.137415
1.137415
1.1374149
1.1374149
1.1374148
1.1374147
1.1374147
1.1374147
0.99172923
1.0280967
1.0655182
1.0984707
1.1213141
1.1330021
1.1370435
1.1377296
1.1375937
1.1374625
1.1374205
1.1374142
1.1374145
1.1374148
1.1374149
1.1374149
1.1374149
1.1374149
1.1374149
1.1374149
1.1374149
1.1374149
1.1374149
1.1374149
1.1374149
1.1374149
1.1374149
1.1374149
1.1374149
1.1374149
1.1374149
1.137415
1.137415
1.1374149
1.1374149
1.1374148
1.1374148
1.1374147
1.1374147
1.1374147
0.99157341
1.0275738
1.0646528
1.0974916
1.120539
1.1325766
1.1368912
1.1377036
1.1375992
1.1374676
1.137422
1.1374144
1.1374144
1.1374148
1.1374149
1.1374149
1.1374149
1.1374149
1.1374149
1.1374149
1.1374149
1.1374149
1.1374149
1.1374149
1.1374149
1.1374149
1.1374149
1.1374149
1.1374149
1.1374149
1.1374149
1.137415
1.137415
1.1374149
1.1374149
1.1374148
1.1374148
1.1374147
1.1374147
1.1374147
0.99142255
1.0270678
1.0638131
1.0965331
1.1197682
1.1321433
1.1367298
1.1376728
1.1376033
1.1374726
1.1374237
1.1374146
1.1374144
1.1374148
1.1374149
1.1374149
1.1374149
1.1374149
1.1374149
1.1374149
1.1374149
1.1374149
1.1374149
1.1374149
1.1374149
1.1374149
1.1374149
1.1374149
1.1374149
1.1374149
1.1374149
1.1374149
1.137415
1.1374149
1.1374149
1.1374148
1.1374148
1.1374147
1.1374147
1.1374147
0.99127645
1.0265778
1.062998
1.0955948
1.1190024
1.1317031
1.1365598
1.1376371
1.1376059
1.1374776
1.1374256
1.137415
1.1374144
1.1374148
1.1374149
1.1374149
1.1374149
1.1374149
1.1374149
1.1374149
1.1374149
1.1374149
1.1374149
1.1374149
1.1374149
1.1374149
1.1374149
1.1374149
1.1374149
1.1374149
1.1374149
1.1374149
1.1374149
1.1374149
1.1374149
1.1374148
1.1374147
1.1374147
1.1374147
1.1374147
0.99113492
1.0261034
1.0622065
1.0946762
1.118242
1.1312566
1.1363813
1.1375966
1.1376071
1.1374824
1.1374275
1.1374153
1.1374144
1.1374148
1.1374149
1.1374149
1.1374149
1.1374149
1.1374149
1.1374149
1.1374149
1.1374149
1.1374149
1.1374149
1.1374149
1.1374149
1.1374149
1.1374149
1.1374149
1.1374149
1.1374149
1.1374149
1.1374149
1.1374149
1.1374149
1.1374148
1.1374147
1.1374147
1.1374147
1.1374147
0.99099781
1.0256437
1.0614377
1.093777
1.1174875
1.1308045
1.1361947
1.137551
1.1376065
1.137487
1.1374295
1.1374158
1.1374145
1.1374148
1.1374149
1.1374149
1.1374149
1.1374149
1.1374149
1.1374149
1.1374149
1.1374149
1.1374149
1.1374149
1.1374149
1.1374149
1.1374149
1.1374149
1.1374149
1.1374149
1.1374149
1.1374149
1.1374149
1.1374149
1.1374149
1.1374148
1.1374147
1.1374147
1.1374147
1.1374147
0.99086497
1.0251983
1.0606908
1.0928969
1.1167392
1.1303473
1.1360003
1.1375005
1.1376042
1.1374914
1.1374316
1.1374163
1.1374145
1.1374147
1.1374149
1.1374149
1.1374149
1.1374149
1.1374149
1.1374149
1.1374149
1.1374149
1.1374149
1.1374149
1.1374149
1.1374149
1.1374149
1.1374149
1.1374149
1.1374149
1.1374149
1.1374149
1.1374149
1.1374149
1.1374149
1.1374148
1.1374147
1.1374147
1.1374147
1.1374147
0.99073626
1.0247666
1.059965
1.0920355
1.1159976
1.1298857
1.1357983
1.137445
1.1376
1.1374955
1.1374338
1.1374168
1.1374146
1.1374147
1.1374149
1.1374149
1.1374149
1.1374149
1.1374149
1.1374149
1.1374149
1.1374149
1.1374149
1.1374149
1.1374149
1.1374149
1.1374149
1.1374149
1.1374149
1.1374149
1.1374149
1.1374149
1.1374149
1.1374149
1.1374149
1.1374148
1.1374147
1.1374147
1.1374147
1.1374147
0.99061158
1.0243482
1.0592595
1.0911924
1.1152631
1.1294203
1.1355891
1.1373845
1.1375939
1.1374992
1.137436
1.1374174
1.1374146
1.1374147
1.1374149
1.1374149
1.1374149
1.1374149
1.1374149
1.1374149
1.1374149
1.1374149
1.1374149
1.1374149
1.1374149
1.1374149
1.1374149
1.1374149
1.1374149
1.1374149
1.1374149
1.1374149
1.1374149
1.1374149
1.1374149
1.1374148
1.1374147
1.1374147
1.1374147
1.1374147
0.9904908
1.0239426
1.0585738
1.0903674
1.1145358
1.1289515
1.135373
1.1373191
1.1375857
1.1375025
1.1374383
1.1374181
1.1374147
1.1374147
1.1374149
1.1374149
1.1374149
1.1374149
1.1374149
1.1374149
1.1374149
1.1374149
1.1374149
1.1374149
1.1374149
1.1374149
1.1374149
1.1374149
1.1374149
1.1374149
1.1374149
1.1374149
1.1374149
1.1374149
1.1374149
1.1374148
1.1374147
1.1374147
1.1374147
1.1374146
0.99037385
1.0235494
1.0579072
1.0895602
1.1138162
1.1284799
1.1351502
1.1372487
1.1375755
1.1375053
1.1374405
1.1374188
1.1374148
1.1374147
1.1374148
1.1374149
1.1374149
1.1374149
1.1374149
1.1374149
1.1374149
1.1374149
1.1374149
1.1374149
1.1374149
1.1374149
1.1374149
1.1374149
1.1374149
1.1374149
1.1374149
1.1374149
1.1374149
1.1374149
1.1374148
1.1374148
1.1374147
1.1374147
1.1374147
1.1374146
0.99026066
1.0231683
1.0572592
1.0887703
1.1131044
1.1280061
1.1349212
1.1371734
1.137563
1.1375075
1.1374428
1.1374196
1.137415
1.1374147
1.1374148
1.1374149
1.1374149
1.1374149
1.1374149
1.1374149
1.1374149
1.1374149
1.1374149
1.1374149
1.1374149
1.1374149
1.1374149
1.1374149
1.1374149
1.1374149
1.1374149
1.1374149
1.1374149
1.1374149
1.1374148
1.1374148
1.1374147
1.1374147
1.1374146
1.1374146
0.99015114
1.022799
1.0566292
1.0879977
1.1124008
1.1275305
1.1346863
1.1370933
1.1375483
1.1375092
1.137445
1.1374204
1.1374151
1.1374147
1.1374148
1.1374149
1.1374149
1.1374149
1.1374149
1.1374149
1.1374149
1.1374149
1.1374149
1.1374149
1.1374149
1.1374149
1.1374149
1.1374149
1.1374149
1.1374149
1.1374149
1.1374149
1.1374149
1.1374149
1.1374148
1.1374148
1.1374147
1.1374147
1.1374146
1.1374146
0.99004526
1.0224413
1.0560168
1.087242
1.1117055
1.1270537
1.1344456
1.1370085
1.1375313
1.1375102
1.1374472
1.1374212
1.1374153
1.1374147
1.1374148
1.1374149
1.1374149
1.1374149
1.1374149
1.1374149
1.1374149
1.1374149
1.1374149
1.1374149
1.1374149
1.1374149
1.1374149
1.1374149
1.1374149
1.1374149
1.1374149
1.1374149
1.1374149
1.1374149
1.1374148
1.1374148
1.1374147
1.1374147
1.1374146
1.1374146
0.98994297
1.0220949
1.0554216
1.086503
1.1110189
1.126576
1.1341997
1.1369189
1.137512
1.1375106
1.1374494
1.1374221
1.1374155
1.1374147
1.1374148
1.1374149
1.1374149
1.1374149
1.1374149
1.1374149
1.1374149
1.1374149
1.1374149
1.1374149
1.1374149
1.1374149
1.1374149
1.1374149
1.1374149
1.1374149
1.1374149
1.1374149
1.1374149
1.1374149
1.1374148
1.1374147
1.1374147
1.1374146
1.1374146
1.1374146
0.98984426
1.0217596
1.0548433
1.0857804
1.110341
1.1260978
1.1339487
1.1368247
1.1374903
1.1375102
1.1374514
1.1374231
1.1374158
1.1374148
1.1374148
1.1374149
1.1374149
1.1374149
1.1374149
1.1374149
1.1374149
1.1374149
1.1374149
1.1374149
1.1374149
1.1374149
1.1374149
1.1374149
1.1374149
1.1374149
1.1374149
1.1374149
1.1374149
1.1374149
1.1374148
1.1374147
1.1374147
1.1374146
1.1374146
1.1374146
0.9897491
1.0214352
1.0542815
1.0850742
1.1096722
1.1256198
1.1336931
1.1367261
1.1374661
1.1375089
1.1374533
1.137424
1.137416
1.1374148
1.1374148
1.1374149
1.1374149
1.1374149
1.1374149
1.1374149
1.1374149
1.1374149
1.1374149
1.1374149
1.1374149
1.1374149
1.1374149
1.1374149
1.1374149
1.1374149
1.1374149
1.1374149
1.1374149
1.1374149
1.1374148
1.1374147
1.1374147
1.1374146
1.1374146
1.1374146
0.9896575
1.0211218
1.0537359
1.0843841
1.1090126
1.1251422
1.1334331
1.136623
1.1374396
1.1375069
1.1374551
1.137425
1.1374163
1.1374148
1.1374148
1.1374149
1.1374149
1.1374149
1.1374149
1.1374149
1.1374149
1.1374149
1.1374149
1.1374149
1.1374149
1.1374149
1.1374149
1.1374149
1.1374149
1.1374149
1.1374149
1.1374149
1.1374149
1.1374149
1.1374148
1.1374147
1.1374147
1.1374146
1.1374146
1.1374146
0.98956946
1.0208191
1.0532064
1.08371
1.1083624
1.1246654
1.1331691
1.1365157
1.1374105
1.1375039
1.1374567
1.137426
1.1374166
1.1374149
1.1374148
1.1374148
1.1374149
1.1374149
1.1374149
1.1374149
1.1374149
1.1374149
1.1374149
1.1374149
1.1374149
1.1374149
1.1374149
1.1374149
1.1374149
1.1374149
1.1374149
1.1374149
1.1374149
1.1374149
1.1374148
1.1374147
1.1374147
1.1374146
1.1374146
1.1374146
0.98948501
1.0205272
1.0526927
1.0830518
1.1077219
1.1241899
1.1329014
1.1364041
1.1373789
1.1375001
1.1374581
1.137427
1.1374169
1.1374149
1.1374148
1.1374148
1.1374149
1.1374149
1.1374149
1.1374149
1.1374149
1.1374149
1.1374149
1.1374149
1.1374149
1.1374149
1.1374149
1.1374149
1.1374149
1.1374149
1.1374149
1.1374149
1.1374149
1.1374148
1.1374148
1.1374147
1.1374147
1.1374146
1.1374146
1.1374146
0.98940418
1.020246
1.0521948
1.0824094
1.1070911
1.1237161
1.1326303
1.1362885
1.1373449
1.1374952
1.1374592
1.137428
1.1374172
1.137415
1.1374148
1.1374148
1.1374149
1.1374149
1.1374149
1.1374149
1.1374149
1.1374149
1.1374149
1.1374149
1.1374149
1.1374149
1.1374149
1.1374149
1.1374149
1.1374149
1.1374149
1.1374149
1.1374149
1.1374148
1.1374148
1.1374147
1.1374147
1.1374146
1.1374146
1.1374146
0.989327
1.0199756
1.0517125
1.0817828
1.1064704
1.1232444
1.1323561
1.136169
1.1373084
1.1374893
1.1374602
1.137429
1.1374176
1.1374151
1.1374148
1.1374148
1.1374149
1.1374149
1.1374149
1.1374149
1.1374149
1.1374149
1.1374149
1.1374149
1.1374149
1.1374149
1.1374149
1.1374149
1.1374149
1.1374149
1.1374149
1.1374149
1.1374149
1.1374148
1.1374148
1.1374147
1.1374146
1.1374146
1.1374146
1.1374146
0.98925352
1.019716
1.0512457
1.0811718
1.1058598
1.122775
1.1320792
1.1360458
1.1372693
1.1374824
1.1374609
1.13743
1.137418
1.1374152
1.1374148
1.1374148
1.1374148
1.1374149
1.1374149
1.1374149
1.1374149
1.1374149
1.1374149
1.1374149
1.1374149
1.1374149
1.1374149
1.1374149
1.1374149
1.1374149
1.1374149
1.1374149
1.1374149
1.1374148
1.1374148
1.1374147
1.1374146
1.1374146
1.1374146
1.1374146
0.9891838
1.0194673
1.0507946
1.0805767
1.1052597
1.1223085
1.1317999
1.1359189
1.1372278
1.1374744
1.1374612
1.137431
1.1374184
1.1374153
1.1374148
1.1374148
1.1374148
1.1374149
1.1374149
1.1374149
1.1374148
1.1374149
1.1374149
1.1374149
1.1374149
1.1374149
1.1374149
1.1374149
1.1374149
1.1374149
1.1374149
1.1374149
1.1374149
1.1374148
1.1374148
1.1374147
1.1374146
1.1374146
1.1374146
1.1374145
0.98911789
1.0192297
1.0503591
1.0799973
1.1046703
1.1218451
1.1315185
1.1357886
1.1371839
1.1374653
1.1374613
1.1374319
1.1374188
1.1374154
1.1374148
1.1374148
1.1374148
1.1374148
1.1374148
1.1374148
1.1374148
1.1374148
1.1374148
1.1374148
1.1374148
1.1374149
1.1374149
1.1374149
1.1374149
1.1374149
1.1374149
1.1374149
1.1374149
1.1374148
1.1374148
1.1374147
1.1374146
1.1374146
1.1374146
1.1374145
0.98905584
1.0190033
1.0499393
1.0794337
1.1040917
1.1213853
1.1312353
1.1356549
1.1371375
1.1374551
1.137461
1.1374327
1.1374192
1.1374155
1.1374149
1.1374148
1.1374148
1.1374148
1.1374148
1.1374148
1.1374148
1.1374148
1.1374148
1.1374148
1.1374148
1.1374148
1.1374149
1.1374149
1.1374149
1.1374149
1.1374149
1.1374149
1.1374149
1.1374148
1.1374148
1.1374147
1.1374146
1.1374146
1.1374146
1.1374145
0.98899772
1.0187882
1.0495354
1.0788861
1.1035241
1.1209294
1.1309507
1.1355181
1.1370887
1.1374437
1.1374604
1.1374336
1.1374196
1.1374156
1.1374149
1.1374148
1.1374148
1.1374148
1.1374148
1.1374148
1.1374148
1.1374148
1.1374148
1.1374148
1.1374148
1.1374148
1.1374148
1.1374149
1.1374149
1.1374149
1.1374149
1.1374149
1.1374148
1.1374148
1.1374147
1.1374147
1.1374146
1.1374146
1.1374146
1.1374145
0.98894355
1.0185847
1.0491475
1.0783545
1.102968
1.1204778
1.130665
1.1353784
1.1370375
1.1374312
1.1374594
1.1374343
1.13742
1.1374157
1.1374149
1.1374148
1.1374148
1.1374148
1.1374148
1.1374148
1.1374148
1.1374148
1.1374148
1.1374148
1.1374148
1.1374148
1.1374148
1.1374148
1.1374149
1.1374149
1.1374149
1.1374149
1.1374148
1.1374148
1.1374147
1.1374147
1.1374146
1.1374146
1.1374145
1.1374145
0.98889339
1.0183928
1.0487759
1.0778392
1.1024235
1.1200309
1.1303785
1.1352359
1.1369841
1.1374174
1.137458
1.137435
1.1374205
1.1374159
1.1374149
1.1374148
1.1374148
1.1374148
1.1374148
1.1374148
1.1374148
1.1374148
1.1374148
1.1374148
1.1374148
1.1374148
1.1374148
1.1374148
1.1374149
1.1374149
1.1374149
1.1374149
1.1374148
1.1374148
1.1374147
1.1374147
1.1374146
1.1374146
1.1374145
1.1374145
0.98884726
1.0182128
1.0484207
1.0773404
1.1018908
1.1195889
1.1300916
1.1350908
1.1369283
1.1374024
1.1374561
1.1374355
1.1374209
1.137416
1.1374149
1.1374148
1.1374148
1.1374148
1.1374148
1.1374148
1.1374148
1.1374148
1.1374148
1.1374148
1.1374148
1.1374148
1.1374148
1.1374148
1.1374148
1.1374149
1.1374149
1.1374149
1.1374148
1.1374148
1.1374147
1.1374147
1.1374146
1.1374146
1.1374145
1.1374145
0.98880515
1.0180448
1.0480822
1.0768583
1.1013704
1.1191524
1.1298046
1.1349433
1.1368704
1.1373863
1.1374538
1.137436
1.1374213
1.1374162
1.137415
1.1374148
1.1374148
1.1374148
1.1374148
1.1374148
1.1374148
1.1374148
1.1374148
1.1374148
1.1374148
1.1374148
1.1374148
1.1374148
1.1374148
1.1374148
1.1374149
1.1374148
1.1374148
1.1374148
1.1374147
1.1374147
1.1374146
1.1374146
1.1374145
1.1374145
0.98876706
1.0178889
1.0477606
1.0763932
1.1008625
1.1187216
1.1295178
1.1347936
1.1368103
1.1373689
1.137451
1.1374364
1.1374218
1.1374163
1.137415
1.1374148
1.1374148
1.1374148
1.1374148
1.1374148
1.1374148
1.1374148
1.1374148
1.1374148
1.1374148
1.1374148
1.1374148
1.1374148
1.1374148
1.1374148
1.1374148
1.1374148
1.1374148
1.1374148
1.1374147
1.1374147
1.1374146
1.1374146
1.1374145
1.1374145
0.98873294
1.0177452
1.0474564
1.0759453
1.1003674
1.118297
1.1292316
1.1346419
1.1367481
1.1373503
1.1374478
1.1374366
1.1374222
1.1374165
1.1374151
1.1374148
1.1374148
1.1374148
1.1374148
1.1374148
1.1374148
1.1374148
1.1374148
1.1374148
1.1374148
1.1374148
1.1374148
1.1374148
1.1374148
1.1374148
1.1374148
1.1374148
1.1374148
1.1374148
1.1374147
1.1374147
1.1374146
1.1374145
1.1374145
1.1374145
0.98870272
1.0176138
1.0471696
1.0755151
1.0998855
1.117879
1.1289463
1.1344885
1.136684
1.1373305
1.137444
1.1374367
1.1374226
1.1374167
1.1374151
1.1374148
1.1374148
1.1374148
1.1374148
1.1374148
1.1374148
1.1374148
1.1374148
1.1374148
1.1374148
1.1374148
1.1374148
1.1374148
1.1374148
1.1374148
1.1374148
1.1374148
1.1374148
1.1374148
1.1374147
1.1374146
1.1374146
1.1374145
1.1374145
1.1374145
0.98867631
1.0174945
1.0469006
1.0751028
1.0994172
1.1174679
1.1286623
1.1343334
1.1366179
1.1373094
1.1374398
1.1374367
1.137423
1.1374168
1.1374151
1.1374148
1.1374148
1.1374148
1.1374148
1.1374148
1.1374148
1.1374148
1.1374148
1.1374148
1.1374148
1.1374148
1.1374148
1.1374148
1.1374148
1.1374148
1.1374148
1.1374148
1.1374148
1.1374148
1.1374147
1.1374146
1.1374146
1.1374145
1.1374145
1.1374145
0.98865358
1.0173874
1.0466495
1.0747087
1.0989628
1.1170641
1.1283799
1.1341771
1.13655
1.1372872
1.137435
1.1374365
1.1374233
1.137417
1.1374152
1.1374148
1.1374148
1.1374148
1.1374148
1.1374148
1.1374148
1.1374148
1.1374148
1.1374148
1.1374148
1.1374148
1.1374148
1.1374148
1.1374148
1.1374148
1.1374148
1.1374148
1.1374148
1.1374148
1.1374147
1.1374146
1.1374146
1.1374145
1.1374145
1.1374145
0.98863436
1.0172921
1.0464166
1.0743334
1.0985227
1.1166681
1.1280995
1.1340195
1.1364804
1.1372638
1.1374297
1.1374361
1.1374237
1.1374172
1.1374153
1.1374149
1.1374148
1.1374148
1.1374148
1.1374148
1.1374148
1.1374148
1.1374148
1.1374148
1.1374148
1.1374148
1.1374148
1.1374148
1.1374148
1.1374148
1.1374148
1.1374148
1.1374148
1.1374148
1.1374147
1.1374146
1.1374146
1.1374145
1.1374145
1.1374145
0.98861845
1.0172085
1.0462018
1.073977
1.0980974
1.1162802
1.1278214
1.1338611
1.1364091
1.1372392
1.1374238
1.1374356
1.1374239
1.1374174
1.1374153
1.1374149
1.1374148
1.1374148
1.1374148
1.1374148
1.1374148
1.1374148
1.1374148
1.1374148
1.1374148
1.1374148
1.1374148
1.1374148
1.1374148
1.1374148
1.1374148
1.1374148
1.1374148
1.1374148
1.1374147
1.1374146
1.1374146
1.1374145
1.1374145
1.1374145
0.98860562
1.0171361
1.0460052
1.0736399
1.0976872
1.1159009
1.1275459
1.1337021
1.1363363
1.1372135
1.1374174
1.1374349
1.1374242
1.1374176
1.1374154
1.1374149
1.1374148
1.1374148
1.1374148
1.1374148
1.1374148
1.1374148
1.1374148
1.1374148
1.1374148
1.1374148
1.1374148
1.1374148
1.1374148
1.1374148
1.1374148
1.1374148
1.1374148
1.1374147
1.1374147
1.1374146
1.1374146
1.1374145
1.1374145
1.1374144
0.98859562
1.0170744
1.0458267
1.0733223
1.0972925
1.1155306
1.1272735
1.1335425
1.136262
1.1371867
1.1374104
1.137434
1.1374244
1.1374177
1.1374154
1.1374149
1.1374148
1.1374148
1.1374148
1.1374148
1.1374148
1.1374148
1.1374148
1.1374148
1.1374148
1.1374148
1.1374148
1.1374148
1.1374148
1.1374148
1.1374148
1.1374148
1.1374148
1.1374147
1.1374147
1.1374146
1.1374146
1.1374145
1.1374145
1.1374144
0.98858817
1.0170228
1.0456659
1.0730245
1.0969137
1.1151696
1.1270044
1.1333828
1.1361865
1.1371588
1.1374029
1.1374329
1.1374246
1.1374179
1.1374155
1.1374149
1.1374148
1.1374148
1.1374148
1.1374148
1.1374148
1.1374148
1.1374148
1.1374148
1.1374148
1.1374148
1.1374148
1.1374148
1.1374148
1.1374148
1.1374148
1.1374148
1.1374148
1.1374147
1.1374147
1.1374146
1.1374146
1.1374145
1.1374145
1.1374144
0.98858296
1.0169807
1.0455226
1.0727466
1.0965511
1.1148183
1.1267391
1.1332231
1.1361097
1.1371298
1.1373948
1.1374316
1.1374247
1.1374181
1.1374156
1.1374149
1.1374148
1.1374148
1.1374148
1.1374148
1.1374148
1.1374148
1.1374148
1.1374148
1.1374148
1.1374148
1.1374148
1.1374148
1.1374148
1.1374148
1.1374148
1.1374148
1.1374148
1.1374147
1.1374147
1.1374146
1.1374145
1.1374145
1.1374145
1.1374144
0.98857967
1.0169471
1.0453961
1.0724886
1.0962051
1.1144772
1.1264777
1.1330637
1.1360318
1.1370998
1.1373862
1.13743
1.1374248
1.1374183
1.1374156
1.1374149
1.1374148
1.1374148
1.1374148
1.1374148
1.1374148
1.1374148
1.1374148
1.1374148
1.1374148
1.1374148
1.1374148
1.1374148
1.1374148
1.1374148
1.1374148
1.1374148
1.1374148
1.1374147
1.1374147
1.1374146
1.1374145
1.1374145
1.1374145
1.1374144
0.98857799
1.0169213
1.0452857
1.0722503
1.0958758
1.1141465
1.1262207
1.1329048
1.135953
1.1370688
1.1373769
1.1374283
1.1374248
1.1374184
1.1374157
1.137415
1.1374148
1.1374148
1.1374148
1.1374148
1.1374148
1.1374148
1.1374148
1.1374148
1.1374148
1.1374148
1.1374148
1.1374148
1.1374148
1.1374148
1.1374148
1.1374148
1.1374148
1.1374147
1.1374147
1.1374146
1.1374145
1.1374145
1.1374144
1.1374144
0.98857758
1.0169022
1.0451906
1.0720316
1.0955636
1.1138266
1.1259684
1.1327465
1.1358733
1.1370369
1.1373672
1.1374263
1.1374247
1.1374186
1.1374158
1.137415
1.1374148
1.1374148
1.1374148
1.1374148
1.1374148
1.1374148
1.1374148
1.1374148
1.1374148
1.1374148
1.1374148
1.1374148
1.1374148
1.1374148
1.1374148
1.1374148
1.1374148
1.1374147
1.1374147
1.1374146
1.1374145
1.1374145
1.1374144
1.1374144
0.98857815
1.0168889
1.0451096
1.071832
1.0952684
1.1135178
1.1257211
1.1325892
1.1357929
1.1370041
1.1373568
1.1374241
1.1374246
1.1374187
1.1374159
1.137415
1.1374148
1.1374148
1.1374148
1.1374148
1.1374148
1.1374148
1.1374148
1.1374148
1.1374148
1.1374148
1.1374148
1.1374148
1.1374148
1.1374148
1.1374148
1.1374148
1.1374148
1.1374147
1.1374147
1.1374146
1.1374145
1.1374145
1.1374144
1.1374144
0.98857938
1.0168803
1.0450416
1.0716509
1.0949903
1.1132203
1.1254789
1.1324331
1.1357119
1.1369704
1.137346
1.1374216
1.1374244
1.1374188
1.1374159
1.137415
1.1374148
1.1374148
1.1374148
1.1374148
1.1374148
1.1374148
1.1374148
1.1374148
1.1374148
1.1374148
1.1374148
1.1374148
1.1374148
1.1374148
1.1374148
1.1374148
1.1374148
1.1374147
1.1374147
1.1374146
1.1374145
1.1374145
1.1374144
1.1374144
0.98858102
1.0168754
1.0449851
1.0714875
1.094729
1.1129342
1.1252423
1.1322783
1.1356304
1.1369359
1.1373346
1.1374189
1.1374241
1.1374189
1.137416
1.1374151
1.1374148
1.1374148
1.1374148
1.1374148
1.1374148
1.1374148
1.1374148
1.1374148
1.1374148
1.1374148
1.1374148
1.1374148
1.1374148
1.1374148
1.1374148
1.1374148
1.1374148
1.1374147
1.1374146
1.1374146
1.1374145
1.1374145
1.1374144
1.1374144
0.98858282
1.0168732
1.0449388
1.0713409
1.0944845
1.1126597
1.1250113
1.1321251
1.1355486
1.1369007
1.1373226
1.137416
1.1374237
1.137419
1.1374161
1.1374151
1.1374148
1.1374148
1.1374148
1.1374148
1.1374148
1.1374148
1.1374148
1.1374148
1.1374148
1.1374148
1.1374148
1.1374148
1.1374148
1.1374148
1.1374148
1.1374148
1.1374148
1.1374147
1.1374146
1.1374146
1.1374145
1.1374145
1.1374144
1.1374144
0.98858456
1.0168727
1.044901
1.0712099
1.0942561
1.1123967
1.1247861
1.1319734
1.1354664
1.1368647
1.1373102
1.1374128
1.1374232
1.1374191
1.1374162
1.1374151
1.1374148
1.1374148
1.1374148
1.1374148
1.1374148
1.1374148
1.1374148
1.1374148
1.1374148
1.1374148
1.1374148
1.1374148
1.1374148
1.1374148
1.1374148
1.1374148
1.1374148
1.1374147
1.1374146
1.1374146
1.1374145
1.1374145
1.1374144
1.1374144
0.98858613
1.0168733
1.0448703
1.0710934
1.094044
1.112146
1.1245676
1.1318242
1.1353844
1.1368283
1.1372973
1.1374094
1.1374227
1.1374191
1.1374162
1.1374151
1.1374148
1.1374148
1.1374148
1.1374148
1.1374148
1.1374148
1.1374148
1.1374148
1.1374148
1.1374148
1.1374148
1.1374148
1.1374148
1.1374148
1.1374148
1.1374148
1.1374147
1.1374147
1.1374146
1.1374146
1.1374145
1.1374145
1.1374144
1.1374144
0.98858707
1.0168733
1.0448441
1.0709882
1.0938437
1.1119023
1.1243508
1.1316737
1.1353003
1.1367902
1.1372835
1.1374056
1.1374221
1.1374191
1.1374163
1.1374152
1.1374149
1.1374148
1.1374148
1.1374148
1.1374148
1.1374148
1.1374148
1.1374148
1.1374148
1.1374148
1.1374148
1.1374148
1.1374148
1.1374148
1.1374148
1.1374148
1.1374147
1.1374147
1.1374146
1.1374146
1.1374145
1.1374144
1.1374144
1.1374144
0.98858836
1.0168751
1.0448253
1.0709027
1.0936749
1.1116938
1.1241637
1.131543
1.1352269
1.1367568
1.1372713
1.1374022
1.1374214
1.1374192
1.1374163
1.1374152
1.1374149
1.1374148
1.1374148
1.1374148
1.1374148
1.1374148
1.1374148
1.1374148
1.1374148
1.1374148
1.1374148
1.1374148
1.1374148
1.1374148
1.1374148
1.1374148
1.1374147
1.1374147
1.1374146
1.1374146
1.1374145
1.1374144
1.1374144
1.1374144
0.98858381
1.0168662
1.0447928
1.0707798
1.0934215
1.111365
1.1238573
1.1313222
1.1350993
1.1366969
1.1372486
1.1373955
1.1374201
1.1374191
1.1374164
1.1374152
1.1374149
1.1374148
1.1374148
1.1374148
1.1374148
1.1374148
1.1374148
1.1374148
1.1374148
1.1374148
1.1374148
1.1374148
1.1374148
1.1374148
1.1374148
1.1374148
1.1374147
1.1374147
1.1374146
1.1374146
1.1374145
1.1374144
1.1374144
1.1374144
)
;

boundaryField
{
    wall
    {
        type            calculated;
        value           nonuniform List<scalar> 
100
(
0.97492807
0.97492779
0.97492758
0.97492747
0.9749274
0.97492733
0.97492727
0.97492723
0.9749272
0.97492718
0.97492717
0.97492715
0.97492715
0.97492714
0.97492714
0.97492713
0.97492713
0.97492713
0.97492712
0.97492712
0.97492711
0.97492711
0.97492711
0.9749271
0.9749271
0.97492709
0.97492709
0.97492708
0.97492708
0.97492708
0.97492707
0.97492707
0.97492706
0.97492706
0.97492705
0.97492705
0.97492705
0.97492704
0.97492704
0.97492703
0.97492703
0.97492702
0.97492702
0.97492702
0.97492701
0.97492701
0.974927
0.974927
0.974927
0.97492699
0.97492699
0.97492699
0.97492698
0.97492698
0.97492697
0.97492697
0.97492697
0.97492696
0.97492696
0.97492696
0.97492695
0.97492695
0.97492695
0.97492694
0.97492694
0.97492694
0.97492693
0.97492693
0.97492693
0.97492692
0.97492692
0.97492692
0.97492691
0.97492691
0.97492691
0.9749269
0.9749269
0.9749269
0.97492689
0.97492689
0.97492689
0.97492688
0.97492688
0.97492688
0.97492688
0.97492687
0.97492687
0.97492687
0.97492686
0.97492686
0.97492686
0.97492686
0.97492685
0.97492685
0.97492685
0.97492685
0.97492684
0.97492684
0.97492684
0.97492684
)
;
    }
    sides
    {
        type            calculated;
        value           nonuniform List<scalar> 
100
(
1.1374158
1.1374156
1.1374154
1.1374152
1.1374151
1.1374151
1.137415
1.137415
1.1374149
1.1374149
1.1374149
1.1374149
1.1374149
1.1374149
1.1374149
1.1374149
1.1374149
1.1374149
1.1374148
1.1374148
1.1374148
1.1374148
1.1374148
1.1374148
1.1374148
1.1374148
1.1374148
1.1374148
1.1374148
1.1374148
1.1374148
1.1374148
1.1374148
1.1374148
1.1374148
1.1374148
1.1374148
1.1374147
1.1374147
1.1374147
1.1374147
1.1374147
1.1374147
1.1374147
1.1374147
1.1374147
1.1374147
1.1374147
1.1374147
1.1374147
1.1374147
1.1374147
1.1374147
1.1374147
1.1374147
1.1374146
1.1374146
1.1374146
1.1374146
1.1374146
1.1374146
1.1374146
1.1374146
1.1374146
1.1374146
1.1374146
1.1374146
1.1374146
1.1374146
1.1374145
1.1374145
1.1374145
1.1374145
1.1374145
1.1374145
1.1374145
1.1374145
1.1374145
1.1374145
1.1374145
1.1374145
1.1374145
1.1374145
1.1374145
1.1374144
1.1374144
1.1374144
1.1374144
1.1374144
1.1374144
1.1374144
1.1374144
1.1374144
1.1374144
1.1374144
1.1374144
1.1374144
1.1374144
1.1374144
1.1374144
)
;
    }
    frontAndBack
    {
        type            empty;
    }
    inlet
    {
        type            calculated;
        value           nonuniform List<scalar> 
40
(
1.1374161
1.1374156
1.1374155
1.1374154
1.1374154
1.1374153
1.1374153
1.1374153
1.1374152
1.1374152
1.1374152
1.1374152
1.1374152
1.1374152
1.1374152
1.1374151
1.1374151
1.1374151
1.1374151
1.1374151
1.1374151
1.1374151
1.1374151
1.1374151
1.1374151
1.1374151
1.1374152
1.1374152
1.1374152
1.1374152
1.1374152
1.1374152
1.1374152
1.1374153
1.1374153
1.1374153
1.1374154
1.1374154
1.1374155
1.1374159
)
;
    }
    outlet
    {
        type            calculated;
        value           nonuniform List<scalar> 
40
(
0.98858381
1.0168662
1.0447928
1.0707798
1.0934215
1.111365
1.1238573
1.1313222
1.1350993
1.1366969
1.1372486
1.1373955
1.1374201
1.1374191
1.1374164
1.1374152
1.1374149
1.1374148
1.1374148
1.1374148
1.1374148
1.1374148
1.1374148
1.1374148
1.1374148
1.1374148
1.1374148
1.1374148
1.1374148
1.1374148
1.1374148
1.1374148
1.1374147
1.1374147
1.1374146
1.1374146
1.1374145
1.1374144
1.1374144
1.1374144
)
;
    }
}


// ************************************************************************* //
