/*--------------------------------*- C++ -*----------------------------------*\
  =========                 |
  \\      /  F ield         | OpenFOAM: The Open Source CFD Toolbox
   \\    /   O peration     | Website:  https://openfoam.org
    \\  /    A nd           | Version:  10
     \\/     M anipulation  |
\*---------------------------------------------------------------------------*/
FoamFile
{
    format      ascii;
    class       volScalarField;
    location    "0.29";
    object      T_0;
}
// * * * * * * * * * * * * * * * * * * * * * * * * * * * * * * * * * * * * * //

dimensions      [0 0 0 1 0 0 0];

internalField   nonuniform List<scalar> 
4000
(
303.10136
299.3429
299.99042
300.00082
299.99993
300
300
300
300
300
300
300
300
300
300
300
300
300
300
300
300
300
300
300
300
300
300
300
300
300
300
300
300
300
300
300
300
300
300
300.00001
309.66349
298.49295
299.7792
300.00184
300.0008
299.99999
300
300
300
300
300
300
300
300
300
300
300
300
300
300
300
300
300
300
300
300
300
300
300
300
300
300
300
300
300
300
300
300
299.99999
300.00002
316.00434
298.68456
299.39218
299.97569
300.00406
300.00025
299.99999
300
300
300
300
300
300
300
300
300
300
300
300
300
300
300
300
300
300
300
300
300
300
300
300
300
300
300
300
300
300
299.99999
299.99999
300.00002
321.74245
299.84594
298.98476
299.8949
300.00716
300.00138
300
299.99999
300
300
300
300
300
300
300
300
300
300
300
300
300
300
300
300
300
300
300
300
300
300
300
300
300
300
300
300
299.99999
299.99999
299.99999
300.00003
326.67135
301.70059
298.70994
299.7531
300.00322
300.00379
300.00017
299.99998
300
300
300
300
300
300
300
300
300
300
300
300
300
300
300
300
300
300
300
300
300
300
300
300
300
300
299.99999
299.99999
299.99999
299.99998
299.99999
300.00004
330.68539
303.94824
298.66322
299.56825
299.98426
300.00696
300.00071
299.99996
299.99999
300
300
300
300
300
300
300
300
300
300
300
300
300
300
300
300
300
300
300
300
300
300
300
300
299.99999
299.99999
299.99999
299.99999
299.99998
300
300.00004
333.77483
306.33115
298.87087
299.37362
299.94515
300.00937
300.0018
300
299.99998
300
300
300
300
300
300
300
300
300
300
300
300
300
300
300
300
300
300
300
300
300
300
300
299.99999
299.99999
299.99999
299.99999
299.99998
299.99998
300
300.00004
336.02241
308.6648
299.30781
299.20372
299.88575
300.00889
300.00345
300.00014
299.99996
299.99999
300
300
300
300
300
300
300
300
300
300
300
300
300
300
300
300
300
300
300
300
300
299.99999
299.99999
299.99999
299.99999
299.99999
299.99998
299.99998
300.00001
300.00004
337.57468
310.83835
299.9243
299.0845
299.81044
300.00351
300.00541
300.00045
299.99995
299.99999
299.99999
300
300
300
300
300
300
300
300
300
300
300
300
300
300
300
300
300
300
300
299.99999
299.99999
299.99999
299.99999
299.99999
299.99998
299.99998
299.99998
300.00001
300.00004
338.60301
312.79907
300.66582
299.03044
299.72625
299.9919
300.00724
300.00099
299.99996
299.99998
299.99999
299.99999
300
300
300
300
300
300
300
300
300
300
300
300
300
300
300
300
300
299.99999
299.99999
299.99999
299.99999
299.99999
299.99999
299.99998
299.99998
299.99998
300.00002
300.00004
339.27011
314.53406
301.48373
299.04595
299.64092
299.97366
300.0084
300.00175
300
299.99996
299.99999
299.99999
299.99999
300
300
300
300
300
300
300
300
300
300
300
300
300
300
300
299.99999
299.99999
299.99999
299.99999
299.99999
299.99999
299.99998
299.99998
299.99998
299.99999
300.00002
300.00004
339.70929
316.05459
302.33967
299.12836
299.56148
299.94922
300.00833
300.00267
300.00011
299.99995
299.99999
299.99999
299.99999
299.99999
300
300
300
300
300
300
300
300
300
300
300
300
300
299.99999
299.99999
299.99999
299.99999
299.99999
299.99999
299.99999
299.99998
299.99998
299.99998
299.99999
300.00002
300.00004
340.01717
317.38411
303.20601
299.27099
299.49351
299.91968
300.00661
300.00367
300.00029
299.99995
299.99998
299.99999
299.99999
299.99999
299.99999
300
300
300
300
300
300
300
300
300
300
299.99999
299.99999
299.99999
299.99999
299.99999
299.99999
299.99999
299.99999
299.99999
299.99998
299.99998
299.99998
299.99999
300.00003
300.00004
340.25642
318.55012
304.06435
299.46545
299.44098
299.8865
300.00292
300.0046
300.00055
299.99995
299.99998
299.99999
299.99999
299.99999
299.99999
299.99999
299.99999
300
300
300
300
300
300
300
299.99999
299.99999
299.99999
299.99999
299.99999
299.99999
299.99999
299.99999
299.99999
299.99998
299.99998
299.99998
299.99998
300
300.00003
300.00004
340.4635
319.57948
304.90334
299.70318
299.40633
299.85127
299.99713
300.00534
300.00089
299.99997
299.99997
299.99999
299.99999
299.99999
299.99999
299.99999
299.99999
299.99999
299.99999
299.99999
299.99999
299.99999
299.99999
299.99999
299.99999
299.99999
299.99999
299.99999
299.99999
299.99999
299.99999
299.99999
299.99999
299.99998
299.99998
299.99997
299.99998
300
300.00003
300.00003
340.65716
320.49602
305.71662
299.97628
299.39084
299.81559
299.98926
300.00573
300.00129
300.00001
299.99996
299.99999
299.99999
299.99999
299.99999
299.99999
299.99999
299.99999
299.99999
299.99999
299.99999
299.99999
299.99999
299.99999
299.99999
299.99999
299.99999
299.99999
299.99999
299.99999
299.99999
299.99999
299.99999
299.99998
299.99998
299.99997
299.99998
300
300.00003
300.00003
340.84544
321.3198
306.50112
300.2778
299.39485
299.78092
299.97943
300.00567
300.00172
300.00008
299.99996
299.99998
299.99999
299.99999
299.99999
299.99999
299.99999
299.99999
299.99999
299.99999
299.99999
299.99999
299.99999
299.99999
299.99999
299.99999
299.99999
299.99999
299.99999
299.99999
299.99999
299.99999
299.99998
299.99998
299.99998
299.99997
299.99998
300
300.00003
300.00003
341.03066
322.06704
307.25581
300.60186
299.4181
299.74855
299.96789
300.00503
300.00216
300.00018
299.99996
299.99998
299.99999
299.99999
299.99999
299.99999
299.99999
299.99999
299.99999
299.99999
299.99999
299.99999
299.99999
299.99999
299.99999
299.99999
299.99999
299.99999
299.99999
299.99999
299.99999
299.99999
299.99998
299.99998
299.99998
299.99997
299.99998
300.00001
300.00003
300.00003
341.21249
322.75057
307.98086
300.94355
299.45992
299.71957
299.95491
300.00376
300.00257
300.0003
299.99996
299.99998
299.99999
299.99999
299.99999
299.99999
299.99999
299.99999
299.99999
299.99999
299.99999
299.99999
299.99999
299.99999
299.99999
299.99999
299.99999
299.99999
299.99999
299.99999
299.99999
299.99999
299.99998
299.99998
299.99998
299.99997
299.99998
300.00001
300.00003
300.00003
341.38968
323.38041
308.67706
301.29879
299.51936
299.69488
299.94085
300.0018
300.00291
300.00044
299.99997
299.99998
299.99999
299.99999
299.99999
299.99999
299.99999
299.99999
299.99999
299.99999
299.99999
299.99999
299.99999
299.99999
299.99999
299.99999
299.99999
299.99999
299.99999
299.99999
299.99999
299.99998
299.99998
299.99998
299.99998
299.99997
299.99999
300.00001
300.00003
300.00003
341.56095
323.96434
309.34553
301.66422
299.59535
299.67522
299.92607
299.99913
300.00315
300.00061
299.99999
299.99997
299.99999
299.99999
299.99999
299.99999
299.99999
299.99999
299.99999
299.99999
299.99999
299.99999
299.99999
299.99999
299.99999
299.99999
299.99999
299.99999
299.99999
299.99999
299.99999
299.99998
299.99998
299.99998
299.99997
299.99998
299.99999
300.00001
300.00004
300.00003
341.72533
324.5084
309.98746
302.03705
299.68674
299.66113
299.91093
299.99576
300.00324
300.00079
300.00002
299.99997
299.99998
299.99999
299.99999
299.99999
299.99999
299.99999
299.99999
299.99999
299.99999
299.99999
299.99999
299.99999
299.99999
299.99999
299.99999
299.99999
299.99999
299.99999
299.99999
299.99998
299.99998
299.99998
299.99997
299.99998
299.99999
300.00002
300.00004
300.00003
341.88223
325.01738
310.6041
302.41496
299.79235
299.65303
299.89581
299.99172
300.00316
300.00097
300.00006
299.99997
299.99998
299.99999
299.99999
299.99999
299.99999
299.99999
299.99999
299.99999
299.99999
299.99999
299.99999
299.99999
299.99999
299.99999
299.99999
299.99999
299.99999
299.99999
299.99998
299.99998
299.99998
299.99998
299.99997
299.99998
299.99999
300.00002
300.00004
300.00003
342.03145
325.49512
311.19664
302.796
299.91102
299.65122
299.88104
299.98705
300.00288
300.00115
300.0001
299.99997
299.99998
299.99999
299.99999
299.99999
299.99999
299.99999
299.99999
299.99999
299.99999
299.99999
299.99999
299.99999
299.99999
299.99999
299.99999
299.99999
299.99999
299.99999
299.99998
299.99998
299.99998
299.99998
299.99997
299.99998
299.99999
300.00002
300.00004
300.00004
342.17303
325.94476
311.7662
303.17855
300.04161
299.65588
299.86697
299.98183
300.00238
300.00131
300.00016
299.99998
299.99998
299.99999
299.99999
299.99999
299.99999
299.99999
299.99999
299.99999
299.99999
299.99999
299.99999
299.99999
299.99999
299.99999
299.99999
299.99999
299.99999
299.99998
299.99998
299.99998
299.99998
299.99998
299.99997
299.99998
300
300.00002
300.00004
300.00004
342.30724
326.36894
312.31387
303.56126
300.18304
299.66712
299.8539
299.97613
300.00164
300.00145
300.00022
299.99998
299.99998
299.99999
299.99999
299.99999
299.99999
299.99999
299.99999
299.99999
299.99999
299.99999
299.99999
299.99999
299.99999
299.99999
299.99999
299.99999
299.99999
299.99998
299.99998
299.99998
299.99998
299.99998
299.99997
299.99998
300
300.00002
300.00004
300.00004
342.43445
326.76993
312.84068
303.94297
300.33428
299.68496
299.84212
299.97004
300.00065
300.00155
300.00029
299.99999
299.99998
299.99998
299.99999
299.99999
299.99999
299.99999
299.99999
299.99999
299.99999
299.99999
299.99999
299.99999
299.99999
299.99999
299.99999
299.99999
299.99999
299.99998
299.99998
299.99998
299.99998
299.99998
299.99997
299.99998
300
300.00002
300.00004
300.00004
342.55511
327.14972
313.34762
304.32274
300.49433
299.70936
299.83189
299.96366
299.9994
300.0016
300.00036
300
299.99998
299.99998
299.99999
299.99999
299.99999
299.99999
299.99999
299.99999
299.99999
299.99999
299.99999
299.99999
299.99999
299.99999
299.99999
299.99999
299.99998
299.99998
299.99998
299.99998
299.99998
299.99997
299.99997
299.99998
300
300.00002
300.00004
300.00004
342.66966
327.51004
313.83562
304.69975
300.66229
299.74023
299.82343
299.95709
299.99791
300.00159
300.00043
300.00002
299.99998
299.99998
299.99999
299.99999
299.99999
299.99999
299.99999
299.99999
299.99999
299.99999
299.99999
299.99999
299.99999
299.99999
299.99999
299.99999
299.99998
299.99998
299.99998
299.99998
299.99998
299.99997
299.99997
299.99998
300
300.00003
300.00004
300.00004
342.77857
327.85247
314.3056
305.07336
300.83729
299.77743
299.81695
299.95043
299.99617
300.00152
300.0005
300.00004
299.99998
299.99998
299.99999
299.99999
299.99999
299.99999
299.99999
299.99999
299.99999
299.99999
299.99999
299.99999
299.99999
299.99999
299.99999
299.99998
299.99998
299.99998
299.99998
299.99998
299.99998
299.99997
299.99997
299.99998
300
300.00003
300.00004
300.00004
342.88227
328.17842
314.75843
305.443
301.01853
299.8208
299.81262
299.9438
299.99419
300.00137
300.00057
300.00006
299.99998
299.99998
299.99998
299.99999
299.99999
299.99999
299.99999
299.99999
299.99999
299.99999
299.99999
299.99999
299.99999
299.99999
299.99999
299.99998
299.99998
299.99998
299.99998
299.99998
299.99998
299.99997
299.99997
299.99998
300.00001
300.00003
300.00004
300.00004
342.98116
328.48916
315.19492
305.80824
301.20527
299.87015
299.8106
299.93729
299.99199
300.00114
300.00063
300.00008
299.99998
299.99998
299.99998
299.99999
299.99999
299.99999
299.99999
299.99999
299.99999
299.99999
299.99999
299.99999
299.99999
299.99999
299.99998
299.99998
299.99998
299.99998
299.99998
299.99998
299.99998
299.99997
299.99997
299.99999
300.00001
300.00003
300.00004
300.00004
343.07561
328.78583
315.6159
306.16871
301.39683
299.92527
299.81101
299.93102
299.9896
300.00081
300.00068
300.00011
299.99999
299.99998
299.99998
299.99998
299.99999
299.99999
299.99999
299.99999
299.99999
299.99999
299.99999
299.99999
299.99999
299.99998
299.99998
299.99998
299.99998
299.99998
299.99998
299.99998
299.99998
299.99997
299.99997
299.99999
300.00001
300.00003
300.00004
300.00004
343.16596
329.06948
316.0221
306.52411
301.59256
299.98592
299.81395
299.92509
299.98704
300.0004
300.00071
300.00013
299.99999
299.99998
299.99998
299.99998
299.99998
299.99999
299.99999
299.99999
299.99999
299.99999
299.99999
299.99999
299.99998
299.99998
299.99998
299.99998
299.99998
299.99998
299.99998
299.99998
299.99997
299.99997
299.99998
299.99999
300.00001
300.00003
300.00004
300.00004
343.2525
329.34104
316.41427
306.87424
301.79189
300.05188
299.8195
299.9196
299.98432
299.99989
300.00072
300.00016
300
299.99998
299.99998
299.99998
299.99998
299.99998
299.99998
299.99999
299.99999
299.99999
299.99998
299.99998
299.99998
299.99998
299.99998
299.99998
299.99998
299.99998
299.99998
299.99998
299.99997
299.99997
299.99998
299.99999
300.00001
300.00003
300.00004
300.00004
343.3355
329.60136
316.79309
307.21891
301.99428
300.12289
299.82773
299.91464
299.9815
299.99929
300.00071
300.00019
300
299.99998
299.99998
299.99998
299.99998
299.99998
299.99998
299.99998
299.99998
299.99998
299.99998
299.99998
299.99998
299.99998
299.99998
299.99998
299.99998
299.99998
299.99998
299.99998
299.99997
299.99997
299.99998
299.99999
300.00001
300.00003
300.00004
300.00004
343.41522
329.85121
317.15922
307.558
302.19924
300.19871
299.83868
299.9103
299.97859
299.99859
300.00068
300.00022
300.00001
299.99998
299.99998
299.99998
299.99998
299.99998
299.99998
299.99998
299.99998
299.99998
299.99998
299.99998
299.99998
299.99998
299.99998
299.99998
299.99998
299.99998
299.99998
299.99998
299.99997
299.99997
299.99998
299.99999
300.00001
300.00003
300.00004
300.00004
343.49185
330.09129
317.51328
307.89142
302.40631
300.27909
299.85238
299.90667
299.97563
299.9978
300.00062
300.00024
300.00002
299.99998
299.99998
299.99998
299.99998
299.99998
299.99998
299.99998
299.99998
299.99998
299.99998
299.99998
299.99998
299.99998
299.99998
299.99998
299.99998
299.99998
299.99998
299.99998
299.99997
299.99997
299.99998
299.99999
300.00001
300.00003
300.00004
300.00004
343.56561
330.32221
317.85585
308.21913
302.61509
300.36378
299.86884
299.90383
299.97265
299.99691
300.00053
300.00026
300.00003
299.99998
299.99998
299.99998
299.99998
299.99998
299.99998
299.99998
299.99998
299.99998
299.99998
299.99998
299.99998
299.99998
299.99998
299.99998
299.99998
299.99998
299.99998
299.99998
299.99997
299.99997
299.99998
299.99999
300.00001
300.00003
300.00004
300.00004
343.63666
330.54455
318.18748
308.54108
302.82519
300.45255
299.88807
299.90185
299.9697
299.99594
300.0004
300.00028
300.00004
299.99998
299.99998
299.99998
299.99998
299.99998
299.99998
299.99998
299.99998
299.99998
299.99998
299.99998
299.99998
299.99998
299.99998
299.99998
299.99998
299.99998
299.99998
299.99997
299.99997
299.99997
299.99998
299.99999
300.00002
300.00003
300.00004
300.00004
343.70517
330.75883
318.50868
308.85728
303.03627
300.54514
299.91005
299.90079
299.96681
299.99489
300.00025
300.00029
300.00005
299.99998
299.99998
299.99998
299.99998
299.99998
299.99998
299.99998
299.99998
299.99998
299.99998
299.99998
299.99998
299.99998
299.99998
299.99998
299.99998
299.99998
299.99998
299.99997
299.99997
299.99997
299.99998
299.99999
300.00002
300.00003
300.00004
300.00004
343.77127
330.9655
318.81994
309.16774
303.24801
300.64132
299.93476
299.90073
299.96402
299.99377
300.00005
300.0003
300.00006
299.99999
299.99998
299.99998
299.99998
299.99998
299.99998
299.99998
299.99998
299.99998
299.99998
299.99998
299.99998
299.99998
299.99998
299.99998
299.99998
299.99998
299.99998
299.99997
299.99997
299.99997
299.99998
300
300.00002
300.00003
300.00004
300.00004
343.8351
331.16501
319.12173
309.4725
303.46013
300.74087
299.96217
299.90171
299.96136
299.99259
299.99982
300.00029
300.00007
299.99999
299.99998
299.99998
299.99998
299.99998
299.99998
299.99998
299.99998
299.99998
299.99998
299.99998
299.99998
299.99998
299.99998
299.99998
299.99998
299.99998
299.99998
299.99997
299.99997
299.99997
299.99998
300
300.00002
300.00003
300.00004
300.00004
343.89678
331.35773
319.41445
309.77159
303.67235
300.84356
299.99224
299.90379
299.95888
299.99135
299.99955
300.00028
300.00008
299.99999
299.99998
299.99998
299.99998
299.99998
299.99998
299.99998
299.99998
299.99998
299.99998
299.99998
299.99998
299.99998
299.99998
299.99998
299.99998
299.99998
299.99998
299.99997
299.99997
299.99997
299.99998
300
300.00002
300.00003
300.00004
300.00004
343.95641
331.54402
319.69851
310.06507
303.88445
300.94916
300.02493
299.90701
299.9566
299.99007
299.99924
300.00026
300.00009
299.99999
299.99998
299.99998
299.99998
299.99998
299.99998
299.99998
299.99998
299.99998
299.99998
299.99998
299.99998
299.99998
299.99998
299.99998
299.99998
299.99998
299.99997
299.99997
299.99997
299.99997
299.99998
300
300.00002
300.00003
300.00004
300.00004
344.01409
331.72421
319.97429
310.35301
304.09619
301.05748
300.06019
299.91141
299.95458
299.98875
299.9989
300.00023
300.00009
300
299.99998
299.99998
299.99998
299.99998
299.99998
299.99998
299.99998
299.99998
299.99998
299.99998
299.99998
299.99998
299.99998
299.99998
299.99998
299.99998
299.99997
299.99997
299.99997
299.99997
299.99998
300
300.00002
300.00003
300.00004
300.00004
344.0699
331.89858
320.24212
310.63546
304.30739
301.16831
300.09795
299.91701
299.95283
299.98742
299.99852
300.00018
300.0001
300
299.99998
299.99998
299.99998
299.99998
299.99998
299.99998
299.99998
299.99998
299.99998
299.99998
299.99998
299.99998
299.99998
299.99998
299.99998
299.99998
299.99997
299.99997
299.99997
299.99997
299.99998
300
300.00002
300.00003
300.00004
300.00004
344.12393
332.0674
320.50233
310.9125
304.51784
301.28146
300.13816
299.92387
299.9514
299.98609
299.9981
300.00012
300.0001
300.00001
299.99998
299.99998
299.99998
299.99998
299.99998
299.99998
299.99998
299.99998
299.99998
299.99998
299.99998
299.99998
299.99998
299.99998
299.99998
299.99998
299.99997
299.99997
299.99997
299.99997
299.99998
300
300.00002
300.00003
300.00004
300.00004
344.17626
332.23093
320.75523
311.1842
304.7274
301.39672
300.18075
299.93198
299.95031
299.98476
299.99765
300.00005
300.00011
300.00001
299.99998
299.99998
299.99998
299.99998
299.99998
299.99998
299.99998
299.99998
299.99998
299.99998
299.99998
299.99998
299.99998
299.99998
299.99998
299.99997
299.99997
299.99997
299.99997
299.99997
299.99998
300
300.00002
300.00003
300.00004
300.00004
344.22695
332.38939
321.00109
311.45064
304.93589
301.51393
300.22565
299.94138
299.94961
299.98345
299.99717
299.99997
300.00011
300.00001
299.99998
299.99998
299.99998
299.99998
299.99998
299.99998
299.99998
299.99998
299.99998
299.99998
299.99998
299.99998
299.99998
299.99998
299.99998
299.99997
299.99997
299.99997
299.99997
299.99997
299.99998
300
300.00002
300.00003
300.00004
300.00004
344.27605
332.54299
321.24017
311.7119
305.14319
301.6329
300.27279
299.95207
299.94932
299.98218
299.99666
299.99987
300.0001
300.00002
299.99998
299.99998
299.99998
299.99998
299.99998
299.99998
299.99998
299.99998
299.99998
299.99998
299.99998
299.99998
299.99998
299.99998
299.99998
299.99997
299.99997
299.99997
299.99997
299.99997
299.99998
300
300.00002
300.00003
300.00004
300.00004
344.32363
332.69192
321.47272
311.96806
305.34915
301.75348
300.32209
299.96408
299.94946
299.98096
299.99613
299.99975
300.00009
300.00002
299.99998
299.99998
299.99998
299.99998
299.99998
299.99998
299.99998
299.99998
299.99998
299.99998
299.99998
299.99998
299.99998
299.99998
299.99998
299.99997
299.99997
299.99997
299.99997
299.99997
299.99999
300
300.00002
300.00003
300.00004
300.00004
344.36974
332.83634
321.69897
312.21918
305.55367
301.87548
300.37348
299.9774
299.95007
299.9798
299.99557
299.99962
300.00008
300.00002
299.99998
299.99998
299.99998
299.99998
299.99998
299.99998
299.99998
299.99998
299.99998
299.99998
299.99998
299.99998
299.99998
299.99998
299.99997
299.99997
299.99997
299.99997
299.99997
299.99997
299.99999
300
300.00002
300.00003
300.00004
300.00004
344.41441
332.97641
321.91911
312.46534
305.75663
301.99877
300.42688
299.99203
299.95117
299.97873
299.995
299.99947
300.00007
300.00002
299.99999
299.99998
299.99998
299.99998
299.99998
299.99998
299.99998
299.99998
299.99998
299.99998
299.99998
299.99998
299.99998
299.99998
299.99997
299.99997
299.99997
299.99997
299.99997
299.99997
299.99999
300
300.00002
300.00003
300.00004
300.00004
344.4577
333.11228
322.13334
312.70662
305.95793
302.12318
300.48221
300.00798
299.95278
299.97775
299.99441
299.99931
300.00005
300.00003
299.99999
299.99998
299.99998
299.99998
299.99998
299.99998
299.99998
299.99998
299.99998
299.99998
299.99998
299.99998
299.99998
299.99998
299.99997
299.99997
299.99997
299.99997
299.99997
299.99997
299.99999
300.00001
300.00002
300.00003
300.00004
300.00004
344.49962
333.24407
322.34183
312.94308
306.15747
302.24857
300.53938
300.02524
299.95493
299.97689
299.99381
299.99914
300.00002
300.00003
299.99999
299.99998
299.99998
299.99998
299.99998
299.99998
299.99998
299.99998
299.99998
299.99998
299.99998
299.99998
299.99998
299.99997
299.99997
299.99997
299.99997
299.99997
299.99997
299.99997
299.99999
300.00001
300.00002
300.00003
300.00004
300.00004
344.54022
333.37189
322.54475
313.17478
306.35517
302.37481
300.59833
300.0438
299.95764
299.97615
299.99321
299.99895
299.99999
300.00003
299.99999
299.99998
299.99998
299.99998
299.99998
299.99998
299.99998
299.99998
299.99998
299.99998
299.99998
299.99998
299.99998
299.99997
299.99997
299.99997
299.99997
299.99997
299.99997
299.99997
299.99999
300.00001
300.00002
300.00003
300.00004
300.00004
344.57951
333.49586
322.74224
313.40179
306.55095
302.50175
300.65895
300.06365
299.96092
299.97555
299.99261
299.99875
299.99995
300.00002
299.99999
299.99998
299.99998
299.99998
299.99998
299.99998
299.99998
299.99998
299.99998
299.99998
299.99998
299.99998
299.99998
299.99997
299.99997
299.99997
299.99997
299.99997
299.99997
299.99998
299.99999
300.00001
300.00002
300.00003
300.00004
300.00004
344.61752
333.61604
322.93444
313.62415
306.74471
302.62926
300.72118
300.08478
299.96479
299.97511
299.99202
299.99853
299.99991
300.00002
299.99999
299.99998
299.99998
299.99998
299.99998
299.99998
299.99998
299.99998
299.99998
299.99998
299.99998
299.99998
299.99997
299.99997
299.99997
299.99997
299.99997
299.99997
299.99997
299.99998
299.99999
300.00001
300.00002
300.00003
300.00004
300.00004
344.65426
333.73253
323.12145
313.84193
306.9364
302.75722
300.78493
300.10716
299.96927
299.97484
299.99144
299.9983
299.99986
300.00002
299.99999
299.99998
299.99998
299.99998
299.99998
299.99998
299.99998
299.99998
299.99998
299.99998
299.99998
299.99998
299.99997
299.99997
299.99997
299.99997
299.99997
299.99997
299.99997
299.99998
299.99999
300.00001
300.00002
300.00003
300.00004
300.00004
344.68975
333.84538
323.30338
314.05517
307.12593
302.88551
300.85011
300.13079
299.97436
299.97475
299.99088
299.99806
299.99981
300.00001
299.99999
299.99998
299.99998
299.99998
299.99998
299.99998
299.99998
299.99998
299.99998
299.99998
299.99998
299.99997
299.99997
299.99997
299.99997
299.99997
299.99997
299.99997
299.99997
299.99998
299.99999
300.00001
300.00003
300.00003
300.00004
300.00004
344.72399
333.95464
323.48033
314.2639
307.31324
303.014
300.91664
300.15563
299.98009
299.97486
299.99035
299.99782
299.99974
300
299.99999
299.99998
299.99998
299.99998
299.99998
299.99998
299.99998
299.99998
299.99998
299.99998
299.99997
299.99997
299.99997
299.99997
299.99997
299.99997
299.99997
299.99997
299.99997
299.99998
299.99999
300.00001
300.00003
300.00004
300.00004
300.00005
344.75698
334.06035
323.65238
314.46817
307.49827
303.14258
300.98444
300.18166
299.98645
299.97518
299.98985
299.99756
299.99968
299.99999
299.99999
299.99998
299.99998
299.99998
299.99998
299.99998
299.99998
299.99998
299.99998
299.99998
299.99997
299.99997
299.99997
299.99997
299.99997
299.99997
299.99997
299.99997
299.99997
299.99998
299.99999
300.00001
300.00003
300.00004
300.00004
300.00005
344.78872
334.16255
323.81957
314.66799
307.68094
303.27113
301.05341
300.20886
299.99346
299.97572
299.98938
299.9973
299.9996
299.99998
299.99999
299.99998
299.99998
299.99997
299.99997
299.99998
299.99998
299.99998
299.99998
299.99997
299.99997
299.99997
299.99997
299.99997
299.99997
299.99997
299.99997
299.99997
299.99997
299.99998
299.99999
300.00001
300.00003
300.00004
300.00004
300.00005
344.81922
334.26124
323.98198
314.86339
307.86119
303.39954
301.12349
300.2372
300.00112
299.9765
299.98896
299.99704
299.99953
299.99997
299.99999
299.99998
299.99997
299.99997
299.99997
299.99997
299.99997
299.99997
299.99997
299.99997
299.99997
299.99997
299.99997
299.99997
299.99997
299.99997
299.99997
299.99997
299.99997
299.99998
299.99999
300.00001
300.00003
300.00004
300.00004
300.00005
344.84845
334.35643
324.13962
315.05437
308.03896
303.52771
301.19457
300.26663
300.00943
299.97752
299.98859
299.99677
299.99944
299.99995
299.99999
299.99998
299.99997
299.99997
299.99997
299.99997
299.99997
299.99997
299.99997
299.99997
299.99997
299.99997
299.99997
299.99997
299.99997
299.99997
299.99997
299.99997
299.99997
299.99998
299.99999
300.00001
300.00003
300.00004
300.00004
300.00005
344.87641
334.44811
324.29253
315.24096
308.21418
303.65552
301.26658
300.29715
300.01841
299.9788
299.98828
299.9965
299.99935
299.99994
299.99999
299.99998
299.99997
299.99997
299.99997
299.99997
299.99997
299.99997
299.99997
299.99997
299.99997
299.99997
299.99997
299.99997
299.99997
299.99997
299.99997
299.99997
299.99997
299.99998
299.99999
300.00001
300.00003
300.00004
300.00004
300.00005
344.90308
334.53627
324.44072
315.42314
308.38679
303.78286
301.33943
300.32869
300.02803
299.98034
299.98803
299.99624
299.99925
299.99992
299.99999
299.99998
299.99997
299.99997
299.99997
299.99997
299.99997
299.99997
299.99997
299.99997
299.99997
299.99997
299.99997
299.99997
299.99997
299.99997
299.99997
299.99997
299.99997
299.99998
299.99999
300.00001
300.00003
300.00004
300.00004
300.00005
344.92844
334.62086
324.58419
315.60089
308.55671
303.90964
301.41304
300.36124
300.03832
299.98216
299.98785
299.99598
299.99915
299.99989
299.99998
299.99998
299.99997
299.99997
299.99997
299.99997
299.99997
299.99997
299.99997
299.99997
299.99997
299.99997
299.99997
299.99997
299.99997
299.99997
299.99997
299.99997
299.99997
299.99998
299.99999
300.00001
300.00003
300.00004
300.00005
300.00005
344.95247
334.70187
324.7229
315.77421
308.72388
304.03575
301.48731
300.39474
300.04926
299.98427
299.98775
299.99573
299.99905
299.99987
299.99998
299.99998
299.99997
299.99997
299.99997
299.99997
299.99997
299.99997
299.99997
299.99997
299.99997
299.99997
299.99997
299.99997
299.99997
299.99997
299.99997
299.99997
299.99997
299.99998
299.99999
300.00001
300.00003
300.00004
300.00005
300.00005
344.97516
334.77923
324.85685
315.94307
308.88822
304.16108
301.56216
300.42916
300.06084
299.98667
299.98773
299.99549
299.99894
299.99984
299.99998
299.99998
299.99997
299.99997
299.99997
299.99997
299.99997
299.99997
299.99997
299.99997
299.99997
299.99997
299.99997
299.99997
299.99997
299.99997
299.99997
299.99997
299.99997
299.99998
300
300.00001
300.00003
300.00004
300.00005
300.00005
344.99649
334.85289
324.98597
316.10741
309.04967
304.28553
301.63751
300.46446
300.07306
299.98936
299.9878
299.99526
299.99883
299.99981
299.99997
299.99998
299.99997
299.99997
299.99997
299.99997
299.99997
299.99997
299.99997
299.99997
299.99997
299.99997
299.99997
299.99997
299.99997
299.99997
299.99997
299.99997
299.99997
299.99998
300
300.00001
300.00003
300.00004
300.00005
300.00005
345.01642
334.9228
325.11022
316.26721
309.20813
304.409
301.71326
300.50058
300.08592
299.99236
299.98797
299.99504
299.99872
299.99978
299.99996
299.99998
299.99997
299.99997
299.99997
299.99997
299.99997
299.99997
299.99997
299.99997
299.99997
299.99997
299.99997
299.99997
299.99997
299.99997
299.99997
299.99997
299.99997
299.99998
300
300.00001
300.00003
300.00004
300.00005
300.00006
345.03496
334.98888
325.22953
316.42238
309.36354
304.53138
301.78933
300.5375
300.0994
299.99567
299.98824
299.99484
299.9986
299.99974
299.99996
299.99998
299.99997
299.99997
299.99997
299.99997
299.99997
299.99997
299.99997
299.99997
299.99997
299.99997
299.99997
299.99997
299.99997
299.99997
299.99997
299.99997
299.99997
299.99998
300
300.00001
300.00003
300.00004
300.00005
300.00006
345.05208
335.05109
325.34382
316.57288
309.5158
304.65256
301.86563
300.57514
300.11349
299.99929
299.98861
299.99467
299.99849
299.9997
299.99995
299.99998
299.99997
299.99997
299.99997
299.99997
299.99997
299.99997
299.99997
299.99997
299.99997
299.99997
299.99997
299.99997
299.99997
299.99997
299.99997
299.99997
299.99997
299.99998
300
300.00001
300.00003
300.00004
300.00005
300.00006
345.06779
335.10936
325.45301
316.71861
309.66482
304.77244
301.94207
300.61348
300.12817
300.00323
299.9891
299.99452
299.99837
299.99966
299.99994
299.99997
299.99997
299.99997
299.99997
299.99997
299.99997
299.99997
299.99997
299.99997
299.99997
299.99997
299.99997
299.99997
299.99997
299.99997
299.99997
299.99997
299.99997
299.99998
300
300.00001
300.00003
300.00004
300.00005
300.00006
345.08207
335.16364
325.557
316.8595
309.8105
304.89092
302.01856
300.65245
300.14343
300.00749
299.98971
299.99439
299.99826
299.99962
299.99993
299.99997
299.99997
299.99997
299.99997
299.99997
299.99997
299.99997
299.99997
299.99997
299.99997
299.99997
299.99997
299.99997
299.99997
299.99997
299.99997
299.99997
299.99997
299.99998
300
300.00002
300.00003
300.00004
300.00005
300.00006
345.09494
335.21389
325.65569
316.99544
309.95275
305.00788
302.095
300.692
300.15926
300.01206
299.99044
299.9943
299.99814
299.99958
299.99992
299.99997
299.99997
299.99997
299.99997
299.99997
299.99997
299.99997
299.99997
299.99997
299.99997
299.99997
299.99997
299.99997
299.99997
299.99997
299.99997
299.99997
299.99997
299.99998
300
300.00002
300.00003
300.00004
300.00005
300.00006
345.10642
335.26008
325.749
317.12633
310.09146
305.12322
302.1713
300.73208
300.17563
300.01696
299.99129
299.99423
299.99803
299.99953
299.99991
299.99997
299.99997
299.99997
299.99997
299.99997
299.99997
299.99997
299.99997
299.99997
299.99997
299.99997
299.99997
299.99997
299.99997
299.99997
299.99997
299.99997
299.99997
299.99998
300
300.00002
300.00003
300.00004
300.00005
300.00006
345.11653
335.30221
325.83684
317.25205
310.22652
305.23682
302.24738
300.77263
300.19253
300.02218
299.99228
299.9942
299.99793
299.99949
299.9999
299.99997
299.99997
299.99997
299.99997
299.99997
299.99997
299.99997
299.99997
299.99997
299.99997
299.99997
299.99997
299.99997
299.99997
299.99997
299.99996
299.99997
299.99997
299.99998
300
300.00002
300.00003
300.00004
300.00005
300.00006
345.12531
335.34029
325.91911
317.3725
310.3578
305.34856
302.32313
300.8136
300.20993
300.02771
299.9934
299.99421
299.99783
299.99944
299.99988
299.99996
299.99997
299.99997
299.99997
299.99997
299.99997
299.99997
299.99997
299.99997
299.99997
299.99997
299.99997
299.99997
299.99997
299.99997
299.99996
299.99997
299.99997
299.99998
300
300.00002
300.00003
300.00004
300.00005
300.00006
345.13282
335.37437
325.99575
317.48755
310.4852
305.45835
302.39847
300.85492
300.22781
300.03356
299.99466
299.99426
299.99773
299.99939
299.99987
299.99996
299.99997
299.99997
299.99997
299.99997
299.99997
299.99997
299.99997
299.99997
299.99997
299.99997
299.99997
299.99997
299.99997
299.99997
299.99996
299.99997
299.99997
299.99998
300
300.00002
300.00003
300.00004
300.00005
300.00006
345.13911
335.40451
326.06672
317.59708
310.60859
305.56605
302.47329
300.89654
300.24614
300.03971
299.99606
299.99436
299.99764
299.99934
299.99985
299.99996
299.99997
299.99997
299.99997
299.99997
299.99997
299.99997
299.99997
299.99997
299.99997
299.99997
299.99997
299.99997
299.99997
299.99996
299.99996
299.99997
299.99997
299.99998
300
300.00002
300.00003
300.00004
300.00006
300.00006
345.14426
335.43084
326.13198
317.701
310.72784
305.67155
302.5475
300.9384
300.2649
300.04618
299.9976
299.9945
299.99757
299.99929
299.99984
299.99995
299.99997
299.99997
299.99997
299.99997
299.99997
299.99997
299.99997
299.99997
299.99997
299.99997
299.99997
299.99997
299.99997
299.99996
299.99996
299.99997
299.99997
299.99998
300
300.00002
300.00003
300.00005
300.00006
300.00006
345.14835
335.45348
326.19155
317.79919
310.84283
305.77473
302.621
300.98043
300.28407
300.05294
299.99929
299.99468
299.9975
299.99924
299.99982
299.99995
299.99997
299.99997
299.99997
299.99997
299.99997
299.99997
299.99997
299.99997
299.99997
299.99997
299.99997
299.99997
299.99997
299.99996
299.99996
299.99997
299.99997
299.99998
300
300.00002
300.00003
300.00005
300.00006
300.00006
345.15148
335.47261
326.24548
317.89158
310.95345
305.87548
302.69371
301.02258
300.3036
300.05999
300.00112
299.99492
299.99744
299.9992
299.9998
299.99995
299.99997
299.99997
299.99997
299.99997
299.99997
299.99997
299.99997
299.99997
299.99997
299.99997
299.99997
299.99997
299.99997
299.99996
299.99996
299.99997
299.99997
299.99998
300
300.00002
300.00003
300.00005
300.00006
300.00006
345.15376
335.48845
326.29385
317.97809
311.05956
305.97369
302.76552
301.06478
300.32349
300.06733
300.0031
299.99522
299.9974
299.99915
299.99979
299.99994
299.99997
299.99997
299.99997
299.99997
299.99997
299.99997
299.99997
299.99997
299.99997
299.99997
299.99997
299.99997
299.99997
299.99996
299.99996
299.99997
299.99997
299.99999
300
300.00002
300.00003
300.00005
300.00006
300.00007
345.15528
335.50125
326.3368
318.05869
311.16108
306.06923
302.83634
301.10696
300.34368
300.07495
300.00523
299.99556
299.99737
299.9991
299.99977
299.99994
299.99997
299.99997
299.99997
299.99997
299.99997
299.99997
299.99997
299.99997
299.99997
299.99997
299.99997
299.99997
299.99996
299.99996
299.99996
299.99997
299.99997
299.99999
300
300.00002
300.00003
300.00005
300.00006
300.00007
345.15616
335.51129
326.37453
318.13339
311.2579
306.16201
302.90608
301.14907
300.36416
300.08283
300.0075
299.99597
299.99735
299.99906
299.99975
299.99993
299.99996
299.99997
299.99997
299.99997
299.99997
299.99997
299.99997
299.99997
299.99997
299.99997
299.99997
299.99997
299.99996
299.99996
299.99996
299.99997
299.99997
299.99999
300
300.00002
300.00003
300.00005
300.00006
300.00007
345.15652
335.51887
326.40727
318.20222
311.34996
306.25192
302.97465
301.19105
300.38488
300.09097
300.00992
299.99643
299.99735
299.99902
299.99973
299.99992
299.99996
299.99997
299.99997
299.99997
299.99997
299.99997
299.99997
299.99997
299.99997
299.99997
299.99997
299.99997
299.99996
299.99996
299.99996
299.99997
299.99997
299.99999
300
300.00002
300.00004
300.00005
300.00006
300.00007
345.15648
335.52431
326.43532
318.26527
311.43719
306.33888
303.04196
301.23283
300.40583
300.09935
300.01249
299.99695
299.99737
299.99898
299.99971
299.99992
299.99996
299.99997
299.99997
299.99997
299.99997
299.99997
299.99997
299.99997
299.99997
299.99997
299.99997
299.99997
299.99996
299.99996
299.99996
299.99997
299.99997
299.99999
300
300.00002
300.00004
300.00005
300.00006
300.00007
345.15613
335.52797
326.45904
318.32267
311.51958
306.4228
303.10795
301.27436
300.42696
300.10796
300.0152
299.99753
299.9974
299.99894
299.99969
299.99991
299.99996
299.99997
299.99997
299.99997
299.99997
299.99997
299.99997
299.99997
299.99997
299.99997
299.99997
299.99996
299.99996
299.99996
299.99996
299.99997
299.99997
299.99999
300
300.00002
300.00004
300.00005
300.00006
300.00007
345.15558
335.53018
326.47884
318.37462
311.59713
306.50363
303.17253
301.31557
300.44825
300.1168
300.01805
299.99818
299.99746
299.99891
299.99967
299.9999
299.99996
299.99997
299.99997
299.99997
299.99997
299.99997
299.99997
299.99997
299.99997
299.99997
299.99997
299.99996
299.99996
299.99996
299.99996
299.99997
299.99997
299.99999
300
300.00002
300.00004
300.00005
300.00006
300.00007
345.15493
335.53129
326.49515
318.42136
311.66989
306.58131
303.23564
301.35643
300.46966
300.12585
300.02105
299.99889
299.99753
299.99888
299.99965
299.9999
299.99996
299.99997
299.99997
299.99997
299.99997
299.99997
299.99997
299.99997
299.99997
299.99997
299.99997
299.99996
299.99996
299.99996
299.99996
299.99997
299.99997
299.99999
300
300.00002
300.00004
300.00005
300.00006
300.00007
345.15425
335.53162
326.50844
318.4632
311.73793
306.65581
303.29722
301.39687
300.49116
300.13509
300.02418
299.99966
299.99763
299.99886
299.99963
299.99989
299.99995
299.99997
299.99997
299.99997
299.99997
299.99997
299.99997
299.99997
299.99997
299.99997
299.99997
299.99996
299.99996
299.99996
299.99996
299.99997
299.99997
299.99999
300
300.00002
300.00004
300.00005
300.00006
300.00007
345.15361
335.53149
326.51924
318.50053
311.80142
306.72718
303.35726
301.43689
300.51275
300.14452
300.02745
300.0005
299.99775
299.99884
299.99961
299.99988
299.99995
299.99997
299.99997
299.99997
299.99997
299.99997
299.99997
299.99997
299.99997
299.99997
299.99996
299.99996
299.99996
299.99996
299.99996
299.99997
299.99997
299.99999
300
300.00002
300.00004
300.00005
300.00006
300.00007
345.15304
335.53112
326.52798
318.53365
311.86034
306.79517
303.41548
301.47623
300.53427
300.15407
300.03082
300.00139
299.99789
299.99883
299.99959
299.99987
299.99995
299.99996
299.99997
299.99997
299.99997
299.99997
299.99997
299.99997
299.99997
299.99997
299.99996
299.99996
299.99996
299.99996
299.99996
299.99997
299.99997
299.99999
300
300.00002
300.00004
300.00005
300.00006
300.00007
345.15272
335.53101
326.53547
318.56355
311.91593
306.86124
303.47326
301.51595
300.55635
300.16405
300.03444
300.00239
299.99806
299.99882
299.99957
299.99987
299.99995
299.99996
299.99997
299.99997
299.99997
299.99997
299.99997
299.99997
299.99997
299.99997
299.99996
299.99996
299.99996
299.99996
299.99996
299.99997
299.99997
299.99999
300
300.00002
300.00004
300.00005
300.00006
300.00007
345.15227
335.53039
326.54086
318.58784
311.96273
306.91776
303.5231
301.55042
300.57563
300.17283
300.03764
300.00328
299.99822
299.99882
299.99956
299.99986
299.99994
299.99996
299.99997
299.99997
299.99997
299.99997
299.99997
299.99997
299.99997
299.99996
299.99996
299.99996
299.99996
299.99996
299.99996
299.99997
299.99997
299.99999
300
300.00002
300.00004
300.00005
300.00007
300.00007
345.15387
335.53333
326.55058
318.62291
312.03305
307.00686
303.60473
301.60864
300.60911
300.18852
300.04359
300.00504
299.99857
299.99883
299.99953
299.99985
299.99994
299.99996
299.99997
299.99997
299.99997
299.99997
299.99997
299.99997
299.99997
299.99996
299.99996
299.99996
299.99996
299.99996
299.99996
299.99997
299.99998
299.99999
300.00001
300.00002
300.00004
300.00005
300.00007
300.00007
)
;

boundaryField
{
    wall
    {
        type            fixedValue;
        value           uniform 350;
    }
    sides
    {
        type            zeroGradient;
    }
    frontAndBack
    {
        type            empty;
    }
    inlet
    {
        type            fixedValue;
        value           uniform 300;
    }
    outlet
    {
        type            zeroGradient;
    }
}


// ************************************************************************* //
