/*--------------------------------*- C++ -*----------------------------------*\
  =========                 |
  \\      /  F ield         | OpenFOAM: The Open Source CFD Toolbox
   \\    /   O peration     | Website:  https://openfoam.org
    \\  /    A nd           | Version:  10
     \\/     M anipulation  |
\*---------------------------------------------------------------------------*/
FoamFile
{
    format      ascii;
    class       volScalarField;
    location    "0.26";
    object      T_0;
}
// * * * * * * * * * * * * * * * * * * * * * * * * * * * * * * * * * * * * * //

dimensions      [0 0 0 1 0 0 0];

internalField   nonuniform List<scalar> 
4000
(
303.10136
299.3429
299.99042
300.00082
299.99993
300
300
300
300
300
300
300
300
300
300
300
300
300
300
300
300
300
300
300
300
300
300
300
300
300
300
300
300
300
300
300
300
300
300
300.00001
309.66349
298.49295
299.7792
300.00184
300.0008
299.99999
300
300
300
300
300
300
300
300
300
300
300
300
300
300
300
300
300
300
300
300
300
300
300
300
300
300
300
300
300
300
300
300
299.99999
300.00002
316.00434
298.68456
299.39218
299.97569
300.00406
300.00025
299.99999
300
300
300
300
300
300
300
300
300
300
300
300
300
300
300
300
300
300
300
300
300
300
300
300
300
300
300
300
300
300
299.99999
299.99999
300.00002
321.74245
299.84594
298.98476
299.8949
300.00716
300.00138
300
299.99999
300
300
300
300
300
300
300
300
300
300
300
300
300
300
300
300
300
300
300
300
300
300
300
300
300
300
300
300
299.99999
299.99999
299.99999
300.00003
326.67135
301.70059
298.70994
299.7531
300.00322
300.00379
300.00017
299.99998
300
300
300
300
300
300
300
300
300
300
300
300
300
300
300
300
300
300
300
300
300
300
300
300
300
300
299.99999
299.99999
299.99999
299.99998
299.99999
300.00004
330.68539
303.94823
298.66322
299.56825
299.98426
300.00696
300.00071
299.99996
299.99999
300
300
300
300
300
300
300
300
300
300
300
300
300
300
300
300
300
300
300
300
300
300
300
300
299.99999
299.99999
299.99999
299.99999
299.99998
300
300.00004
333.77482
306.33114
298.87087
299.37362
299.94515
300.00937
300.0018
300
299.99998
300
300
300
300
300
300
300
300
300
300
300
300
300
300
300
300
300
300
300
300
300
300
300
299.99999
299.99999
299.99999
299.99999
299.99998
299.99998
300
300.00004
336.02239
308.66479
299.30781
299.20372
299.88575
300.00889
300.00345
300.00014
299.99996
299.99999
300
300
300
300
300
300
300
300
300
300
300
300
300
300
300
300
300
300
300
300
300
299.99999
299.99999
299.99999
299.99999
299.99999
299.99998
299.99998
300.00001
300.00004
337.57466
310.83833
299.9243
299.08451
299.81044
300.00351
300.00541
300.00045
299.99995
299.99999
299.99999
300
300
300
300
300
300
300
300
300
300
300
300
300
300
300
300
300
300
300
299.99999
299.99999
299.99999
299.99999
299.99999
299.99998
299.99998
299.99998
300.00001
300.00004
338.60298
312.79904
300.66581
299.03045
299.72625
299.9919
300.00724
300.00099
299.99996
299.99998
299.99999
299.99999
300
300
300
300
300
300
300
300
300
300
300
300
300
300
300
300
300
299.99999
299.99999
299.99999
299.99999
299.99999
299.99999
299.99998
299.99998
299.99998
300.00002
300.00004
339.27007
314.53401
301.48372
299.04595
299.64092
299.97366
300.0084
300.00175
300
299.99996
299.99999
299.99999
299.99999
300
300
300
300
300
300
300
300
300
300
300
300
300
300
300
299.99999
299.99999
299.99999
299.99999
299.99999
299.99999
299.99998
299.99998
299.99998
299.99999
300.00002
300.00004
339.70924
316.05452
302.33965
299.12836
299.56148
299.94922
300.00833
300.00267
300.00011
299.99995
299.99999
299.99999
299.99999
299.99999
300
300
300
300
300
300
300
300
300
300
300
300
300
299.99999
299.99999
299.99999
299.99999
299.99999
299.99999
299.99999
299.99998
299.99998
299.99998
299.99999
300.00002
300.00004
340.01711
317.38402
303.20597
299.27099
299.49352
299.91969
300.00661
300.00367
300.00029
299.99995
299.99998
299.99999
299.99999
299.99999
299.99999
300
300
300
300
300
300
300
300
300
300
300
299.99999
299.99999
299.99999
299.99999
299.99999
299.99999
299.99999
299.99999
299.99998
299.99998
299.99998
299.99999
300.00003
300.00004
340.25635
318.55001
304.06429
299.46544
299.44098
299.8865
300.00292
300.0046
300.00055
299.99995
299.99998
299.99999
299.99999
299.99999
299.99999
299.99999
299.99999
300
300
300
300
300
300
300
299.99999
299.99999
299.99999
299.99999
299.99999
299.99999
299.99999
299.99999
299.99999
299.99998
299.99998
299.99998
299.99998
300
300.00003
300.00004
340.46341
319.57933
304.90325
299.70317
299.40634
299.85127
299.99713
300.00534
300.00089
299.99997
299.99997
299.99999
299.99999
299.99999
299.99999
299.99999
299.99999
299.99999
299.99999
299.99999
299.99999
299.99999
299.99999
299.99999
299.99999
299.99999
299.99999
299.99999
299.99999
299.99999
299.99999
299.99999
299.99999
299.99998
299.99998
299.99997
299.99998
300
300.00003
300.00003
340.65704
320.49583
305.7165
299.97626
299.39085
299.81559
299.98926
300.00573
300.00129
300.00002
299.99996
299.99999
299.99999
299.99999
299.99999
299.99999
299.99999
299.99999
299.99999
299.99999
299.99999
299.99999
299.99999
299.99999
299.99999
299.99999
299.99999
299.99999
299.99999
299.99999
299.99999
299.99999
299.99999
299.99998
299.99998
299.99997
299.99998
300
300.00003
300.00003
340.84529
321.31956
306.50096
300.27776
299.39486
299.78093
299.97943
300.00567
300.00172
300.00008
299.99996
299.99998
299.99999
299.99999
299.99999
299.99999
299.99999
299.99999
299.99999
299.99999
299.99999
299.99999
299.99999
299.99999
299.99999
299.99999
299.99999
299.99999
299.99999
299.99999
299.99999
299.99999
299.99998
299.99998
299.99998
299.99997
299.99998
300
300.00003
300.00003
341.03048
322.06674
307.2556
300.6018
299.41811
299.74856
299.96789
300.00503
300.00216
300.00018
299.99996
299.99998
299.99999
299.99999
299.99999
299.99999
299.99999
299.99999
299.99999
299.99999
299.99999
299.99999
299.99999
299.99999
299.99999
299.99999
299.99999
299.99999
299.99999
299.99999
299.99999
299.99999
299.99998
299.99998
299.99998
299.99997
299.99998
300.00001
300.00003
300.00003
341.21227
322.75019
307.98059
300.94346
299.45993
299.71958
299.95492
300.00376
300.00257
300.0003
299.99996
299.99998
299.99999
299.99999
299.99999
299.99999
299.99999
299.99999
299.99999
299.99999
299.99999
299.99999
299.99999
299.99999
299.99999
299.99999
299.99999
299.99999
299.99999
299.99999
299.99999
299.99999
299.99998
299.99998
299.99998
299.99997
299.99998
300.00001
300.00003
300.00003
341.38941
323.37995
308.67671
301.29867
299.51937
299.6949
299.94086
300.0018
300.00291
300.00044
299.99997
299.99998
299.99999
299.99999
299.99999
299.99999
299.99999
299.99999
299.99999
299.99999
299.99999
299.99999
299.99999
299.99999
299.99999
299.99999
299.99999
299.99999
299.99999
299.99999
299.99999
299.99998
299.99998
299.99998
299.99998
299.99997
299.99999
300.00001
300.00003
300.00003
341.56063
323.96376
309.34508
301.66406
299.59535
299.67524
299.92608
299.99913
300.00315
300.00061
299.99999
299.99997
299.99999
299.99999
299.99999
299.99999
299.99999
299.99999
299.99999
299.99999
299.99999
299.99999
299.99999
299.99999
299.99999
299.99999
299.99999
299.99999
299.99999
299.99999
299.99999
299.99998
299.99998
299.99998
299.99997
299.99998
299.99999
300.00001
300.00003
300.00003
341.72495
324.50771
309.98691
302.03683
299.68672
299.66116
299.91095
299.99576
300.00324
300.00079
300.00002
299.99997
299.99998
299.99999
299.99999
299.99999
299.99999
299.99999
299.99999
299.99999
299.99999
299.99999
299.99999
299.99999
299.99999
299.99999
299.99999
299.99999
299.99999
299.99999
299.99999
299.99998
299.99998
299.99998
299.99997
299.99998
299.99999
300.00002
300.00004
300.00003
341.88178
325.01655
310.60342
302.41466
299.79232
299.65306
299.89582
299.99172
300.00316
300.00097
300.00006
299.99997
299.99998
299.99999
299.99999
299.99999
299.99999
299.99999
299.99999
299.99999
299.99999
299.99999
299.99999
299.99999
299.99999
299.99999
299.99999
299.99999
299.99999
299.99999
299.99998
299.99998
299.99998
299.99998
299.99997
299.99998
299.99999
300.00002
300.00004
300.00003
342.03092
325.49412
311.1958
302.79561
299.91096
299.65125
299.88106
299.98706
300.00288
300.00115
300.0001
299.99997
299.99998
299.99999
299.99999
299.99999
299.99999
299.99999
299.99999
299.99999
299.99999
299.99999
299.99999
299.99999
299.99999
299.99999
299.99999
299.99999
299.99999
299.99999
299.99998
299.99998
299.99998
299.99998
299.99997
299.99998
299.99999
300.00002
300.00004
300.00003
342.17241
325.94357
311.76518
303.17806
300.04152
299.65592
299.86699
299.98184
300.00238
300.00131
300.00016
299.99998
299.99998
299.99999
299.99999
299.99999
299.99999
299.99999
299.99999
299.99999
299.99999
299.99999
299.99999
299.99999
299.99999
299.99999
299.99999
299.99999
299.99999
299.99998
299.99998
299.99998
299.99998
299.99998
299.99997
299.99998
300
300.00002
300.00004
300.00004
342.30651
326.36753
312.31263
303.56063
300.18291
299.66716
299.85393
299.97614
300.00164
300.00145
300.00022
299.99998
299.99998
299.99999
299.99999
299.99999
299.99999
299.99999
299.99999
299.99999
299.99999
299.99999
299.99999
299.99999
299.99999
299.99999
299.99999
299.99999
299.99999
299.99998
299.99998
299.99998
299.99998
299.99998
299.99997
299.99998
300
300.00002
300.00004
300.00004
342.43361
326.76827
312.8392
303.94219
300.33409
299.685
299.84216
299.97005
300.00065
300.00155
300.00029
299.99999
299.99998
299.99998
299.99999
299.99999
299.99999
299.99999
299.99999
299.99999
299.99999
299.99999
299.99999
299.99999
299.99999
299.99999
299.99999
299.99999
299.99998
299.99998
299.99998
299.99998
299.99998
299.99997
299.99997
299.99998
300
300.00002
300.00004
300.00004
342.55412
327.14776
313.34585
304.32177
300.49407
299.70939
299.83194
299.96368
299.9994
300.0016
300.00036
300
299.99998
299.99998
299.99999
299.99999
299.99999
299.99999
299.99999
299.99999
299.99999
299.99999
299.99999
299.99999
299.99999
299.99999
299.99999
299.99999
299.99998
299.99998
299.99998
299.99998
299.99998
299.99997
299.99997
299.99998
300
300.00002
300.00004
300.00004
342.66852
327.50776
313.83353
304.69856
300.66194
299.74025
299.82349
299.95711
299.99791
300.00159
300.00043
300.00002
299.99998
299.99998
299.99999
299.99999
299.99999
299.99999
299.99999
299.99999
299.99999
299.99999
299.99999
299.99999
299.99999
299.99999
299.99999
299.99998
299.99998
299.99998
299.99998
299.99998
299.99998
299.99997
299.99997
299.99998
300
300.00003
300.00004
300.00004
342.77726
327.84981
314.30313
305.07191
300.83683
299.77744
299.81702
299.95046
299.99617
300.00152
300.0005
300.00004
299.99998
299.99998
299.99998
299.99999
299.99999
299.99999
299.99999
299.99999
299.99999
299.99999
299.99999
299.99999
299.99999
299.99999
299.99999
299.99998
299.99998
299.99998
299.99998
299.99998
299.99998
299.99997
299.99997
299.99998
300
300.00003
300.00004
300.00004
342.88075
328.17534
314.75552
305.44125
301.01794
299.82079
299.8127
299.94383
299.99419
300.00137
300.00057
300.00006
299.99998
299.99998
299.99998
299.99999
299.99999
299.99999
299.99999
299.99999
299.99999
299.99999
299.99999
299.99999
299.99999
299.99999
299.99998
299.99998
299.99998
299.99998
299.99998
299.99998
299.99998
299.99997
299.99997
299.99998
300.00001
300.00003
300.00004
300.00004
342.97942
328.48559
315.19152
305.80614
301.20452
299.8701
299.81069
299.93733
299.992
300.00113
300.00063
300.00008
299.99998
299.99998
299.99998
299.99998
299.99999
299.99999
299.99999
299.99999
299.99999
299.99999
299.99999
299.99999
299.99999
299.99998
299.99998
299.99998
299.99998
299.99998
299.99998
299.99998
299.99998
299.99997
299.99997
299.99999
300.00001
300.00003
300.00004
300.00004
343.07362
328.78172
315.61192
306.1662
301.39588
299.92517
299.8111
299.93107
299.98961
300.00081
300.00067
300.00011
299.99999
299.99998
299.99998
299.99998
299.99998
299.99999
299.99999
299.99999
299.99999
299.99999
299.99999
299.99999
299.99998
299.99998
299.99998
299.99998
299.99998
299.99998
299.99998
299.99998
299.99997
299.99997
299.99997
299.99999
300.00001
300.00003
300.00004
300.00004
343.16367
329.06475
316.01749
306.52114
301.59139
299.98576
299.81405
299.92515
299.98705
300.0004
300.00071
300.00013
299.99999
299.99998
299.99998
299.99998
299.99998
299.99998
299.99999
299.99999
299.99999
299.99999
299.99999
299.99998
299.99998
299.99998
299.99998
299.99998
299.99998
299.99998
299.99998
299.99998
299.99997
299.99997
299.99997
299.99999
300.00001
300.00003
300.00004
300.00004
343.24989
329.33561
316.40894
306.87073
301.79044
300.05164
299.8196
299.91967
299.98434
299.99989
300.00072
300.00016
299.99999
299.99998
299.99998
299.99998
299.99998
299.99998
299.99998
299.99998
299.99998
299.99998
299.99998
299.99998
299.99998
299.99998
299.99998
299.99998
299.99998
299.99998
299.99998
299.99998
299.99997
299.99997
299.99998
299.99999
300.00001
300.00003
300.00004
300.00004
343.33253
329.59515
316.78694
307.21479
301.99251
300.12256
299.82783
299.91473
299.98152
299.99929
300.00071
300.00019
300
299.99998
299.99998
299.99998
299.99998
299.99998
299.99998
299.99998
299.99998
299.99998
299.99998
299.99998
299.99998
299.99998
299.99998
299.99998
299.99998
299.99998
299.99998
299.99998
299.99997
299.99997
299.99998
299.99999
300.00001
300.00003
300.00004
300.00004
343.41184
329.84413
317.15215
307.55318
302.1971
300.19825
299.83878
299.9104
299.97862
299.99859
300.00068
300.00022
300.00001
299.99998
299.99998
299.99998
299.99998
299.99998
299.99998
299.99998
299.99998
299.99998
299.99998
299.99998
299.99998
299.99998
299.99998
299.99998
299.99998
299.99998
299.99998
299.99998
299.99997
299.99997
299.99998
299.99999
300.00001
300.00003
300.00004
300.00004
343.48802
330.08321
317.50517
307.88581
302.40373
300.27849
299.85246
299.90679
299.97566
299.9978
300.00062
300.00024
300.00002
299.99998
299.99998
299.99998
299.99998
299.99998
299.99998
299.99998
299.99998
299.99998
299.99998
299.99998
299.99998
299.99998
299.99998
299.99998
299.99998
299.99998
299.99998
299.99998
299.99997
299.99997
299.99998
299.99999
300.00001
300.00003
300.00004
300.00004
343.56127
330.31303
317.84657
308.21261
302.61201
300.363
299.86891
299.90396
299.9727
299.99692
300.00053
300.00026
300.00003
299.99998
299.99998
299.99998
299.99998
299.99998
299.99998
299.99998
299.99998
299.99998
299.99998
299.99998
299.99998
299.99998
299.99998
299.99998
299.99998
299.99998
299.99998
299.99997
299.99997
299.99997
299.99998
299.99999
300.00001
300.00003
300.00004
300.00004
343.63175
330.53414
318.17688
308.53355
302.82152
300.45155
299.8881
299.902
299.96976
299.99595
300.0004
300.00028
300.00004
299.99998
299.99998
299.99998
299.99998
299.99998
299.99998
299.99998
299.99998
299.99998
299.99998
299.99998
299.99998
299.99998
299.99998
299.99998
299.99998
299.99998
299.99998
299.99997
299.99997
299.99997
299.99998
299.99999
300.00001
300.00003
300.00004
300.00004
343.69963
330.74703
318.49662
308.8486
303.03193
300.54388
299.91004
299.90096
299.96688
299.9949
300.00025
300.00029
300.00005
299.99998
299.99998
299.99998
299.99998
299.99998
299.99998
299.99998
299.99998
299.99998
299.99998
299.99998
299.99998
299.99998
299.99998
299.99998
299.99998
299.99998
299.99998
299.99997
299.99997
299.99997
299.99998
299.99999
300.00002
300.00003
300.00004
300.00004
343.76502
330.95217
318.80625
309.15777
303.24291
300.63975
299.93469
299.90091
299.9641
299.99379
300.00005
300.00029
300.00006
299.99999
299.99998
299.99998
299.99998
299.99998
299.99998
299.99998
299.99998
299.99998
299.99998
299.99998
299.99998
299.99998
299.99998
299.99998
299.99998
299.99998
299.99998
299.99997
299.99997
299.99997
299.99998
300
300.00002
300.00003
300.00004
300.00004
343.82807
331.14996
319.1062
309.46107
303.45415
300.73894
299.96202
299.90191
299.96146
299.99261
299.99982
300.00029
300.00007
299.99999
299.99998
299.99998
299.99998
299.99998
299.99998
299.99998
299.99998
299.99998
299.99998
299.99998
299.99998
299.99998
299.99998
299.99998
299.99998
299.99998
299.99998
299.99997
299.99997
299.99997
299.99998
300
300.00002
300.00003
300.00004
300.00004
343.88886
331.34077
319.39689
309.75854
303.66538
300.84119
299.99199
299.90399
299.959
299.99138
299.99955
300.00028
300.00008
299.99999
299.99998
299.99998
299.99998
299.99998
299.99998
299.99998
299.99998
299.99998
299.99998
299.99998
299.99998
299.99998
299.99998
299.99998
299.99998
299.99998
299.99997
299.99997
299.99997
299.99997
299.99998
300
300.00002
300.00003
300.00004
300.00004
343.94752
331.52493
319.67869
310.0502
303.87635
300.9463
300.02456
299.90722
299.95674
299.9901
299.99925
300.00026
300.00008
299.99999
299.99998
299.99998
299.99998
299.99998
299.99998
299.99998
299.99998
299.99998
299.99998
299.99998
299.99998
299.99998
299.99998
299.99998
299.99998
299.99998
299.99997
299.99997
299.99997
299.99997
299.99998
300
300.00002
300.00003
300.00004
300.00004
344.00411
331.70275
319.95194
310.3361
304.08682
301.05405
300.05966
299.91162
299.95474
299.9888
299.9989
300.00022
300.00009
300
299.99998
299.99998
299.99998
299.99998
299.99998
299.99998
299.99998
299.99998
299.99998
299.99998
299.99998
299.99998
299.99998
299.99998
299.99998
299.99998
299.99997
299.99997
299.99997
299.99997
299.99998
300
300.00002
300.00003
300.00004
300.00004
344.05872
331.8745
320.21698
310.61628
304.29657
301.1642
300.09723
299.91722
299.95301
299.98748
299.99853
300.00018
300.0001
300
299.99998
299.99998
299.99998
299.99998
299.99998
299.99998
299.99998
299.99998
299.99998
299.99998
299.99998
299.99998
299.99998
299.99998
299.99998
299.99998
299.99997
299.99997
299.99997
299.99997
299.99998
300
300.00002
300.00003
300.00004
300.00004
344.11141
332.04042
320.47409
310.8908
304.50541
301.27658
300.13721
299.92405
299.9516
299.98615
299.99811
300.00012
300.0001
300
299.99998
299.99998
299.99998
299.99998
299.99998
299.99998
299.99998
299.99998
299.99998
299.99998
299.99998
299.99998
299.99998
299.99998
299.99998
299.99998
299.99997
299.99997
299.99997
299.99997
299.99998
300
300.00002
300.00003
300.00004
300.00004
344.16225
332.20073
320.72356
311.15971
304.71314
301.39096
300.17952
299.93214
299.95054
299.98484
299.99767
300.00005
300.0001
300.00001
299.99998
299.99998
299.99998
299.99998
299.99998
299.99998
299.99998
299.99998
299.99998
299.99998
299.99998
299.99998
299.99998
299.99998
299.99998
299.99997
299.99997
299.99997
299.99997
299.99997
299.99998
300
300.00002
300.00003
300.00004
300.00004
344.21128
332.35562
320.96562
311.42304
304.9196
301.50716
300.22409
299.9415
299.94986
299.98355
299.99719
299.99997
300.0001
300.00001
299.99998
299.99998
299.99998
299.99998
299.99998
299.99998
299.99998
299.99998
299.99998
299.99998
299.99998
299.99998
299.99998
299.99998
299.99998
299.99997
299.99997
299.99997
299.99997
299.99997
299.99998
300
300.00002
300.00003
300.00004
300.00004
344.25855
332.50526
321.20051
311.68087
305.12463
301.62498
300.27083
299.95214
299.94959
299.98229
299.99669
299.99987
300.0001
300.00002
299.99998
299.99998
299.99998
299.99998
299.99998
299.99998
299.99998
299.99998
299.99998
299.99998
299.99998
299.99998
299.99998
299.99998
299.99998
299.99997
299.99997
299.99997
299.99997
299.99997
299.99998
300
300.00002
300.00003
300.00004
300.00004
344.3041
332.6498
321.42843
311.93322
305.32806
301.74425
300.31967
299.96406
299.94976
299.98109
299.99616
299.99975
300.00009
300.00002
299.99998
299.99998
299.99998
299.99998
299.99998
299.99998
299.99998
299.99998
299.99998
299.99998
299.99998
299.99998
299.99998
299.99998
299.99997
299.99997
299.99997
299.99997
299.99997
299.99997
299.99998
300
300.00002
300.00003
300.00004
300.00004
344.34795
332.78938
321.64955
312.18014
305.52977
301.86479
300.37052
299.97728
299.95039
299.97996
299.99561
299.99962
300.00008
300.00002
299.99998
299.99998
299.99998
299.99998
299.99998
299.99998
299.99998
299.99998
299.99998
299.99998
299.99998
299.99998
299.99998
299.99998
299.99997
299.99997
299.99997
299.99997
299.99997
299.99997
299.99999
300
300.00002
300.00003
300.00004
300.00004
344.39012
332.92409
321.86406
312.42167
305.7296
301.98641
300.42329
299.99179
299.9515
299.97891
299.99504
299.99948
300.00006
300.00002
299.99999
299.99998
299.99998
299.99998
299.99998
299.99998
299.99998
299.99998
299.99998
299.99998
299.99998
299.99998
299.99998
299.99998
299.99997
299.99997
299.99997
299.99997
299.99997
299.99997
299.99999
300
300.00002
300.00003
300.00004
300.00004
344.43064
333.05404
322.07207
312.65784
305.92743
302.10896
300.47789
300.00757
299.95313
299.97796
299.99446
299.99932
300.00004
300.00002
299.99999
299.99998
299.99998
299.99998
299.99998
299.99998
299.99998
299.99998
299.99998
299.99998
299.99998
299.99998
299.99998
299.99998
299.99997
299.99997
299.99997
299.99997
299.99997
299.99997
299.99999
300.00001
300.00002
300.00003
300.00004
300.00004
344.46949
333.17928
322.27372
312.88868
306.12314
302.23226
300.53422
300.02463
299.95528
299.97712
299.99388
299.99915
300.00002
300.00002
299.99999
299.99998
299.99998
299.99998
299.99998
299.99998
299.99998
299.99998
299.99998
299.99998
299.99998
299.99998
299.99998
299.99997
299.99997
299.99997
299.99997
299.99997
299.99997
299.99997
299.99999
300.00001
300.00002
300.00003
300.00004
300.00004
344.50669
333.29986
322.46911
313.11421
306.31661
302.35616
300.59221
300.04295
299.95799
299.97641
299.99329
299.99896
299.99999
300.00002
299.99999
299.99998
299.99998
299.99998
299.99998
299.99998
299.99998
299.99998
299.99998
299.99998
299.99998
299.99998
299.99998
299.99997
299.99997
299.99997
299.99997
299.99997
299.99997
299.99997
299.99999
300.00001
300.00002
300.00003
300.00004
300.00005
344.54223
333.41583
322.65831
313.33444
306.50771
302.48049
300.65174
300.0625
299.96125
299.97584
299.99271
299.99876
299.99995
300.00002
299.99999
299.99998
299.99998
299.99998
299.99998
299.99998
299.99998
299.99998
299.99998
299.99998
299.99998
299.99998
299.99997
299.99997
299.99997
299.99997
299.99997
299.99997
299.99997
299.99998
299.99999
300.00001
300.00002
300.00003
300.00004
300.00005
344.5761
333.52718
322.84139
313.54937
306.69634
302.60511
300.71272
300.08328
299.9651
299.97543
299.99213
299.99855
299.99991
300.00002
299.99999
299.99998
299.99998
299.99998
299.99998
299.99998
299.99998
299.99998
299.99998
299.99998
299.99998
299.99998
299.99997
299.99997
299.99997
299.99997
299.99997
299.99997
299.99997
299.99998
299.99999
300.00001
300.00002
300.00004
300.00004
300.00005
344.60827
333.63392
323.01839
313.759
306.88237
302.72985
300.77506
300.10525
299.96953
299.97518
299.99157
299.99833
299.99986
300.00002
299.99999
299.99998
299.99998
299.99998
299.99998
299.99998
299.99998
299.99998
299.99998
299.99998
299.99998
299.99998
299.99997
299.99997
299.99997
299.99997
299.99997
299.99997
299.99997
299.99998
299.99999
300.00001
300.00002
300.00004
300.00004
300.00005
344.63873
333.73602
323.18932
313.96331
307.06571
302.85457
300.83865
300.12839
299.97457
299.97512
299.99103
299.99809
299.99981
300.00001
299.99999
299.99998
299.99998
299.99998
299.99998
299.99998
299.99998
299.99998
299.99998
299.99998
299.99998
299.99997
299.99997
299.99997
299.99997
299.99997
299.99997
299.99997
299.99997
299.99998
299.99999
300.00001
300.00003
300.00004
300.00004
300.00005
344.66746
333.83344
323.35418
314.16227
307.24623
302.97911
300.90339
300.15266
299.98021
299.97526
299.99052
299.99785
299.99975
300
299.99999
299.99998
299.99998
299.99998
299.99998
299.99998
299.99998
299.99998
299.99998
299.99998
299.99997
299.99997
299.99997
299.99997
299.99997
299.99997
299.99997
299.99997
299.99997
299.99998
299.99999
300.00001
300.00003
300.00004
300.00004
300.00005
344.69441
333.92612
323.51295
314.35584
307.42381
303.10334
300.96917
300.17804
299.98646
299.9756
299.99004
299.99761
299.99968
299.99999
299.99999
299.99998
299.99998
299.99997
299.99998
299.99998
299.99998
299.99998
299.99998
299.99998
299.99997
299.99997
299.99997
299.99997
299.99997
299.99997
299.99997
299.99997
299.99997
299.99998
299.99999
300.00001
300.00003
300.00004
300.00004
300.00005
344.71957
334.014
323.66559
314.54399
307.59835
303.2271
301.0359
300.20447
299.99333
299.97617
299.9896
299.99736
299.99961
299.99998
299.99999
299.99998
299.99997
299.99997
299.99997
299.99998
299.99998
299.99998
299.99997
299.99997
299.99997
299.99997
299.99997
299.99997
299.99997
299.99997
299.99997
299.99997
299.99997
299.99998
299.99999
300.00001
300.00003
300.00004
300.00005
300.00005
344.7429
334.09698
323.81204
314.72663
307.76972
303.35024
301.10347
300.23194
300.00082
299.97696
299.98921
299.9971
299.99953
299.99997
299.99999
299.99998
299.99997
299.99997
299.99997
299.99997
299.99997
299.99997
299.99997
299.99997
299.99997
299.99997
299.99997
299.99997
299.99997
299.99997
299.99997
299.99997
299.99997
299.99998
299.99999
300.00001
300.00003
300.00004
300.00005
300.00005
344.76438
334.17499
323.95221
314.90369
307.9378
303.47263
301.17177
300.26038
300.00892
299.97799
299.98887
299.99685
299.99945
299.99995
299.99999
299.99998
299.99997
299.99997
299.99997
299.99997
299.99997
299.99997
299.99997
299.99997
299.99997
299.99997
299.99997
299.99997
299.99997
299.99997
299.99997
299.99997
299.99997
299.99998
299.99999
300.00001
300.00003
300.00004
300.00005
300.00005
344.784
334.24793
324.08599
315.07509
308.10246
303.59411
301.24068
300.28975
300.01764
299.97928
299.98858
299.9966
299.99936
299.99993
299.99999
299.99998
299.99997
299.99997
299.99997
299.99997
299.99997
299.99997
299.99997
299.99997
299.99997
299.99997
299.99997
299.99997
299.99997
299.99997
299.99997
299.99997
299.99997
299.99998
299.99999
300.00001
300.00003
300.00004
300.00005
300.00006
344.80174
334.31572
324.21328
315.24071
308.26357
303.71453
301.31011
300.32002
300.02696
299.98081
299.98836
299.99635
299.99927
299.99991
299.99999
299.99998
299.99997
299.99997
299.99997
299.99997
299.99997
299.99997
299.99997
299.99997
299.99997
299.99997
299.99997
299.99997
299.99997
299.99997
299.99997
299.99997
299.99997
299.99998
299.99999
300.00001
300.00003
300.00004
300.00005
300.00006
344.8176
334.37826
324.33395
315.40043
308.421
303.83376
301.37994
300.35111
300.03688
299.98261
299.98822
299.9961
299.99918
299.99989
299.99998
299.99998
299.99997
299.99997
299.99997
299.99997
299.99997
299.99997
299.99997
299.99997
299.99997
299.99997
299.99997
299.99997
299.99997
299.99997
299.99997
299.99997
299.99997
299.99998
299.99999
300.00001
300.00003
300.00004
300.00005
300.00006
344.8316
334.43551
324.44786
315.55413
308.57459
303.95163
301.45006
300.38299
300.04738
299.98468
299.98815
299.99587
299.99908
299.99987
299.99998
299.99998
299.99997
299.99997
299.99997
299.99997
299.99997
299.99997
299.99997
299.99997
299.99997
299.99997
299.99997
299.99997
299.99997
299.99997
299.99997
299.99997
299.99997
299.99998
299.99999
300.00001
300.00003
300.00004
300.00005
300.00006
344.84377
334.48741
324.55487
315.70165
308.7242
304.068
301.52034
300.41558
300.05846
299.98703
299.98816
299.99565
299.99898
299.99984
299.99997
299.99998
299.99997
299.99997
299.99997
299.99997
299.99997
299.99997
299.99997
299.99997
299.99997
299.99997
299.99997
299.99997
299.99997
299.99997
299.99997
299.99997
299.99997
299.99998
299.99999
300.00001
300.00003
300.00004
300.00005
300.00006
344.85415
334.53397
324.65485
315.84285
308.86966
304.18272
301.59069
300.44885
300.07011
299.98965
299.98826
299.99544
299.99887
299.99981
299.99997
299.99998
299.99997
299.99997
299.99997
299.99997
299.99997
299.99997
299.99997
299.99997
299.99997
299.99997
299.99997
299.99997
299.99997
299.99997
299.99997
299.99997
299.99997
299.99998
300
300.00001
300.00003
300.00004
300.00005
300.00006
344.86282
334.5752
324.74768
315.97755
309.01083
304.29563
301.66097
300.48271
300.08229
299.99255
299.98845
299.99525
299.99877
299.99978
299.99996
299.99998
299.99997
299.99997
299.99997
299.99997
299.99997
299.99997
299.99997
299.99997
299.99997
299.99997
299.99997
299.99997
299.99997
299.99997
299.99997
299.99997
299.99997
299.99998
300
300.00001
300.00003
300.00004
300.00005
300.00006
344.86984
334.61119
324.83325
316.10559
309.14753
304.40657
301.73107
300.51712
300.095
299.99574
299.98875
299.99507
299.99866
299.99975
299.99996
299.99998
299.99997
299.99997
299.99997
299.99997
299.99997
299.99997
299.99997
299.99997
299.99997
299.99997
299.99997
299.99997
299.99997
299.99997
299.99997
299.99997
299.99997
299.99998
300
300.00001
300.00003
300.00004
300.00005
300.00006
344.87533
334.64206
324.9115
316.2268
309.27959
304.51539
301.80087
300.552
300.10822
299.9992
299.98914
299.99492
299.99855
299.99971
299.99995
299.99998
299.99997
299.99997
299.99997
299.99997
299.99997
299.99997
299.99997
299.99997
299.99997
299.99997
299.99997
299.99997
299.99997
299.99997
299.99997
299.99997
299.99997
299.99998
300
300.00001
300.00003
300.00004
300.00005
300.00006
344.8794
334.66799
324.98241
316.34104
309.40684
304.62194
301.87026
300.58729
300.12191
300.00295
299.98964
299.9948
299.99845
299.99968
299.99994
299.99997
299.99997
299.99997
299.99997
299.99997
299.99997
299.99997
299.99997
299.99997
299.99997
299.99997
299.99997
299.99997
299.99997
299.99997
299.99997
299.99997
299.99997
299.99998
300
300.00001
300.00003
300.00004
300.00006
300.00006
344.88219
334.68921
325.04598
316.44816
309.5291
304.72605
301.9391
300.62292
300.13607
300.00698
299.99025
299.9947
299.99835
299.99964
299.99993
299.99997
299.99997
299.99997
299.99997
299.99997
299.99997
299.99997
299.99997
299.99997
299.99997
299.99997
299.99997
299.99997
299.99997
299.99997
299.99997
299.99997
299.99997
299.99998
300
300.00002
300.00003
300.00004
300.00006
300.00006
344.88385
334.70602
325.10232
316.54805
309.64622
304.82756
302.00729
300.65881
300.15065
300.01128
299.99097
299.99463
299.99825
299.9996
299.99992
299.99997
299.99997
299.99997
299.99997
299.99997
299.99997
299.99997
299.99997
299.99997
299.99997
299.99997
299.99997
299.99997
299.99997
299.99997
299.99997
299.99997
299.99997
299.99998
300
300.00002
300.00003
300.00005
300.00006
300.00007
344.88453
334.71877
325.15158
316.64063
309.75803
304.92634
302.07469
300.69491
300.16563
300.01585
299.99181
299.99459
299.99815
299.99956
299.99991
299.99997
299.99997
299.99997
299.99997
299.99997
299.99997
299.99997
299.99997
299.99997
299.99997
299.99997
299.99997
299.99997
299.99997
299.99997
299.99997
299.99997
299.99997
299.99998
300
300.00002
300.00003
300.00005
300.00006
300.00007
344.88439
334.72786
325.194
316.72586
309.86441
305.02222
302.14121
300.73113
300.18099
300.02069
299.99277
299.99459
299.99806
299.99952
299.9999
299.99997
299.99997
299.99997
299.99997
299.99997
299.99997
299.99997
299.99997
299.99997
299.99997
299.99997
299.99997
299.99997
299.99997
299.99997
299.99996
299.99997
299.99997
299.99998
300
300.00002
300.00003
300.00005
300.00006
300.00007
344.88361
334.73372
325.22988
316.80378
309.96523
305.11508
302.20672
300.76742
300.19669
300.02579
299.99385
299.99462
299.99797
299.99947
299.99989
299.99996
299.99997
299.99997
299.99997
299.99997
299.99997
299.99997
299.99997
299.99997
299.99997
299.99997
299.99997
299.99997
299.99997
299.99997
299.99996
299.99997
299.99997
299.99998
300
300.00002
300.00003
300.00005
300.00006
300.00007
344.88234
334.73683
325.25964
316.87445
310.0604
305.20478
302.27111
300.80369
300.2127
300.03114
299.99505
299.99469
299.9979
299.99943
299.99987
299.99996
299.99997
299.99997
299.99997
299.99997
299.99997
299.99997
299.99997
299.99997
299.99997
299.99997
299.99997
299.99997
299.99997
299.99997
299.99996
299.99997
299.99997
299.99998
300
300.00002
300.00003
300.00005
300.00006
300.00007
344.88074
334.73767
325.28376
316.93805
310.14987
305.29122
302.33428
300.83987
300.22898
300.03673
299.99637
299.99481
299.99783
299.99939
299.99986
299.99996
299.99997
299.99997
299.99997
299.99997
299.99997
299.99997
299.99997
299.99997
299.99997
299.99997
299.99997
299.99997
299.99997
299.99996
299.99996
299.99997
299.99997
299.99998
300
300.00002
300.00003
300.00005
300.00006
300.00007
344.87893
334.73673
325.30278
316.99481
310.23363
305.37429
302.39614
300.87592
300.24552
300.04256
299.99781
299.99496
299.99777
299.99935
299.99985
299.99995
299.99997
299.99997
299.99997
299.99997
299.99997
299.99997
299.99997
299.99997
299.99997
299.99997
299.99997
299.99997
299.99997
299.99996
299.99996
299.99997
299.99997
299.99998
300
300.00002
300.00003
300.00005
300.00006
300.00007
344.87705
334.73451
325.31734
317.04504
310.31171
305.45393
302.45659
300.91174
300.26226
300.04861
299.99938
299.99516
299.99772
299.9993
299.99983
299.99995
299.99997
299.99997
299.99997
299.99997
299.99997
299.99997
299.99997
299.99997
299.99997
299.99997
299.99997
299.99997
299.99997
299.99996
299.99996
299.99997
299.99997
299.99998
300
300.00002
300.00003
300.00005
300.00006
300.00007
344.8752
334.73145
325.3281
317.08916
310.38421
305.53009
302.51557
300.9473
300.27919
300.05488
300.00106
299.99541
299.99768
299.99926
299.99981
299.99995
299.99997
299.99997
299.99997
299.99997
299.99997
299.99997
299.99997
299.99997
299.99997
299.99997
299.99997
299.99997
299.99997
299.99996
299.99996
299.99997
299.99997
299.99998
300
300.00002
300.00004
300.00005
300.00006
300.00007
344.87344
334.72796
325.33576
317.12764
310.45128
305.60274
302.57299
300.98253
300.29627
300.06134
300.00286
299.9957
299.99765
299.99922
299.9998
299.99994
299.99997
299.99997
299.99997
299.99997
299.99997
299.99997
299.99997
299.99997
299.99997
299.99997
299.99997
299.99997
299.99997
299.99996
299.99996
299.99997
299.99997
299.99998
300
300.00002
300.00004
300.00005
300.00006
300.00007
344.87183
334.72441
325.34102
317.16102
310.51311
305.6719
302.62881
301.01737
300.31346
300.06799
300.00478
299.99604
299.99764
299.99919
299.99978
299.99994
299.99997
299.99997
299.99997
299.99997
299.99997
299.99997
299.99997
299.99997
299.99997
299.99997
299.99997
299.99997
299.99996
299.99996
299.99996
299.99997
299.99997
299.99998
300
300.00002
300.00004
300.00005
300.00006
300.00007
344.87039
334.72107
325.34456
317.18991
310.56998
305.7376
302.683
301.05179
300.33074
300.07482
300.00682
299.99643
299.99764
299.99915
299.99977
299.99993
299.99996
299.99997
299.99997
299.99997
299.99997
299.99997
299.99997
299.99997
299.99997
299.99997
299.99997
299.99997
299.99996
299.99996
299.99996
299.99997
299.99997
299.99998
300
300.00002
300.00004
300.00005
300.00006
300.00007
344.86912
334.71816
325.34703
317.21496
310.62221
305.79992
302.73551
301.08573
300.34809
300.08182
300.00897
299.99687
299.99765
299.99912
299.99975
299.99993
299.99996
299.99997
299.99997
299.99997
299.99997
299.99997
299.99997
299.99997
299.99997
299.99997
299.99997
299.99997
299.99996
299.99996
299.99996
299.99997
299.99997
299.99998
300
300.00002
300.00004
300.00005
300.00007
300.00007
344.86799
334.7158
325.349
317.23684
310.67016
305.85897
302.78636
301.11917
300.36546
300.08897
300.01123
299.99735
299.99768
299.99909
299.99973
299.99992
299.99996
299.99997
299.99997
299.99997
299.99997
299.99997
299.99997
299.99997
299.99997
299.99997
299.99997
299.99997
299.99996
299.99996
299.99996
299.99997
299.99997
299.99998
300
300.00002
300.00004
300.00005
300.00007
300.00007
344.86697
334.71404
325.35097
317.25621
310.71424
305.91488
302.83554
301.15208
300.38285
300.09626
300.01359
299.99789
299.99773
299.99906
299.99972
299.99992
299.99996
299.99997
299.99997
299.99997
299.99997
299.99997
299.99997
299.99997
299.99997
299.99997
299.99997
299.99996
299.99996
299.99996
299.99996
299.99997
299.99997
299.99998
300
300.00002
300.00004
300.00005
300.00007
300.00007
344.86599
334.71283
325.3533
317.2737
310.75489
305.96782
302.88307
301.18443
300.40022
300.10369
300.01606
299.99848
299.99779
299.99904
299.9997
299.99991
299.99996
299.99997
299.99997
299.99997
299.99997
299.99997
299.99997
299.99997
299.99997
299.99997
299.99997
299.99996
299.99996
299.99996
299.99996
299.99997
299.99997
299.99999
300
300.00002
300.00004
300.00005
300.00007
300.00007
344.86498
334.71207
325.35626
317.28992
310.79257
306.01799
302.92901
301.2162
300.41756
300.11123
300.01863
299.99911
299.99787
299.99902
299.99968
299.9999
299.99996
299.99997
299.99997
299.99997
299.99997
299.99997
299.99997
299.99997
299.99997
299.99997
299.99997
299.99996
299.99996
299.99996
299.99996
299.99997
299.99997
299.99999
300
300.00002
300.00004
300.00005
300.00007
300.00008
344.86386
334.7116
325.35998
317.30538
310.82773
306.0656
302.97338
301.24739
300.43484
300.11887
300.02129
299.9998
299.99797
299.99901
299.99967
299.9999
299.99995
299.99997
299.99997
299.99997
299.99997
299.99997
299.99997
299.99997
299.99997
299.99997
299.99996
299.99996
299.99996
299.99996
299.99996
299.99997
299.99997
299.99999
300
300.00002
300.00004
300.00005
300.00007
300.00008
344.86259
334.71121
325.3645
317.32053
310.86083
306.11089
303.01628
301.27802
300.45207
300.12663
300.02406
300.00053
299.99809
299.999
299.99965
299.99989
299.99995
299.99996
299.99997
299.99997
299.99997
299.99997
299.99997
299.99997
299.99997
299.99997
299.99996
299.99996
299.99996
299.99996
299.99996
299.99997
299.99997
299.99999
300
300.00002
300.00004
300.00006
300.00007
300.00008
344.86106
334.71062
325.36963
317.3356
310.89217
306.15393
303.05761
301.30794
300.46913
300.13443
300.02689
300.00131
299.99822
299.99899
299.99964
299.99988
299.99995
299.99996
299.99997
299.99997
299.99997
299.99997
299.99997
299.99997
299.99997
299.99996
299.99996
299.99996
299.99996
299.99996
299.99996
299.99997
299.99997
299.99999
300
300.00002
300.00004
300.00006
300.00007
300.00008
344.85936
334.70982
325.37544
317.35126
310.92283
306.19592
303.09844
301.33795
300.48652
300.14252
300.02989
300.00217
299.99838
299.99899
299.99963
299.99988
299.99995
299.99996
299.99997
299.99997
299.99997
299.99997
299.99997
299.99997
299.99997
299.99996
299.99996
299.99996
299.99996
299.99996
299.99996
299.99997
299.99997
299.99999
300
300.00002
300.00004
300.00006
300.00007
300.00008
344.8571
334.70797
325.38058
317.36527
310.94922
306.23185
303.13354
301.3639
300.50165
300.14961
300.03256
300.00294
299.99853
299.999
299.99961
299.99987
299.99995
299.99996
299.99997
299.99997
299.99997
299.99997
299.99997
299.99997
299.99996
299.99996
299.99996
299.99996
299.99996
299.99996
299.99996
299.99997
299.99997
299.99999
300
300.00002
300.00004
300.00006
300.00007
300.00008
344.85585
334.70635
325.38976
317.38996
310.99262
306.28993
303.1911
301.40743
300.52769
300.16216
300.03743
300.00442
299.99884
299.99902
299.9996
299.99986
299.99994
299.99996
299.99996
299.99996
299.99997
299.99996
299.99996
299.99996
299.99996
299.99996
299.99996
299.99996
299.99996
299.99996
299.99996
299.99997
299.99997
299.99999
300
300.00002
300.00004
300.00006
300.00007
300.00008
)
;

boundaryField
{
    wall
    {
        type            fixedValue;
        value           uniform 350;
    }
    sides
    {
        type            zeroGradient;
    }
    frontAndBack
    {
        type            empty;
    }
    inlet
    {
        type            fixedValue;
        value           uniform 300;
    }
    outlet
    {
        type            zeroGradient;
    }
}


// ************************************************************************* //
