/*--------------------------------*- C++ -*----------------------------------*\
  =========                 |
  \\      /  F ield         | OpenFOAM: The Open Source CFD Toolbox
   \\    /   O peration     | Website:  https://openfoam.org
    \\  /    A nd           | Version:  10
     \\/     M anipulation  |
\*---------------------------------------------------------------------------*/
FoamFile
{
    format      ascii;
    class       volScalarField;
    location    "0.26";
    object      TporMedia_0;
}
// * * * * * * * * * * * * * * * * * * * * * * * * * * * * * * * * * * * * * //

dimensions      [0 0 0 1 0 0 0];

internalField   nonuniform List<scalar> 
4000
(
0.00029436201
0.00016553718
0.00015982771
0.0001643911
0.00014693011
0.0001518905
0.00014809081
0.00015029218
0.00015274749
0.0001636145
0.00014802093
0.0001415408
0.00014312544
0.00015177222
0.00015560887
0.00015194907
0.00016186589
0.00016985686
0.000149275
0.00015362872
0.00015907633
0.00013681218
0.00014762296
0.00016223652
0.0001543433
0.00014999251
0.00016378839
0.00014007035
0.00015781473
0.00016607196
0.00015889963
0.00015560109
0.00016234875
0.00014747895
0.00016105862
0.00014069382
0.00015076451
0.00014624448
0.00015913336
0.0001563341
0.00024883909
9.0863236e-11
4.3201978e-11
4.8411138e-11
4.3174847e-11
4.4157677e-11
4.0080417e-11
3.8777973e-11
4.3254888e-11
4.1654102e-11
4.677255e-11
4.5786672e-11
4.2853245e-11
4.2004511e-11
4.0488055e-11
3.941101e-11
4.22838e-11
4.2747819e-11
4.5505866e-11
3.9564135e-11
4.2935579e-11
3.4993926e-11
4.7045074e-11
4.8523639e-11
3.8823953e-11
4.1703067e-11
4.8845489e-11
4.635478e-11
3.7063759e-11
4.7896699e-11
4.4202268e-11
4.5205211e-11
4.8274897e-11
4.3252609e-11
4.505456e-11
3.8429537e-11
3.7705206e-11
3.8655937e-11
4.9270901e-11
4.2898501e-11
0.0011188299
2.8794761e-10
7.5242274e-17
1.1968885e-17
1.1482412e-17
1.1130251e-17
8.8042044e-18
1.0420448e-17
9.6279721e-18
1.0945243e-17
1.1569107e-17
1.112102e-17
1.3182847e-17
1.0233689e-17
1.1468985e-17
9.8640464e-18
1.0813719e-17
1.1691431e-17
1.0719034e-17
9.5292569e-18
1.2382035e-17
8.4542026e-18
1.2391627e-17
1.2197743e-17
1.1241845e-17
1.081398e-17
1.2035368e-17
1.1600915e-17
9.9181185e-18
1.3516055e-17
1.183843e-17
1.2638457e-17
1.2371746e-17
1.110737e-17
1.0439955e-17
8.9858258e-18
9.4854491e-18
1.0000084e-17
1.3338924e-17
1.0458647e-17
-0.00023072528
-6.7619692e-11
-1.2676328e-17
-4.5472353e-26
2.9399642e-24
2.7781855e-24
2.3822287e-24
2.4792918e-24
2.4249829e-24
2.8275483e-24
2.8858543e-24
2.6167157e-24
3.0903645e-24
3.1837029e-24
2.8363458e-24
2.4847631e-24
2.6562352e-24
3.0872314e-24
2.7579523e-24
2.7807448e-24
3.0381054e-24
2.4256518e-24
3.3050886e-24
3.2229682e-24
2.7109492e-24
2.789019e-24
3.2824763e-24
2.8204901e-24
2.7839808e-24
3.535601e-24
3.3115467e-24
2.948701e-24
3.1808122e-24
2.5147185e-24
3.1976076e-24
2.1190805e-24
2.234765e-24
2.6184512e-24
3.7562166e-24
2.4361459e-24
-8.7266528e-05
5.3433596e-11
8.8698314e-18
1.9282545e-24
1.5943608e-30
3.4869268e-30
5.7874148e-31
5.0946982e-31
5.5617275e-31
8.6020055e-31
6.7900426e-31
7.3173281e-31
7.1257483e-31
2.4618526e-30
7.3764157e-31
6.7493512e-31
7.8177404e-31
7.99867e-31
1.3598922e-30
5.3463528e-31
9.2375026e-31
7.9707798e-31
8.4735962e-31
6.6903474e-31
7.3683886e-31
6.9737779e-31
9.6385331e-31
7.0195078e-31
7.144274e-31
8.5992059e-31
8.2236118e-31
6.6702603e-31
9.4786401e-31
4.0986983e-31
8.6926684e-31
5.8686343e-31
5.7388709e-31
7.2359524e-31
9.4347816e-31
6.4891416e-31
-4.5021566e-05
4.6979668e-12
7.1403351e-19
1.2096514e-25
2.9846158e-32
5.0629237e-35
1.3462797e-37
5.5098762e-37
2.2027422e-36
3.044466e-36
1.2871494e-37
1.8905515e-37
2.8734286e-37
-2.921965e-36
2.2483625e-37
1.6363596e-37
5.6529711e-37
2.8782441e-37
-1.4639344e-36
2.5555718e-37
-6.3285637e-38
-1.9491325e-37
1.3796343e-37
1.8849734e-36
1.5176605e-37
1.8665413e-37
2.4664449e-37
4.5366043e-37
-2.4883916e-37
2.5713244e-37
2.0680434e-37
3.5288062e-37
-1.9602838e-36
9.6187405e-37
-1.5188465e-36
-1.3793917e-37
1.1396677e-37
1.4281261e-37
1.4395825e-37
1.6266327e-37
-2.8562276e-05
1.3529327e-12
3.6660145e-19
4.7880607e-26
1.127078e-32
3.6451211e-39
1.8554067e-43
-6.0058913e-41
-3.9557246e-42
-1.252198e-41
-4.4968116e-43
8.6429519e-44
-4.2952862e-43
3.0677995e-39
-5.009642e-44
6.1383198e-44
-3.5736532e-42
-2.9758981e-43
1.8358499e-42
-5.8306495e-43
-5.6873288e-43
-2.982639e-42
1.3850583e-43
2.4357725e-40
2.7285909e-43
-3.0173637e-44
7.5541443e-44
-3.9967528e-42
-1.4446099e-42
2.3179289e-43
2.7946819e-43
-3.273134e-42
-8.049529e-41
-3.5357566e-42
3.1297755e-42
-6.0140065e-41
7.3156777e-44
-1.7962305e-44
7.9492754e-43
4.6186459e-44
-1.9980168e-05
5.4271389e-13
-5.7550318e-19
-6.1506778e-26
-1.1431204e-32
-2.9090395e-39
-7.2818784e-46
3.6904144e-46
-6.3577234e-47
-7.3247149e-47
-2.6166079e-48
-2.4357008e-49
1.4730248e-48
-3.952292e-44
3.5698114e-49
6.6168015e-50
5.4832672e-46
-1.722743e-48
-3.1863008e-48
-3.9428629e-48
5.8735071e-49
-3.8643514e-47
-1.5402035e-49
8.9976997e-45
2.0368764e-48
-5.9069105e-49
-1.2958026e-50
8.2026696e-47
5.2502652e-48
-1.5257678e-48
3.342216e-48
3.8960704e-48
2.3707644e-46
9.6597989e-46
2.2836736e-46
8.7262803e-47
4.6784084e-49
-9.9683248e-50
2.7036423e-48
1.1648321e-50
-1.4997075e-05
2.5725837e-13
-2.5908794e-20
-2.2745725e-27
-3.2625903e-34
-7.1213226e-41
-1.9056982e-47
-1.2828125e-51
1.0349569e-52
1.7246535e-52
-1.3049346e-53
-7.865045e-55
-2.522202e-54
-7.8366097e-50
2.406206e-54
-6.888769e-56
6.1914937e-51
-6.3542582e-53
4.7718479e-54
-7.7432684e-54
-1.6597186e-54
-1.4292408e-52
-5.4787427e-54
-9.68292e-51
-1.0162652e-53
1.2445954e-54
-6.647176e-56
-6.32489e-52
-7.3353121e-54
-8.8992095e-54
-6.8935531e-53
-2.4898157e-53
8.7050473e-52
-2.636771e-50
-7.1860397e-51
5.8768619e-52
-6.5482052e-55
-6.5092473e-55
1.0100502e-53
3.0780589e-57
-1.1681011e-05
1.3458481e-13
-5.5684796e-21
-4.4666999e-28
-4.6887078e-35
-9.9928174e-42
-2.3783017e-48
-6.4414863e-55
1.8187856e-58
-6.382278e-58
9.8078295e-60
1.0699576e-59
-2.8703146e-59
-1.0618636e-53
2.6914541e-59
2.9563145e-61
-9.6087994e-57
-1.147291e-57
9.831293e-59
-2.1928561e-59
-8.2266439e-60
9.9595848e-58
-1.2548954e-58
-6.8883579e-55
1.2834969e-59
-1.2985956e-59
7.7952306e-62
1.3884939e-56
5.4171226e-59
-3.4804829e-58
8.8579822e-59
-8.8138961e-59
-1.4994566e-57
-1.4773533e-55
-1.0170889e-56
-8.0144513e-57
1.2400452e-60
1.1759424e-59
-2.1685492e-59
7.7507572e-64
-9.2488577e-06
7.7192012e-14
-1.7273119e-21
-1.439142e-28
-1.1390344e-35
-2.2711232e-42
-5.7021481e-49
-1.3947139e-55
-3.3398956e-62
2.1971774e-63
-7.6068863e-65
-3.9595713e-65
-7.0281392e-65
4.0028593e-59
-2.7329431e-64
2.0082168e-65
5.6379182e-62
1.3369127e-62
-2.8103831e-63
-1.2064144e-64
1.203174e-65
-3.5560901e-63
-2.7281081e-64
3.1707821e-59
-1.4243352e-64
3.2680344e-65
-1.1159118e-66
9.3092449e-62
-1.4960388e-64
4.0724182e-63
-1.4693966e-62
3.6352075e-64
4.757569e-63
1.1480501e-60
1.0057257e-62
-9.4272693e-62
-3.4532709e-65
-1.998032e-65
-1.3440989e-64
1.890373e-70
-7.4238883e-06
4.6188317e-14
-6.2816108e-22
-7.2929687e-29
-4.4712227e-36
-6.5027752e-43
-1.8144638e-49
-4.6239939e-56
-1.0834484e-62
-1.2150748e-68
5.0418781e-70
3.029132e-70
2.3178536e-69
-1.1847675e-64
2.2639198e-69
6.3981884e-71
-1.0576597e-67
-5.1277043e-68
-9.6081551e-69
-5.9940475e-70
7.887145e-71
-3.9535084e-68
5.6583872e-70
1.1848424e-64
8.1501112e-71
-1.4956523e-70
-5.5997284e-72
-2.2537671e-67
4.9848683e-70
-1.9229333e-68
-4.4399211e-66
-1.3957065e-69
1.0563038e-68
2.5549023e-66
-1.1856381e-67
3.2325045e-66
8.167798e-71
9.7954139e-69
1.8814273e-70
1.1550875e-76
-5.9381847e-06
2.8298555e-14
-2.5607624e-22
-1.9991806e-28
-9.4177484e-36
-9.8465825e-43
-2.5213736e-49
-6.4384534e-56
-1.6481475e-62
-3.9835963e-69
-2.3267321e-75
-8.3525279e-76
1.6525916e-74
1.3675464e-69
-1.3282427e-74
4.0320007e-76
-2.8458854e-73
4.5405042e-72
-3.5749319e-74
1.0476954e-74
-6.4713163e-76
-8.6986506e-74
9.3615572e-75
1.3497063e-69
-4.559897e-75
-5.9569744e-76
2.1108864e-76
3.0428142e-71
1.0028751e-75
-1.2084298e-73
6.7392153e-70
3.8344588e-75
-2.7107765e-74
1.8751161e-71
4.2495252e-73
1.4642304e-71
-5.8887874e-76
3.8192069e-74
-3.6249875e-76
-7.0006783e-83
-4.8122263e-06
1.7812422e-14
-1.1211142e-22
1.0564991e-29
4.1185026e-37
3.4890425e-44
1.0072475e-50
2.8135735e-57
6.6489936e-64
1.9350326e-70
4.8514551e-77
8.9374075e-81
-2.2545684e-80
-1.0085444e-75
-1.7790783e-79
-8.4928266e-81
2.1824232e-78
1.9417633e-77
1.1477869e-79
-4.5652286e-80
8.8009597e-81
-2.1000925e-79
3.8972823e-79
-5.6245546e-74
1.3356965e-78
8.3298742e-82
-3.074921e-82
-8.9681757e-77
-8.0548981e-81
1.0257714e-78
-1.2250778e-75
-1.1201085e-80
1.2007076e-79
4.8231706e-77
-8.3250296e-78
1.0179788e-76
-4.4886702e-81
-4.9531983e-80
8.0194926e-82
2.6312741e-88
-3.9062432e-06
1.1427085e-14
-5.1983186e-23
1.6980931e-30
5.7331409e-38
3.5861105e-45
6.7488764e-52
2.0977548e-58
5.9857685e-65
1.3465618e-71
3.6125941e-78
8.643702e-85
-1.0125904e-85
3.3274848e-81
-2.9210127e-84
1.149155e-85
-3.3548819e-83
-1.8174201e-82
-4.8154574e-85
-1.0547787e-85
-3.5784902e-86
8.9899152e-85
1.7456054e-84
-4.0041836e-79
-1.9846247e-84
3.5406837e-87
-4.642206e-86
-2.6944773e-81
2.5448741e-86
-7.4350728e-84
7.4011267e-81
1.306997e-86
7.205509e-85
-7.4283538e-82
3.6762457e-83
5.9437681e-82
-5.4243519e-86
-1.9268324e-85
-1.5360419e-87
-3.6704343e-94
-3.1882596e-06
7.4520233e-15
-2.5172852e-23
4.358979e-31
1.3179696e-38
6.4534544e-46
1.0386466e-52
2.8748558e-59
7.8571148e-66
2.049029e-72
4.8448426e-79
1.5794707e-85
3.012982e-91
-3.1692834e-86
1.3603558e-89
7.746534e-91
5.4025549e-89
-4.7768019e-88
5.4028493e-90
9.1510633e-91
3.9850427e-92
-2.2855499e-90
1.1208421e-89
6.9179148e-85
8.5088397e-89
-2.3324112e-93
7.678131e-94
-6.2525849e-87
-2.2561935e-92
1.0762378e-88
-1.3672964e-86
5.0337384e-93
2.4240427e-90
1.3876052e-87
-7.5716025e-89
-7.6907883e-87
9.860734e-92
4.9322556e-91
2.6929149e-93
6.4293041e-100
-2.607759e-06
4.9188618e-15
-1.2606271e-23
1.3178114e-31
3.8817514e-39
1.4205108e-46
1.7744738e-53
5.8194615e-60
1.5659273e-66
3.7463558e-73
1.1830125e-79
2.9749108e-86
9.5357921e-93
-2.8923431e-91
-2.7665781e-95
-9.6325608e-97
-8.0779973e-95
4.9658424e-93
-1.0558403e-95
-8.3549973e-97
-1.3476172e-97
2.9164418e-96
5.6006187e-96
-1.7316887e-90
-2.0364561e-94
3.8254359e-99
-1.3158056e-98
7.039757e-93
5.5329162e-97
-2.2040914e-94
6.4774215e-92
-1.8424957e-97
-1.0557095e-94
-5.6768822e-93
1.2850436e-94
-1.5633137e-92
-2.3225504e-97
-5.3219039e-96
-6.7553736e-99
-1.6623075e-105
-2.1550029e-06
3.3038561e-15
-6.554159e-24
4.4722734e-32
1.3924154e-39
3.9517972e-47
4.0982232e-54
1.2902768e-60
4.0631435e-67
1.1916627e-73
2.9301693e-80
7.7966119e-87
2.5852549e-93
2.6070155e-97
3.3709198e-101
4.6647302e-102
1.8109309e-100
-8.2003252e-99
1.235179e-101
2.2673879e-102
1.4424435e-103
-8.3956593e-102
-1.121437e-100
4.3436491e-96
1.2886374e-99
-3.3603819e-104
1.4018676e-103
-7.3936188e-99
-8.1692877e-103
1.2649991e-99
-7.0382532e-98
1.183781e-102
1.57414e-100
2.8883971e-98
-5.2316709e-100
7.2473011e-98
8.7748036e-103
3.1538512e-102
7.8448652e-105
1.5982943e-111
-1.78582e-06
2.2473932e-15
-3.5018049e-24
1.6418818e-32
6.0153701e-40
1.3641022e-47
9.8182343e-55
3.4168951e-61
1.0364764e-67
3.3800041e-74
8.1304516e-81
2.2065733e-87
6.1332169e-94
2.0655054e-100
-7.7684481e-107
-1.2203844e-107
6.0095183e-106
1.397126e-104
-1.1435408e-106
-1.1483076e-107
-2.0528533e-109
1.4058078e-107
1.0084676e-106
-6.9506906e-102
-1.1835532e-105
5.2776196e-110
-6.4157829e-110
1.2059942e-104
1.1014976e-108
-1.750584e-104
1.1306542e-103
-1.757947e-107
-1.1941587e-105
-3.6280798e-104
1.7924308e-105
-9.4405249e-104
-1.0162553e-108
1.0907509e-106
-7.5752488e-111
-8.3028371e-118
-1.4935481e-06
1.5508429e-15
-1.923661e-24
6.4453452e-33
4.10973e-40
7.5965402e-48
4.0138906e-55
1.0038799e-61
3.4101231e-68
8.9030002e-75
2.7008459e-81
8.1205401e-88
2.4294985e-94
6.6992413e-101
1.7272123e-107
1.669616e-113
-6.5274658e-112
-3.8063262e-110
1.884282e-112
1.8617218e-113
3.1223857e-115
-1.1633195e-113
1.3573898e-111
3.1785888e-107
1.898482e-111
-6.2804147e-116
1.3759892e-115
-2.4299492e-110
-1.7572273e-114
2.6076004e-110
-2.2655453e-109
1.7345246e-113
1.9593722e-111
8.5463446e-110
-3.0957585e-111
3.0441772e-109
4.2494664e-114
-7.3077854e-113
4.6904833e-117
-1.890914e-124
-1.2557628e-06
1.085442e-15
-1.0829539e-24
2.6674672e-33
-6.6875925e-40
-1.0306911e-47
-4.1210154e-55
-8.6508988e-62
-3.4328962e-68
-1.1886689e-74
-3.3046825e-81
-8.8302914e-88
-2.3553188e-94
-7.2649453e-101
-1.9862032e-107
-6.3986217e-114
5.4151836e-118
3.2350007e-116
-2.4320974e-118
3.8931202e-118
-1.4433827e-120
5.9111128e-119
-1.446799e-117
-3.461267e-113
-9.0107469e-117
1.3590945e-121
-2.0955121e-121
3.4740366e-116
1.8431684e-120
-1.4752456e-115
4.7837262e-115
-3.2286222e-119
-5.9416712e-117
-3.0729812e-115
5.4102181e-117
-1.0080023e-114
-4.4837353e-120
7.4482434e-118
-1.0902301e-122
2.7049742e-130
-1.0628099e-06
7.6878165e-16
-6.2442596e-25
1.1600766e-33
-3.4728438e-41
-4.6420785e-49
-1.3835247e-56
-2.2713292e-63
-9.6518325e-70
-3.0142733e-76
-8.0433552e-83
-2.3356228e-89
-6.8036966e-96
-1.7895343e-102
-5.4209326e-109
-1.5184076e-115
-4.2605694e-122
-4.771336e-122
6.4090631e-124
-2.7479032e-124
2.3863776e-126
-2.5398941e-125
2.6084367e-123
-7.7353027e-118
1.3463899e-122
6.2976308e-127
7.139768e-127
-4.7810849e-122
-5.0005956e-126
7.9047132e-121
-1.0940743e-120
2.5128128e-125
1.5690382e-122
7.1545291e-121
-1.7726664e-122
3.7512339e-120
5.4474574e-126
-1.3840469e-123
3.7339915e-128
4.9873512e-135
-9.0312812e-07
5.4971056e-16
-3.6615612e-25
5.2242589e-34
-6.9952968e-42
-8.3134622e-50
-1.9115571e-57
-2.1093786e-64
-9.4623306e-71
-3.0672561e-77
-9.5639482e-84
-2.3008301e-90
-6.1494196e-97
-1.5216032e-103
-4.3041867e-110
-1.1874489e-116
-3.4797046e-123
8.2131038e-128
-1.0056694e-129
4.9937303e-130
-3.3754573e-132
4.297458e-131
-4.2450937e-129
8.1258244e-124
-1.4775922e-128
-1.0797615e-132
-1.0289398e-132
8.7078273e-128
1.0380914e-131
-6.6349567e-126
1.1271616e-126
-8.4706549e-131
-3.9910174e-128
-1.0583023e-126
1.2242529e-128
-4.8464657e-125
2.6591869e-131
2.6902412e-129
-4.4724932e-134
2.525764e-140
-7.7132878e-07
3.9711129e-16
-2.1885932e-25
2.4402649e-34
-1.8455571e-42
-2.0026648e-50
-3.6047931e-58
-2.8973974e-65
-1.1498647e-71
-3.8900368e-78
-1.169889e-84
-3.359949e-91
-8.4823211e-98
-2.376269e-104
-6.7998665e-111
-1.8096209e-117
-5.1058281e-124
-1.2839809e-130
9.7917069e-135
-5.7236278e-136
7.5101013e-138
-1.0634409e-136
9.196629e-135
-3.8212833e-129
2.2174365e-134
2.495914e-138
7.3835674e-139
-1.4463891e-133
-1.9177437e-137
7.7425685e-132
-3.2800792e-131
6.7178761e-137
2.4767151e-134
3.3214861e-132
-1.238878e-133
2.8651639e-131
-5.8613469e-137
-4.4968713e-135
2.0829352e-139
-3.7539058e-147
-6.6076568e-07
2.8902027e-16
-1.3269168e-25
1.1708552e-34
-5.6326714e-43
-5.7856237e-51
-8.369776e-59
-5.146245e-66
-2.0330398e-72
-8.9093902e-79
-2.3603601e-85
-7.0681881e-92
-2.0913882e-98
-6.0017032e-105
-1.6883407e-111
-4.2962798e-118
-1.1772957e-124
-3.4546451e-131
-1.1100906e-137
5.1331115e-142
-2.4405207e-143
1.2519329e-142
-2.9381411e-140
5.5498919e-135
-5.0740794e-140
-4.215949e-144
3.605847e-144
-4.4544716e-138
4.000162e-143
-2.1191292e-137
2.4084154e-137
-2.929448e-142
-6.9607331e-140
-1.260489e-137
1.5615768e-139
-2.0970888e-137
3.3058396e-142
3.9313887e-140
-4.9535915e-145
-8.3533416e-152
-5.6838157e-07
2.1222264e-16
-8.167498e-26
5.7764724e-35
-1.8810594e-43
-1.9339533e-51
-2.2886233e-59
-1.0603853e-66
-4.0135776e-73
-1.5547297e-79
-4.748971e-86
-1.4357697e-92
-4.1032929e-99
-1.2572916e-105
-3.6220184e-112
-9.6363436e-119
-2.7452705e-125
-7.4118277e-132
-2.5638355e-138
4.0808102e-145
2.316404e-149
-1.6782141e-148
3.961458e-146
-8.4078122e-141
1.3881631e-145
6.1683461e-150
-4.3839519e-150
4.7083763e-144
-1.1043595e-148
9.301947e-144
-2.9568057e-143
3.8042206e-146
2.11776e-145
9.5083132e-143
-1.9875966e-145
3.0468904e-142
-1.4810331e-147
-4.8091982e-146
1.2576254e-150
1.5932735e-157
-4.9062406e-07
1.56891e-16
-5.0911864e-26
2.9151751e-35
-6.7513263e-44
-7.3472402e-52
-7.2530264e-60
-2.3999179e-67
-5.6899422e-74
-2.2234722e-80
-7.677378e-87
-2.1734829e-93
-5.2220059e-100
-1.6329026e-106
-4.5022581e-113
-1.5107993e-119
-4.0595293e-126
-1.2107021e-132
-2.858233e-139
-1.2283211e-145
-3.8782689e-153
3.073617e-154
-6.4359583e-152
1.6594226e-146
-1.2835804e-151
-7.1532289e-156
1.6485194e-154
-2.0646702e-149
8.4809492e-154
-1.8643109e-149
1.320113e-148
-3.3852418e-152
-2.9485984e-151
-2.7496033e-148
6.6464188e-151
-1.2259467e-147
6.5913086e-153
5.6239633e-152
-1.5201536e-156
-1.1287447e-162
-4.2471134e-07
1.1681575e-16
-3.2128473e-26
1.5030506e-35
-2.5501425e-44
-3.2297086e-52
-2.6871027e-60
-6.8801092e-68
-1.2982428e-74
-7.7631308e-81
-2.4013826e-87
-7.3744999e-94
-1.8493033e-100
-5.2138902e-107
-1.6062661e-113
-4.8456161e-120
-1.368578e-126
-2.4430522e-133
-1.8375621e-139
1.6374314e-145
-6.3044832e-151
7.9445765e-157
4.5802565e-158
-2.4210013e-152
1.7810521e-157
-2.0057142e-160
1.4487288e-161
3.8175628e-155
3.3119105e-160
-1.2446158e-153
-1.346544e-154
9.4742869e-158
2.4175293e-157
5.9609495e-154
-4.1808314e-157
2.2732511e-153
-3.4454539e-157
-1.2412092e-157
7.2293926e-162
5.4319566e-168
-3.68583e-07
8.7450497e-17
-2.0482629e-26
7.8959128e-36
-1.0088207e-44
-1.8609552e-52
-1.3331995e-60
-2.6678601e-68
-3.5513082e-75
-1.8734415e-81
-6.2709973e-88
-1.747649e-94
-4.8534254e-101
-1.2821861e-107
-3.1074423e-114
-8.050571e-121
-2.4131398e-127
-7.1770491e-134
-2.0827474e-140
-7.8567319e-147
-4.0220823e-154
-1.8777254e-159
-2.4574397e-163
2.1165969e-157
-8.2485188e-163
2.5046205e-166
1.501709e-166
-2.0320771e-160
-4.4409557e-166
1.6400346e-159
2.1372186e-160
-2.3963037e-163
-4.6975262e-163
-8.4715364e-160
4.409373e-162
-2.6366558e-159
3.4418573e-163
-6.3335706e-163
-1.4325129e-167
-6.0647619e-174
-3.2069952e-07
6.5853804e-17
-1.3191855e-26
4.2217316e-36
-4.1416701e-45
-2.5472126e-52
-1.5879445e-60
-2.4928347e-68
-2.3533832e-75
-1.5766802e-81
-5.5971712e-88
-1.7070993e-94
-4.419448e-101
-1.3854612e-107
-4.2471028e-114
-1.1935292e-120
-3.7583332e-127
-1.2449769e-133
-2.8183246e-140
-7.3695599e-147
-2.093765e-153
-4.8779208e-160
-1.9828384e-166
-2.4309e-163
1.4397583e-168
-1.0399053e-171
-6.4163245e-172
1.5708524e-166
-8.7130413e-172
-2.6721453e-165
-2.1313949e-166
1.2465673e-168
2.3712993e-168
8.8043073e-166
-3.8663828e-168
4.5689502e-165
-7.6121657e-169
4.0937659e-168
4.213746e-173
1.3736543e-179
-2.7968356e-07
4.985373e-17
-8.5754356e-27
2.2925227e-36
-1.7554687e-45
4.6371568e-53
2.5782175e-61
3.2431288e-69
2.4125018e-76
1.5105259e-82
7.521305e-89
1.8652164e-95
5.0254172e-102
1.6029421e-108
4.5020846e-115
1.2535256e-121
3.7980342e-128
9.1688671e-135
2.7244637e-141
8.2906339e-148
2.1566083e-154
7.437339e-161
2.2746529e-168
4.5500194e-169
-2.1578075e-174
1.048285e-177
1.0051615e-177
-1.5050374e-171
1.8257553e-177
2.104076e-171
6.4010839e-172
-1.8805395e-174
-1.9521328e-174
-3.1091874e-171
7.8473469e-174
-4.8802777e-171
5.5925564e-175
-4.3564344e-174
-3.0221901e-179
-1.1146652e-185
-2.4443625e-07
3.7920565e-17
-5.6214159e-27
1.2634647e-36
-7.6591953e-46
6.7793425e-54
3.4163142e-62
3.4894739e-70
1.8487091e-77
1.0198919e-83
6.1552355e-90
1.7307811e-96
5.0591934e-103
1.3268563e-109
3.7890132e-116
1.0486191e-122
3.0077202e-129
8.8661463e-136
2.4807574e-142
6.7948896e-149
1.695342e-155
4.5520589e-162
1.1883933e-168
-3.1126308e-175
2.3477891e-180
-1.4477719e-183
-2.0481446e-184
8.8952153e-178
-1.4914909e-182
-2.6021901e-177
-1.3407136e-177
2.8993576e-180
2.5425414e-180
3.9756336e-177
-1.1898509e-179
5.9909483e-177
-8.2323239e-181
2.4064572e-180
2.6487662e-185
1.0175475e-190
-2.1408369e-07
2.896802e-17
-3.7138452e-27
7.055474e-37
-3.4270929e-46
1.6046652e-54
7.4859414e-63
6.287192e-71
2.3996174e-78
1.383964e-84
8.2534933e-91
2.452973e-97
6.2053792e-104
1.7328337e-110
4.8985894e-117
1.4745398e-123
4.5990556e-130
1.2005108e-136
3.6172417e-143
1.0123234e-149
2.9513331e-156
1.6722312e-162
-2.528305e-169
1.3114961e-174
-3.425064e-180
-8.8121682e-185
3.1329836e-189
-3.9917704e-183
1.8235854e-188
2.7982535e-183
1.0669003e-183
-3.5741853e-186
-3.7266543e-186
1.8749565e-181
2.3095232e-185
-2.5054542e-182
2.2314513e-186
-5.7673932e-186
-2.1260551e-191
-1.0305042e-196
-1.8787908e-07
2.2234925e-17
-2.4730671e-27
3.9916384e-37
-1.5695284e-46
4.5682112e-55
2.0218666e-63
1.4199474e-71
4.1711938e-79
1.404288e-85
8.880079e-92
2.4491661e-98
5.8578459e-105
1.9243494e-111
5.7874704e-118
1.7635242e-124
4.5088319e-131
1.2459714e-137
2.9682226e-144
1.4539758e-150
-2.6510809e-157
4.9784333e-163
-7.8604132e-169
1.1271392e-174
-1.447945e-180
2.4120741e-186
-1.7642651e-192
4.7231776e-189
-2.3742818e-193
-1.441741e-188
-1.9602487e-189
5.8020474e-192
6.0863199e-192
-1.1809237e-187
-3.3851468e-191
3.709305e-188
-3.5783856e-192
8.9188377e-191
-2.6964512e-197
1.5229874e-202
-1.6517196e-07
1.7133333e-17
-1.6583149e-27
2.2845029e-37
-7.3415779e-47
1.4419161e-55
6.2220715e-64
3.674572e-72
8.3590037e-80
2.0784846e-86
2.2289964e-92
6.605869e-99
1.8194229e-105
4.4730672e-112
1.1401008e-118
3.1069152e-125
1.0228702e-131
2.7861238e-138
8.372864e-145
2.3283451e-151
4.3268363e-158
4.2489712e-164
-3.6389788e-170
9.684188e-176
-6.217826e-182
7.6173526e-188
-3.0540004e-193
-9.4739015e-195
4.1341054e-199
8.812342e-195
2.7952773e-195
-1.0597007e-197
-1.385413e-197
1.6492929e-193
8.7806133e-197
-4.4755128e-194
4.5759816e-197
-7.7493459e-197
1.4312892e-202
-4.0379185e-208
-1.4546794e-07
1.3253165e-17
-1.1192903e-27
1.3216262e-37
-3.5000544e-47
4.8800125e-56
2.1237001e-64
1.0701367e-72
1.8874901e-80
2.7762306e-87
3.4583684e-93
1.1337676e-99
3.1266267e-106
7.9397371e-113
2.0675789e-119
6.5278986e-126
1.6468844e-132
5.7846485e-139
1.6105949e-145
4.6108877e-152
1.3017854e-158
3.6539745e-165
1.1019512e-171
1.9733431e-178
3.5660958e-184
-5.5686427e-190
1.2598006e-195
4.1908738e-201
-2.8616751e-205
-9.5267953e-201
-1.8231103e-201
1.3360409e-203
1.2223159e-203
-1.2804557e-199
-6.1703166e-203
-4.3169417e-199
-3.7576325e-203
1.2865985e-202
-1.5969169e-208
1.9725682e-214
-1.2834006e-07
1.0289908e-17
-7.6028142e-28
7.7266764e-38
-1.6985255e-47
1.7439749e-56
8.0822602e-65
3.5305743e-73
4.9424777e-81
5.42476e-88
7.6864424e-94
2.4413348e-100
7.2745384e-107
2.0480863e-113
5.2554028e-120
1.6214979e-126
4.3636819e-133
1.2090981e-139
3.059037e-146
8.6223708e-153
2.2551177e-159
5.0742033e-166
3.5007194e-172
-1.8482944e-178
2.6285662e-184
-2.9598255e-188
3.4579271e-194
-1.304441e-199
2.5915745e-205
1.1587262e-206
2.9550422e-207
-1.5462834e-209
-4.2829073e-209
3.1078188e-205
7.3979196e-209
5.6111144e-205
3.8577307e-209
-2.8492171e-208
3.8726154e-214
-4.8412916e-222
-1.1340166e-07
8.0164037e-18
-5.1949041e-28
4.5605938e-38
-8.3778525e-48
6.5096602e-57
3.4536408e-65
1.3223797e-73
1.4750778e-81
1.1752903e-88
3.4037825e-94
1.2718446e-100
3.3465431e-107
9.9648202e-114
2.811788e-120
7.9508245e-127
2.1375924e-133
6.8746479e-140
1.6501498e-146
5.0887848e-153
1.4756466e-159
4.4035405e-166
1.7473087e-172
-8.4997228e-179
1.3223861e-184
-2.3099487e-190
4.8105085e-196
-7.0243573e-202
1.1389053e-207
-1.5098631e-212
-2.7418003e-213
1.4490013e-215
4.4827481e-215
-4.6358401e-211
-3.6550503e-212
-6.6076195e-211
-1.449058e-214
1.4563395e-214
-3.3093686e-220
8.4425425e-227
-1.0032971e-07
6.2646981e-18
-3.5688644e-28
2.7157678e-38
-4.1947615e-48
2.51646e-57
1.7561952e-65
5.9642402e-74
5.4704748e-82
3.2015088e-89
3.1934731e-95
1.6816498e-101
4.6190074e-108
1.1612924e-114
2.7350147e-121
8.0726723e-128
2.6229805e-134
7.0703877e-141
2.0227694e-147
5.2625095e-154
1.2690077e-160
3.3887056e-167
1.3382456e-173
3.076662e-181
7.1717177e-186
-2.8185992e-192
8.2758656e-198
-6.0553082e-204
1.3020032e-209
-1.5860492e-215
-2.4786625e-217
-1.3658683e-221
-1.632349e-220
3.1193822e-217
9.7947423e-218
1.1319665e-216
3.5231743e-220
-1.408889e-220
2.5558478e-226
-9.4352765e-234
-8.8897914e-08
4.9115066e-18
-2.4650371e-28
1.6314215e-38
-2.1305366e-48
1.0039144e-57
1.3141783e-65
4.0018406e-74
3.01869e-82
1.2636894e-89
9.9999659e-96
5.523966e-102
1.6275553e-108
5.1719198e-115
1.4930935e-121
3.7948777e-128
1.0326925e-134
2.4856089e-141
5.9040563e-148
1.7258308e-154
4.0972299e-161
1.2275715e-167
-8.0326234e-175
3.6806592e-180
-5.5393284e-186
1.0644869e-191
-2.1997921e-197
4.4097905e-203
-4.8051423e-209
7.0470247e-215
-1.9027267e-220
-5.5456359e-226
1.5558681e-226
-3.4888136e-223
-1.5373371e-223
-2.1574193e-222
-7.4003131e-226
1.9319587e-226
-3.0224336e-232
1.6796604e-239
-7.8874009e-08
3.8615693e-18
-1.7110875e-28
9.8783712e-39
-1.0963631e-48
4.115803e-58
-2.3502849e-65
-6.5196731e-74
-4.0824056e-82
-1.3237976e-89
-9.6342459e-96
-5.1039375e-102
-1.5810207e-108
-3.5904534e-115
-8.6926402e-122
-2.3237263e-128
-6.7084648e-135
-1.7539382e-141
-5.2051818e-148
-1.2661472e-154
-3.2348486e-161
-8.0833465e-168
-2.9068805e-174
2.5639708e-181
-1.1958668e-186
5.5411253e-193
-9.4660434e-199
2.9554101e-204
-4.6503376e-210
1.68145e-215
-6.3224694e-221
4.4587544e-227
-1.0447602e-231
1.8048564e-228
2.8084045e-229
4.3920662e-228
1.2834728e-231
-6.6295314e-233
1.2583956e-237
2.1510544e-244
-7.0068595e-08
3.0446215e-18
-1.1934055e-28
6.0277455e-39
-5.7126883e-49
1.7290062e-58
-1.2150837e-66
-3.1071307e-75
-1.6363684e-83
-4.1041869e-91
-1.6661516e-97
-8.8892106e-104
-2.2485157e-110
-6.4665622e-117
-1.5087343e-123
-3.6920644e-130
-8.8607916e-137
-2.3471424e-143
-5.6830146e-150
-1.8096993e-156
-5.6611084e-163
-1.1165372e-169
-8.1443118e-176
8.031507e-182
-9.9377347e-188
4.5129013e-193
-6.2229802e-199
9.9230114e-205
-1.9646866e-210
6.0732677e-216
-6.4410167e-222
7.8825873e-228
-6.108949e-234
-1.4009803e-234
-6.1946147e-235
-1.7998806e-233
-1.5241419e-237
1.3006365e-238
-8.504102e-244
0
-6.2313653e-08
2.4066026e-18
-8.3601938e-29
3.7044384e-39
-3.0110537e-49
7.4233394e-59
-2.4240461e-67
-5.8200462e-76
-2.6016229e-84
-5.0421788e-92
-1.2756049e-98
-1.0282677e-104
-3.4051597e-111
-8.3561518e-118
-2.1311488e-124
-5.3759573e-131
-1.2678892e-137
-3.5628212e-144
-1.0049566e-150
-2.4815168e-157
-6.3532571e-164
-2.0741577e-170
-4.1874572e-177
-2.7655814e-183
1.7982075e-189
-1.0337295e-194
2.5722356e-200
-8.1010252e-206
8.1292051e-212
-8.1864512e-218
4.0472287e-223
-9.5386386e-229
7.5034583e-234
-2.2010861e-238
7.1212606e-241
6.6450282e-239
2.0492226e-243
-1.7657025e-244
9.0861161e-248
1.8647977e-254
-5.5471671e-08
1.90656e-18
-5.8802252e-29
2.2915921e-39
-1.604135e-49
3.2514886e-59
-6.3087119e-68
-1.4457597e-76
-5.5591529e-85
-8.5326424e-93
-1.3726095e-99
-1.1998817e-105
-3.3086761e-112
-9.0868592e-119
-2.3411785e-125
-5.4186308e-132
-1.5105126e-138
-3.9623297e-145
-9.3921908e-152
-2.5064408e-158
-7.3276874e-165
-1.9704609e-171
-4.4613222e-178
-2.4824217e-184
8.2853302e-190
-1.3419919e-195
-1.0504779e-200
4.6289894e-206
-2.9291142e-212
5.1128341e-218
-1.0072308e-223
2.1952105e-229
-8.8519964e-235
1.4562632e-240
-1.0187632e-245
-1.2461253e-244
-3.3117102e-249
1.1529003e-250
-1.1844379e-253
-1.3465102e-260
-4.943187e-08
1.5140024e-18
-4.1528168e-29
1.4268978e-39
-8.6354592e-50
1.4502966e-59
-1.866142e-68
-4.1657482e-77
-1.3870377e-85
-1.7138731e-93
-1.8758343e-100
-1.6931684e-106
-5.4338105e-113
-1.3994451e-119
-3.8135001e-126
-1.021063e-132
-2.9437347e-139
-7.0339037e-146
-1.9091832e-152
-4.8270992e-159
-1.3001128e-165
-3.7722742e-172
-9.5275437e-179
-2.6946023e-185
-5.1838485e-192
-4.1307883e-198
-1.7380413e-202
1.2458638e-208
-1.3388838e-213
2.5157081e-219
3.3208248e-224
-5.3040432e-230
1.7353622e-235
-4.1156603e-241
1.6649496e-246
2.278261e-250
3.3606943e-255
-1.5694961e-255
-1.3239625e-259
-3.2830171e-266
-4.4088603e-08
1.2047122e-18
-2.9434331e-29
8.937424e-40
-4.692944e-50
6.5793206e-60
-5.9739894e-69
-1.3377578e-77
-3.9019428e-86
-3.8966878e-94
-3.2525707e-101
-3.5727072e-107
-1.6035015e-113
-4.5513396e-120
-1.0443418e-126
-2.9838512e-133
-8.6780079e-140
-2.4999217e-146
-6.5796433e-153
-1.5818808e-159
-3.7605975e-166
-1.0164587e-172
-2.8585981e-179
-7.5573038e-186
-1.735912e-192
-1.2833485e-198
1.074011e-204
-3.8897507e-210
4.1466022e-216
-5.8459541e-222
4.6380297e-228
2.6640528e-233
-2.9174961e-239
3.5020782e-244
-3.3060412e-250
2.3316638e-255
-7.1022258e-261
1.3478747e-260
-8.2893154e-266
-6.3542842e-272
-3.9356945e-08
9.6046303e-19
-2.0934867e-29
5.629805e-40
-2.5736691e-50
3.031294e-60
-2.0257008e-69
-4.6827709e-78
-1.2079101e-86
-9.8821493e-95
-5.8297956e-102
-1.7526223e-107
-9.4190321e-114
-2.2585286e-120
-5.0208972e-127
-1.3358094e-133
-3.4724017e-140
-9.2732381e-147
-2.6616142e-153
-7.3509943e-160
-1.9860336e-166
-5.1731819e-173
-1.3974387e-179
-4.3440861e-186
-4.318738e-193
-1.2674352e-198
1.4274282e-204
-3.5294956e-210
3.8034475e-216
-1.3466464e-221
3.8819752e-227
-3.5631954e-233
7.1171076e-239
-1.7352206e-244
9.6952334e-250
-1.6207106e-255
3.0523822e-261
-1.3078312e-266
-3.8587835e-272
3.1378254e-276
-3.5157203e-08
7.6705669e-19
-1.4936322e-29
3.5649011e-40
-1.4233892e-50
1.4168517e-60
-7.1794888e-70
-1.8039359e-78
-4.1556067e-87
-2.8115111e-95
-1.2111118e-102
-2.5452338e-107
-1.2229397e-113
-3.6421092e-120
-9.6955036e-127
-2.3714926e-133
-6.0387162e-140
-1.6034457e-146
-4.391888e-153
-1.1923327e-159
-3.3217552e-166
-8.7985893e-173
-2.466176e-179
-7.0674428e-186
-1.6624797e-192
-4.8288457e-199
-1.1490744e-205
-5.5970964e-212
5.343662e-219
1.2083852e-222
-6.1938274e-229
1.0005329e-234
-2.1707234e-240
6.2571529e-246
-9.2649975e-252
6.5342899e-258
-1.3886171e-263
1.6570775e-269
-3.5483352e-275
-2.0303737e-280
-3.1428125e-08
6.1361938e-19
-1.0689205e-29
2.2687424e-40
-7.9357653e-51
6.7128098e-61
-2.6373325e-70
-7.7381707e-79
-1.6065193e-87
-9.134964e-96
-3.0071687e-103
-2.329757e-109
-1.918452e-115
-6.7464058e-122
-1.9798887e-128
-6.2664143e-135
-1.8974052e-141
-5.0485325e-148
-1.3464222e-154
-3.4340811e-161
-8.2968311e-168
-2.530408e-174
-6.8187239e-181
-2.0927445e-187
-5.5066733e-194
-3.0714099e-200
6.2709493e-207
-1.3017578e-212
1.189621e-218
-1.6144479e-224
2.0360044e-230
-6.7685788e-236
7.194939e-242
-9.1643174e-248
6.5037655e-253
-9.9418974e-259
2.3843234e-264
-3.5057274e-270
7.5599392e-276
3.8138022e-282
-2.8113106e-08
4.9161778e-19
-7.6710466e-30
1.4505933e-40
-4.4577909e-51
3.2204809e-61
-9.9898383e-71
-3.9030873e-79
-7.360664e-88
-3.52889e-96
-9.0743656e-104
-4.4332789e-110
-3.0534711e-116
-1.073157e-122
-3.0752359e-129
-7.7159771e-136
-2.2807923e-142
-6.304414e-149
-1.6249086e-155
-4.352276e-162
-1.2837717e-168
-3.4152306e-175
-9.6288914e-182
-2.6970356e-188
-7.1591489e-195
-2.5733381e-201
2.2044746e-208
-8.0154541e-214
6.5111281e-220
-9.415501e-226
2.563804e-231
-2.1933847e-237
1.3095291e-242
-8.6725986e-249
1.0889741e-254
-3.51135e-260
4.276381e-266
-2.9586685e-272
-7.2312129e-277
-2.4209561e-283
-2.5161973e-08
3.9441893e-19
-5.5193018e-30
9.3157805e-41
-2.522082e-51
1.5634821e-61
-3.8859983e-71
-2.8361665e-79
-4.9233687e-88
-2.016151e-96
-4.0335199e-104
-1.0928052e-110
-9.6470432e-117
-2.5562807e-123
-6.641265e-130
-1.8242456e-136
-6.1617641e-143
-1.6608032e-149
-4.959201e-156
-1.4450307e-162
-4.0019366e-169
-1.1195056e-175
-2.6085711e-182
-2.5257254e-188
1.5281706e-194
-1.9424388e-200
3.2411254e-206
-1.6445231e-211
8.8075758e-218
-5.3764575e-223
6.1008238e-229
-1.1531689e-234
1.4027287e-240
-3.3871457e-245
6.6646571e-251
-5.7318948e-257
1.2655454e-262
-9.5590755e-268
1.1942157e-273
4.3691479e-280
-2.2533132e-08
3.1684201e-19
-3.9807622e-30
6.007483e-41
-1.4365113e-51
7.6747997e-62
-1.5474646e-71
6.5478477e-79
1.0565358e-87
3.7234263e-96
5.930006e-104
1.1613253e-110
3.2677133e-116
1.0899095e-122
3.4148573e-129
9.1574305e-136
2.5738518e-142
7.8190891e-149
1.9999366e-155
5.8295801e-162
1.819195e-168
5.720132e-175
1.523934e-181
4.9250308e-188
1.2691213e-194
4.972426e-201
1.4697513e-207
3.6880731e-214
1.0747424e-220
2.7237042e-227
2.1022975e-233
-2.1223053e-239
4.869907e-245
-3.1916812e-251
-1.4074436e-256
2.2453414e-262
-5.1865008e-268
1.0506231e-273
2.6770375e-279
9.9083518e-286
-2.0189761e-08
2.5483146e-19
-2.8776684e-30
3.8892122e-41
-8.234454e-52
3.8068455e-62
-6.2915859e-72
2.7235211e-80
4.1386974e-89
1.2682224e-97
1.633081e-105
2.198951e-112
2.5884737e-118
9.6748887e-125
2.659849e-131
7.2465055e-138
2.331473e-144
6.6954705e-151
1.6469821e-157
5.0148572e-164
1.2713625e-170
3.4138467e-177
1.1781893e-183
2.9964619e-190
9.7452698e-197
1.2648529e-203
1.5646433e-209
-9.2264202e-216
1.6306828e-221
-2.5550373e-227
4.0314703e-233
-3.9002851e-239
8.7512356e-245
-3.0409354e-250
7.6811334e-256
-7.2877662e-262
1.5991148e-267
-9.1593459e-274
8.0970047e-279
2.6410457e-285
-1.8099472e-08
2.0518966e-19
-2.084625e-30
2.5271098e-41
-4.7486742e-52
1.9068857e-62
-2.6077891e-72
5.2769662e-81
7.6574724e-90
2.0470099e-98
2.1368832e-106
2.0919773e-113
-6.1677663e-118
-2.092395e-124
-6.3533813e-131
-1.6884425e-137
-4.4696677e-144
-1.1761986e-150
-2.7409414e-157
-7.4486578e-164
-1.8735477e-170
-4.9694307e-177
-1.4034963e-183
-3.6591536e-190
-1.126817e-196
-3.2823483e-203
-7.0460191e-210
-3.5152978e-216
4.5487263e-222
-5.5009983e-228
4.3815271e-233
-1.9639645e-238
2.7534413e-244
-3.5193574e-250
3.2890669e-256
-3.919599e-262
2.0271689e-268
-2.6559138e-273
-1.6030564e-278
-3.5061177e-285
-1.6235245e-08
1.6541051e-19
-1.5133058e-30
1.6479168e-41
-2.7544466e-52
9.6418668e-63
-1.0998922e-72
1.3370497e-81
1.8834041e-90
4.4452111e-99
3.8467188e-107
2.6430899e-114
2.78771e-120
1.5156425e-126
3.7916951e-133
1.0550624e-139
2.5607558e-146
6.2617188e-153
1.8282411e-159
4.8787415e-166
1.732675e-172
4.9252111e-179
1.3809785e-185
4.0060983e-192
1.2451357e-198
3.2221499e-205
2.5251129e-211
-1.4615477e-217
1.9372753e-223
-3.1328475e-229
7.6269451e-235
-1.0529606e-240
4.3444356e-246
-8.1892112e-252
8.3756505e-258
-9.5689028e-264
8.7261074e-270
-5.3720068e-276
-1.2364073e-281
-3.1321143e-288
-1.4571547e-08
1.3349151e-19
-1.1007379e-30
1.0782649e-41
-1.6065737e-52
4.9192006e-63
-4.7145907e-73
3.8503157e-82
5.3570542e-91
1.1237958e-99
8.0978848e-108
4.1194297e-115
4.7390008e-121
1.6964179e-127
5.8456314e-134
1.587267e-140
4.0448527e-147
1.1191207e-153
3.0316044e-160
7.6042161e-167
2.2825304e-173
5.9585045e-180
1.6338757e-186
4.7356169e-193
1.29199e-199
3.4754343e-206
1.2289903e-212
2.0759273e-219
3.6476393e-225
-3.6967499e-231
9.1973078e-237
-1.1975225e-242
3.4044872e-248
-1.9385649e-253
1.8681707e-259
-2.3753888e-265
1.7754656e-270
-1.0825485e-275
-7.8684395e-282
-1.5343274e-288
-1.3087427e-08
1.0786087e-19
-8.022485e-31
7.078753e-42
-9.4211581e-53
2.5312852e-63
-2.0518067e-73
1.1971518e-82
1.6868309e-91
3.1668563e-100
1.9091102e-108
7.4343441e-116
4.0419851e-122
2.5232408e-128
7.0260774e-135
2.1620686e-141
5.3659631e-148
1.445886e-154
4.2666316e-161
1.0136317e-167
2.4455631e-174
7.1286532e-181
1.9469686e-187
5.7107189e-194
1.4648509e-200
6.1870169e-209
1.1164399e-212
-3.4654497e-218
3.9618647e-224
-3.4020621e-230
4.3229773e-236
-7.1700429e-242
7.1940867e-247
-2.1024813e-252
1.2942167e-258
-1.5899357e-264
5.8977319e-271
-5.2522534e-276
-2.4935651e-282
-3.8501989e-289
-1.1763408e-08
8.7261526e-20
-5.8588031e-31
4.6624605e-42
-5.5536388e-53
1.3134078e-63
-9.0565541e-74
3.9371083e-83
5.788811e-92
9.807251e-101
5.0226138e-109
1.4942796e-116
1.015014e-122
6.5333569e-129
2.2292211e-135
6.4789834e-142
1.7779098e-148
5.9360156e-155
1.482724e-161
4.8597943e-168
1.33853e-174
3.4984307e-181
1.1581876e-187
3.2376368e-194
9.236316e-201
3.0701877e-207
1.0589949e-213
3.1900738e-221
6.0407364e-226
-8.6922162e-232
1.5281703e-237
-2.4802122e-243
1.2062479e-248
-1.9862966e-254
3.1644726e-260
-1.2600816e-265
6.2166466e-272
-5.2705514e-278
-5.5571994e-284
-9.4148417e-291
-1.058333e-08
7.0699075e-20
-4.2878506e-31
3.0812435e-42
-3.2909304e-53
6.8701699e-64
-4.0522491e-74
1.3519637e-83
2.1626e-92
3.3371045e-101
1.4605596e-109
3.4756962e-117
1.0644783e-123
9.7268708e-130
2.9818102e-136
8.8285173e-143
2.3658399e-149
6.6175414e-156
1.841156e-162
5.0738479e-169
1.3645149e-175
4.0467998e-182
1.0338544e-188
2.8617302e-195
1.036615e-201
-1.6231371e-209
6.6303909e-214
-7.0196644e-220
1.4868559e-225
1.3909471e-230
-1.8745153e-236
3.4899365e-242
-5.5414103e-248
2.2875316e-253
-1.7727967e-259
2.3109578e-265
-6.7870659e-271
4.8163118e-277
2.1423036e-283
3.4536118e-290
-9.5321083e-09
5.7375689e-20
-3.1454076e-31
2.0433083e-42
-1.9603494e-53
3.6224292e-64
-1.8368322e-74
4.8102883e-84
8.8861377e-93
1.2594649e-101
4.7620771e-110
9.1304966e-118
2.3816451e-124
1.8408633e-130
6.1075642e-137
1.6209631e-143
4.2667627e-150
1.3334819e-156
3.7009184e-163
1.2150589e-169
3.2939787e-176
9.912679e-183
2.5548014e-189
6.7311815e-196
1.5635052e-202
8.2654266e-209
-1.8061164e-215
1.0343061e-220
-1.3340424e-226
2.4947822e-232
-1.6843678e-237
1.5513795e-243
-3.455123e-249
9.4613208e-255
-3.3875829e-260
2.7000367e-266
-2.0025645e-272
1.0215976e-277
3.6156069e-284
5.2785595e-291
-8.5967298e-09
4.6654114e-20
-2.3133104e-31
1.359957e-42
-1.1740316e-53
1.925348e-64
-8.4323947e-75
1.7643984e-84
4.214614e-93
5.5374891e-102
1.8177257e-110
2.803784e-118
4.8895343e-125
4.0119968e-131
1.3343285e-137
4.2690958e-144
1.3283899e-150
3.1328386e-157
8.7335906e-164
2.2785773e-170
6.3946379e-177
1.6638514e-183
4.2432092e-190
1.1463488e-196
8.2746586e-204
3.4253597e-209
-7.3131992e-215
8.7068103e-221
-2.5534399e-226
4.8384442e-232
-1.1528676e-237
-4.1536052e-243
3.3695116e-249
-3.8346077e-254
6.6081078e-260
-5.1791283e-266
7.3690303e-272
-2.6416112e-277
-9.6798939e-284
-1.3756828e-290
-7.7650815e-09
3.8022362e-20
-1.7062308e-31
9.0867002e-43
-7.0699937e-54
1.0315641e-64
-3.9190532e-75
6.6451557e-85
2.6107562e-93
3.2076991e-102
9.2077465e-111
1.165755e-118
1.3836734e-125
9.2948974e-132
3.1555794e-138
8.0407628e-145
1.686523e-151
5.0567974e-158
1.4151697e-164
4.0625052e-171
1.172958e-177
3.2236273e-184
8.5399484e-191
2.6047951e-197
7.4171416e-204
2.8530907e-210
3.1863566e-217
7.9511536e-223
-7.22361e-229
2.0421252e-234
-1.207152e-239
5.7371269e-245
-4.2202017e-250
1.114315e-255
-1.1172459e-261
5.4213401e-268
-4.1611229e-274
1.0870921e-279
3.2537633e-286
4.4868077e-293
-7.0267312e-09
3.1071618e-20
-1.2626392e-31
6.097342e-43
-4.2824842e-54
5.5726818e-65
-1.8439908e-75
2.5652675e-85
6.3508379e-93
7.3748441e-102
1.8698264e-110
1.9651217e-118
1.756849e-125
1.6793461e-131
7.564318e-138
2.075902e-144
5.0189013e-151
1.3799407e-157
4.0412158e-164
1.1731627e-170
3.4085777e-177
1.0990085e-183
3.094175e-190
8.1044427e-197
2.3190682e-203
6.6456129e-210
2.4122742e-216
7.203373e-223
3.6401878e-229
-7.9274405e-236
3.4326201e-241
2.3423304e-245
-3.675008e-251
1.287669e-256
-3.3808872e-262
1.2502106e-268
-1.8826902e-274
-1.8644091e-280
-4.2847746e-287
-5.6711324e-294
-6.3722572e-09
2.5472915e-20
-9.3795521e-32
4.1108247e-43
-2.6102034e-54
3.0362097e-65
-8.7841217e-76
1.0129128e-85
-4.3567615e-94
-4.8310779e-103
-1.0846384e-111
-9.4945795e-120
-6.1305967e-127
-5.4085242e-133
-2.3612832e-139
-7.2018578e-146
-1.853165e-152
-4.7082711e-159
-1.3172475e-165
-3.5807048e-172
-1.1364051e-178
-3.1495066e-185
-1.0421861e-191
-2.7949274e-198
-7.1084638e-205
-2.375948e-211
-4.7144819e-218
-5.717759e-224
2.3806378e-229
-1.8565334e-235
4.1149185e-240
-6.955518e-245
3.0119224e-250
-4.4384013e-256
8.054082e-262
-5.8579986e-268
3.1834545e-274
4.8941105e-280
1.1587236e-286
1.4892043e-293
-5.7929151e-09
2.0961053e-20
-6.9983539e-32
2.7861486e-43
-1.6016259e-54
1.669014e-65
-4.237071e-76
4.0865989e-86
-7.1498825e-95
-7.6747972e-104
-1.5412674e-112
-1.1386386e-120
-5.7067649e-128
-5.0126719e-134
-3.2580571e-140
-9.6967688e-147
-2.7353548e-153
-8.179297e-160
-2.5359151e-166
-6.7372857e-173
-1.7118425e-179
-4.7800514e-186
-1.5456738e-192
-4.8447574e-199
-1.4951674e-205
-4.9384192e-212
-1.239366e-218
-4.1194303e-225
-2.2304355e-234
-1.9484577e-237
1.4463838e-243
-4.7095029e-249
3.2663097e-254
-4.3745702e-260
4.498343e-266
-1.8843973e-272
3.4949542e-278
5.3207931e-284
1.2418896e-290
1.5555405e-297
-5.2810509e-09
1.7323436e-20
-5.2483049e-32
1.8995534e-43
-9.8995403e-55
9.2614392e-66
-2.0701562e-76
1.6833487e-86
-1.7076028e-95
-1.7993218e-104
-3.2552503e-113
-2.046024e-121
-8.3387405e-129
-3.8972882e-135
-1.6337502e-141
-5.3342082e-148
-1.7000966e-154
-5.2889945e-161
-1.3945372e-167
-4.057566e-174
-1.2888549e-180
-3.4612298e-187
-9.5120067e-194
-3.5060414e-200
-9.5721409e-207
-3.3104112e-213
-1.0651077e-219
-6.2605906e-226
-2.3307954e-233
-2.0382102e-238
2.4094646e-244
8.5967988e-249
-2.1832375e-254
2.5504921e-260
-1.9820503e-266
9.9754023e-273
-7.5899429e-279
5.4623825e-283
1.2716001e-289
1.6555076e-296
-4.8295958e-09
1.4388646e-20
-3.958925e-32
1.3037431e-43
-6.1678357e-55
5.1909362e-66
-1.0249311e-76
7.0771341e-87
-4.7612301e-96
-5.0159637e-105
-8.2229745e-114
-4.4326819e-122
-1.4012647e-129
-6.9451447e-136
-4.4428348e-142
-1.4768896e-148
-3.8090204e-155
-1.0720624e-161
-3.7906369e-168
-1.0799976e-174
-3.4319644e-181
-1.0956637e-187
-3.3754657e-194
-1.1529539e-200
-3.8981916e-207
-1.4444518e-213
-4.5549884e-220
-1.7817478e-226
-4.1877801e-233
-3.2328325e-239
2.8788322e-245
-4.6869326e-251
7.3958881e-257
-1.0481535e-262
9.5644585e-269
-7.7202153e-275
2.7800625e-281
-6.3278329e-286
-1.3636331e-292
-1.6755112e-299
-4.4322517e-09
1.2019019e-20
-3.00629e-32
9.0153203e-44
-3.8765561e-55
2.940747e-66
-5.1448922e-77
3.0360531e-87
-1.4575718e-96
-1.5652424e-105
-2.344675e-114
-1.0936991e-122
-2.8608456e-130
-7.4708206e-137
-4.2763897e-143
-1.5002811e-149
-5.1520248e-156
-1.5549647e-162
-4.6930696e-169
-1.8642769e-175
-5.5030752e-182
-1.9414952e-188
-6.5563166e-195
-2.2959318e-201
-6.4146748e-208
-2.1752705e-214
-6.5374401e-221
-2.7393166e-227
3.7126191e-234
-2.1929078e-239
5.6559535e-245
-2.2861503e-250
5.8357165e-256
-2.3348658e-261
1.2438438e-267
-7.9060719e-274
6.6838275e-280
1.1582022e-285
2.170446e-292
2.4766957e-299
-4.0832808e-09
1.010386e-20
-2.3001964e-32
6.2866743e-44
-2.4600512e-55
1.6853156e-66
-2.6203578e-77
1.3293775e-87
-4.7697619e-97
-5.3729098e-106
-7.4037405e-115
-3.0088068e-123
-6.3086552e-131
-1.3408474e-137
-8.6585371e-144
-2.8312887e-150
-8.6495388e-157
-2.6214965e-163
-8.8014455e-170
-2.6434885e-176
-1.0943082e-182
-3.6695645e-189
-1.2034604e-195
-4.5019088e-202
-1.5336321e-208
-5.2138197e-215
-1.9319042e-221
-6.4429428e-228
-2.2408001e-234
-5.7501975e-241
-2.3255107e-247
-2.6733623e-255
-1.0089299e-259
7.2417937e-266
-1.7248993e-271
5.8835431e-278
-5.1434772e-284
-1.2685838e-289
-2.4878568e-296
-3.4297288e-303
-3.7775079e-09
8.5541031e-21
-1.7749051e-32
4.4251087e-44
-1.5777027e-55
9.7789001e-67
-1.3550926e-77
5.9419332e-88
-1.645742e-97
-2.0162757e-106
-2.57596e-115
-9.1821001e-124
-1.5787966e-131
-2.6969642e-138
-2.1461487e-144
-1.002414e-150
-3.234045e-157
-1.1231728e-163
-3.6067707e-170
-1.1537444e-176
-4.4337969e-183
-1.5091981e-189
-5.7692571e-196
-1.9683151e-202
-8.3122965e-209
-3.1564584e-215
-8.5904993e-222
-3.3232695e-228
-1.4452317e-234
-5.032138e-241
-2.7919074e-247
-2.793224e-254
-2.255349e-259
2.6099086e-265
-2.1879974e-271
1.0906447e-277
-5.5638679e-284
-4.8040346e-290
-9.1160205e-297
-1.0950838e-303
-3.5102788e-09
7.2983895e-21
-1.3825057e-32
3.1472626e-44
-1.0235936e-55
5.7503892e-67
-7.1214623e-78
2.7127937e-88
-5.9404577e-98
-8.3438272e-107
-9.9577333e-116
-3.1270355e-124
-4.4900968e-132
-6.0092555e-139
-6.0336001e-145
-2.9625652e-151
-1.0236973e-157
-3.3746788e-164
-1.4627732e-170
-4.3983005e-177
-1.4260256e-183
-5.3864696e-190
-1.8637747e-196
-7.2431372e-203
-2.979254e-209
-9.7785953e-216
-5.7232398e-222
-1.9568672e-228
-6.3281254e-235
-2.3453392e-241
-8.5073518e-248
-2.7731049e-254
-1.6532302e-260
-2.2509324e-267
-6.3718126e-273
-4.6219643e-280
-1.4605254e-285
-7.1997134e-292
-1.3915395e-298
-1.5969294e-305
-3.2774328e-09
6.2794784e-21
-1.0880421e-32
2.2641338e-44
-6.7252556e-56
3.4304298e-67
-3.8068839e-78
1.2657499e-88
-2.2330174e-98
-3.9261152e-107
-4.4181486e-116
-1.2368604e-124
-1.4975989e-132
-1.3616145e-139
-9.8808817e-146
-4.5210909e-152
-1.838983e-158
-5.9854543e-165
-1.7881138e-171
-6.9912293e-178
-2.3089709e-184
-8.3474341e-191
-3.3546235e-197
-1.2491718e-203
-4.2809179e-210
-1.5589718e-216
-6.2620036e-223
-2.5394238e-229
-1.0310254e-235
-3.8875877e-242
-1.9122108e-248
-6.0787574e-255
-4.5143344e-261
-1.7471311e-268
-2.8237524e-273
-1.0421376e-280
-3.3686201e-286
-3.4595832e-292
-5.932949e-299
-7.4282408e-306
-3.0752991e-09
5.4516393e-21
-8.659896e-33
1.6492922e-44
-4.4797023e-56
2.0783456e-67
-2.0721457e-78
6.0403311e-89
-8.7177934e-99
-2.2870602e-107
-2.4474919e-116
-6.135707e-125
-6.2839413e-133
-4.5400577e-140
-2.8208261e-146
-1.2139393e-152
-4.0722417e-159
-1.6483086e-165
-5.371698e-172
-1.5928957e-178
-7.5426075e-185
-2.6031606e-191
-1.1426998e-197
-5.2216865e-204
-2.0219305e-210
-7.4480337e-217
-2.7526658e-223
-1.2751877e-229
-5.890374e-236
-2.4085381e-242
-9.8303818e-249
-4.2053131e-255
-2.2353092e-261
-1.1295863e-267
-8.4255253e-274
-4.3578938e-280
-1.4693158e-286
-3.1505453e-293
-4.0618184e-300
-4.203602e-307
-2.9005482e-09
4.7782133e-21
-6.9765924e-33
1.2178012e-44
-3.0285084e-56
1.2802014e-67
-1.149666e-78
2.9505527e-89
-3.5282912e-99
-2.4717582e-107
-2.5393044e-116
-5.7451551e-125
-5.0291495e-133
-2.9635817e-140
-1.7324834e-146
-1.0954897e-152
-4.2057917e-159
-1.4288358e-165
-6.4751636e-172
-2.211117e-178
-8.7087543e-185
-3.5989336e-191
-1.1242224e-197
-5.0393095e-204
-1.8114228e-210
-6.6543644e-217
-2.8708444e-223
-1.1349786e-229
-3.9625732e-236
-1.8884347e-242
-9.433038e-249
-5.291635e-255
-2.533842e-261
-2.2375259e-267
-1.6544413e-273
-1.6041538e-279
-3.9704742e-286
-4.1463814e-293
-2.6092724e-300
-9.2039117e-308
-2.7502911e-09
4.2300017e-21
-5.6937005e-33
9.1241439e-45
-2.0803735e-56
8.026667e-68
-6.5088671e-79
1.4766793e-89
-1.4793466e-99
9.7762025e-108
9.7557835e-117
2.0006248e-125
1.5138093e-133
7.0268372e-141
2.900211e-147
2.0564708e-153
8.2455288e-160
3.2024752e-166
1.1799271e-172
4.0947807e-179
1.2895501e-185
5.7126198e-192
2.0633557e-198
9.2970809e-205
3.8475447e-211
1.8888342e-217
9.2111221e-224
4.8131693e-230
2.1909129e-236
1.2544912e-242
6.0650212e-249
2.3821014e-255
1.6805408e-261
1.1046169e-267
1.0042881e-273
1.0427586e-279
3.612712e-286
5.2939959e-293
5.2247039e-300
4.6622124e-307
-2.6219382e-09
3.7836714e-21
-4.7107019e-33
6.9434894e-45
-1.4536791e-56
5.128402e-68
-3.7645637e-79
7.5794649e-90
-6.4223065e-100
1.2587897e-108
1.2353509e-117
2.3177239e-126
1.5204136e-134
5.8545555e-142
2.1568167e-148
1.4428184e-154
7.9923005e-161
3.6616241e-167
1.5072123e-173
6.0764736e-180
2.5609473e-186
1.1784007e-192
6.5912058e-199
2.8205346e-205
1.3275324e-211
5.7083381e-218
2.4118987e-224
1.1302369e-230
5.3975983e-237
2.2964048e-243
8.5356531e-250
4.7137312e-256
3.376626e-262
4.8957306e-268
1.0666618e-273
1.2035515e-279
3.185223e-286
5.1629342e-293
5.0866749e-300
4.6272452e-307
-2.5132396e-09
3.4206364e-21
-3.9536566e-33
5.3720563e-45
-1.0343903e-56
3.3428836e-68
-2.2268786e-79
3.9938926e-90
-2.8867189e-100
3.0763472e-109
3.0106262e-118
5.1952252e-127
2.9967911e-135
9.4331322e-143
2.8590737e-149
1.952937e-155
1.0217578e-161
4.7315968e-168
2.0724872e-174
7.1519098e-181
3.9455755e-187
2.1352922e-193
9.6257892e-200
5.2192493e-206
2.4555226e-212
1.2596711e-218
6.9305949e-225
3.3092202e-231
1.5491912e-237
6.5944778e-244
3.1157671e-250
2.151842e-256
2.0065039e-262
8.101012e-268
9.9677459e-274
6.5687211e-280
1.9005853e-286
2.9155516e-293
3.2078904e-300
3.0559293e-307
-2.4221899e-09
3.1260931e-21
-3.3679729e-33
4.2291464e-45
-7.5030679e-57
2.2255417e-68
-1.3487891e-79
2.1628024e-90
-1.3438706e-100
9.3096058e-110
9.24523e-119
1.4792214e-127
7.5288938e-136
1.9610326e-143
4.333699e-150
4.5278809e-156
2.4641821e-162
1.2121921e-168
6.7607404e-175
3.4376316e-181
1.8161456e-187
8.33055e-194
4.084808e-200
1.6294837e-206
9.0146274e-213
3.9381617e-219
2.4024401e-225
1.4329901e-231
6.585247e-238
4.1442883e-244
2.3742371e-250
1.2242206e-256
9.0379818e-263
1.4606773e-268
-1.0083992e-273
-1.0848533e-279
-3.3466508e-286
-4.8376073e-293
-5.1374739e-300
-4.6424887e-307
-2.3470047e-09
2.8881956e-21
-2.9132133e-33
3.3902872e-45
-5.5532401e-57
1.5149083e-68
-8.3739691e-80
1.20488e-90
-6.4810006e-101
3.1876131e-110
3.2785231e-119
4.8949668e-128
2.2175593e-136
4.8986976e-144
8.7672134e-151
1.2539335e-156
9.0438044e-163
4.690177e-169
2.8255415e-175
1.7787992e-181
9.9096381e-188
5.8842112e-194
3.326721e-200
1.5581494e-206
7.7234813e-213
4.0564931e-219
1.8164104e-225
1.4627968e-231
1.0769622e-237
5.1437064e-244
2.5945416e-250
1.6626175e-256
7.6230456e-262
2.4029184e-267
-3.9433701e-273
-4.7374607e-279
-1.1567827e-285
-1.8267162e-292
-1.9724953e-299
-1.8573041e-306
-2.2860882e-09
2.6975052e-21
-2.5593385e-33
2.7692389e-45
-4.1973923e-57
1.0553557e-68
-5.3346263e-80
6.911984e-91
-3.2397924e-101
1.1941556e-110
1.3052131e-119
1.8341016e-128
7.4200599e-137
1.3897584e-144
2.0131303e-151
2.4827568e-157
1.8104564e-163
1.0416693e-169
5.708542e-176
2.8227433e-182
1.2395798e-188
5.6148561e-195
3.3510523e-201
2.285913e-207
1.3478702e-213
6.9953847e-220
6.5763085e-226
5.5712941e-232
3.1538917e-238
2.0317473e-244
1.8666332e-250
1.5646635e-256
2.1883937e-262
9.5400321e-268
-3.1358572e-273
3.5686935e-278
1.1695123e-284
1.8743088e-291
2.171692e-298
2.1156783e-305
-2.2379866e-09
2.5464258e-21
-2.2839183e-33
2.3057944e-45
-3.242255e-57
7.5308828e-69
-3.4903228e-80
4.0867598e-91
-1.6793848e-101
4.8119385e-111
5.7946773e-120
7.7171369e-129
2.8140715e-137
4.5464372e-145
5.6451819e-152
1.2595895e-157
1.0233244e-163
7.8669608e-170
5.7823313e-176
2.6992554e-182
1.8909478e-188
1.0368638e-194
7.4236737e-201
3.5607497e-207
1.9952394e-213
1.035134e-219
5.7702111e-226
3.4449298e-232
1.9325158e-238
1.4522489e-244
1.4256643e-250
1.2528859e-256
1.5711528e-262
-3.1382923e-268
5.1308456e-274
5.2694958e-280
2.1848198e-286
3.535402e-293
3.8558528e-300
3.8357435e-307
-2.2013177e-09
2.4288e-21
-2.0701177e-33
1.9576251e-45
-2.5608234e-57
5.5084648e-69
-2.3471866e-80
2.4923142e-91
-9.0307607e-102
2.0666096e-111
2.8846774e-120
3.6756721e-129
1.2178218e-137
1.6973292e-145
1.5634666e-152
1.8194132e-158
1.7131366e-164
1.3200141e-170
7.2637632e-177
5.1346936e-183
3.2137643e-189
2.2366386e-195
1.3987938e-201
1.1276894e-207
9.0847419e-214
5.7990343e-220
4.0135992e-226
3.1450115e-232
1.8859721e-238
1.2761878e-244
9.3475623e-251
9.4609107e-257
-2.7743887e-261
7.6859098e-267
-1.0900071e-272
-1.595137e-278
-5.9993487e-285
-9.2338237e-292
-1.1255741e-298
-1.1558261e-305
-2.1747583e-09
2.3395768e-21
-1.9052299e-33
1.6947417e-45
-2.0687879e-57
4.1320764e-69
-1.6233374e-80
1.5686645e-91
-5.0395489e-102
9.4070441e-112
1.6522126e-120
2.0310751e-129
6.1558707e-138
7.4991248e-146
5.6404955e-153
5.0208104e-159
4.5983071e-165
3.1942425e-171
2.7667459e-177
1.9666437e-183
1.2693337e-189
1.2685901e-195
1.2818133e-201
7.8613297e-208
4.3073342e-214
4.6870676e-220
4.7698557e-226
2.939649e-232
1.6434696e-238
1.8716716e-244
1.3809801e-250
1.6745699e-256
7.9458783e-262
-1.4682277e-267
1.2882596e-273
1.7592152e-278
6.2449883e-285
1.0625644e-291
1.2250672e-298
1.1821762e-305
-2.1569986e-09
2.2745074e-21
-1.7795775e-33
1.4957185e-45
-1.7095631e-57
3.1795655e-69
-1.1550293e-80
1.0192911e-91
-2.918657e-102
4.5184988e-112
1.1703514e-120
1.402502e-129
3.9145489e-138
4.1555613e-146
2.688166e-153
1.7549267e-159
2.9708804e-165
4.2906722e-171
2.433802e-177
1.2120025e-183
8.7983082e-190
9.2120343e-196
1.1581594e-201
1.3002635e-207
7.5758496e-214
1.1804332e-219
6.9858189e-226
5.8823177e-232
4.3890859e-238
2.4807897e-244
2.0808687e-250
3.4363567e-256
-5.7362125e-261
4.6515733e-267
-1.1393611e-272
2.6230538e-278
1.0129203e-284
1.5558489e-291
1.9086621e-298
1.9423863e-305
-2.146665e-09
2.2298893e-21
-1.6856708e-33
1.345091e-45
-1.4447331e-57
2.5096368e-69
-8.4552981e-81
6.8383193e-92
-1.7540276e-102
2.2850671e-112
1.3934365e-120
1.6446641e-129
4.259229e-138
4.0159172e-146
2.1205883e-153
9.234178e-160
1.7404759e-165
1.1476891e-171
1.4628938e-177
1.524087e-183
2.4833839e-189
1.7097061e-195
2.199451e-201
1.8921951e-207
2.3851786e-213
1.6747911e-219
1.312877e-225
1.2352095e-231
1.5572484e-237
2.1360692e-243
2.825993e-249
2.9974817e-255
-1.7467569e-260
1.2638089e-266
-8.4489217e-273
-4.2806568e-278
-1.666009e-284
-2.6164729e-291
-2.9221478e-298
-3.0989638e-305
-2.1423475e-09
2.202379e-21
-1.6176273e-33
1.231584e-45
-1.2479257e-57
2.0311635e-69
-6.3665326e-81
4.7355478e-92
-1.0934134e-102
1.2131574e-112
-1.2009321e-120
-1.4130693e-129
-3.411442e-138
-2.8816911e-146
-1.2765043e-153
-5.8225996e-160
-1.247261e-164
-1.3722015e-170
-2.5969951e-176
-6.9067005e-182
-7.138105e-188
-5.3342145e-194
-5.0902871e-200
-5.0253365e-206
-7.7507555e-212
-3.3536915e-217
-2.7332232e-223
-8.2400148e-229
-6.9441221e-235
-9.8109289e-241
-2.1300267e-246
-2.3860499e-251
1.6375663e-256
-1.0872511e-262
7.552769e-269
-1.6044909e-274
-7.4959916e-281
-1.438532e-287
-1.8393589e-294
-2.007239e-301
-2.142534e-09
2.1887817e-21
-1.5706509e-33
1.1468409e-45
-1.1007838e-57
1.6844507e-69
-4.9277321e-81
3.3829692e-92
-7.0645586e-103
6.74652e-113
-1.6457188e-121
-1.9575636e-130
-4.4448752e-139
-3.3759794e-147
-1.274515e-154
-4.4912239e-161
-4.9747993e-167
-6.3739374e-173
-8.0912086e-179
-9.0577277e-185
-2.4838451e-190
-4.0203236e-196
-1.881191e-201
-2.8738389e-207
-5.7369225e-213
-5.1243052e-219
-5.9674716e-225
-1.9517813e-230
-3.8716769e-236
-8.4817942e-242
-1.1946964e-247
-1.9542519e-253
3.5951342e-259
-2.3723578e-265
1.7663829e-271
-3.327203e-277
-1.4879288e-283
-2.8694184e-290
-3.6588551e-297
-4.4776722e-304
-2.14565e-09
2.185936e-21
-1.5406871e-33
1.0845462e-45
-9.9035302e-58
1.4298272e-69
-3.9167704e-81
2.4905757e-92
-4.7255388e-103
3.9213439e-113
-5.1175994e-122
-6.2456761e-131
-1.3436756e-139
-9.2206616e-148
-3.085693e-155
-8.3055852e-162
-2.7419486e-167
-6.9758935e-173
-1.5992556e-178
-5.0097622e-184
-6.4390033e-190
-9.836704e-196
-2.0027246e-201
-6.8205898e-207
-1.0842267e-212
-1.58964e-218
-2.2464588e-224
-1.6667106e-229
-2.7334984e-235
-8.2023893e-241
8.8298985e-246
-3.2293591e-251
2.1696098e-257
-1.3782493e-263
9.1132543e-270
-1.6852753e-275
-7.3211216e-282
-1.2067911e-288
-1.5666261e-295
-1.7408832e-302
-2.1500556e-09
2.1905983e-21
-1.5241107e-33
1.0397824e-45
-9.0732124e-58
1.2404762e-69
-3.1926143e-81
1.8870179e-92
-3.2675456e-103
2.3762474e-113
-2.0283071e-122
-2.5928903e-131
-5.3195913e-140
-3.3231458e-148
-9.4879028e-156
-1.9377596e-162
-3.4137732e-167
-3.8696575e-173
-2.3401224e-178
-3.0019963e-184
-7.9739368e-190
-3.8639364e-195
-3.2718972e-201
-7.6780685e-207
-1.1029777e-212
-3.6780305e-218
-4.6854007e-223
-9.2353022e-229
-3.6502415e-234
-6.7649187e-240
-2.2384474e-245
1.1879297e-250
-1.1490645e-256
7.1718105e-263
-4.2627038e-269
9.5183299e-275
6.3949375e-281
1.1918287e-287
1.6385957e-294
1.936863e-301
-2.1541313e-09
2.1994363e-21
-1.5175281e-33
1.0085841e-45
-8.4485772e-58
1.0979666e-69
-2.6640523e-81
1.4687793e-92
-2.3311793e-103
1.4971107e-113
-9.1942042e-123
-1.2581502e-131
-2.484498e-140
-1.4270538e-148
-3.5904962e-156
-6.6159436e-163
1.6959533e-168
1.0195313e-173
2.4223068e-179
-1.2153071e-184
-6.6630524e-190
-1.2849918e-195
-3.312714e-201
-2.0501592e-206
-1.4127455e-211
2.5186367e-217
-1.2462102e-222
-1.9657924e-228
-7.5748345e-234
2.9340551e-238
-2.8799413e-243
5.4477542e-249
-3.5781162e-255
1.3455902e-261
-5.4137166e-268
9.7957901e-274
6.2561912e-280
1.1871847e-286
1.6309524e-293
1.8930171e-300
-2.1563231e-09
2.2090416e-21
-1.5176107e-33
9.8759228e-46
-7.9780494e-58
9.8936838e-70
-2.2709316e-81
1.1719803e-92
-1.7120457e-103
9.7792492e-114
-4.5771178e-123
-6.9115953e-132
-1.3227071e-140
-7.0353471e-149
-1.5558907e-156
-2.2968844e-163
2.7714415e-167
-1.8362451e-172
2.0596159e-177
3.5182529e-183
2.190693e-188
-5.7098527e-194
1.0587537e-198
4.1617876e-204
-2.492249e-209
-5.016268e-214
-4.8466807e-219
6.0707966e-224
-2.1803988e-229
-8.5051137e-235
2.9667376e-240
-4.1433973e-246
2.7310571e-252
-1.0435768e-258
5.2115339e-265
-4.2382282e-271
-2.9172189e-277
-6.7406976e-284
-9.2200483e-291
-1.0935231e-297
-2.1552865e-09
2.2160931e-21
-1.5210621e-33
9.738472e-46
-7.621552e-58
9.0543112e-70
-1.9728702e-81
9.5635033e-93
-1.2910748e-103
6.6021468e-114
-2.4467354e-123
-4.2524815e-132
-7.9541084e-141
-3.9335725e-149
-7.7090556e-157
-9.5846232e-164
-6.530564e-168
3.6663778e-173
-1.4326022e-178
8.0625262e-184
-1.3564741e-189
1.8305136e-195
-3.3350829e-201
6.0505151e-207
-6.5080857e-213
1.7916337e-218
-4.561827e-224
-3.6200832e-230
2.9042098e-234
-2.1281298e-239
3.0850557e-245
-2.2300779e-251
1.5375231e-257
-4.7809898e-264
1.6949207e-270
-1.0767892e-276
-5.5620911e-283
-1.2851701e-289
-2.0445535e-296
-2.4101288e-303
-2.1499541e-09
2.2175269e-21
-1.5246264e-33
9.6464158e-46
-7.3468188e-58
8.393752e-70
-1.7421803e-81
7.959416e-93
-9.9687233e-104
4.5911627e-114
-1.3856969e-123
-2.956105e-132
-5.4645788e-141
-2.5307568e-149
-4.5138558e-157
-4.8920651e-164
-7.4203668e-170
2.7172367e-175
-3.9052177e-181
3.1395761e-187
-8.6381568e-193
1.4141673e-198
2.2244465e-203
-3.5615774e-209
4.7732139e-215
-1.480563e-220
3.1490507e-226
-4.4452957e-232
-3.5439589e-236
4.2563919e-242
-4.3529368e-248
4.6253419e-254
-2.3661297e-260
8.3950461e-267
-4.1923305e-273
4.0046835e-279
2.8020884e-285
5.6957493e-292
7.4490883e-299
8.7456311e-306
-2.1396252e-09
2.2107809e-21
-1.5252042e-33
9.5745772e-46
-7.1270428e-58
7.8611012e-70
-1.5595296e-81
6.7373592e-93
-7.8577583e-104
3.2778223e-114
-8.2324918e-124
-2.4043054e-132
-4.4262218e-141
-1.9364591e-149
-3.1550564e-157
-2.9060337e-164
-1.1380459e-169
8.780186e-176
-1.3475905e-181
1.8536505e-187
-2.6516683e-193
4.0671071e-199
-5.1949017e-205
5.4759765e-211
-4.4546964e-217
6.3081487e-223
-6.9594047e-229
8.8422672e-235
-8.3102405e-241
7.6609896e-247
-6.2673716e-253
6.1090189e-259
-3.2396251e-265
1.0030758e-271
-3.5906457e-278
3.2138271e-284
2.9384106e-290
5.7619892e-297
9.1332623e-304
1.1358999e-310
-2.1240412e-09
2.1940611e-21
-1.5200551e-33
9.4999471e-46
-6.9396533e-58
7.4175405e-70
-1.41122e-81
5.7835671e-93
-6.3039404e-104
2.3941342e-114
-5.0899781e-124
-2.6027536e-132
-4.8212082e-141
-1.9981956e-149
-2.940447e-157
-2.3588259e-164
8.7073868e-170
-9.6054349e-176
1.0134248e-181
-5.2700818e-188
3.4818829e-194
-3.9598246e-200
3.4568234e-206
-2.6147999e-212
3.4902943e-218
-4.791332e-224
2.9749048e-230
-3.0301055e-236
2.9377498e-242
-4.7092262e-248
8.1447257e-254
-5.6604384e-260
2.5058902e-266
-6.5390005e-273
2.5055681e-279
-2.0496338e-285
-1.3117357e-291
-3.0787492e-298
-4.2438571e-305
-4.9262292e-312
-2.1033642e-09
2.1664629e-21
-1.5069691e-33
9.4019457e-46
-6.7653044e-58
7.0326433e-70
-1.2872813e-81
5.0200103e-93
-5.130742e-104
1.7825718e-114
-3.2527791e-124
-1.2694439e-131
-2.3983668e-140
-9.5134411e-149
-1.2874924e-156
-8.8333148e-164
-8.652591e-170
1.332842e-175
-1.0415353e-181
7.5601851e-188
-3.9100386e-194
3.5757885e-200
-3.8790608e-206
3.0761682e-212
-2.1938203e-218
1.8614494e-224
-1.9894683e-230
1.6558388e-236
-1.4811922e-242
1.2198336e-248
-7.7058253e-255
4.8063243e-261
-1.6810269e-267
4.5841536e-274
-1.395024e-280
8.538694e-287
6.1265187e-293
1.4005023e-299
1.9069123e-306
1.6455715e-312
-2.0781586e-09
2.1281609e-21
-1.484637e-33
9.2649628e-46
-6.5891036e-58
6.6844572e-70
-1.18096e-81
4.3960627e-93
-4.2279686e-104
1.3504207e-114
-2.1427549e-124
1.3031106e-132
2.5394408e-141
9.6909878e-150
1.2116295e-157
7.6773164e-165
1.9959276e-170
-9.9713566e-177
6.5874711e-183
-3.1885587e-189
2.209356e-195
-1.4395545e-201
7.4889444e-208
-3.0632441e-214
2.2154644e-220
-1.5677255e-226
1.1026544e-232
-5.9379548e-239
7.3157959e-245
-3.6411858e-251
2.2541745e-257
-1.1733012e-263
4.174229e-270
-1.2415455e-276
3.5487892e-283
-2.6798888e-289
-1.7632243e-295
-3.7948892e-302
-5.4433297e-309
-4.8465134e-313
-2.049222e-09
2.0798646e-21
-1.4519786e-33
9.072414e-46
-6.3945514e-58
6.3489161e-70
-1.0851889e-81
3.8630571e-93
-3.5016365e-104
1.0301612e-114
-1.4294353e-124
3.7081197e-133
7.611721e-142
2.810613e-150
3.2736028e-158
1.7794847e-165
1.3597081e-171
-6.5281528e-178
3.5231432e-184
-1.6108528e-190
7.8250835e-197
-4.8510359e-203
1.7740228e-209
-1.0472456e-215
5.0367021e-222
-2.7104534e-228
1.638172e-234
-1.1557337e-240
9.4571065e-247
-6.554362e-253
3.4762807e-259
-1.7418161e-265
5.95344e-272
-1.3208109e-278
3.4735827e-285
-1.5150621e-291
-1.4944794e-297
-2.983172e-304
-4.2520547e-311
-2.4784367e-312
-2.017795e-09
2.025671e-21
-1.4128677e-33
8.844528e-46
-6.195486e-58
6.0467889e-70
-1.0057718e-81
3.4497685e-93
-2.9768914e-104
8.1853943e-115
-1.0209156e-124
1.732308e-133
3.7421819e-142
1.3468585e-150
1.4577063e-158
7.3758672e-166
4.6442489e-172
-1.7477114e-178
6.3240124e-185
-2.9704011e-191
1.1323702e-197
-4.9901887e-204
2.5781355e-210
-1.1513532e-216
4.3689702e-223
-2.2031744e-229
8.9895779e-236
-4.3872645e-242
2.0271073e-248
-8.6505536e-255
3.9101731e-261
-1.4374006e-267
4.030809e-274
-8.9970458e-281
2.2541384e-287
-9.6298872e-294
-1.400767e-299
-3.9887955e-306
2.2979796e-312
2.5414164e-312
-1.9768061e-09
1.9425108e-21
-1.3416533e-33
8.3984168e-46
-5.8410336e-58
5.5692769e-70
-8.8918301e-82
2.8747615e-93
-2.2876159e-104
5.615585e-115
-5.8581648e-125
5.7746037e-134
1.4656318e-142
5.1569029e-151
5.0872975e-159
2.1655427e-166
1.3723233e-172
-4.6621623e-179
2.0707764e-185
-6.8238339e-192
2.8529087e-198
-8.839072e-205
3.4766664e-211
-1.9578817e-217
6.123474e-224
-2.5943238e-230
1.1463895e-236
-5.4875192e-243
2.7392521e-249
-1.1795871e-255
7.125351e-262
-2.4615775e-268
6.4112555e-275
-1.5291347e-281
3.435335e-288
-1.2821126e-294
-1.5148069e-300
-3.4839596e-307
-7.8758022e-313
2.7395248e-312
)
;

boundaryField
{
    wall
    {
        type            fixedValue;
        value           uniform 350;
    }
    sides
    {
        type            zeroGradient;
    }
    frontAndBack
    {
        type            empty;
    }
    inlet
    {
        type            fixedValue;
        value           uniform 300;
    }
    outlet
    {
        type            zeroGradient;
    }
}


// ************************************************************************* //
