/*--------------------------------*- C++ -*----------------------------------*\
  =========                 |
  \\      /  F ield         | OpenFOAM: The Open Source CFD Toolbox
   \\    /   O peration     | Website:  https://openfoam.org
    \\  /    A nd           | Version:  10
     \\/     M anipulation  |
\*---------------------------------------------------------------------------*/
FoamFile
{
    format      ascii;
    class       volScalarField;
    location    "0.14";
    object      T;
}
// * * * * * * * * * * * * * * * * * * * * * * * * * * * * * * * * * * * * * //

dimensions      [0 0 0 1 0 0 0];

internalField   nonuniform List<scalar> 
4000
(
303.10133
299.34293
299.99042
300.00082
299.99993
300
300
300
300
300
300
300
300
300
300
300
300
300
300
300
300
300
300
300
300
300
300
300
300
300
300
300
300
300
300
300
300
300
300
300.00001
309.66329
298.49302
299.77923
300.00184
300.0008
299.99999
300
300
300
300
300
300
300
300
300
300
300
300
300
300
300
300
300
300
300
300
300
300
300
300
300
300
300
300
300
300
300
300
299.99999
300.00002
316.00383
298.68458
299.39228
299.9757
300.00406
300.00025
299.99999
300
300
300
300
300
300
300
300
300
300
300
300
300
300
300
300
300
300
300
300
300
300
300
300
300
300
300
300
300
300
299.99999
299.99999
300.00002
321.74148
299.84573
298.98495
299.89494
300.00715
300.00138
300
299.99999
300
300
300
300
300
300
300
300
300
300
300
300
300
300
300
300
300
300
300
300
300
300
300
300
300
300
300
300
299.99999
299.99999
299.99999
300.00003
326.66979
301.69992
298.71019
299.75322
300.00322
300.00378
300.00017
299.99998
300
300
300
300
300
300
300
300
300
300
300
300
300
300
300
300
300
300
300
300
300
300
300
300
300
300
299.99999
299.99999
299.99999
299.99998
299.99999
300.00004
330.68313
303.94684
298.66342
299.56849
299.98428
300.00695
300.00071
299.99996
299.99999
300
300
300
300
300
300
300
300
300
300
300
300
300
300
300
300
300
300
300
300
300
300
300
300
299.99999
299.99999
299.99999
299.99999
299.99998
300
300.00004
333.7718
306.32873
298.87085
299.37401
299.94522
300.00936
300.0018
300
299.99998
299.99999
300
300
300
300
300
300
300
300
300
300
300
300
300
300
300
300
300
300
300
300
300
300
299.99999
299.99999
299.99999
299.99999
299.99998
299.99998
300
300.00004
336.01858
308.66105
299.30734
299.20426
299.88591
300.00889
300.00344
300.00014
299.99996
299.99999
300
300
300
300
300
300
300
300
300
300
300
300
300
300
300
300
300
300
300
300
300
299.99999
299.99999
299.99999
299.99999
299.99999
299.99998
299.99998
300.00001
300.00004
337.57004
310.83299
299.92312
299.08516
299.81074
300.00352
300.00539
300.00045
299.99995
299.99999
299.99999
300
300
300
300
300
300
300
300
300
300
300
300
300
300
300
300
300
300
300
299.99999
299.99999
299.99999
299.99999
299.99999
299.99998
299.99998
299.99998
300.00001
300.00004
338.5975
312.79177
300.66359
299.03113
299.72674
299.99195
300.00722
300.00099
299.99996
299.99998
299.99999
299.99999
300
300
300
300
300
300
300
300
300
300
300
300
300
300
300
300
300
299.99999
299.99999
299.99999
299.99999
299.99999
299.99999
299.99998
299.99998
299.99998
300.00002
300.00004
339.26363
314.52449
301.48009
299.04654
299.64163
299.97377
300.00837
300.00174
300
299.99996
299.99999
299.99999
299.99999
300
300
300
300
300
300
300
300
300
300
300
300
300
300
300
299.99999
299.99999
299.99999
299.99999
299.99999
299.99999
299.99998
299.99998
299.99998
299.99999
300.00002
300.00004
339.70168
316.04239
302.33421
299.12868
299.56244
299.94944
300.00831
300.00266
300.00011
299.99995
299.99999
299.99999
299.99999
299.99999
300
300
300
300
300
300
300
300
300
300
300
300
300
299.99999
299.99999
299.99999
299.99999
299.99999
299.99999
299.99999
299.99998
299.99998
299.99998
299.99999
300.00002
300.00004
340.00819
317.36887
303.19825
299.2708
299.49474
299.92005
300.00659
300.00365
300.00029
299.99995
299.99998
299.99999
299.99999
299.99999
299.99999
299.99999
300
300
300
300
300
300
300
300
300
299.99999
299.99999
299.99999
299.99999
299.99999
299.99999
299.99999
299.99999
299.99999
299.99998
299.99998
299.99998
299.99999
300.00003
300.00004
340.24579
318.53137
304.05378
299.46447
299.44245
299.88706
300.00293
300.00457
300.00055
299.99995
299.99998
299.99999
299.99999
299.99999
299.99999
299.99999
299.99999
299.99999
300
300
300
300
300
299.99999
299.99999
299.99999
299.99999
299.99999
299.99999
299.99999
299.99999
299.99999
299.99999
299.99998
299.99998
299.99998
299.99998
300
300.00003
300.00003
340.45086
319.55664
304.88937
299.70107
299.40801
299.85208
299.99719
300.0053
300.00088
299.99997
299.99997
299.99999
299.99999
299.99999
299.99999
299.99999
299.99999
299.99999
299.99999
299.99999
299.99999
299.99999
299.99999
299.99999
299.99999
299.99999
299.99999
299.99999
299.99999
299.99999
299.99999
299.99999
299.99999
299.99998
299.99998
299.99997
299.99998
300
300.00003
300.00003
340.64213
320.46846
305.69857
299.97262
299.39264
299.8167
299.9894
300.00569
300.00127
300.00001
299.99996
299.99999
299.99999
299.99999
299.99999
299.99999
299.99999
299.99999
299.99999
299.99999
299.99999
299.99999
299.99999
299.99999
299.99999
299.99999
299.99999
299.99999
299.99999
299.99999
299.99999
299.99999
299.99998
299.99998
299.99998
299.99997
299.99998
300
300.00003
300.00003
340.82759
321.28675
306.47823
300.27211
299.39667
299.78238
299.97968
300.00562
300.0017
300.00008
299.99996
299.99998
299.99999
299.99999
299.99999
299.99999
299.99999
299.99999
299.99999
299.99999
299.99999
299.99999
299.99999
299.99999
299.99999
299.99999
299.99999
299.99999
299.99999
299.99999
299.99999
299.99999
299.99998
299.99998
299.99998
299.99997
299.99998
300
300.00003
300.00003
341.00952
322.02764
307.2272
300.59356
299.41977
299.75041
299.96829
300.00499
300.00213
300.00017
299.99996
299.99998
299.99999
299.99999
299.99999
299.99999
299.99999
299.99999
299.99999
299.99999
299.99999
299.99999
299.99999
299.99999
299.99999
299.99999
299.99999
299.99999
299.99999
299.99999
299.99999
299.99999
299.99998
299.99998
299.99998
299.99997
299.99998
300.00001
300.00003
300.00003
341.18754
322.70382
307.94554
300.93198
299.46122
299.72186
299.95552
300.00374
300.00253
300.00029
299.99996
299.99998
299.99999
299.99999
299.99999
299.99999
299.99999
299.99999
299.99999
299.99999
299.99999
299.99999
299.99999
299.99999
299.99999
299.99999
299.99999
299.99999
299.99999
299.99999
299.99999
299.99998
299.99998
299.99998
299.99998
299.99997
299.99998
300.00001
300.00003
300.00003
341.36032
323.32517
308.6339
301.28318
299.52002
299.69762
299.94172
300.00181
300.00286
300.00043
299.99997
299.99998
299.99999
299.99999
299.99999
299.99999
299.99999
299.99999
299.99999
299.99999
299.99999
299.99999
299.99999
299.99999
299.99999
299.99999
299.99999
299.99999
299.99999
299.99999
299.99999
299.99998
299.99998
299.99998
299.99997
299.99997
299.99999
300.00001
300.00003
300.00003
341.5265
323.8993
309.29323
301.64367
299.59502
299.6784
299.92725
299.9992
300.00309
300.00059
299.99999
299.99997
299.99999
299.99999
299.99999
299.99999
299.99999
299.99999
299.99999
299.99999
299.99999
299.99999
299.99999
299.99999
299.99999
299.99999
299.99999
299.99999
299.99999
299.99999
299.99999
299.99998
299.99998
299.99998
299.99997
299.99997
299.99999
300.00001
300.00003
300.00003
341.68499
324.43208
309.92458
302.01054
299.685
299.66473
299.91249
299.99591
300.00317
300.00077
300.00002
299.99997
299.99998
299.99999
299.99999
299.99999
299.99999
299.99999
299.99999
299.99999
299.99999
299.99999
299.99999
299.99999
299.99999
299.99999
299.99999
299.99999
299.99999
299.99999
299.99998
299.99998
299.99998
299.99998
299.99997
299.99998
299.99999
300.00002
300.00003
300.00003
341.83508
324.92809
310.52899
302.3813
299.78868
299.657
299.89781
299.99198
300.00309
300.00094
300.00005
299.99997
299.99998
299.99999
299.99999
299.99999
299.99999
299.99999
299.99999
299.99999
299.99999
299.99999
299.99999
299.99999
299.99999
299.99999
299.99999
299.99999
299.99999
299.99999
299.99998
299.99998
299.99998
299.99998
299.99997
299.99998
299.99999
300.00002
300.00003
300.00003
341.97639
325.39092
311.10743
302.75387
299.9048
299.65546
299.88355
299.98747
300.00281
300.00111
300.0001
299.99997
299.99998
299.99999
299.99999
299.99999
299.99999
299.99999
299.99999
299.99999
299.99999
299.99999
299.99999
299.99999
299.99999
299.99999
299.99999
299.99999
299.99999
299.99998
299.99998
299.99998
299.99998
299.99998
299.99997
299.99998
299.99999
300.00002
300.00003
300.00003
342.10881
325.82343
311.66078
303.12642
300.03212
299.66026
299.87005
299.98245
300.00232
300.00126
300.00015
299.99998
299.99998
299.99999
299.99999
299.99999
299.99999
299.99999
299.99999
299.99999
299.99999
299.99999
299.99999
299.99999
299.99999
299.99999
299.99999
299.99999
299.99999
299.99998
299.99998
299.99998
299.99998
299.99998
299.99997
299.99998
299.99999
300.00002
300.00003
300.00003
342.2324
326.22793
312.18987
303.4974
300.16942
299.67144
299.85761
299.97701
300.0016
300.00139
300.00021
299.99998
299.99998
299.99998
299.99999
299.99999
299.99999
299.99999
299.99999
299.99999
299.99999
299.99999
299.99999
299.99999
299.99999
299.99999
299.99999
299.99999
299.99998
299.99998
299.99998
299.99998
299.99998
299.99997
299.99997
299.99998
300
300.00002
300.00003
300.00003
342.34732
326.60633
312.69541
303.86543
300.31552
299.68897
299.84651
299.97123
300.00066
300.00148
300.00027
299.99999
299.99998
299.99998
299.99999
299.99999
299.99999
299.99999
299.99999
299.99999
299.99999
299.99999
299.99999
299.99999
299.99999
299.99999
299.99999
299.99999
299.99998
299.99998
299.99998
299.99998
299.99998
299.99997
299.99997
299.99998
300
300.00002
300.00003
300.00003
342.45374
326.96017
313.17803
304.22931
300.46928
299.71273
299.837
299.96522
299.99947
300.00152
300.00034
300
299.99998
299.99998
299.99999
299.99999
299.99999
299.99999
299.99999
299.99999
299.99999
299.99999
299.99999
299.99999
299.99999
299.99999
299.99999
299.99998
299.99998
299.99998
299.99998
299.99998
299.99998
299.99997
299.99997
299.99998
300
300.00002
300.00003
300.00003
342.55184
327.29068
313.63829
304.58795
300.62961
299.74257
299.82927
299.9591
299.99807
300.0015
300.0004
300.00001
299.99998
299.99998
299.99998
299.99999
299.99999
299.99999
299.99999
299.99999
299.99999
299.99999
299.99999
299.99999
299.99999
299.99999
299.99998
299.99998
299.99998
299.99998
299.99998
299.99998
299.99998
299.99997
299.99997
299.99998
300
300.00002
300.00003
300.00003
342.64173
327.59886
314.07662
304.94039
300.79545
299.77823
299.82352
299.95296
299.99644
300.00142
300.00046
300.00003
299.99998
299.99998
299.99998
299.99998
299.99999
299.99999
299.99999
299.99999
299.99999
299.99999
299.99999
299.99999
299.99999
299.99999
299.99998
299.99998
299.99998
299.99998
299.99998
299.99998
299.99998
299.99997
299.99997
299.99998
300
300.00002
300.00003
300.00003
342.7235
327.88543
314.49338
305.28572
300.96579
299.81947
299.81989
299.94693
299.99462
300.00127
300.00052
300.00005
299.99998
299.99998
299.99998
299.99998
299.99998
299.99999
299.99999
299.99999
299.99999
299.99999
299.99999
299.99999
299.99998
299.99998
299.99998
299.99998
299.99998
299.99998
299.99998
299.99998
299.99998
299.99997
299.99997
299.99998
300
300.00002
300.00003
300.00004
342.79714
328.15088
314.88882
305.62311
301.13965
299.86596
299.8185
299.9411
299.99262
300.00105
300.00057
300.00007
299.99998
299.99998
299.99998
299.99998
299.99998
299.99998
299.99998
299.99999
299.99999
299.99999
299.99999
299.99998
299.99998
299.99998
299.99998
299.99998
299.99998
299.99998
299.99998
299.99998
299.99997
299.99997
299.99997
299.99998
300
300.00003
300.00003
300.00004
342.86263
328.39547
315.26303
305.95178
301.31609
299.91737
299.81943
299.93559
299.99048
300.00075
300.00061
300.00009
299.99998
299.99998
299.99998
299.99998
299.99998
299.99998
299.99998
299.99998
299.99998
299.99998
299.99998
299.99998
299.99998
299.99998
299.99998
299.99998
299.99998
299.99998
299.99998
299.99998
299.99997
299.99997
299.99997
299.99998
300.00001
300.00003
300.00003
300.00004
342.91988
328.61924
315.61602
306.27094
301.49417
299.97332
299.82272
299.93049
299.98821
300.00037
300.00063
300.00011
299.99999
299.99998
299.99998
299.99998
299.99998
299.99998
299.99998
299.99998
299.99998
299.99998
299.99998
299.99998
299.99998
299.99998
299.99998
299.99998
299.99998
299.99998
299.99998
299.99998
299.99997
299.99997
299.99997
299.99999
300.00001
300.00003
300.00003
300.00004
342.9688
328.82202
315.94763
306.57985
301.67301
300.0334
299.82842
299.9259
299.98586
299.99991
300.00063
300.00014
299.99999
299.99998
299.99998
299.99998
299.99998
299.99998
299.99998
299.99998
299.99998
299.99998
299.99998
299.99998
299.99998
299.99998
299.99998
299.99998
299.99998
299.99998
299.99998
299.99998
299.99997
299.99997
299.99997
299.99999
300.00001
300.00003
300.00004
300.00005
343.00933
329.00345
316.25753
306.87771
301.85172
300.09721
299.8365
299.92189
299.98346
299.99938
300.00061
300.00016
300
299.99998
299.99998
299.99998
299.99998
299.99998
299.99998
299.99998
299.99998
299.99998
299.99998
299.99998
299.99998
299.99998
299.99998
299.99998
299.99998
299.99998
299.99998
299.99998
299.99997
299.99997
299.99997
299.99999
300.00001
300.00003
300.00004
300.00005
343.04146
329.16307
316.54528
307.16375
302.02944
300.16429
299.84695
299.91856
299.98104
299.99877
300.00058
300.00018
300
299.99998
299.99998
299.99998
299.99998
299.99998
299.99998
299.99998
299.99998
299.99998
299.99998
299.99998
299.99998
299.99998
299.99998
299.99998
299.99998
299.99998
299.99998
299.99997
299.99997
299.99997
299.99997
299.99999
300.00001
300.00003
300.00004
300.00005
343.06526
329.30033
316.81027
307.43713
302.2053
300.23419
299.85969
299.91595
299.97865
299.9981
300.00051
300.00019
300.00001
299.99998
299.99998
299.99998
299.99998
299.99998
299.99998
299.99998
299.99998
299.99998
299.99998
299.99998
299.99998
299.99998
299.99998
299.99998
299.99998
299.99998
299.99998
299.99997
299.99997
299.99997
299.99997
299.99999
300.00001
300.00003
300.00004
300.00005
343.08096
329.41473
317.05178
307.69699
302.37845
300.30643
299.87466
299.91414
299.97632
299.99737
300.00043
300.00021
300.00002
299.99998
299.99998
299.99998
299.99998
299.99998
299.99998
299.99998
299.99998
299.99998
299.99998
299.99998
299.99998
299.99998
299.99998
299.99998
299.99998
299.99998
299.99998
299.99997
299.99997
299.99997
299.99997
299.99999
300.00001
300.00003
300.00004
300.00005
343.08897
329.50593
317.26902
307.94243
302.54804
300.38052
299.89174
299.91316
299.97409
299.99659
300.00031
300.00022
300.00002
299.99998
299.99998
299.99998
299.99998
299.99998
299.99998
299.99998
299.99998
299.99998
299.99998
299.99998
299.99998
299.99998
299.99998
299.99998
299.99998
299.99998
299.99997
299.99997
299.99997
299.99997
299.99998
299.99999
300.00001
300.00003
300.00004
300.00006
343.08991
329.57392
317.46121
308.17253
302.71322
300.45596
299.9108
299.91304
299.97199
299.99578
300.00018
300.00022
300.00003
299.99998
299.99998
299.99998
299.99998
299.99998
299.99998
299.99998
299.99998
299.99998
299.99998
299.99998
299.99998
299.99998
299.99998
299.99998
299.99998
299.99998
299.99997
299.99997
299.99997
299.99997
299.99998
299.99999
300.00001
300.00003
300.00004
300.00006
343.08463
329.6192
317.62766
308.38638
302.87317
300.53225
299.93171
299.91381
299.97007
299.99493
300.00001
300.00022
300.00004
299.99998
299.99998
299.99998
299.99998
299.99998
299.99998
299.99998
299.99998
299.99998
299.99998
299.99998
299.99998
299.99998
299.99998
299.99998
299.99998
299.99998
299.99997
299.99997
299.99997
299.99997
299.99998
299.99999
300.00001
300.00003
300.00005
300.00006
343.07417
329.64287
317.76794
308.5831
303.02705
300.60886
299.95428
299.91548
299.96834
299.99407
299.99983
300.00021
300.00004
299.99998
299.99998
299.99998
299.99998
299.99998
299.99998
299.99998
299.99998
299.99998
299.99998
299.99998
299.99998
299.99998
299.99998
299.99998
299.99998
299.99997
299.99997
299.99997
299.99997
299.99997
299.99998
299.99999
300.00001
300.00003
300.00005
300.00006
343.05976
329.64681
317.882
308.76194
303.17411
300.68531
299.97835
299.91804
299.96684
299.99321
299.99962
300.00019
300.00005
299.99999
299.99998
299.99998
299.99998
299.99998
299.99998
299.99998
299.99998
299.99998
299.99998
299.99998
299.99998
299.99998
299.99998
299.99998
299.99998
299.99997
299.99997
299.99997
299.99997
299.99997
299.99998
299.99999
300.00001
300.00003
300.00005
300.00006
343.04272
329.63367
317.9703
308.92231
303.31362
300.76108
300.00371
299.92148
299.96559
299.99235
299.99939
300.00016
300.00005
299.99999
299.99998
299.99998
299.99998
299.99998
299.99998
299.99998
299.99998
299.99998
299.99998
299.99998
299.99998
299.99998
299.99998
299.99998
299.99997
299.99997
299.99997
299.99997
299.99997
299.99997
299.99998
299.99999
300.00001
300.00003
300.00005
300.00007
343.02436
329.60679
318.034
309.06388
303.44494
300.8357
300.03017
299.92577
299.96461
299.99152
299.99914
300.00013
300.00005
299.99999
299.99998
299.99998
299.99998
299.99998
299.99998
299.99998
299.99998
299.99998
299.99998
299.99998
299.99998
299.99998
299.99998
299.99997
299.99997
299.99997
299.99997
299.99997
299.99997
299.99997
299.99998
299.99999
300.00001
300.00003
300.00005
300.00007
343.00589
329.57002
318.07496
309.18665
303.56756
300.90873
300.05751
299.93088
299.96392
299.99072
299.99888
300.00009
300.00005
299.99999
299.99998
299.99998
299.99998
299.99998
299.99998
299.99998
299.99998
299.99998
299.99998
299.99998
299.99998
299.99998
299.99998
299.99997
299.99997
299.99997
299.99997
299.99997
299.99997
299.99997
299.99998
299.99999
300.00001
300.00003
300.00005
300.00007
342.98832
329.52738
318.09579
309.29103
303.68113
300.97976
300.08553
299.93675
299.96353
299.98997
299.99861
300.00005
300.00005
299.99999
299.99998
299.99997
299.99998
299.99998
299.99998
299.99998
299.99998
299.99998
299.99998
299.99998
299.99998
299.99997
299.99997
299.99997
299.99997
299.99997
299.99997
299.99997
299.99997
299.99997
299.99998
299.99999
300.00001
300.00004
300.00005
300.00007
342.97237
329.48275
318.09974
309.37788
303.78544
301.04844
300.11401
299.94333
299.96343
299.98927
299.99834
299.99999
300.00005
299.99999
299.99998
299.99997
299.99997
299.99997
299.99998
299.99998
299.99998
299.99998
299.99998
299.99998
299.99997
299.99997
299.99997
299.99997
299.99997
299.99997
299.99997
299.99997
299.99997
299.99997
299.99998
299.99999
300.00002
300.00004
300.00006
300.00007
342.95846
329.4395
318.09055
309.44852
303.88052
301.11448
300.14276
299.95056
299.96365
299.98863
299.99805
299.99993
300.00004
299.99999
299.99998
299.99997
299.99997
299.99997
299.99997
299.99997
299.99997
299.99997
299.99997
299.99997
299.99997
299.99997
299.99997
299.99997
299.99997
299.99997
299.99997
299.99997
299.99997
299.99997
299.99998
299.99999
300.00002
300.00004
300.00006
300.00007
342.94666
329.40015
318.07217
309.50467
303.96658
301.17766
300.1716
299.95838
299.96416
299.98806
299.99777
299.99986
300.00004
299.99999
299.99998
299.99997
299.99997
299.99997
299.99997
299.99997
299.99997
299.99997
299.99997
299.99997
299.99997
299.99997
299.99997
299.99997
299.99997
299.99997
299.99997
299.99997
299.99997
299.99997
299.99998
299.99999
300.00002
300.00004
300.00006
300.00008
342.93678
329.36628
318.0485
309.54843
304.04407
301.23785
300.20036
299.96671
299.96497
299.98757
299.99749
299.99979
300.00003
299.99999
299.99998
299.99997
299.99997
299.99997
299.99997
299.99997
299.99997
299.99997
299.99997
299.99997
299.99997
299.99997
299.99997
299.99997
299.99997
299.99997
299.99997
299.99997
299.99997
299.99997
299.99998
299.99999
300.00002
300.00004
300.00006
300.00008
342.92842
329.33842
318.02307
309.58211
304.1136
301.295
300.2289
299.9755
299.96607
299.98716
299.99722
299.99971
300.00002
299.99999
299.99998
299.99997
299.99997
299.99997
299.99997
299.99997
299.99997
299.99997
299.99997
299.99997
299.99997
299.99997
299.99997
299.99997
299.99997
299.99997
299.99997
299.99997
299.99996
299.99997
299.99998
299.99999
300.00002
300.00004
300.00006
300.00008
342.92103
329.31617
317.9988
309.60812
304.176
301.34913
300.25709
299.98466
299.96743
299.98684
299.99695
299.99963
300
299.99999
299.99998
299.99997
299.99997
299.99997
299.99997
299.99997
299.99997
299.99997
299.99997
299.99997
299.99997
299.99997
299.99997
299.99997
299.99997
299.99997
299.99997
299.99996
299.99996
299.99997
299.99998
299.99999
300.00002
300.00004
300.00006
300.00008
342.91402
329.29838
317.97778
309.62878
304.23215
301.40035
300.28483
299.99414
299.96904
299.98661
299.9967
299.99955
299.99999
299.99999
299.99997
299.99997
299.99997
299.99997
299.99997
299.99997
299.99997
299.99997
299.99997
299.99997
299.99997
299.99997
299.99997
299.99997
299.99997
299.99997
299.99997
299.99996
299.99996
299.99997
299.99998
299.99999
300.00002
300.00004
300.00006
300.00008
342.90685
329.28341
317.96115
309.64616
304.28303
301.44881
300.31205
300.00386
299.97089
299.98645
299.99646
299.99946
299.99997
299.99999
299.99997
299.99997
299.99997
299.99997
299.99997
299.99997
299.99997
299.99997
299.99997
299.99997
299.99997
299.99997
299.99997
299.99997
299.99997
299.99997
299.99996
299.99996
299.99996
299.99997
299.99998
299.99999
300.00002
300.00004
300.00006
300.00008
342.89905
329.26935
317.94902
309.66192
304.32956
301.49471
300.3387
300.01377
299.97294
299.98638
299.99624
299.99937
299.99995
299.99999
299.99997
299.99997
299.99997
299.99997
299.99997
299.99997
299.99997
299.99997
299.99997
299.99997
299.99997
299.99997
299.99997
299.99997
299.99997
299.99996
299.99996
299.99996
299.99996
299.99997
299.99998
299.99999
300.00002
300.00004
300.00007
300.00008
342.89028
329.25431
317.94061
309.67721
304.37255
301.53826
300.36474
300.02382
299.97518
299.9864
299.99603
299.99928
299.99993
299.99998
299.99997
299.99997
299.99997
299.99997
299.99997
299.99997
299.99997
299.99997
299.99997
299.99997
299.99997
299.99997
299.99997
299.99997
299.99996
299.99996
299.99996
299.99996
299.99996
299.99997
299.99998
299.99999
300.00002
300.00004
300.00007
300.00008
342.88037
329.23663
317.93431
309.69262
304.41268
301.57963
300.39015
300.03397
299.97761
299.9865
299.99585
299.9992
299.99991
299.99998
299.99997
299.99997
299.99997
299.99997
299.99997
299.99997
299.99997
299.99997
299.99997
299.99997
299.99997
299.99997
299.99997
299.99996
299.99996
299.99996
299.99996
299.99996
299.99996
299.99996
299.99998
299.99999
300.00002
300.00004
300.00007
300.00009
342.86929
329.21499
317.92799
309.70816
304.45041
301.61897
300.41491
300.0442
299.98021
299.98669
299.99569
299.99911
299.99988
299.99997
299.99997
299.99997
299.99997
299.99997
299.99997
299.99997
299.99997
299.99997
299.99997
299.99997
299.99997
299.99997
299.99996
299.99996
299.99996
299.99996
299.99996
299.99996
299.99996
299.99996
299.99997
299.99999
300.00002
300.00004
300.00007
300.00009
342.85715
329.18858
317.91916
309.72333
304.48607
301.6564
300.43899
300.05449
299.98301
299.98698
299.99556
299.99903
299.99986
299.99997
299.99997
299.99997
299.99997
299.99997
299.99997
299.99997
299.99997
299.99997
299.99997
299.99997
299.99997
299.99996
299.99996
299.99996
299.99996
299.99996
299.99996
299.99996
299.99996
299.99996
299.99997
299.99999
300.00002
300.00004
300.00007
300.00009
342.8442
329.15712
317.90536
309.73723
304.51984
301.69205
300.46239
300.06481
299.98598
299.98738
299.99546
299.99895
299.99983
299.99997
299.99997
299.99997
299.99997
299.99997
299.99997
299.99997
299.99997
299.99997
299.99997
299.99997
299.99997
299.99996
299.99996
299.99996
299.99996
299.99996
299.99996
299.99996
299.99996
299.99996
299.99997
299.99999
300.00002
300.00004
300.00007
300.00009
342.83076
329.12084
317.88436
309.74856
304.55183
301.7261
300.48512
300.07512
299.9891
299.98787
299.99539
299.99888
299.99981
299.99996
299.99997
299.99997
299.99997
299.99997
299.99997
299.99997
299.99997
299.99997
299.99997
299.99997
299.99997
299.99996
299.99996
299.99996
299.99996
299.99996
299.99996
299.99996
299.99996
299.99996
299.99998
299.99999
300.00002
300.00004
300.00007
300.00009
342.81718
329.08043
317.85448
309.75573
304.58199
301.7588
300.50721
300.08537
299.99233
299.98842
299.99535
299.99881
299.99979
299.99996
299.99997
299.99997
299.99996
299.99996
299.99996
299.99996
299.99996
299.99996
299.99996
299.99996
299.99996
299.99996
299.99996
299.99996
299.99996
299.99996
299.99996
299.99996
299.99996
299.99996
299.99998
299.99999
300.00002
300.00004
300.00007
300.00009
342.80383
329.03696
317.81472
309.75687
304.61006
301.79043
300.52877
300.0955
299.99557
299.98901
299.99531
299.99875
299.99976
299.99995
299.99996
299.99996
299.99996
299.99996
299.99996
299.99996
299.99996
299.99996
299.99996
299.99996
299.99996
299.99996
299.99996
299.99996
299.99996
299.99996
299.99996
299.99996
299.99996
299.99996
299.99998
299.99999
300.00002
300.00004
300.00008
300.00009
342.79105
328.9917
317.76493
309.74995
304.63536
301.82119
300.54995
300.10544
299.99873
299.98955
299.99525
299.99867
299.99973
299.99994
299.99996
299.99996
299.99996
299.99996
299.99996
299.99996
299.99996
299.99996
299.99996
299.99996
299.99996
299.99996
299.99996
299.99996
299.99996
299.99996
299.99996
299.99996
299.99996
299.99996
299.99997
299.99999
300.00001
300.00004
300.00008
300.00009
342.77912
328.94604
317.7058
309.73295
304.65667
301.85107
300.57088
300.11518
300.00172
299.98999
299.99515
299.99858
299.99969
299.99993
299.99995
299.99995
299.99995
299.99995
299.99995
299.99995
299.99995
299.99995
299.99995
299.99995
299.99995
299.99995
299.99995
299.99995
299.99995
299.99995
299.99995
299.99995
299.99995
299.99996
299.99997
299.99999
300.00001
300.00005
300.00008
300.00009
342.76824
328.90132
317.63884
309.70412
304.67221
301.8796
300.59164
300.12477
300.00451
299.99029
299.99499
299.99847
299.99965
299.99991
299.99994
299.99994
299.99994
299.99994
299.99994
299.99994
299.99994
299.99994
299.99994
299.99994
299.99994
299.99994
299.99994
299.99994
299.99994
299.99994
299.99994
299.99994
299.99995
299.99995
299.99997
299.99998
300.00001
300.00005
300.00008
300.00009
342.75854
328.85876
317.5662
309.66235
304.67968
301.90576
300.61211
300.13428
300.00715
299.99046
299.99476
299.99834
299.99961
299.9999
299.99993
299.99993
299.99993
299.99993
299.99993
299.99993
299.99993
299.99993
299.99993
299.99993
299.99993
299.99993
299.99993
299.99993
299.99993
299.99993
299.99993
299.99993
299.99994
299.99995
299.99996
299.99998
300.00001
300.00005
300.00008
300.00009
342.75007
328.81935
317.49052
309.60752
304.67674
301.92799
300.6319
300.14381
300.00976
299.99056
299.99448
299.99819
299.99956
299.99988
299.99992
299.99992
299.99992
299.99992
299.99992
299.99992
299.99992
299.99992
299.99992
299.99992
299.99992
299.99992
299.99992
299.99992
299.99992
299.99992
299.99992
299.99992
299.99993
299.99994
299.99995
299.99997
300.00001
300.00005
300.00009
300.00009
342.74284
328.7838
317.41459
309.54072
304.6614
301.94433
300.65031
300.15339
300.01253
299.99071
299.99421
299.99804
299.99951
299.99987
299.99991
299.99991
299.99991
299.99991
299.99991
299.99991
299.99991
299.99991
299.99991
299.99991
299.99991
299.99991
299.99991
299.99991
299.99991
299.99991
299.99991
299.99992
299.99992
299.99993
299.99994
299.99997
300.00001
300.00006
300.00009
300.00009
342.7368
328.75259
317.34117
309.46432
304.63265
301.95285
300.66639
300.16296
300.01568
299.99108
299.99401
299.9979
299.99947
299.99986
299.99991
299.99991
299.99991
299.99991
299.99991
299.99991
299.99991
299.99991
299.99991
299.99991
299.99991
299.99991
299.99991
299.99991
299.99991
299.99991
299.99991
299.99991
299.99991
299.99992
299.99994
299.99997
300.00001
300.00006
300.00009
300.00009
342.73184
328.72589
317.27268
309.38173
304.59081
301.95207
300.67905
300.17231
300.01937
299.99184
299.99397
299.99781
299.99944
299.99985
299.99991
299.99991
299.99991
299.99991
299.99991
299.99991
299.99991
299.99991
299.99991
299.99991
299.99991
299.99991
299.99991
299.99991
299.99991
299.99991
299.99991
299.99991
299.99991
299.99992
299.99994
299.99997
300.00002
300.00007
300.00009
300.00009
342.72788
328.70367
317.21101
309.29698
304.5377
301.94139
300.68738
300.18106
300.02365
299.99311
299.99416
299.9978
299.99942
299.99985
299.99991
299.99991
299.99991
299.99991
299.99991
299.99991
299.99991
299.99991
299.99991
299.99991
299.99991
299.99991
299.99991
299.99991
299.99991
299.99991
299.99991
299.99991
299.99991
299.99992
299.99994
299.99998
300.00002
300.00007
300.00009
300.00009
342.72478
328.68569
317.15743
309.21419
304.4764
301.92131
300.6908
300.1888
300.02841
299.99494
299.99463
299.99787
299.99942
299.99985
299.99992
299.99992
299.99992
299.99992
299.99992
299.99992
299.99992
299.99992
299.99992
299.99992
299.99992
299.99992
299.99992
299.99992
299.99992
299.99992
299.99991
299.99991
299.99992
299.99993
299.99995
299.99998
300.00003
300.00007
300.00009
300.00009
342.72242
328.67158
317.11251
309.13705
304.41081
301.89342
300.68927
300.19512
300.03342
299.99725
299.99537
299.99804
299.99945
299.99986
299.99993
299.99993
299.99993
299.99993
299.99993
299.99993
299.99993
299.99993
299.99993
299.99993
299.99993
299.99993
299.99993
299.99993
299.99993
299.99993
299.99993
299.99992
299.99993
299.99994
299.99996
299.99999
300.00004
300.00008
300.00009
300.00009
342.7207
328.66087
317.07619
309.06835
304.34503
301.8601
300.68328
300.19973
300.03835
299.99989
299.99634
299.99829
299.9995
299.99987
299.99994
299.99994
299.99994
299.99995
299.99995
299.99995
299.99995
299.99995
299.99995
299.99995
299.99995
299.99995
299.99995
299.99994
299.99994
299.99994
299.99994
299.99994
299.99994
299.99995
299.99997
300
300.00005
300.00008
300.00009
300.00009
342.71949
328.65303
317.04792
309.0098
304.28271
301.82411
300.67379
300.20254
300.04289
300.00264
299.99744
299.99861
299.99957
299.99989
299.99995
299.99996
299.99996
299.99996
299.99996
299.99996
299.99996
299.99996
299.99996
299.99996
299.99996
299.99996
299.99996
299.99996
299.99996
299.99995
299.99995
299.99995
299.99995
299.99996
299.99998
300.00001
300.00005
300.00008
300.00009
300.00009
342.7187
328.64754
317.02673
308.96202
304.2267
301.7881
300.66199
300.20363
300.04677
300.00527
299.99858
299.99896
299.99965
299.99991
299.99996
299.99997
299.99997
299.99997
299.99997
299.99997
299.99997
299.99997
299.99997
299.99997
299.99997
299.99997
299.99997
299.99997
299.99997
299.99997
299.99997
299.99997
299.99997
299.99998
299.99999
300.00002
300.00006
300.00008
300.00009
300.00009
342.71823
328.64391
317.01149
308.92461
304.17872
301.7543
300.64913
300.20327
300.04981
300.00761
299.99965
299.99931
299.99974
299.99993
299.99998
299.99998
299.99998
299.99998
299.99998
299.99998
299.99998
299.99998
299.99998
299.99998
299.99998
299.99998
299.99998
299.99998
299.99998
299.99998
299.99998
299.99998
299.99998
299.99999
300
300.00003
300.00006
300.00008
300.00009
300.00009
342.718
328.64169
317.00099
308.89651
304.13944
301.72426
300.63629
300.2018
300.05199
300.00954
300.0006
299.99964
299.99982
299.99995
299.99998
299.99999
299.99999
299.99999
299.99999
299.99999
299.99999
299.99999
299.99999
299.99999
299.99999
299.99999
299.99999
299.99999
299.99999
299.99999
299.99999
299.99999
299.99999
300
300.00001
300.00004
300.00006
300.00008
300.00009
300.00009
342.71795
328.64049
316.99408
308.87619
304.1086
301.69881
300.62432
300.19962
300.05336
300.01102
300.00136
299.99991
299.9999
299.99997
299.99999
300
300
300
300
300
300
300
300
300
300
300
300
300
300
300
300
300
300
300
300.00002
300.00004
300.00006
300.00008
300.00009
300.00009
342.71803
328.63999
316.98976
308.86203
304.08528
301.67814
300.61375
300.19708
300.05406
300.01206
300.00195
300.00013
299.99996
299.99998
300
300
300
300
300
300
300
300
300
300
300
300
300
300
300
300
300
300
300
300.00001
300.00002
300.00004
300.00006
300.00008
300.00009
300.00009
342.71819
328.63996
316.98721
308.85244
304.06823
301.66198
300.60482
300.19449
300.05427
300.01274
300.00237
300.0003
300.00001
299.99999
300
300
300
300
300
300
300
300
300
300
300
300
300
300
300
300
300
300
300.00001
300.00001
300.00002
300.00004
300.00006
300.00008
300.00009
300.00009
342.7184
328.64022
316.98581
308.84609
304.05607
301.64972
300.59756
300.19205
300.05415
300.01313
300.00265
300.00042
300.00004
300
300
300
300
300
300
300
300
300
300
300
300
300
300
300
300
300
300
300.00001
300.00001
300.00001
300.00002
300.00004
300.00006
300.00008
300.00009
300.00009
342.71864
328.64066
316.98511
308.84189
304.04754
301.64063
300.59184
300.1899
300.05385
300.01333
300.00282
300.0005
300.00007
300.00001
300
300
300
300
300
300
300
300
300
300
300
300
300
300
300
300
300
300.00001
300.00001
300.00001
300.00002
300.00004
300.00006
300.00008
300.00009
300.00009
342.7189
328.64118
316.98484
308.83906
304.04154
301.63397
300.58744
300.18808
300.05347
300.0134
300.00292
300.00055
300.00009
300.00001
300
300
300
300
300
300
300
300
300
300
300
300
300
300
300
300
300
300.00001
300.00001
300.00001
300.00002
300.00004
300.00006
300.00008
300.00009
300.00009
342.71917
328.64175
316.9848
308.83709
304.03725
301.62911
300.58409
300.18661
300.05309
300.0134
300.00298
300.00058
300.0001
300.00002
300
300
300
300
300
300
300
300
300
300
300
300
300
300
300
300
300
300.00001
300.00001
300.00001
300.00002
300.00004
300.00006
300.00008
300.00009
300.00009
342.71944
328.64236
316.98491
308.83564
304.03408
301.6255
300.58155
300.18543
300.05274
300.01336
300.003
300.0006
300.0001
300.00002
300
300
300
300
300
300
300
300
300
300
300
300
300
300
300
300
300
300
300.00001
300.00001
300.00002
300.00004
300.00006
300.00008
300.00009
300.00009
342.71973
328.64298
316.98511
308.83453
304.03163
301.62276
300.57962
300.18451
300.05245
300.01332
300.00301
300.00061
300.00011
300.00002
300
300
300
300
300
300
300
300
300
300
300
300
300
300
300
300
300
300
300.00001
300.00001
300.00002
300.00004
300.00006
300.00008
300.00009
300.00009
342.72003
328.64363
316.98539
308.83365
304.02967
301.62062
300.57811
300.18379
300.05222
300.01327
300.00302
300.00061
300.00011
300.00002
300
300
300
300
300
300
300
300
300
300
300
300
300
300
300
300
300
300
300.00001
300.00001
300.00002
300.00004
300.00006
300.00008
300.00009
300.00009
342.72034
328.64432
316.98576
308.83298
304.02806
301.61888
300.57692
300.18322
300.05203
300.01323
300.00302
300.00062
300.00011
300.00002
300
300
300
300
300
300
300
300
300
300
300
300
300
300
300
300
300
300
300.00001
300.00001
300.00002
300.00004
300.00006
300.00008
300.00009
300.00009
342.72068
328.64506
316.98622
308.83249
304.02673
301.61746
300.57596
300.18277
300.05188
300.0132
300.00302
300.00062
300.00012
300.00002
300
300
300
300
300
300
300
300
300
300
300
300
300
300
300
300
300
300
300.00001
300.00001
300.00002
300.00004
300.00006
300.00008
300.00009
300.00009
342.72105
328.64587
316.98678
308.83219
304.02565
301.61627
300.57516
300.1824
300.05176
300.01318
300.00302
300.00062
300.00012
300.00002
300
300
300
300
300
300
300
300
300
300
300
300
300
300
300
300
300
300
300.00001
300.00001
300.00002
300.00004
300.00006
300.00008
300.00009
300.00009
342.72145
328.64676
316.98747
308.83206
304.02478
301.61529
300.5745
300.1821
300.05166
300.01316
300.00302
300.00062
300.00012
300.00002
300
300
300
300
300
300
300
300
300
300
300
300
300
300
300
300
300
300
300
300.00001
300.00002
300.00004
300.00006
300.00008
300.00009
300.00009
342.72192
328.64776
316.98829
308.83211
304.02413
301.61448
300.57396
300.18185
300.05159
300.01315
300.00302
300.00063
300.00012
300.00002
300
300
300
300
300
300
300
300
300
300
300
300
300
300
300
300
300
300
300
300.00001
300.00002
300.00004
300.00006
300.00008
300.00009
300.00009
342.72246
328.64889
316.98927
308.83234
304.02366
301.61383
300.5735
300.18164
300.05152
300.01314
300.00302
300.00063
300.00012
300.00002
300
300
300
300
300
300
300
300
300
300
300
300
300
300
300
300
300
300
300
300.00001
300.00002
300.00004
300.00006
300.00008
300.00009
300.00009
342.72315
328.65027
316.99048
308.83279
304.02339
301.61333
300.57313
300.18147
300.05147
300.01313
300.00302
300.00063
300.00012
300.00002
300
300
300
300
300
300
300
300
300
300
300
300
300
300
300
300
300
300
300
300.00001
300.00002
300.00004
300.00006
300.00008
300.00009
300.00009
342.72399
328.6517
316.99168
308.83329
304.02324
301.61295
300.57284
300.18133
300.05142
300.01312
300.00302
300.00063
300.00012
300.00002
300
300
300
300
300
300
300
300
300
300
300
300
300
300
300
300
300
300
300
300.00001
300.00002
300.00004
300.00006
300.00008
300.00009
300.00009
342.72588
328.65518
316.99451
308.83471
304.02343
301.61262
300.57252
300.18117
300.05137
300.01311
300.00302
300.00063
300.00012
300.00002
300
300
300
300
300
300
300
300
300
300
300
300
300
300
300
300
300
300
300
300.00001
300.00002
300.00004
300.00006
300.00008
300.00009
300.00009
)
;

boundaryField
{
    wall
    {
        type            fixedValue;
        value           uniform 350;
    }
    sides
    {
        type            zeroGradient;
    }
    frontAndBack
    {
        type            empty;
    }
    inlet
    {
        type            fixedValue;
        value           uniform 300;
    }
    outlet
    {
        type            zeroGradient;
    }
}


// ************************************************************************* //
