/*--------------------------------*- C++ -*----------------------------------*\
  =========                 |
  \\      /  F ield         | OpenFOAM: The Open Source CFD Toolbox
   \\    /   O peration     | Website:  https://openfoam.org
    \\  /    A nd           | Version:  10
     \\/     M anipulation  |
\*---------------------------------------------------------------------------*/
FoamFile
{
    format      ascii;
    class       volScalarField;
    location    "0.14";
    object      T_0;
}
// * * * * * * * * * * * * * * * * * * * * * * * * * * * * * * * * * * * * * //

dimensions      [0 0 0 1 0 0 0];

internalField   nonuniform List<scalar> 
4000
(
303.10133
299.34293
299.99042
300.00082
299.99993
300
300
300
300
300
300
300
300
300
300
300
300
300
300
300
300
300
300
300
300
300
300
300
300
300
300
300
300
300
300
300
300
300
300
300.00001
309.66328
298.49303
299.77923
300.00184
300.0008
299.99999
300
300
300
300
300
300
300
300
300
300
300
300
300
300
300
300
300
300
300
300
300
300
300
300
300
300
300
300
300
300
300
300
299.99999
300.00002
316.00381
298.68458
299.39228
299.9757
300.00406
300.00025
299.99999
300
300
300
300
300
300
300
300
300
300
300
300
300
300
300
300
300
300
300
300
300
300
300
300
300
300
300
300
300
300
299.99999
299.99999
300.00002
321.74144
299.84572
298.98495
299.89494
300.00715
300.00138
300
299.99999
300
300
300
300
300
300
300
300
300
300
300
300
300
300
300
300
300
300
300
300
300
300
300
300
300
300
300
300
299.99999
299.99999
299.99999
300.00003
326.66971
301.69989
298.7102
299.75323
300.00322
300.00378
300.00017
299.99998
300
300
300
300
300
300
300
300
300
300
300
300
300
300
300
300
300
300
300
300
300
300
300
300
300
300
299.99999
299.99999
299.99999
299.99998
299.99999
300.00004
330.68302
303.94677
298.66343
299.5685
299.98428
300.00695
300.00071
299.99996
299.99999
300
300
300
300
300
300
300
300
300
300
300
300
300
300
300
300
300
300
300
300
300
300
300
300
299.99999
299.99999
299.99999
299.99999
299.99998
300
300.00004
333.77166
306.32861
298.87085
299.37403
299.94522
300.00936
300.0018
300
299.99998
299.99999
300
300
300
300
300
300
300
300
300
300
300
300
300
300
300
300
300
300
300
300
300
300
299.99999
299.99999
299.99999
299.99999
299.99998
299.99998
300
300.00004
336.0184
308.66088
299.30732
299.20429
299.88592
300.00889
300.00344
300.00014
299.99996
299.99999
300
300
300
300
300
300
300
300
300
300
300
300
300
300
300
300
300
300
300
300
300
299.99999
299.99999
299.99999
299.99999
299.99999
299.99998
299.99998
300.00001
300.00004
337.56982
310.83273
299.92306
299.08519
299.81075
300.00352
300.00539
300.00045
299.99995
299.99999
299.99999
300
300
300
300
300
300
300
300
300
300
300
300
300
300
300
300
300
300
300
299.99999
299.99999
299.99999
299.99999
299.99999
299.99998
299.99998
299.99998
300.00001
300.00004
338.59724
312.79142
300.66349
299.03116
299.72676
299.99195
300.00722
300.00099
299.99996
299.99998
299.99999
299.99999
300
300
300
300
300
300
300
300
300
300
300
300
300
300
300
300
300
299.99999
299.99999
299.99999
299.99999
299.99999
299.99999
299.99998
299.99998
299.99998
300.00002
300.00004
339.26332
314.52404
301.47992
299.04657
299.64167
299.97377
300.00837
300.00174
300
299.99996
299.99999
299.99999
299.99999
300
300
300
300
300
300
300
300
300
300
300
300
300
300
300
299.99999
299.99999
299.99999
299.99999
299.99999
299.99999
299.99998
299.99998
299.99998
299.99999
300.00002
300.00004
339.70132
316.04182
302.33395
299.12869
299.56249
299.94945
300.00831
300.00266
300.00011
299.99995
299.99999
299.99999
299.99999
299.99999
300
300
300
300
300
300
300
300
300
300
300
300
300
299.99999
299.99999
299.99999
299.99999
299.99999
299.99999
299.99999
299.99998
299.99998
299.99998
299.99999
300.00002
300.00004
340.00777
317.36816
303.19789
299.27079
299.49479
299.92007
300.00659
300.00365
300.00029
299.99995
299.99998
299.99999
299.99999
299.99999
299.99999
299.99999
300
300
300
300
300
300
300
300
300
299.99999
299.99999
299.99999
299.99999
299.99999
299.99999
299.99999
299.99999
299.99999
299.99998
299.99998
299.99998
299.99999
300.00003
300.00004
340.24528
318.53049
304.05329
299.46442
299.44252
299.88709
300.00293
300.00457
300.00055
299.99995
299.99998
299.99999
299.99999
299.99999
299.99999
299.99999
299.99999
299.99999
300
300
300
300
300
299.99999
299.99999
299.99999
299.99999
299.99999
299.99999
299.99999
299.99999
299.99999
299.99999
299.99998
299.99998
299.99998
299.99998
300
300.00003
300.00003
340.45026
319.55557
304.88872
299.70097
299.40809
299.85212
299.9972
300.0053
300.00088
299.99997
299.99997
299.99999
299.99999
299.99999
299.99999
299.99999
299.99999
299.99999
299.99999
299.99999
299.99999
299.99999
299.99999
299.99999
299.99999
299.99999
299.99999
299.99999
299.99999
299.99999
299.99999
299.99999
299.99999
299.99998
299.99998
299.99997
299.99998
300
300.00003
300.00003
340.64141
320.46716
305.69773
299.97245
299.39273
299.81676
299.9894
300.00569
300.00127
300.00001
299.99996
299.99999
299.99999
299.99999
299.99999
299.99999
299.99999
299.99999
299.99999
299.99999
299.99999
299.99999
299.99999
299.99999
299.99999
299.99999
299.99999
299.99999
299.99999
299.99999
299.99999
299.99999
299.99998
299.99998
299.99998
299.99997
299.99998
300
300.00003
300.00003
340.82673
321.2852
306.47716
300.27184
299.39675
299.78245
299.97969
300.00562
300.0017
300.00008
299.99996
299.99998
299.99999
299.99999
299.99999
299.99999
299.99999
299.99999
299.99999
299.99999
299.99999
299.99999
299.99999
299.99999
299.99999
299.99999
299.99999
299.99999
299.99999
299.99999
299.99999
299.99999
299.99998
299.99998
299.99998
299.99997
299.99998
300
300.00003
300.00003
341.00851
322.02579
307.22587
300.59318
299.41985
299.75049
299.96831
300.00499
300.00213
300.00017
299.99996
299.99998
299.99999
299.99999
299.99999
299.99999
299.99999
299.99999
299.99999
299.99999
299.99999
299.99999
299.99999
299.99999
299.99999
299.99999
299.99999
299.99999
299.99999
299.99999
299.99999
299.99999
299.99998
299.99998
299.99998
299.99997
299.99998
300.00001
300.00003
300.00003
341.18633
322.70162
307.94389
300.93144
299.46128
299.72196
299.95555
300.00374
300.00253
300.00029
299.99996
299.99998
299.99999
299.99999
299.99999
299.99999
299.99999
299.99999
299.99999
299.99999
299.99999
299.99999
299.99999
299.99999
299.99999
299.99999
299.99999
299.99999
299.99999
299.99999
299.99999
299.99998
299.99998
299.99998
299.99998
299.99997
299.99998
300.00001
300.00003
300.00003
341.35889
323.32257
308.63189
301.28246
299.52005
299.69775
299.94176
300.00181
300.00286
300.00043
299.99997
299.99998
299.99999
299.99999
299.99999
299.99999
299.99999
299.99999
299.99999
299.99999
299.99999
299.99999
299.99999
299.99999
299.99999
299.99999
299.99999
299.99999
299.99999
299.99999
299.99999
299.99998
299.99998
299.99998
299.99997
299.99997
299.99999
300.00001
300.00003
300.00003
341.5248
323.89622
309.2908
301.64272
299.59501
299.67855
299.9273
299.9992
300.00308
300.00059
299.99999
299.99997
299.99999
299.99999
299.99999
299.99999
299.99999
299.99999
299.99999
299.99999
299.99999
299.99999
299.99999
299.99999
299.99999
299.99999
299.99999
299.99999
299.99999
299.99999
299.99999
299.99998
299.99998
299.99998
299.99997
299.99997
299.99999
300.00001
300.00003
300.00003
341.68298
324.42846
309.92166
302.00932
299.68492
299.6649
299.91256
299.99592
300.00317
300.00077
300.00002
299.99997
299.99998
299.99999
299.99999
299.99999
299.99999
299.99999
299.99999
299.99999
299.99999
299.99999
299.99999
299.99999
299.99999
299.99999
299.99999
299.99999
299.99999
299.99999
299.99998
299.99998
299.99998
299.99998
299.99997
299.99998
299.99999
300.00002
300.00003
300.00003
341.83269
324.92384
310.52549
302.37976
299.78851
299.65718
299.8979
299.992
300.00309
300.00094
300.00005
299.99997
299.99998
299.99999
299.99999
299.99999
299.99999
299.99999
299.99999
299.99999
299.99999
299.99999
299.99999
299.99999
299.99999
299.99999
299.99999
299.99999
299.99999
299.99999
299.99998
299.99998
299.99998
299.99998
299.99997
299.99998
299.99999
300.00002
300.00003
300.00003
341.97356
325.38593
311.10327
302.75193
299.90452
299.65565
299.88366
299.98749
300.00281
300.00111
300.0001
299.99997
299.99998
299.99999
299.99999
299.99999
299.99999
299.99999
299.99999
299.99999
299.99999
299.99999
299.99999
299.99999
299.99999
299.99999
299.99999
299.99999
299.99999
299.99998
299.99998
299.99998
299.99998
299.99998
299.99997
299.99998
299.99999
300.00002
300.00003
300.00003
342.10546
325.81758
311.65587
303.12403
300.03169
299.66046
299.87019
299.98248
300.00232
300.00126
300.00015
299.99998
299.99998
299.99999
299.99999
299.99999
299.99999
299.99999
299.99999
299.99999
299.99999
299.99999
299.99999
299.99999
299.99999
299.99999
299.99999
299.99999
299.99999
299.99998
299.99998
299.99998
299.99998
299.99998
299.99997
299.99998
299.99999
300.00002
300.00003
300.00003
342.22845
326.22109
312.18408
303.49447
300.1688
299.67164
299.85778
299.97705
300.0016
300.00138
300.00021
299.99998
299.99998
299.99998
299.99999
299.99999
299.99999
299.99999
299.99999
299.99999
299.99999
299.99999
299.99999
299.99999
299.99999
299.99999
299.99999
299.99999
299.99998
299.99998
299.99998
299.99998
299.99998
299.99997
299.99997
299.99998
300
300.00002
300.00003
300.00003
342.34264
326.59832
312.6886
303.86187
300.31467
299.68915
299.84671
299.97128
300.00066
300.00147
300.00027
299.99999
299.99998
299.99998
299.99999
299.99999
299.99999
299.99999
299.99999
299.99999
299.99999
299.99999
299.99999
299.99999
299.99999
299.99999
299.99999
299.99999
299.99998
299.99998
299.99998
299.99998
299.99998
299.99997
299.99997
299.99998
300
300.00002
300.00003
300.00003
342.44823
326.95079
313.17006
304.22502
300.46815
299.71289
299.83723
299.96529
299.99948
300.00151
300.00033
300
299.99998
299.99998
299.99999
299.99999
299.99999
299.99999
299.99999
299.99999
299.99999
299.99999
299.99999
299.99999
299.99999
299.99999
299.99999
299.99998
299.99998
299.99998
299.99998
299.99998
299.99998
299.99997
299.99997
299.99998
300
300.00002
300.00003
300.00003
342.54534
327.27971
313.62897
304.58282
300.62814
299.74268
299.82954
299.95919
299.99807
300.0015
300.0004
300.00001
299.99998
299.99998
299.99998
299.99999
299.99999
299.99999
299.99999
299.99999
299.99999
299.99999
299.99999
299.99999
299.99999
299.99999
299.99998
299.99998
299.99998
299.99998
299.99998
299.99998
299.99998
299.99997
299.99997
299.99998
300
300.00002
300.00003
300.00003
342.6341
327.58603
314.06576
304.93428
300.79357
299.77828
299.82382
299.95308
299.99645
300.00142
300.00046
300.00003
299.99998
299.99998
299.99998
299.99998
299.99999
299.99999
299.99999
299.99999
299.99999
299.99999
299.99999
299.99999
299.99999
299.99998
299.99998
299.99998
299.99998
299.99998
299.99998
299.99998
299.99998
299.99997
299.99997
299.99998
300
300.00002
300.00003
300.00003
342.71455
327.87042
314.48073
305.27848
300.96343
299.81943
299.82022
299.94707
299.99464
300.00127
300.00052
300.00005
299.99998
299.99998
299.99998
299.99998
299.99998
299.99999
299.99999
299.99999
299.99999
299.99999
299.99999
299.99999
299.99998
299.99998
299.99998
299.99998
299.99998
299.99998
299.99998
299.99998
299.99998
299.99997
299.99997
299.99998
300
300.00002
300.00003
300.00004
342.78669
328.13332
314.87411
305.61458
301.13672
299.8658
299.81885
299.94127
299.99265
300.00105
300.00057
300.00007
299.99998
299.99998
299.99998
299.99998
299.99998
299.99998
299.99998
299.99999
299.99999
299.99999
299.99998
299.99998
299.99998
299.99998
299.99998
299.99998
299.99998
299.99998
299.99998
299.99998
299.99997
299.99997
299.99997
299.99998
300
300.00002
300.00003
300.00004
342.85046
328.37495
315.24595
305.94176
301.31248
299.91704
299.8198
299.93579
299.99052
300.00075
300.0006
300.00009
299.99998
299.99998
299.99998
299.99998
299.99998
299.99998
299.99998
299.99998
299.99998
299.99998
299.99998
299.99998
299.99998
299.99998
299.99998
299.99998
299.99998
299.99998
299.99998
299.99998
299.99997
299.99997
299.99997
299.99998
300.00001
300.00003
300.00003
300.00004
342.90579
328.59527
315.5962
306.25922
301.48977
299.97279
299.82312
299.93073
299.98826
300.00037
300.00062
300.00011
299.99999
299.99998
299.99998
299.99998
299.99998
299.99998
299.99998
299.99998
299.99998
299.99998
299.99998
299.99998
299.99998
299.99998
299.99998
299.99998
299.99998
299.99998
299.99998
299.99998
299.99997
299.99997
299.99997
299.99999
300.00001
300.00003
300.00004
300.00004
342.95258
328.79406
315.92465
306.56618
301.6677
300.03263
299.82882
299.92617
299.98593
299.99991
300.00063
300.00014
299.99999
299.99998
299.99998
299.99998
299.99998
299.99998
299.99998
299.99998
299.99998
299.99998
299.99998
299.99998
299.99998
299.99998
299.99998
299.99998
299.99998
299.99998
299.99998
299.99998
299.99997
299.99997
299.99997
299.99999
300.00001
300.00003
300.00004
300.00005
342.99078
328.97092
316.23092
306.86181
301.84536
300.09613
299.8369
299.9222
299.98354
299.99938
300.00061
300.00016
300
299.99998
299.99998
299.99998
299.99998
299.99998
299.99998
299.99998
299.99998
299.99998
299.99998
299.99998
299.99998
299.99998
299.99998
299.99998
299.99998
299.99998
299.99998
299.99997
299.99997
299.99997
299.99997
299.99999
300.00001
300.00003
300.00004
300.00005
343.02041
329.12534
316.51449
307.14531
302.02187
300.16284
299.84733
299.91891
299.98115
299.99878
300.00057
300.00018
300
299.99998
299.99998
299.99998
299.99998
299.99998
299.99998
299.99998
299.99998
299.99998
299.99998
299.99998
299.99998
299.99998
299.99998
299.99998
299.99998
299.99998
299.99998
299.99997
299.99997
299.99997
299.99997
299.99999
300.00001
300.00003
300.00004
300.00005
343.04159
329.25675
316.77472
307.41579
302.19634
300.2323
299.86004
299.91635
299.97878
299.99811
300.00051
300.00019
300.00001
299.99998
299.99998
299.99998
299.99998
299.99998
299.99998
299.99998
299.99998
299.99998
299.99998
299.99998
299.99998
299.99998
299.99998
299.99998
299.99998
299.99998
299.99998
299.99997
299.99997
299.99997
299.99997
299.99999
300.00001
300.00003
300.00004
300.00005
343.05463
329.3647
317.01082
307.67237
302.36792
300.30403
299.87494
299.91457
299.97647
299.99739
300.00042
300.00021
300.00002
299.99998
299.99998
299.99998
299.99998
299.99998
299.99998
299.99998
299.99998
299.99998
299.99998
299.99998
299.99998
299.99998
299.99998
299.99998
299.99998
299.99998
299.99998
299.99997
299.99997
299.99997
299.99997
299.99999
300.00001
300.00003
300.00004
300.00005
343.06001
329.44893
317.22198
307.91411
302.53572
300.37751
299.89194
299.91363
299.97427
299.99662
300.00031
300.00021
300.00002
299.99998
299.99998
299.99998
299.99998
299.99998
299.99998
299.99998
299.99998
299.99998
299.99998
299.99998
299.99998
299.99998
299.99998
299.99998
299.99998
299.99998
299.99997
299.99997
299.99997
299.99997
299.99997
299.99999
300.00001
300.00003
300.00004
300.00006
343.05844
329.50959
317.40743
308.14007
302.6989
300.45226
299.91089
299.91355
299.9722
299.99581
300.00017
300.00022
300.00003
299.99998
299.99998
299.99998
299.99998
299.99998
299.99998
299.99998
299.99998
299.99998
299.99998
299.99998
299.99998
299.99998
299.99998
299.99998
299.99998
299.99998
299.99997
299.99997
299.99997
299.99997
299.99998
299.99999
300.00001
300.00003
300.00004
300.00006
343.05087
329.54736
317.56654
308.34932
302.8566
300.52775
299.93165
299.91435
299.9703
299.99498
300.00001
300.00021
300.00003
299.99998
299.99998
299.99998
299.99998
299.99998
299.99998
299.99998
299.99998
299.99998
299.99998
299.99998
299.99998
299.99998
299.99998
299.99998
299.99998
299.99998
299.99997
299.99997
299.99997
299.99997
299.99998
299.99999
300.00001
300.00003
300.00005
300.00006
343.03845
329.56365
317.69897
308.54101
303.00801
300.60347
299.95405
299.91605
299.96861
299.99413
299.99983
300.0002
300.00004
299.99998
299.99998
299.99998
299.99998
299.99998
299.99998
299.99998
299.99998
299.99998
299.99998
299.99998
299.99998
299.99998
299.99998
299.99998
299.99998
299.99997
299.99997
299.99997
299.99997
299.99997
299.99998
299.99999
300.00001
300.00003
300.00005
300.00006
343.02248
329.56065
317.80485
308.71441
303.15235
300.6789
299.9779
299.91862
299.96714
299.99328
299.99962
300.00019
300.00004
299.99999
299.99998
299.99998
299.99998
299.99998
299.99998
299.99998
299.99998
299.99998
299.99998
299.99998
299.99998
299.99998
299.99998
299.99998
299.99998
299.99997
299.99997
299.99997
299.99997
299.99997
299.99998
299.99999
300.00001
300.00003
300.00005
300.00006
343.00432
329.54135
317.88488
308.869
303.28892
300.75356
300.003
299.92207
299.96592
299.99244
299.99939
300.00016
300.00005
299.99999
299.99998
299.99998
299.99998
299.99998
299.99998
299.99998
299.99998
299.99998
299.99998
299.99998
299.99998
299.99998
299.99998
299.99998
299.99997
299.99997
299.99997
299.99997
299.99997
299.99997
299.99998
299.99999
300.00001
300.00003
300.00005
300.00007
342.98531
329.5094
317.94048
309.00455
303.41711
300.82696
300.02915
299.92635
299.96498
299.99162
299.99915
300.00013
300.00005
299.99999
299.99998
299.99998
299.99998
299.99998
299.99998
299.99998
299.99998
299.99998
299.99998
299.99998
299.99998
299.99998
299.99998
299.99997
299.99997
299.99997
299.99997
299.99997
299.99997
299.99997
299.99998
299.99999
300.00001
300.00003
300.00005
300.00007
342.96662
329.46885
317.97385
309.12122
303.53645
300.89867
300.05614
299.93143
299.96431
299.99083
299.9989
300.00009
300.00005
299.99999
299.99998
299.99998
299.99998
299.99998
299.99998
299.99998
299.99998
299.99998
299.99998
299.99998
299.99998
299.99998
299.99997
299.99997
299.99997
299.99997
299.99997
299.99997
299.99997
299.99997
299.99998
299.99999
300.00001
300.00003
300.00005
300.00007
342.94918
329.42384
317.98789
309.21957
303.64663
300.9683
300.08375
299.93726
299.96395
299.9901
299.99863
300.00004
300.00005
299.99999
299.99998
299.99997
299.99997
299.99998
299.99998
299.99998
299.99998
299.99998
299.99998
299.99998
299.99998
299.99997
299.99997
299.99997
299.99997
299.99997
299.99997
299.99997
299.99997
299.99997
299.99998
299.99999
300.00001
300.00004
300.00006
300.00007
342.93362
329.37821
317.98615
309.30066
303.74753
301.0355
300.1118
299.94378
299.96388
299.98941
299.99836
299.99999
300.00005
299.99999
299.99998
299.99997
299.99997
299.99997
299.99997
299.99998
299.99998
299.99998
299.99997
299.99997
299.99997
299.99997
299.99997
299.99997
299.99997
299.99997
299.99997
299.99997
299.99997
299.99997
299.99998
299.99999
300.00001
300.00004
300.00006
300.00007
342.92023
329.33512
317.97254
309.36598
303.83923
301.10003
300.14007
299.95094
299.96411
299.98879
299.99808
299.99993
300.00004
299.99999
299.99998
299.99997
299.99997
299.99997
299.99997
299.99997
299.99997
299.99997
299.99997
299.99997
299.99997
299.99997
299.99997
299.99997
299.99997
299.99997
299.99997
299.99997
299.99997
299.99997
299.99998
299.99999
300.00002
300.00004
300.00006
300.00007
342.90898
329.29683
317.95112
309.41743
303.92204
301.16168
300.1684
299.95866
299.96464
299.98824
299.9978
299.99986
300.00003
299.99999
299.99998
299.99997
299.99997
299.99997
299.99997
299.99997
299.99997
299.99997
299.99997
299.99997
299.99997
299.99997
299.99997
299.99997
299.99997
299.99997
299.99997
299.99997
299.99997
299.99997
299.99998
299.99999
300.00002
300.00004
300.00006
300.00008
342.89956
329.26454
317.92577
309.45724
303.99648
301.22034
300.19661
299.96687
299.96545
299.98776
299.99753
299.99979
300.00003
299.99999
299.99998
299.99997
299.99997
299.99997
299.99997
299.99997
299.99997
299.99997
299.99997
299.99997
299.99997
299.99997
299.99997
299.99997
299.99997
299.99997
299.99997
299.99997
299.99997
299.99997
299.99998
299.99999
300.00002
300.00004
300.00006
300.00008
342.8915
329.23838
317.89989
309.48781
304.06325
301.27599
300.22458
299.97552
299.96654
299.98737
299.99726
299.99971
300.00001
299.99999
299.99997
299.99997
299.99997
299.99997
299.99997
299.99997
299.99997
299.99997
299.99997
299.99997
299.99997
299.99997
299.99997
299.99997
299.99997
299.99997
299.99997
299.99997
299.99996
299.99997
299.99998
299.99999
300.00002
300.00004
300.00006
300.00008
342.88421
329.21762
317.87614
309.51156
304.1232
301.32869
300.25218
299.98453
299.96789
299.98706
299.99701
299.99963
300
299.99999
299.99997
299.99997
299.99997
299.99997
299.99997
299.99997
299.99997
299.99997
299.99997
299.99997
299.99997
299.99997
299.99997
299.99997
299.99997
299.99997
299.99997
299.99996
299.99996
299.99997
299.99998
299.99999
300.00002
300.00004
300.00006
300.00008
342.87708
329.2008
317.85628
309.53077
304.17728
301.37856
300.27933
299.99383
299.96948
299.98683
299.99676
299.99955
299.99998
299.99999
299.99997
299.99997
299.99997
299.99997
299.99997
299.99997
299.99997
299.99997
299.99997
299.99997
299.99997
299.99997
299.99997
299.99997
299.99997
299.99997
299.99997
299.99996
299.99996
299.99997
299.99998
299.99999
300.00002
300.00004
300.00006
300.00008
342.86957
329.1861
317.84105
309.54738
304.22644
301.42577
300.30596
300.00336
299.97129
299.98668
299.99653
299.99947
299.99997
299.99999
299.99997
299.99997
299.99997
299.99997
299.99997
299.99997
299.99997
299.99997
299.99997
299.99997
299.99997
299.99997
299.99997
299.99997
299.99997
299.99997
299.99996
299.99996
299.99996
299.99997
299.99998
299.99999
300.00002
300.00004
300.00007
300.00008
342.86127
329.17152
317.83019
309.56286
304.27157
301.47051
300.33202
300.01307
299.9733
299.98662
299.99631
299.99938
299.99995
299.99998
299.99997
299.99997
299.99997
299.99997
299.99997
299.99997
299.99997
299.99997
299.99997
299.99997
299.99997
299.99997
299.99997
299.99997
299.99997
299.99996
299.99996
299.99996
299.99996
299.99997
299.99998
299.99999
300.00002
300.00004
300.00007
300.00008
342.8519
329.1552
317.82252
309.57816
304.31342
301.51298
300.35747
300.0229
299.9755
299.98663
299.99611
299.9993
299.99993
299.99998
299.99997
299.99997
299.99997
299.99997
299.99997
299.99997
299.99997
299.99997
299.99997
299.99997
299.99997
299.99997
299.99997
299.99996
299.99996
299.99996
299.99996
299.99996
299.99996
299.99996
299.99998
299.99999
300.00002
300.00004
300.00007
300.00009
342.84134
329.13557
317.81615
309.59363
304.35259
301.55333
300.3823
300.03284
299.97789
299.98674
299.99593
299.99921
299.99991
299.99998
299.99997
299.99997
299.99997
299.99997
299.99997
299.99997
299.99997
299.99997
299.99997
299.99997
299.99997
299.99997
299.99996
299.99996
299.99996
299.99996
299.99996
299.99996
299.99996
299.99996
299.99997
299.99999
300.00002
300.00004
300.00007
300.00009
342.82964
329.11149
317.8087
309.60907
304.38948
301.5917
300.40649
300.04286
299.98046
299.98694
299.99578
299.99913
299.99988
299.99997
299.99997
299.99997
299.99997
299.99997
299.99997
299.99997
299.99997
299.99997
299.99997
299.99997
299.99997
299.99997
299.99996
299.99996
299.99996
299.99996
299.99996
299.99996
299.99996
299.99996
299.99997
299.99999
300.00002
300.00004
300.00007
300.00009
342.81699
329.08238
317.79759
309.6238
304.42439
301.62822
300.43001
300.05294
299.98322
299.98724
299.99566
299.99905
299.99986
299.99997
299.99997
299.99997
299.99997
299.99997
299.99997
299.99997
299.99997
299.99997
299.99997
299.99997
299.99997
299.99997
299.99996
299.99996
299.99996
299.99996
299.99996
299.99996
299.99996
299.99996
299.99997
299.99999
300.00002
300.00004
300.00007
300.00009
342.80366
329.0482
317.78038
309.63673
304.45749
301.66306
300.45286
300.06305
299.98615
299.98765
299.99557
299.99898
299.99984
299.99997
299.99997
299.99997
299.99997
299.99997
299.99997
299.99997
299.99997
299.99997
299.99997
299.99997
299.99997
299.99997
299.99996
299.99996
299.99996
299.99996
299.99996
299.99996
299.99996
299.99996
299.99997
299.99999
300.00002
300.00004
300.00007
300.00009
342.79
329.00941
317.75498
309.64637
304.48884
301.69643
300.47507
300.07313
299.98921
299.98813
299.9955
299.99891
299.99981
299.99996
299.99997
299.99997
299.99996
299.99996
299.99997
299.99997
299.99997
299.99997
299.99996
299.99996
299.99996
299.99996
299.99996
299.99996
299.99996
299.99996
299.99996
299.99996
299.99996
299.99996
299.99998
299.99999
300.00002
300.00004
300.00007
300.00009
342.7764
328.96692
317.71997
309.65092
304.51832
301.72863
300.49671
300.08311
299.99232
299.98865
299.99545
299.99884
299.99979
299.99995
299.99997
299.99996
299.99996
299.99996
299.99996
299.99996
299.99996
299.99996
299.99996
299.99996
299.99996
299.99996
299.99996
299.99996
299.99996
299.99996
299.99996
299.99996
299.99996
299.99996
299.99998
299.99999
300.00002
300.00004
300.00008
300.00009
342.76322
328.92194
317.6747
309.64835
304.54543
301.75992
300.51791
300.09293
299.99539
299.98916
299.99539
299.99877
299.99976
299.99995
299.99996
299.99996
299.99996
299.99996
299.99996
299.99996
299.99996
299.99996
299.99996
299.99996
299.99996
299.99996
299.99996
299.99996
299.99996
299.99996
299.99996
299.99996
299.99996
299.99996
299.99997
299.99999
300.00001
300.00004
300.00008
300.00009
342.75076
328.87587
317.61944
309.63649
304.56917
301.79039
300.5388
300.10254
299.99831
299.98958
299.99529
299.99868
299.99973
299.99993
299.99996
299.99995
299.99995
299.99995
299.99995
299.99995
299.99995
299.99995
299.99995
299.99995
299.99995
299.99995
299.99995
299.99995
299.99995
299.99995
299.99995
299.99995
299.99995
299.99996
299.99997
299.99999
300.00001
300.00004
300.00008
300.00009
342.73928
328.8301
317.55534
309.61335
304.58795
301.81977
300.5595
300.11195
300.00102
299.98988
299.99514
299.99858
299.99969
299.99992
299.99995
299.99994
299.99994
299.99994
299.99994
299.99994
299.99994
299.99994
299.99994
299.99994
299.99994
299.99994
299.99994
299.99994
299.99994
299.99994
299.99994
299.99995
299.99995
299.99996
299.99997
299.99998
300.00001
300.00005
300.00008
300.00009
342.72894
328.78597
317.48434
309.57743
304.59959
301.84726
300.57997
300.12124
300.00355
299.99003
299.99492
299.99846
299.99965
299.99991
299.99994
299.99993
299.99993
299.99993
299.99993
299.99993
299.99993
299.99993
299.99993
299.99993
299.99993
299.99993
299.99993
299.99993
299.99993
299.99993
299.99994
299.99994
299.99994
299.99995
299.99996
299.99998
300.00001
300.00005
300.00008
300.00009
342.71984
328.74462
317.40894
309.52811
304.60166
301.87148
300.59994
300.13051
300.00599
299.99009
299.99465
299.99832
299.99961
299.99989
299.99993
299.99992
299.99992
299.99992
299.99992
299.99992
299.99992
299.99992
299.99992
299.99992
299.99992
299.99992
299.99992
299.99992
299.99992
299.99992
299.99993
299.99993
299.99993
299.99994
299.99995
299.99997
300.00001
300.00005
300.00008
300.00009
342.71201
328.70691
317.33202
309.46599
304.59194
301.8906
300.61886
300.13984
300.00852
299.99014
299.99436
299.99817
299.99956
299.99988
299.99992
299.99992
299.99991
299.99991
299.99991
299.99991
299.99991
299.99991
299.99991
299.99991
299.99991
299.99991
299.99991
299.99991
299.99991
299.99992
299.99992
299.99992
299.99992
299.99993
299.99995
299.99997
300.00001
300.00006
300.00009
300.00009
342.70541
328.67345
317.25647
309.39296
304.56896
301.90263
300.63588
300.14924
300.01137
299.99036
299.99412
299.99803
299.99952
299.99987
299.99991
299.99991
299.99991
299.99991
299.99991
299.99991
299.99991
299.99991
299.99991
299.99991
299.99991
299.99991
299.99991
299.99991
299.99991
299.99991
299.99991
299.99991
299.99992
299.99992
299.99994
299.99997
300.00001
300.00006
300.00009
300.00009
342.69996
328.64455
317.18496
309.31212
304.53251
301.90588
300.64997
300.15857
300.01474
299.99092
299.994
299.99792
299.99948
299.99986
299.99991
299.99991
299.99991
299.99991
299.99991
299.99991
299.99991
299.99991
299.99991
299.99991
299.99991
299.99991
299.99991
299.99991
299.99991
299.99991
299.99991
299.99991
299.99991
299.99992
299.99994
299.99997
300.00001
300.00006
300.00009
300.00009
342.69556
328.62027
317.1197
309.22741
304.48384
301.89939
300.66014
300.16753
300.01873
299.99196
299.9941
299.99788
299.99946
299.99986
299.99991
299.99991
299.99991
299.99991
299.99991
299.99991
299.99991
299.99991
299.99991
299.99991
299.99991
299.99991
299.99991
299.99991
299.99991
299.99991
299.99991
299.99991
299.99991
299.99992
299.99994
299.99997
300.00002
300.00007
300.00009
300.00009
342.6921
328.60043
317.06226
309.14307
304.42566
301.88327
300.66569
300.17572
300.02329
299.99356
299.99445
299.99791
299.99945
299.99986
299.99992
299.99992
299.99992
299.99992
299.99992
299.99992
299.99992
299.99992
299.99992
299.99992
299.99992
299.99992
299.99992
299.99992
299.99991
299.99991
299.99991
299.99991
299.99991
299.99992
299.99994
299.99998
300.00003
300.00007
300.00009
300.00009
342.68944
328.5847
317.01349
309.0631
304.36165
301.85872
300.66636
300.18273
300.02824
299.99568
299.99508
299.99804
299.99947
299.99986
299.99993
299.99993
299.99993
299.99993
299.99993
299.99993
299.99993
299.99993
299.99993
299.99993
299.99993
299.99993
299.99993
299.99993
299.99993
299.99992
299.99992
299.99992
299.99992
299.99993
299.99995
299.99999
300.00004
300.00008
300.00009
300.00009
342.68747
328.57263
316.97359
308.9907
304.29594
301.82787
300.66246
300.18821
300.03328
299.9982
299.99596
299.99826
299.99951
299.99988
299.99994
299.99994
299.99994
299.99994
299.99994
299.99994
299.99994
299.99994
299.99994
299.99994
299.99994
299.99994
299.99994
299.99994
299.99994
299.99994
299.99993
299.99993
299.99993
299.99994
299.99996
300
300.00004
300.00008
300.00009
300.00009
342.68607
328.56369
316.94212
308.92806
304.23244
301.79336
300.65475
300.19196
300.03806
300.00092
299.997
299.99854
299.99957
299.99989
299.99995
299.99995
299.99995
299.99995
299.99996
299.99996
299.99996
299.99996
299.99996
299.99996
299.99996
299.99996
299.99995
299.99995
299.99995
299.99995
299.99995
299.99995
299.99995
299.99996
299.99998
300.00001
300.00005
300.00008
300.00009
300.00009
342.68513
328.55734
316.91826
308.87617
304.17432
301.75791
300.64433
300.19398
300.04228
300.0036
299.99811
299.99887
299.99965
299.99991
299.99996
299.99997
299.99997
299.99997
299.99997
299.99997
299.99997
299.99997
299.99997
299.99997
299.99997
299.99997
299.99997
299.99997
299.99997
299.99996
299.99996
299.99996
299.99996
299.99997
299.99999
300.00002
300.00006
300.00008
300.00009
300.00009
342.68454
328.55306
316.90086
308.83499
304.12372
301.72391
300.63241
300.19445
300.04572
300.00605
299.99919
299.99921
299.99973
299.99993
299.99997
299.99998
299.99998
299.99998
299.99998
299.99998
299.99998
299.99998
299.99998
299.99998
299.99998
299.99998
299.99998
299.99998
299.99998
299.99998
299.99997
299.99997
299.99998
299.99998
300
300.00003
300.00006
300.00008
300.00009
300.00009
342.68423
328.55035
316.8887
308.80363
304.08166
301.69313
300.62011
300.19367
300.0483
300.00812
300.00015
299.99953
299.99981
299.99995
299.99998
299.99999
299.99999
299.99999
299.99999
299.99999
299.99999
299.99999
299.99999
299.99999
299.99999
299.99999
299.99999
299.99999
299.99999
299.99999
299.99999
299.99999
299.99999
299.99999
300.00001
300.00003
300.00006
300.00008
300.00009
300.00009
342.68413
328.5488
316.88057
308.78068
304.04819
301.66663
300.60834
300.19201
300.05003
300.00974
300.00096
299.99981
299.99988
299.99997
299.99999
300
300
300
300
300
300
300
300
300
300
300
300
300
299.99999
299.99999
299.99999
299.99999
300
300
300.00002
300.00004
300.00006
300.00008
300.00009
300.00009
342.68416
328.54807
316.87539
308.7645
304.02258
301.64481
300.59772
300.18984
300.05103
300.01093
300.00159
300.00004
299.99994
299.99998
300
300
300
300
300
300
300
300
300
300
300
300
300
300
300
300
300
300
300
300.00001
300.00002
300.00004
300.00006
300.00008
300.00009
300.00009
342.68429
328.54788
316.87225
308.75344
304.00366
301.62753
300.58861
300.18747
300.05146
300.01173
300.00205
300.00022
299.99999
299.99999
300
300
300
300
300
300
300
300
300
300
300
300
300
300
300
300
300
300
300.00001
300.00001
300.00002
300.00004
300.00006
300.00008
300.00009
300.00009
342.68448
328.54804
316.87047
308.74606
303.99007
301.6143
300.5811
300.18514
300.0515
300.01222
300.00237
300.00034
300.00003
300
300
300
300
300
300
300
300
300
300
300
300
300
300
300
300
300
300
300.00001
300.00001
300.00001
300.00002
300.00004
300.00006
300.00008
300.00009
300.00009
342.6847
328.5484
316.86952
308.74117
303.98048
301.60441
300.57512
300.18303
300.0513
300.01248
300.00257
300.00043
300.00005
300.00001
300
300
300
300
300
300
300
300
300
300
300
300
300
300
300
300
300
300.00001
300.00001
300.00001
300.00002
300.00004
300.00006
300.00008
300.00009
300.00009
342.68494
328.54887
316.86907
308.73789
303.97374
301.59715
300.57046
300.18121
300.05098
300.01259
300.00269
300.00049
300.00007
300.00001
300
300
300
300
300
300
300
300
300
300
300
300
300
300
300
300
300
300.00001
300.00001
300.00001
300.00002
300.00004
300.00006
300.00008
300.00009
300.00009
342.6852
328.5494
316.86891
308.73562
303.96895
301.59184
300.56691
300.17971
300.05063
300.01262
300.00276
300.00052
300.00009
300.00001
300
300
300
300
300
300
300
300
300
300
300
300
300
300
300
300
300
300.00001
300.00001
300.00001
300.00002
300.00004
300.00006
300.00008
300.00009
300.00009
342.68546
328.54995
316.86892
308.73395
303.96544
301.58792
300.56422
300.1785
300.05031
300.0126
300.00279
300.00054
300.00009
300.00002
300
300
300
300
300
300
300
300
300
300
300
300
300
300
300
300
300
300
300.00001
300.00001
300.00002
300.00004
300.00006
300.00008
300.00009
300.00009
342.68573
328.55053
316.86903
308.73267
303.96275
301.58496
300.56216
300.17755
300.05002
300.01256
300.0028
300.00055
300.0001
300.00002
300
300
300
300
300
300
300
300
300
300
300
300
300
300
300
300
300
300
300.00001
300.00001
300.00002
300.00004
300.00006
300.00008
300.00009
300.00009
342.68601
328.55114
316.86922
308.73166
303.96061
301.58266
300.56057
300.17681
300.04978
300.01252
300.00281
300.00056
300.0001
300.00002
300
300
300
300
300
300
300
300
300
300
300
300
300
300
300
300
300
300
300.00001
300.00001
300.00002
300.00004
300.00006
300.00008
300.00009
300.00009
342.6863
328.55177
316.8695
308.73086
303.95886
301.58081
300.55932
300.17622
300.04959
300.01249
300.00281
300.00057
300.0001
300.00002
300
300
300
300
300
300
300
300
300
300
300
300
300
300
300
300
300
300
300.00001
300.00001
300.00002
300.00004
300.00006
300.00008
300.00009
300.00009
342.68661
328.55245
316.86986
308.73024
303.95741
301.5793
300.55831
300.17576
300.04944
300.01246
300.00281
300.00057
300.0001
300.00002
300
300
300
300
300
300
300
300
300
300
300
300
300
300
300
300
300
300
300.00001
300.00001
300.00002
300.00004
300.00006
300.00008
300.00009
300.00009
342.68695
328.55318
316.87032
308.72981
303.95621
301.57804
300.55749
300.17538
300.04933
300.01244
300.00282
300.00057
300.00011
300.00002
300
300
300
300
300
300
300
300
300
300
300
300
300
300
300
300
300
300
300.00001
300.00001
300.00002
300.00004
300.00006
300.00008
300.00009
300.00009
342.68732
328.55398
316.8709
308.72956
303.95524
301.57699
300.5568
300.17507
300.04923
300.01242
300.00282
300.00058
300.00011
300.00002
300
300
300
300
300
300
300
300
300
300
300
300
300
300
300
300
300
300
300.00001
300.00001
300.00002
300.00004
300.00006
300.00008
300.00009
300.00009
342.68773
328.55487
316.87159
308.72948
303.95448
301.57612
300.55623
300.17481
300.04915
300.01241
300.00282
300.00058
300.00011
300.00002
300
300
300
300
300
300
300
300
300
300
300
300
300
300
300
300
300
300
300
300.00001
300.00002
300.00004
300.00006
300.00008
300.00009
300.00009
342.68819
328.55587
316.87243
308.72959
303.95391
301.57541
300.55575
300.1746
300.04909
300.01239
300.00282
300.00058
300.00011
300.00002
300
300
300
300
300
300
300
300
300
300
300
300
300
300
300
300
300
300
300
300.00001
300.00002
300.00004
300.00006
300.00008
300.00009
300.00009
342.68874
328.55702
316.87342
308.72986
303.95353
301.57485
300.55536
300.17442
300.04903
300.01239
300.00282
300.00058
300.00011
300.00002
300
300
300
300
300
300
300
300
300
300
300
300
300
300
300
300
300
300
300
300.00001
300.00002
300.00004
300.00006
300.00008
300.00009
300.00009
342.68944
328.55841
316.87465
308.73035
303.95332
301.57442
300.55504
300.17428
300.04899
300.01238
300.00282
300.00058
300.00011
300.00002
300
300
300
300
300
300
300
300
300
300
300
300
300
300
300
300
300
300
300
300.00001
300.00002
300.00004
300.00006
300.00008
300.00009
300.00009
342.69029
328.55986
316.87587
308.73088
303.95323
301.5741
300.55479
300.17416
300.04895
300.01237
300.00282
300.00058
300.00011
300.00002
300
300
300
300
300
300
300
300
300
300
300
300
300
300
300
300
300
300
300
300.00001
300.00002
300.00004
300.00006
300.00008
300.00009
300.00009
342.69221
328.56338
316.87874
308.73235
303.9535
301.57385
300.55453
300.17403
300.04891
300.01237
300.00282
300.00058
300.00011
300.00002
300
300
300
300
300
300
300
300
300
300
300
300
300
300
300
300
300
300
300
300.00001
300.00002
300.00004
300.00006
300.00008
300.00009
300.00009
)
;

boundaryField
{
    wall
    {
        type            fixedValue;
        value           uniform 350;
    }
    sides
    {
        type            zeroGradient;
    }
    frontAndBack
    {
        type            empty;
    }
    inlet
    {
        type            fixedValue;
        value           uniform 300;
    }
    outlet
    {
        type            zeroGradient;
    }
}


// ************************************************************************* //
