/*--------------------------------*- C++ -*----------------------------------*\
  =========                 |
  \\      /  F ield         | OpenFOAM: The Open Source CFD Toolbox
   \\    /   O peration     | Website:  https://openfoam.org
    \\  /    A nd           | Version:  10
     \\/     M anipulation  |
\*---------------------------------------------------------------------------*/
FoamFile
{
    format      ascii;
    class       volScalarField;
    location    "0.05";
    object      T;
}
// * * * * * * * * * * * * * * * * * * * * * * * * * * * * * * * * * * * * * //

dimensions      [0 0 0 1 0 0 0];

internalField   nonuniform List<scalar> 
4000
(
303.09996
299.34413
299.99041
300.00081
299.99993
300
300
300
300
300
300
300
300
300
300
300
300
300
300
300
300
300
300
300
300
300
300
300
300
300
300
300
300
300
300
300
300
300
300
300
309.6547
298.49618
299.78042
300.0018
300.00079
299.99999
300
300
300
300
300
300
300
300
300
300
300
300
300
300
300
300
300
300
300
300
300
300
300
300
300
300
300
300
300
300
300
300
300
300
315.98138
298.68561
299.39652
299.97601
300.00398
300.00024
299.99999
300
300
300
300
300
300
300
300
300
300
300
300
300
300
300
300
300
300
300
300
300
300
300
300
300
300
300
300
300
300
300
300
300
321.6973
299.83677
298.99323
299.89674
300.007
300.00134
300
299.99999
300
300
300
300
300
300
300
300
300
300
300
300
300
300
300
300
300
300
300
300
300
300
300
300
300
300
300
300
300
300
300
300
326.5957
301.66978
298.7212
299.75836
300.00324
300.00364
300.00016
299.99998
300
300
300
300
300
300
300
300
300
300
300
300
300
300
300
300
300
300
300
300
300
300
300
300
300
300
300
300
300
300
300
300
330.57093
303.8815
298.67271
299.57908
299.9852
300.00665
300.00067
299.99997
299.99999
300
300
300
300
300
300
300
300
300
300
300
300
300
300
300
300
300
300
300
300
300
300
300
300
300
300
300
300
300
300
300
333.613
306.21181
298.87062
299.39165
299.94834
300.00893
300.00167
300
299.99998
300
300
300
300
300
300
300
300
300
300
300
300
300
300
300
300
300
300
300
300
300
300
300
300
300
300
300
300
300
300
300
335.80352
308.47377
299.28642
299.2294
299.89309
300.00857
300.00315
300.00013
299.99997
300
300
300
300
300
300
300
300
300
300
300
300
300
300
300
300
300
300
300
300
300
300
300
300
300
300
300
300
300
300
300
337.28651
310.55383
299.86698
299.11653
299.8242
300.00385
300.00487
300.0004
299.99996
299.99999
300
300
300
300
300
300
300
300
300
300
300
300
300
300
300
300
300
300
300
300
300
300
300
300
300
300
300
300
300
300
338.22501
312.39551
300.55428
299.0654
299.74885
299.99384
300.00645
300.00084
299.99997
299.99999
300
300
300
300
300
300
300
300
300
300
300
300
300
300
300
300
300
300
300
300
300
300
300
300
300
300
300
300
300
300
338.75943
313.97926
301.29607
299.07808
299.6746
299.97852
300.00742
300.00144
300.00001
299.99998
300
300
300
300
300
300
300
300
300
300
300
300
300
300
300
300
300
300
300
300
300
300
300
300
300
300
300
300
300
300
338.98916
315.30449
302.04961
299.1494
299.60801
299.95872
300.00739
300.00215
300.00008
299.99997
300
300
300
300
300
300
300
300
300
300
300
300
300
300
300
300
300
300
300
300
300
300
300
300
300
300
300
300
300
300
338.98843
316.37737
302.78138
299.26992
299.55395
299.93581
300.00609
300.00286
300.00021
299.99997
299.99999
300
300
300
300
300
300
300
300
300
300
300
300
300
300
300
300
300
300
300
300
300
300
300
300
300
300
300
300
300
338.832
317.20645
303.465
299.42813
299.51541
299.91148
300.00344
300.00349
300.00038
299.99997
299.99999
300
300
300
300
300
300
300
300
300
300
300
300
300
300
300
300
300
300
300
300
300
300
300
300
300
300
300
300
300
338.59906
317.80349
304.0797
299.61194
299.49376
299.88745
299.99953
300.00394
300.00059
299.99999
299.99999
300
300
300
300
300
300
300
300
300
300
300
300
300
300
300
300
300
300
300
300
300
300
300
300
300
300
300
300
300
338.35573
318.18475
304.60991
299.80962
299.48905
299.86535
299.99459
300.00412
300.00081
300.00001
299.99999
300
300
300
300
300
300
300
300
300
300
300
300
300
300
300
300
300
300
300
300
300
300
300
300
300
300
300
300
300
338.1398
318.37019
305.04528
300.01042
299.50015
299.8465
299.98894
300.004
300.00102
300.00004
299.99998
300
300
300
300
300
300
300
300
300
300
300
300
300
300
300
300
300
300
300
300
300
300
300
300
300
300
300
300
300
337.96225
318.38205
305.38034
300.20462
299.52474
299.83169
299.98295
300.00356
300.00121
300.00009
299.99999
300
300
300
300
300
300
300
300
300
300
300
300
300
300
300
300
300
300
300
300
300
300
300
300
300
300
300
300
300
337.81969
318.24632
305.61418
300.38368
299.55925
299.82099
299.97691
300.00285
300.00136
300.00014
299.99999
300
300
300
300
300
300
300
300
300
300
300
300
300
300
300
300
300
300
300
300
300
300
300
300
300
300
300
300
300
337.70618
317.99718
305.75066
300.54051
299.59927
299.81371
299.97101
300.00194
300.00148
300.0002
299.99999
300
300
300
300
300
300
300
300
300
300
300
300
300
300
300
300
300
300
300
300
300
300
300
300
300
300
300
300
300
337.61807
317.67983
305.79956
300.67046
299.64071
299.80893
299.96531
300.00088
300.00158
300.00026
300
299.99999
300
300
300
300
300
300
300
300
300
300
300
300
300
300
300
300
300
300
300
300
300
300
300
300
300
300
300
300
337.55315
317.34601
305.77741
300.77252
299.68124
299.80618
299.95995
299.99975
300.00167
300.00033
300.00001
299.99999
300
300
300
300
300
300
300
300
300
300
300
300
300
300
300
300
300
300
300
300
300
300
300
300
300
300
300
300
337.50838
317.04252
305.70662
300.84989
299.72123
299.80614
299.95527
299.99858
300.00172
300.0004
300.00002
299.99999
300
300
300
300
300
300
300
300
300
300
300
300
300
300
300
300
300
300
300
300
300
300
300
300
300
300
300
300
337.47902
316.79931
305.61178
300.90921
299.76337
299.81066
299.95193
299.99744
300.00172
300.00047
300.00003
299.99999
300
300
300
300
300
300
300
300
300
300
300
300
300
300
300
300
300
300
300
300
300
300
300
300
300
300
300
300
337.45944
316.62429
305.5143
300.95836
299.81097
299.82188
299.9508
299.99644
300.00162
300.0005
300.00004
299.99999
300
300
300
300
300
300
300
300
300
300
300
300
300
300
300
300
300
300
300
300
300
300
300
300
300
300
300
300
337.44464
316.50723
305.42784
301.0036
299.86572
299.84097
299.95253
299.99572
300.00141
300.0005
300.00005
299.99999
300
300
300
300
300
300
300
300
300
300
300
300
300
300
300
300
300
300
300
300
300
300
300
300
300
300
300
300
337.43146
316.42942
305.35703
301.04745
299.92625
299.86713
299.95717
299.9954
300.0011
300.00046
300.00005
299.99999
300
300
300
300
300
300
300
300
300
300
300
300
300
300
300
300
300
300
300
300
300
300
300
300
300
300
300
300
337.41871
316.37319
305.29991
301.08857
299.98821
299.89752
299.96407
299.99552
300.00076
300.00038
300.00005
300
300
300
300
300
300
300
300
300
300
300
300
300
300
300
300
300
300
300
300
300
300
300
300
300
300
300
300
300
337.40664
316.32725
305.25203
301.1235
300.04591
299.92829
299.97203
299.99601
300.00044
300.00029
300.00004
300
300
300
300
300
300
300
300
300
300
300
300
300
300
300
300
300
300
300
300
300
300
300
300
300
300
300
300
300
337.39597
316.28699
305.20989
301.14913
300.09446
299.95587
299.97979
299.99672
300.00019
300.00019
300.00003
300
300
300
300
300
300
300
300
300
300
300
300
300
300
300
300
300
300
300
300
300
300
300
300
300
300
300
300
300
337.38725
316.25194
305.17213
301.16439
300.13125
299.97802
299.98644
299.99749
300.00003
300.00012
300.00002
300
300
300
300
300
300
300
300
300
300
300
300
300
300
300
300
300
300
300
300
300
300
300
300
300
300
300
300
300
337.38057
316.22286
305.13903
301.1705
300.15632
299.99409
299.99153
299.99818
299.99994
300.00006
300.00001
300
300
300
300
300
300
300
300
300
300
300
300
300
300
300
300
300
300
300
300
300
300
300
300
300
300
300
300
300
337.37563
316.19998
305.11127
301.17016
300.17164
300.00475
299.99508
299.99874
299.99991
300.00003
300.00001
300
300
300
300
300
300
300
300
300
300
300
300
300
300
300
300
300
300
300
300
300
300
300
300
300
300
300
300
300
337.37198
316.1826
305.08907
301.16635
300.18003
300.01128
299.99737
299.99914
299.99991
300.00001
300
300
300
300
300
300
300
300
300
300
300
300
300
300
300
300
300
300
300
300
300
300
300
300
300
300
300
300
300
300
337.36918
316.16944
305.07191
301.16142
300.18416
300.01505
299.99877
299.99941
299.99992
300
300
300
300
300
300
300
300
300
300
300
300
300
300
300
300
300
300
300
300
300
300
300
300
300
300
300
300
300
300
300
337.36693
316.15921
305.05882
301.15678
300.18608
300.0172
299.99961
299.99958
299.99994
300
300
300
300
300
300
300
300
300
300
300
300
300
300
300
300
300
300
300
300
300
300
300
300
300
300
300
300
300
300
300
337.36502
316.15092
305.04869
301.153
300.18704
300.01849
300.00012
299.99969
299.99995
300
300
300
300
300
300
300
300
300
300
300
300
300
300
300
300
300
300
300
300
300
300
300
300
300
300
300
300
300
300
300
337.36337
316.14395
305.04063
301.15012
300.18768
300.01936
300.00046
299.99977
299.99996
300
300
300
300
300
300
300
300
300
300
300
300
300
300
300
300
300
300
300
300
300
300
300
300
300
300
300
300
300
300
300
337.36193
316.13796
305.03399
301.14795
300.18824
300.02003
300.00071
299.99982
299.99996
300
300
300
300
300
300
300
300
300
300
300
300
300
300
300
300
300
300
300
300
300
300
300
300
300
300
300
300
300
300
300
337.36066
316.13278
305.02841
301.14626
300.18877
300.02059
300.0009
299.99986
299.99997
300
300
300
300
300
300
300
300
300
300
300
300
300
300
300
300
300
300
300
300
300
300
300
300
300
300
300
300
300
300
300
337.35956
316.12831
305.02365
301.1449
300.18927
300.02107
300.00107
299.99989
299.99997
300
300
300
300
300
300
300
300
300
300
300
300
300
300
300
300
300
300
300
300
300
300
300
300
300
300
300
300
300
300
300
337.35861
316.12446
305.01958
301.14376
300.1897
300.02148
300.00121
299.99992
299.99997
300
300
300
300
300
300
300
300
300
300
300
300
300
300
300
300
300
300
300
300
300
300
300
300
300
300
300
300
300
300
300
337.35778
316.12114
305.01609
301.14278
300.19006
300.02182
300.00132
299.99994
299.99998
300
300
300
300
300
300
300
300
300
300
300
300
300
300
300
300
300
300
300
300
300
300
300
300
300
300
300
300
300
300
300
337.35705
316.11829
305.01311
301.14194
300.19036
300.02211
300.00142
299.99996
299.99998
300
300
300
300
300
300
300
300
300
300
300
300
300
300
300
300
300
300
300
300
300
300
300
300
300
300
300
300
300
300
300
337.35642
316.11582
305.01056
301.14121
300.19061
300.02235
300.0015
299.99998
299.99998
300
300
300
300
300
300
300
300
300
300
300
300
300
300
300
300
300
300
300
300
300
300
300
300
300
300
300
300
300
300
300
337.35587
316.11368
305.00837
301.14059
300.19081
300.02255
300.00157
299.99999
299.99998
300
300
300
300
300
300
300
300
300
300
300
300
300
300
300
300
300
300
300
300
300
300
300
300
300
300
300
300
300
300
300
337.35539
316.11183
305.00648
301.14006
300.19099
300.02271
300.00163
300
299.99998
300
300
300
300
300
300
300
300
300
300
300
300
300
300
300
300
300
300
300
300
300
300
300
300
300
300
300
300
300
300
300
337.35497
316.11022
305.00485
301.13959
300.19113
300.02286
300.00168
300.00001
299.99998
300
300
300
300
300
300
300
300
300
300
300
300
300
300
300
300
300
300
300
300
300
300
300
300
300
300
300
300
300
300
300
337.3546
316.10881
305.00344
301.1392
300.19125
300.02298
300.00172
300.00002
299.99999
300
300
300
300
300
300
300
300
300
300
300
300
300
300
300
300
300
300
300
300
300
300
300
300
300
300
300
300
300
300
300
337.35427
316.10758
305.00222
301.13885
300.19136
300.02308
300.00175
300.00003
299.99999
300
300
300
300
300
300
300
300
300
300
300
300
300
300
300
300
300
300
300
300
300
300
300
300
300
300
300
300
300
300
300
337.35398
316.1065
305.00115
301.13855
300.19145
300.02317
300.00178
300.00003
299.99999
300
300
300
300
300
300
300
300
300
300
300
300
300
300
300
300
300
300
300
300
300
300
300
300
300
300
300
300
300
300
300
337.35372
316.10556
305.00022
301.13829
300.19153
300.02325
300.00181
300.00004
299.99999
300
300
300
300
300
300
300
300
300
300
300
300
300
300
300
300
300
300
300
300
300
300
300
300
300
300
300
300
300
300
300
337.3535
316.10473
304.99941
301.13806
300.19159
300.02331
300.00183
300.00004
299.99999
300
300
300
300
300
300
300
300
300
300
300
300
300
300
300
300
300
300
300
300
300
300
300
300
300
300
300
300
300
300
300
337.3533
316.104
304.9987
301.13787
300.19165
300.02337
300.00185
300.00004
299.99999
300
300
300
300
300
300
300
300
300
300
300
300
300
300
300
300
300
300
300
300
300
300
300
300
300
300
300
300
300
300
300
337.35312
316.10336
304.99808
301.13769
300.1917
300.02342
300.00187
300.00005
299.99999
300
300
300
300
300
300
300
300
300
300
300
300
300
300
300
300
300
300
300
300
300
300
300
300
300
300
300
300
300
300
300
337.35297
316.10279
304.99753
301.13754
300.19174
300.02346
300.00188
300.00005
299.99999
300
300
300
300
300
300
300
300
300
300
300
300
300
300
300
300
300
300
300
300
300
300
300
300
300
300
300
300
300
300
300
337.35283
316.1023
304.99705
301.13741
300.19178
300.0235
300.0019
300.00005
299.99999
300
300
300
300
300
300
300
300
300
300
300
300
300
300
300
300
300
300
300
300
300
300
300
300
300
300
300
300
300
300
300
337.35271
316.10186
304.99663
301.13729
300.19181
300.02353
300.00191
300.00006
299.99999
300
300
300
300
300
300
300
300
300
300
300
300
300
300
300
300
300
300
300
300
300
300
300
300
300
300
300
300
300
300
300
337.35261
316.10148
304.99626
301.13719
300.19184
300.02356
300.00192
300.00006
299.99999
300
300
300
300
300
300
300
300
300
300
300
300
300
300
300
300
300
300
300
300
300
300
300
300
300
300
300
300
300
300
300
337.35252
316.10114
304.99594
301.1371
300.19187
300.02358
300.00192
300.00006
299.99999
300
300
300
300
300
300
300
300
300
300
300
300
300
300
300
300
300
300
300
300
300
300
300
300
300
300
300
300
300
300
300
337.35244
316.10085
304.99565
301.13702
300.19189
300.02361
300.00193
300.00006
299.99999
300
300
300
300
300
300
300
300
300
300
300
300
300
300
300
300
300
300
300
300
300
300
300
300
300
300
300
300
300
300
300
337.35237
316.10059
304.99541
301.13696
300.19191
300.02363
300.00194
300.00006
299.99999
300
300
300
300
300
300
300
300
300
300
300
300
300
300
300
300
300
300
300
300
300
300
300
300
300
300
300
300
300
300
300
337.35231
316.10037
304.99519
301.1369
300.19193
300.02364
300.00194
300.00006
299.99999
300
300
300
300
300
300
300
300
300
300
300
300
300
300
300
300
300
300
300
300
300
300
300
300
300
300
300
300
300
300
300
337.35227
316.10018
304.995
301.13685
300.19195
300.02366
300.00195
300.00006
299.99999
300
300
300
300
300
300
300
300
300
300
300
300
300
300
300
300
300
300
300
300
300
300
300
300
300
300
300
300
300
300
300
337.35223
316.10002
304.99484
301.1368
300.19196
300.02367
300.00195
300.00007
299.99999
300
300
300
300
300
300
300
300
300
300
300
300
300
300
300
300
300
300
300
300
300
300
300
300
300
300
300
300
300
300
300
337.3522
316.09989
304.99471
301.13677
300.19198
300.02368
300.00196
300.00007
299.99999
300
300
300
300
300
300
300
300
300
300
300
300
300
300
300
300
300
300
300
300
300
300
300
300
300
300
300
300
300
300
300
337.35218
316.09979
304.99459
301.13674
300.19199
300.0237
300.00196
300.00007
299.99999
300
300
300
300
300
300
300
300
300
300
300
300
300
300
300
300
300
300
300
300
300
300
300
300
300
300
300
300
300
300
300
337.35217
316.09971
304.9945
301.13671
300.192
300.02371
300.00197
300.00007
299.99999
300
300
300
300
300
300
300
300
300
300
300
300
300
300
300
300
300
300
300
300
300
300
300
300
300
300
300
300
300
300
300
337.35217
316.09965
304.99443
301.13669
300.19201
300.02371
300.00197
300.00007
299.99999
300
300
300
300
300
300
300
300
300
300
300
300
300
300
300
300
300
300
300
300
300
300
300
300
300
300
300
300
300
300
300
337.35218
316.09961
304.99437
301.13668
300.19202
300.02372
300.00197
300.00007
299.99999
300
300
300
300
300
300
300
300
300
300
300
300
300
300
300
300
300
300
300
300
300
300
300
300
300
300
300
300
300
300
300
337.35219
316.0996
304.99434
301.13667
300.19203
300.02373
300.00197
300.00007
299.99999
300
300
300
300
300
300
300
300
300
300
300
300
300
300
300
300
300
300
300
300
300
300
300
300
300
300
300
300
300
300
300
337.35222
316.09961
304.99432
301.13667
300.19204
300.02373
300.00197
300.00007
299.99999
300
300
300
300
300
300
300
300
300
300
300
300
300
300
300
300
300
300
300
300
300
300
300
300
300
300
300
300
300
300
300
337.35225
316.09965
304.99432
301.13667
300.19205
300.02374
300.00198
300.00007
299.99999
300
300
300
300
300
300
300
300
300
300
300
300
300
300
300
300
300
300
300
300
300
300
300
300
300
300
300
300
300
300
300
337.3523
316.09971
304.99433
301.13668
300.19205
300.02374
300.00198
300.00007
299.99999
300
300
300
300
300
300
300
300
300
300
300
300
300
300
300
300
300
300
300
300
300
300
300
300
300
300
300
300
300
300
300
337.35235
316.09979
304.99436
301.13669
300.19206
300.02375
300.00198
300.00007
299.99999
300
300
300
300
300
300
300
300
300
300
300
300
300
300
300
300
300
300
300
300
300
300
300
300
300
300
300
300
300
300
300
337.35241
316.09989
304.99441
301.13671
300.19207
300.02375
300.00198
300.00007
299.99999
300
300
300
300
300
300
300
300
300
300
300
300
300
300
300
300
300
300
300
300
300
300
300
300
300
300
300
300
300
300
300
337.35249
316.10003
304.99448
301.13673
300.19208
300.02375
300.00198
300.00007
299.99999
300
300
300
300
300
300
300
300
300
300
300
300
300
300
300
300
300
300
300
300
300
300
300
300
300
300
300
300
300
300
300
337.35258
316.10019
304.99457
301.13676
300.19209
300.02376
300.00198
300.00007
299.99999
300
300
300
300
300
300
300
300
300
300
300
300
300
300
300
300
300
300
300
300
300
300
300
300
300
300
300
300
300
300
300
337.35269
316.10038
304.99468
301.13679
300.1921
300.02376
300.00198
300.00007
299.99999
300
300
300
300
300
300
300
300
300
300
300
300
300
300
300
300
300
300
300
300
300
300
300
300
300
300
300
300
300
300
300
337.35281
316.10061
304.99481
301.13683
300.1921
300.02376
300.00198
300.00007
299.99999
300
300
300
300
300
300
300
300
300
300
300
300
300
300
300
300
300
300
300
300
300
300
300
300
300
300
300
300
300
300
300
337.35295
316.10087
304.99496
301.13687
300.19211
300.02376
300.00198
300.00007
299.99999
300
300
300
300
300
300
300
300
300
300
300
300
300
300
300
300
300
300
300
300
300
300
300
300
300
300
300
300
300
300
300
337.35311
316.10118
304.99514
301.13693
300.19212
300.02376
300.00198
300.00007
299.99999
300
300
300
300
300
300
300
300
300
300
300
300
300
300
300
300
300
300
300
300
300
300
300
300
300
300
300
300
300
300
300
337.3533
316.10153
304.99535
301.13699
300.19213
300.02376
300.00198
300.00007
299.99999
300
300
300
300
300
300
300
300
300
300
300
300
300
300
300
300
300
300
300
300
300
300
300
300
300
300
300
300
300
300
300
337.35352
316.10194
304.99559
301.13706
300.19214
300.02376
300.00198
300.00007
299.99999
300
300
300
300
300
300
300
300
300
300
300
300
300
300
300
300
300
300
300
300
300
300
300
300
300
300
300
300
300
300
300
337.35376
316.1024
304.99587
301.13714
300.19215
300.02376
300.00198
300.00007
299.99999
300
300
300
300
300
300
300
300
300
300
300
300
300
300
300
300
300
300
300
300
300
300
300
300
300
300
300
300
300
300
300
337.35405
316.10294
304.99619
301.13723
300.19217
300.02376
300.00198
300.00007
299.99999
300
300
300
300
300
300
300
300
300
300
300
300
300
300
300
300
300
300
300
300
300
300
300
300
300
300
300
300
300
300
300
337.35438
316.10356
304.99656
301.13734
300.19218
300.02376
300.00198
300.00007
299.99999
300
300
300
300
300
300
300
300
300
300
300
300
300
300
300
300
300
300
300
300
300
300
300
300
300
300
300
300
300
300
300
337.35477
316.10427
304.99699
301.13746
300.19219
300.02376
300.00198
300.00007
299.99999
300
300
300
300
300
300
300
300
300
300
300
300
300
300
300
300
300
300
300
300
300
300
300
300
300
300
300
300
300
300
300
337.35522
316.1051
304.99748
301.13759
300.19221
300.02376
300.00198
300.00007
299.99999
300
300
300
300
300
300
300
300
300
300
300
300
300
300
300
300
300
300
300
300
300
300
300
300
300
300
300
300
300
300
300
337.35575
316.10606
304.99804
301.13775
300.19222
300.02375
300.00198
300.00007
299.99999
300
300
300
300
300
300
300
300
300
300
300
300
300
300
300
300
300
300
300
300
300
300
300
300
300
300
300
300
300
300
300
337.35638
316.10718
304.99869
301.13793
300.19224
300.02375
300.00197
300.00007
299.99999
300
300
300
300
300
300
300
300
300
300
300
300
300
300
300
300
300
300
300
300
300
300
300
300
300
300
300
300
300
300
300
337.35712
316.10849
304.99945
301.13813
300.19226
300.02375
300.00197
300.00007
299.99999
300
300
300
300
300
300
300
300
300
300
300
300
300
300
300
300
300
300
300
300
300
300
300
300
300
300
300
300
300
300
300
337.35801
316.11004
305.00034
301.13837
300.19228
300.02374
300.00197
300.00007
299.99999
300
300
300
300
300
300
300
300
300
300
300
300
300
300
300
300
300
300
300
300
300
300
300
300
300
300
300
300
300
300
300
337.35909
316.11187
305.00138
301.13864
300.1923
300.02373
300.00197
300.00007
299.99999
300
300
300
300
300
300
300
300
300
300
300
300
300
300
300
300
300
300
300
300
300
300
300
300
300
300
300
300
300
300
300
337.36042
316.11407
305.00261
301.13896
300.19233
300.02372
300.00196
300.00007
299.99999
300
300
300
300
300
300
300
300
300
300
300
300
300
300
300
300
300
300
300
300
300
300
300
300
300
300
300
300
300
300
300
337.36208
316.11674
305.00407
301.13933
300.19236
300.02371
300.00196
300.00007
299.99999
300
300
300
300
300
300
300
300
300
300
300
300
300
300
300
300
300
300
300
300
300
300
300
300
300
300
300
300
300
300
300
337.36418
316.11998
305.00581
301.13976
300.19238
300.0237
300.00195
300.00006
299.99999
300
300
300
300
300
300
300
300
300
300
300
300
300
300
300
300
300
300
300
300
300
300
300
300
300
300
300
300
300
300
300
337.36709
316.12428
305.00802
301.14029
300.19242
300.02368
300.00194
300.00006
299.99999
300
300
300
300
300
300
300
300
300
300
300
300
300
300
300
300
300
300
300
300
300
300
300
300
300
300
300
300
300
300
300
337.37057
316.12856
305.01016
301.14079
300.19245
300.02366
300.00194
300.00006
299.99999
300
300
300
300
300
300
300
300
300
300
300
300
300
300
300
300
300
300
300
300
300
300
300
300
300
300
300
300
300
300
300
337.38028
316.1408
305.01555
301.142
300.19251
300.02362
300.00192
300.00006
299.99999
300
300
300
300
300
300
300
300
300
300
300
300
300
300
300
300
300
300
300
300
300
300
300
300
300
300
300
300
300
300
300
)
;

boundaryField
{
    wall
    {
        type            fixedValue;
        value           uniform 350;
    }
    sides
    {
        type            zeroGradient;
    }
    frontAndBack
    {
        type            empty;
    }
    inlet
    {
        type            fixedValue;
        value           uniform 300;
    }
    outlet
    {
        type            zeroGradient;
    }
}


// ************************************************************************* //
