/*--------------------------------*- C++ -*----------------------------------*\
  =========                 |
  \\      /  F ield         | OpenFOAM: The Open Source CFD Toolbox
   \\    /   O peration     | Website:  https://openfoam.org
    \\  /    A nd           | Version:  10
     \\/     M anipulation  |
\*---------------------------------------------------------------------------*/
FoamFile
{
    format      ascii;
    class       volScalarField;
    location    "0.08";
    object      rho;
}
// * * * * * * * * * * * * * * * * * * * * * * * * * * * * * * * * * * * * * //

dimensions      [1 -3 0 0 0 0 0];

internalField   nonuniform List<scalar> 
4000
(
1.1257791
1.1399113
1.1374518
1.1374123
1.1374156
1.1374153
1.1374153
1.1374152
1.1374152
1.1374152
1.1374152
1.1374152
1.1374151
1.1374151
1.1374151
1.1374151
1.1374151
1.1374151
1.1374151
1.1374151
1.1374151
1.1374151
1.1374151
1.1374151
1.1374151
1.1374151
1.1374151
1.1374151
1.1374151
1.1374152
1.1374152
1.1374152
1.1374152
1.1374152
1.1374153
1.1374153
1.1374153
1.1374154
1.1374155
1.1374158
1.1019284
1.1431553
1.1382521
1.1374084
1.1374123
1.1374153
1.1374153
1.1374152
1.1374152
1.1374152
1.1374152
1.1374152
1.1374151
1.1374151
1.1374151
1.1374151
1.1374151
1.1374151
1.1374151
1.1374151
1.1374151
1.1374151
1.1374151
1.1374151
1.1374151
1.1374151
1.1374151
1.1374151
1.1374151
1.1374151
1.1374152
1.1374152
1.1374152
1.1374152
1.1374152
1.1374153
1.1374153
1.1374154
1.1374155
1.1374155
1.079828
1.1424239
1.1397207
1.1375072
1.1374
1.1374143
1.1374153
1.1374152
1.1374152
1.1374152
1.1374152
1.1374152
1.1374151
1.1374151
1.1374151
1.1374151
1.1374151
1.1374151
1.1374151
1.1374151
1.1374151
1.1374151
1.1374151
1.1374151
1.1374151
1.1374151
1.1374151
1.1374151
1.1374151
1.1374151
1.1374152
1.1374152
1.1374152
1.1374152
1.1374152
1.1374153
1.1374153
1.1374154
1.1374154
1.1374153
1.0605853
1.1380078
1.1412701
1.1378123
1.1373883
1.13741
1.1374152
1.1374152
1.1374152
1.1374152
1.1374152
1.1374151
1.1374151
1.1374151
1.1374151
1.1374151
1.1374151
1.1374151
1.1374151
1.1374151
1.1374151
1.1374151
1.1374151
1.1374151
1.1374151
1.1374151
1.1374151
1.1374151
1.1374151
1.1374151
1.1374152
1.1374152
1.1374152
1.1374152
1.1374152
1.1374153
1.1374153
1.1374153
1.1374153
1.1374152
1.0446028
1.1310301
1.1423178
1.1383474
1.137403
1.137401
1.1374146
1.1374153
1.1374152
1.1374152
1.1374152
1.1374151
1.1374151
1.1374151
1.1374151
1.1374151
1.1374151
1.1374151
1.1374151
1.1374151
1.1374151
1.1374151
1.1374151
1.1374151
1.1374151
1.1374151
1.1374151
1.1374151
1.1374151
1.1374151
1.1374151
1.1374152
1.1374152
1.1374152
1.1374152
1.1374152
1.1374153
1.1374153
1.1374153
1.1374151
1.031946
1.1226946
1.1424982
1.139045
1.137474
1.1373891
1.1374125
1.1374153
1.1374152
1.1374152
1.1374151
1.1374151
1.1374151
1.1374151
1.1374151
1.1374151
1.1374151
1.1374151
1.1374151
1.1374151
1.1374151
1.1374151
1.1374151
1.1374151
1.1374151
1.1374151
1.1374151
1.1374151
1.1374151
1.1374151
1.1374151
1.1374152
1.1374152
1.1374152
1.1374152
1.1374152
1.1374152
1.1374153
1.1374152
1.137415
1.02242
1.1140007
1.1417129
1.1397795
1.1376203
1.13738
1.1374085
1.1374152
1.1374152
1.1374151
1.1374151
1.1374151
1.1374151
1.1374151
1.1374151
1.1374151
1.1374151
1.1374151
1.1374151
1.1374151
1.1374151
1.1374151
1.1374151
1.1374151
1.1374151
1.1374151
1.1374151
1.1374151
1.1374151
1.1374151
1.1374151
1.1374151
1.1374152
1.1374152
1.1374152
1.1374152
1.1374152
1.1374152
1.1374151
1.137415
1.0156088
1.1056289
1.1400639
1.1404205
1.137842
1.1373817
1.1374024
1.1374146
1.1374153
1.1374151
1.1374151
1.1374151
1.1374151
1.1374151
1.1374151
1.1374151
1.1374151
1.1374151
1.1374151
1.1374151
1.1374151
1.1374151
1.1374151
1.1374151
1.1374151
1.1374151
1.1374151
1.1374151
1.1374151
1.1374151
1.1374151
1.1374151
1.1374151
1.1374152
1.1374152
1.1374152
1.1374152
1.1374152
1.1374151
1.1374149
1.0109684
1.0979598
1.1377495
1.1408703
1.1381223
1.1374015
1.1373951
1.1374135
1.1374153
1.1374152
1.1374151
1.1374151
1.1374151
1.1374151
1.1374151
1.1374151
1.1374151
1.1374151
1.1374151
1.1374151
1.1374151
1.1374151
1.1374151
1.1374151
1.1374151
1.1374151
1.1374151
1.1374151
1.1374151
1.1374151
1.1374151
1.1374151
1.1374151
1.1374151
1.1374151
1.1374152
1.1374152
1.1374152
1.137415
1.1374149
1.0079312
1.0911516
1.1349856
1.141075
1.1384346
1.1374441
1.1373884
1.1374115
1.1374153
1.1374152
1.1374151
1.1374151
1.1374151
1.1374151
1.1374151
1.1374151
1.1374151
1.1374151
1.1374151
1.1374151
1.1374151
1.1374151
1.1374151
1.1374151
1.1374151
1.1374151
1.1374151
1.1374151
1.1374151
1.1374151
1.1374151
1.1374151
1.1374151
1.1374151
1.1374151
1.1374151
1.1374152
1.1374151
1.137415
1.1374149
1.0059882
1.0852201
1.1319635
1.1410194
1.1387497
1.1375106
1.1373842
1.1374088
1.1374151
1.1374152
1.1374151
1.1374151
1.1374151
1.1374151
1.1374151
1.1374151
1.1374151
1.1374151
1.1374151
1.1374151
1.1374151
1.1374151
1.1374151
1.1374151
1.1374151
1.1374151
1.1374151
1.1374151
1.1374151
1.1374151
1.1374151
1.1374151
1.1374151
1.1374151
1.1374151
1.1374151
1.1374151
1.1374151
1.1374149
1.1374149
1.0047357
1.0801019
1.1288328
1.1407157
1.1390415
1.1375992
1.1373843
1.1374055
1.1374147
1.1374152
1.1374151
1.1374151
1.1374151
1.1374151
1.1374151
1.1374151
1.1374151
1.1374151
1.1374151
1.1374151
1.1374151
1.1374151
1.1374151
1.1374151
1.1374151
1.1374151
1.1374151
1.1374151
1.1374151
1.1374151
1.1374151
1.1374151
1.1374151
1.1374151
1.1374151
1.1374151
1.1374151
1.1374151
1.1374149
1.1374149
1.0038874
1.0756983
1.1257007
1.140192
1.1392892
1.1377053
1.1373905
1.1374019
1.137414
1.1374152
1.1374151
1.1374151
1.1374151
1.1374151
1.1374151
1.1374151
1.1374151
1.1374151
1.1374151
1.1374151
1.1374151
1.1374151
1.1374151
1.1374151
1.1374151
1.1374151
1.1374151
1.1374151
1.1374151
1.1374151
1.1374151
1.1374151
1.1374151
1.1374151
1.1374151
1.1374151
1.1374151
1.137415
1.1374149
1.1374149
1.0032623
1.071904
1.1226383
1.1394832
1.1394786
1.1378234
1.1374034
1.1373987
1.1374131
1.1374152
1.1374151
1.1374151
1.1374151
1.1374151
1.1374151
1.1374151
1.1374151
1.1374151
1.1374151
1.1374151
1.1374151
1.1374151
1.1374151
1.1374151
1.1374151
1.1374151
1.1374151
1.1374151
1.1374151
1.1374151
1.1374151
1.1374151
1.1374151
1.1374151
1.1374151
1.1374151
1.1374151
1.137415
1.1374149
1.1374149
1.0027606
1.0686225
1.1196898
1.138625
1.1396016
1.1379471
1.1374235
1.1373962
1.137412
1.1374151
1.1374151
1.1374151
1.1374151
1.1374151
1.1374151
1.1374151
1.1374151
1.1374151
1.1374151
1.1374151
1.1374151
1.1374151
1.1374151
1.1374151
1.1374151
1.1374151
1.1374151
1.1374151
1.1374151
1.1374151
1.1374151
1.1374151
1.1374151
1.1374151
1.1374151
1.1374151
1.1374151
1.137415
1.1374149
1.1374149
1.0023367
1.0657733
1.1168814
1.1376511
1.1396544
1.1380705
1.1374504
1.1373949
1.1374107
1.137415
1.1374152
1.1374151
1.1374151
1.1374151
1.1374151
1.1374151
1.1374151
1.1374151
1.1374151
1.1374151
1.1374151
1.1374151
1.1374151
1.1374151
1.1374151
1.1374151
1.1374151
1.1374151
1.1374151
1.1374151
1.1374151
1.1374151
1.1374151
1.1374151
1.1374151
1.1374151
1.1374151
1.137415
1.1374149
1.1374149
1.0019747
1.0632933
1.1142279
1.1365915
1.1396374
1.138188
1.1374834
1.1373952
1.1374093
1.1374148
1.1374152
1.1374151
1.1374151
1.1374151
1.1374151
1.1374151
1.1374151
1.1374151
1.1374151
1.1374151
1.1374151
1.1374151
1.1374151
1.1374151
1.1374151
1.1374151
1.1374151
1.1374151
1.1374151
1.1374151
1.1374151
1.1374151
1.1374151
1.1374151
1.1374151
1.1374151
1.1374151
1.137415
1.1374149
1.1374149
1.0016707
1.0611363
1.1117379
1.135473
1.1395531
1.138295
1.1375214
1.1373974
1.1374079
1.1374145
1.1374152
1.1374151
1.1374151
1.1374151
1.1374151
1.1374151
1.1374151
1.1374151
1.1374151
1.1374151
1.1374151
1.1374151
1.1374151
1.1374151
1.1374151
1.1374151
1.1374151
1.1374151
1.1374151
1.1374151
1.1374151
1.1374151
1.1374151
1.1374151
1.1374151
1.1374151
1.137415
1.1374149
1.1374149
1.1374149
1.0014233
1.0592701
1.1094174
1.1343188
1.1394064
1.1383877
1.137563
1.1374016
1.1374067
1.1374141
1.1374151
1.1374151
1.1374151
1.1374151
1.1374151
1.1374151
1.137415
1.137415
1.137415
1.137415
1.137415
1.137415
1.137415
1.137415
1.137415
1.137415
1.137415
1.1374151
1.1374151
1.1374151
1.1374151
1.1374151
1.1374151
1.1374151
1.1374151
1.1374151
1.137415
1.1374149
1.1374149
1.1374149
1.0012314
1.0576734
1.1072717
1.1331497
1.1392031
1.1384632
1.1376066
1.1374078
1.1374058
1.1374137
1.1374151
1.1374151
1.1374151
1.137415
1.137415
1.137415
1.137415
1.137415
1.137415
1.137415
1.137415
1.137415
1.137415
1.137415
1.137415
1.137415
1.137415
1.137415
1.137415
1.137415
1.1374151
1.1374151
1.1374151
1.1374151
1.1374151
1.1374151
1.137415
1.1374149
1.1374148
1.1374149
1.0010947
1.0563334
1.1053069
1.1319844
1.1389501
1.1385193
1.1376509
1.1374159
1.1374052
1.1374132
1.137415
1.1374151
1.1374151
1.137415
1.137415
1.137415
1.137415
1.137415
1.137415
1.137415
1.137415
1.137415
1.137415
1.137415
1.137415
1.137415
1.137415
1.137415
1.137415
1.137415
1.137415
1.1374151
1.1374151
1.1374151
1.1374151
1.1374151
1.137415
1.1374149
1.1374148
1.1374148
1.0010146
1.0552435
1.1035302
1.1308404
1.1386548
1.1385549
1.1376943
1.1374258
1.1374051
1.1374127
1.137415
1.1374151
1.1374151
1.137415
1.137415
1.137415
1.137415
1.137415
1.137415
1.137415
1.137415
1.137415
1.137415
1.137415
1.137415
1.137415
1.137415
1.137415
1.137415
1.137415
1.137415
1.137415
1.1374151
1.1374151
1.1374151
1.1374151
1.137415
1.1374149
1.1374148
1.1374148
1.0009924
1.0544006
1.1019496
1.1297337
1.1383252
1.1385694
1.1377353
1.1374372
1.1374055
1.1374123
1.1374149
1.1374151
1.1374151
1.137415
1.137415
1.137415
1.137415
1.137415
1.137415
1.137415
1.137415
1.137415
1.137415
1.137415
1.137415
1.137415
1.137415
1.137415
1.137415
1.137415
1.137415
1.137415
1.1374151
1.1374151
1.1374151
1.1374151
1.137415
1.1374149
1.1374148
1.1374148
1.0010275
1.0538024
1.1005736
1.1286795
1.1379694
1.1385629
1.1377729
1.1374496
1.1374064
1.1374119
1.1374147
1.1374151
1.137415
1.137415
1.137415
1.137415
1.137415
1.137415
1.137415
1.137415
1.137415
1.137415
1.137415
1.137415
1.137415
1.137415
1.137415
1.137415
1.137415
1.137415
1.137415
1.137415
1.137415
1.1374151
1.1374151
1.1374151
1.137415
1.1374149
1.1374148
1.1374147
1.0011153
1.0534445
1.0994099
1.1276918
1.1375959
1.1385364
1.1378058
1.1374628
1.1374079
1.1374116
1.1374146
1.1374151
1.137415
1.137415
1.137415
1.137415
1.137415
1.137415
1.137415
1.137415
1.137415
1.137415
1.137415
1.137415
1.137415
1.137415
1.137415
1.137415
1.137415
1.137415
1.137415
1.137415
1.137415
1.1374151
1.1374151
1.137415
1.137415
1.1374149
1.1374148
1.1374147
1.0012473
1.0533168
1.0984638
1.126783
1.1372128
1.1384912
1.1378333
1.1374763
1.1374099
1.1374114
1.1374145
1.137415
1.137415
1.137415
1.137415
1.137415
1.137415
1.137415
1.137415
1.137415
1.137415
1.137415
1.137415
1.137415
1.137415
1.137415
1.137415
1.137415
1.137415
1.137415
1.137415
1.137415
1.137415
1.1374151
1.1374151
1.137415
1.137415
1.1374149
1.1374148
1.1374147
1.001411
1.0534012
1.0977364
1.1259636
1.1368283
1.1384293
1.1378549
1.1374897
1.1374124
1.1374113
1.1374144
1.137415
1.137415
1.137415
1.137415
1.137415
1.137415
1.137415
1.137415
1.137415
1.137415
1.137415
1.137415
1.137415
1.137415
1.137415
1.137415
1.137415
1.137415
1.137415
1.137415
1.137415
1.137415
1.1374151
1.1374151
1.137415
1.137415
1.1374149
1.1374148
1.1374147
1.0015917
1.0536689
1.0972231
1.1252413
1.1364498
1.1383531
1.1378703
1.1375027
1.1374153
1.1374113
1.1374142
1.137415
1.137415
1.137415
1.137415
1.137415
1.137415
1.137415
1.137415
1.137415
1.137415
1.137415
1.137415
1.137415
1.137415
1.137415
1.137415
1.137415
1.137415
1.137415
1.137415
1.137415
1.137415
1.1374151
1.1374151
1.137415
1.137415
1.1374149
1.1374148
1.1374147
1.0017737
1.054079
1.0969116
1.1246207
1.1360839
1.1382648
1.1378794
1.1375148
1.1374185
1.1374115
1.1374141
1.137415
1.137415
1.137415
1.137415
1.137415
1.137415
1.137415
1.137415
1.137415
1.137415
1.137415
1.137415
1.137415
1.137415
1.137415
1.137415
1.137415
1.137415
1.137415
1.137415
1.137415
1.137415
1.1374151
1.1374151
1.137415
1.137415
1.1374149
1.1374148
1.1374147
1.0019432
1.0545795
1.0967806
1.1241024
1.1357358
1.1381669
1.137882
1.1375258
1.1374219
1.1374117
1.137414
1.1374149
1.137415
1.137415
1.137415
1.137415
1.137415
1.137415
1.137415
1.137415
1.137415
1.137415
1.137415
1.137415
1.137415
1.137415
1.137415
1.137415
1.137415
1.137415
1.137415
1.137415
1.137415
1.1374151
1.1374151
1.137415
1.137415
1.1374149
1.1374148
1.1374146
1.0020898
1.0551118
1.0967997
1.1236826
1.1354096
1.1380614
1.1378782
1.1375353
1.1374254
1.1374122
1.137414
1.1374149
1.137415
1.137415
1.137415
1.137415
1.137415
1.137415
1.137415
1.137415
1.137415
1.137415
1.137415
1.137415
1.137415
1.137415
1.137415
1.137415
1.137415
1.137415
1.137415
1.137415
1.137415
1.1374151
1.1374151
1.137415
1.137415
1.1374149
1.1374147
1.1374146
1.0022084
1.0556203
1.0969314
1.123353
1.1351078
1.1379508
1.1378685
1.1375433
1.1374289
1.1374127
1.1374139
1.1374149
1.137415
1.137415
1.137415
1.137415
1.137415
1.137415
1.137415
1.137415
1.137415
1.137415
1.137415
1.137415
1.137415
1.137415
1.137415
1.137415
1.137415
1.137415
1.137415
1.137415
1.137415
1.137415
1.137415
1.137415
1.1374149
1.1374148
1.1374147
1.1374146
1.0022996
1.0560624
1.0971343
1.1231013
1.1348321
1.1378381
1.137854
1.1375496
1.1374324
1.1374133
1.1374139
1.1374148
1.137415
1.137415
1.137415
1.137415
1.137415
1.137415
1.137415
1.137415
1.137415
1.137415
1.137415
1.137415
1.137415
1.137415
1.137415
1.137415
1.137415
1.137415
1.137415
1.137415
1.137415
1.137415
1.137415
1.137415
1.1374149
1.1374148
1.1374147
1.1374146
1.0023682
1.0564172
1.0973694
1.1229128
1.134583
1.1377269
1.1378366
1.1375549
1.1374358
1.137414
1.1374139
1.1374148
1.137415
1.137415
1.137415
1.137415
1.137415
1.137415
1.137415
1.137415
1.137415
1.137415
1.137415
1.137415
1.137415
1.137415
1.137415
1.137415
1.137415
1.137415
1.137415
1.137415
1.137415
1.137415
1.137415
1.137415
1.1374149
1.1374148
1.1374147
1.1374146
1.0024219
1.0566871
1.0976064
1.1227723
1.1343597
1.1376206
1.1378187
1.1375599
1.1374393
1.1374148
1.1374139
1.1374148
1.137415
1.137415
1.137415
1.137415
1.137415
1.137415
1.137415
1.137415
1.137415
1.137415
1.137415
1.137415
1.137415
1.137415
1.137415
1.137415
1.137415
1.137415
1.137415
1.137415
1.137415
1.137415
1.137415
1.137415
1.1374149
1.1374148
1.1374147
1.1374146
1.0024684
1.0568938
1.0978285
1.1226672
1.1341608
1.1375221
1.1378023
1.1375652
1.1374428
1.1374156
1.137414
1.1374148
1.137415
1.1374151
1.1374151
1.1374151
1.1374151
1.1374151
1.1374151
1.1374151
1.1374151
1.1374151
1.1374151
1.1374151
1.1374151
1.1374151
1.1374151
1.1374151
1.1374151
1.1374151
1.1374151
1.1374151
1.1374151
1.1374151
1.137415
1.137415
1.1374149
1.1374149
1.1374147
1.1374145
1.0025136
1.0570678
1.0980347
1.1225897
1.1339838
1.1374318
1.1377883
1.1375713
1.1374466
1.1374164
1.137414
1.1374148
1.1374151
1.1374151
1.1374151
1.1374151
1.1374151
1.1374151
1.1374151
1.1374151
1.1374151
1.1374151
1.1374151
1.1374151
1.1374151
1.1374151
1.1374151
1.1374151
1.1374151
1.1374151
1.1374151
1.1374151
1.1374151
1.1374151
1.1374151
1.137415
1.137415
1.1374149
1.1374147
1.1374145
1.0025607
1.0572372
1.0982365
1.1225383
1.1338259
1.1373474
1.1377754
1.1375777
1.1374506
1.1374172
1.137414
1.1374148
1.1374151
1.1374152
1.1374152
1.1374152
1.1374152
1.1374152
1.1374152
1.1374152
1.1374152
1.1374152
1.1374152
1.1374152
1.1374152
1.1374152
1.1374152
1.1374152
1.1374152
1.1374152
1.1374152
1.1374152
1.1374152
1.1374151
1.1374151
1.1374151
1.137415
1.1374149
1.1374146
1.1374145
1.0026101
1.0574198
1.0984513
1.1225171
1.133685
1.1372644
1.1377603
1.137583
1.1374543
1.137418
1.137414
1.1374148
1.1374152
1.1374152
1.1374152
1.1374152
1.1374152
1.1374152
1.1374152
1.1374152
1.1374152
1.1374152
1.1374152
1.1374152
1.1374152
1.1374152
1.1374152
1.1374152
1.1374152
1.1374152
1.1374152
1.1374152
1.1374152
1.1374152
1.1374152
1.1374151
1.137415
1.1374149
1.1374146
1.1374145
1.0026599
1.0576198
1.0986943
1.122533
1.1335604
1.1371774
1.1377379
1.137585
1.1374574
1.1374189
1.1374141
1.1374148
1.1374152
1.1374152
1.1374152
1.1374152
1.1374152
1.1374152
1.1374152
1.1374152
1.1374152
1.1374152
1.1374152
1.1374152
1.1374152
1.1374152
1.1374152
1.1374152
1.1374152
1.1374152
1.1374152
1.1374152
1.1374152
1.1374152
1.1374152
1.1374152
1.137415
1.1374148
1.1374146
1.1374145
1.0027075
1.05783
1.0989711
1.1225923
1.1334533
1.1370828
1.1377039
1.1375812
1.137459
1.1374196
1.1374142
1.1374148
1.1374152
1.1374152
1.1374152
1.1374152
1.1374152
1.1374152
1.1374152
1.1374152
1.1374152
1.1374152
1.1374152
1.1374152
1.1374152
1.1374152
1.1374152
1.1374152
1.1374152
1.1374152
1.1374152
1.1374152
1.1374152
1.1374152
1.1374152
1.1374152
1.137415
1.1374148
1.1374146
1.1374145
1.0027503
1.0580373
1.0992758
1.1226961
1.1333661
1.1369802
1.1376562
1.13757
1.1374586
1.1374201
1.1374143
1.1374147
1.1374151
1.1374152
1.1374152
1.1374152
1.1374152
1.1374152
1.1374152
1.1374152
1.1374152
1.1374152
1.1374152
1.1374152
1.1374152
1.1374152
1.1374152
1.1374152
1.1374152
1.1374152
1.1374152
1.1374152
1.1374152
1.1374152
1.1374152
1.1374151
1.137415
1.1374148
1.1374145
1.1374145
1.0027865
1.0582276
1.0995922
1.1228394
1.1333014
1.1368733
1.1375961
1.1375512
1.1374558
1.1374204
1.1374145
1.1374147
1.1374151
1.1374152
1.1374152
1.1374151
1.1374151
1.1374151
1.1374151
1.1374151
1.1374151
1.1374151
1.1374151
1.1374151
1.1374151
1.1374151
1.1374151
1.1374151
1.1374151
1.1374151
1.1374152
1.1374152
1.1374152
1.1374152
1.1374152
1.1374151
1.1374149
1.1374147
1.1374145
1.1374145
1.0028153
1.0583905
1.0998994
1.1230106
1.133261
1.1367687
1.1375282
1.1375265
1.1374508
1.1374202
1.1374146
1.1374147
1.137415
1.1374151
1.1374151
1.1374151
1.1374151
1.1374151
1.1374151
1.1374151
1.1374151
1.137415
1.137415
1.137415
1.1374151
1.1374151
1.1374151
1.1374151
1.1374151
1.1374151
1.1374151
1.1374151
1.1374151
1.1374151
1.1374151
1.137415
1.1374149
1.1374147
1.1374145
1.1374145
1.002837
1.0585211
1.1001775
1.1231945
1.1332441
1.1366738
1.1374592
1.1374989
1.1374445
1.1374197
1.1374148
1.1374147
1.1374149
1.137415
1.137415
1.137415
1.137415
1.137415
1.137415
1.137415
1.137415
1.137415
1.137415
1.137415
1.137415
1.137415
1.137415
1.137415
1.137415
1.137415
1.137415
1.137415
1.137415
1.137415
1.137415
1.1374149
1.1374148
1.1374146
1.1374145
1.1374145
1.0028525
1.0586195
1.1004128
1.1233754
1.1332481
1.1365947
1.1373954
1.1374714
1.1374375
1.137419
1.1374149
1.1374147
1.1374149
1.1374149
1.1374149
1.1374149
1.1374149
1.1374149
1.1374149
1.1374149
1.1374149
1.1374149
1.1374149
1.1374149
1.1374149
1.1374149
1.1374149
1.1374149
1.1374149
1.1374149
1.1374149
1.1374149
1.1374149
1.1374149
1.1374149
1.1374149
1.1374148
1.1374146
1.1374145
1.1374145
1.0028631
1.0586897
1.1005994
1.1235404
1.1332678
1.1365347
1.1373417
1.1374469
1.1374309
1.1374181
1.137415
1.1374147
1.1374148
1.1374149
1.1374149
1.1374149
1.1374149
1.1374149
1.1374149
1.1374149
1.1374148
1.1374148
1.1374148
1.1374148
1.1374149
1.1374149
1.1374149
1.1374149
1.1374149
1.1374149
1.1374149
1.1374149
1.1374149
1.1374149
1.1374149
1.1374148
1.1374147
1.1374146
1.1374145
1.1374145
1.0028699
1.0587374
1.1007391
1.1236812
1.1332976
1.1364938
1.1373002
1.137427
1.1374251
1.1374173
1.137415
1.1374148
1.1374148
1.1374148
1.1374148
1.1374148
1.1374148
1.1374148
1.1374148
1.1374148
1.1374148
1.1374148
1.1374148
1.1374148
1.1374148
1.1374148
1.1374148
1.1374148
1.1374148
1.1374148
1.1374148
1.1374148
1.1374148
1.1374148
1.1374148
1.1374148
1.1374147
1.1374146
1.1374145
1.1374145
1.0028743
1.058769
1.1008385
1.1237946
1.1333316
1.1364694
1.1372709
1.137412
1.1374206
1.1374165
1.137415
1.1374148
1.1374148
1.1374148
1.1374148
1.1374148
1.1374148
1.1374148
1.1374148
1.1374148
1.1374148
1.1374148
1.1374148
1.1374148
1.1374148
1.1374148
1.1374148
1.1374148
1.1374148
1.1374148
1.1374148
1.1374148
1.1374148
1.1374148
1.1374148
1.1374147
1.1374147
1.1374146
1.1374145
1.1374145
1.0028772
1.0587897
1.1009069
1.1238814
1.1333652
1.1364575
1.1372518
1.1374017
1.1374172
1.1374159
1.1374149
1.1374148
1.1374148
1.1374148
1.1374148
1.1374148
1.1374148
1.1374148
1.1374148
1.1374148
1.1374148
1.1374148
1.1374148
1.1374148
1.1374148
1.1374148
1.1374148
1.1374148
1.1374148
1.1374148
1.1374148
1.1374148
1.1374148
1.1374148
1.1374148
1.1374147
1.1374147
1.1374146
1.1374145
1.1374145
1.002879
1.0588038
1.1009536
1.1239457
1.1333954
1.1364537
1.1372404
1.137395
1.137415
1.1374154
1.1374149
1.1374148
1.1374148
1.1374148
1.1374148
1.1374148
1.1374148
1.1374148
1.1374148
1.1374148
1.1374148
1.1374148
1.1374148
1.1374148
1.1374148
1.1374148
1.1374148
1.1374148
1.1374148
1.1374148
1.1374148
1.1374148
1.1374148
1.1374148
1.1374148
1.1374147
1.1374147
1.1374146
1.1374145
1.1374145
1.0028804
1.058814
1.1009862
1.1239923
1.1334207
1.1364546
1.1372342
1.1373909
1.1374135
1.1374151
1.1374149
1.1374148
1.1374148
1.1374148
1.1374148
1.1374148
1.1374148
1.1374148
1.1374148
1.1374148
1.1374148
1.1374148
1.1374148
1.1374148
1.1374148
1.1374148
1.1374148
1.1374148
1.1374148
1.1374148
1.1374148
1.1374148
1.1374148
1.1374148
1.1374148
1.1374147
1.1374146
1.1374146
1.1374145
1.1374145
1.0028815
1.0588221
1.1010103
1.1240262
1.1334408
1.1364574
1.1372311
1.1373885
1.1374126
1.1374149
1.1374148
1.1374148
1.1374148
1.1374148
1.1374148
1.1374148
1.1374148
1.1374148
1.1374148
1.1374148
1.1374148
1.1374148
1.1374148
1.1374148
1.1374148
1.1374148
1.1374148
1.1374148
1.1374148
1.1374148
1.1374148
1.1374148
1.1374148
1.1374148
1.1374148
1.1374147
1.1374146
1.1374146
1.1374145
1.1374145
1.0028825
1.0588289
1.1010294
1.1240516
1.1334563
1.1364606
1.1372297
1.1373871
1.137412
1.1374147
1.1374148
1.1374148
1.1374148
1.1374148
1.1374148
1.1374148
1.1374148
1.1374148
1.1374148
1.1374148
1.1374148
1.1374148
1.1374148
1.1374148
1.1374148
1.1374148
1.1374148
1.1374148
1.1374148
1.1374148
1.1374148
1.1374148
1.1374148
1.1374148
1.1374148
1.1374147
1.1374146
1.1374145
1.1374145
1.1374145
1.0028834
1.0588349
1.1010455
1.1240715
1.1334683
1.1364635
1.1372289
1.1373862
1.1374116
1.1374146
1.1374148
1.1374148
1.1374148
1.1374148
1.1374148
1.1374148
1.1374148
1.1374148
1.1374148
1.1374148
1.1374148
1.1374148
1.1374148
1.1374148
1.1374148
1.1374148
1.1374148
1.1374148
1.1374148
1.1374148
1.1374148
1.1374148
1.1374148
1.1374148
1.1374147
1.1374147
1.1374146
1.1374145
1.1374145
1.1374144
1.0028842
1.0588403
1.1010594
1.1240876
1.1334777
1.1364657
1.1372285
1.1373857
1.1374114
1.1374145
1.1374148
1.1374148
1.1374148
1.1374148
1.1374148
1.1374148
1.1374148
1.1374148
1.1374148
1.1374148
1.1374148
1.1374148
1.1374148
1.1374148
1.1374148
1.1374148
1.1374148
1.1374148
1.1374148
1.1374148
1.1374148
1.1374148
1.1374148
1.1374148
1.1374147
1.1374147
1.1374146
1.1374145
1.1374145
1.1374144
1.0028849
1.0588451
1.1010716
1.1241012
1.1334851
1.1364674
1.1372281
1.1373852
1.1374112
1.1374145
1.1374148
1.1374148
1.1374148
1.1374148
1.1374148
1.1374148
1.1374148
1.1374148
1.1374148
1.1374148
1.1374148
1.1374148
1.1374148
1.1374148
1.1374148
1.1374148
1.1374148
1.1374148
1.1374148
1.1374148
1.1374148
1.1374148
1.1374148
1.1374148
1.1374147
1.1374147
1.1374146
1.1374145
1.1374145
1.1374144
1.0028856
1.0588493
1.1010823
1.1241129
1.1334912
1.1364687
1.1372278
1.1373849
1.137411
1.1374144
1.1374147
1.1374148
1.1374148
1.1374148
1.1374148
1.1374148
1.1374148
1.1374148
1.1374148
1.1374148
1.1374148
1.1374148
1.1374148
1.1374148
1.1374148
1.1374148
1.1374148
1.1374148
1.1374148
1.1374148
1.1374148
1.1374148
1.1374148
1.1374148
1.1374147
1.1374147
1.1374146
1.1374145
1.1374145
1.1374144
1.0028861
1.0588531
1.1010916
1.124123
1.1334964
1.1364697
1.1372275
1.1373845
1.1374109
1.1374144
1.1374147
1.1374148
1.1374148
1.1374148
1.1374148
1.1374148
1.1374148
1.1374148
1.1374148
1.1374148
1.1374148
1.1374148
1.1374148
1.1374148
1.1374148
1.1374148
1.1374148
1.1374148
1.1374148
1.1374148
1.1374148
1.1374148
1.1374148
1.1374148
1.1374147
1.1374147
1.1374146
1.1374145
1.1374145
1.1374144
1.0028867
1.0588563
1.1010997
1.1241316
1.1335008
1.1364705
1.1372272
1.1373843
1.1374108
1.1374144
1.1374147
1.1374148
1.1374148
1.1374148
1.1374148
1.1374148
1.1374148
1.1374148
1.1374148
1.1374148
1.1374148
1.1374148
1.1374148
1.1374148
1.1374148
1.1374148
1.1374148
1.1374148
1.1374148
1.1374148
1.1374148
1.1374148
1.1374148
1.1374148
1.1374147
1.1374147
1.1374146
1.1374145
1.1374145
1.1374144
1.0028871
1.0588592
1.1011067
1.1241391
1.1335045
1.1364712
1.1372269
1.137384
1.1374107
1.1374143
1.1374147
1.1374148
1.1374148
1.1374148
1.1374148
1.1374148
1.1374148
1.1374148
1.1374148
1.1374148
1.1374148
1.1374148
1.1374148
1.1374148
1.1374148
1.1374148
1.1374148
1.1374148
1.1374148
1.1374148
1.1374148
1.1374148
1.1374148
1.1374147
1.1374147
1.1374147
1.1374146
1.1374145
1.1374144
1.1374144
1.0028875
1.0588617
1.1011127
1.1241455
1.1335077
1.1364718
1.1372267
1.1373838
1.1374106
1.1374143
1.1374147
1.1374147
1.1374147
1.1374147
1.1374147
1.1374147
1.1374147
1.1374147
1.1374147
1.1374147
1.1374147
1.1374147
1.1374147
1.1374147
1.1374147
1.1374147
1.1374147
1.1374147
1.1374147
1.1374147
1.1374147
1.1374147
1.1374147
1.1374147
1.1374147
1.1374147
1.1374146
1.1374145
1.1374144
1.1374144
1.0028878
1.0588639
1.1011179
1.124151
1.1335105
1.1364723
1.1372265
1.1373837
1.1374106
1.1374143
1.1374147
1.1374147
1.1374147
1.1374147
1.1374147
1.1374147
1.1374147
1.1374147
1.1374147
1.1374147
1.1374147
1.1374147
1.1374147
1.1374147
1.1374147
1.1374147
1.1374147
1.1374147
1.1374147
1.1374147
1.1374147
1.1374147
1.1374147
1.1374147
1.1374147
1.1374147
1.1374146
1.1374145
1.1374144
1.1374144
1.0028881
1.0588657
1.1011224
1.1241558
1.1335129
1.1364728
1.1372264
1.1373835
1.1374105
1.1374143
1.1374147
1.1374147
1.1374147
1.1374147
1.1374147
1.1374147
1.1374147
1.1374147
1.1374147
1.1374147
1.1374147
1.1374147
1.1374147
1.1374147
1.1374147
1.1374147
1.1374147
1.1374147
1.1374147
1.1374147
1.1374147
1.1374147
1.1374147
1.1374147
1.1374147
1.1374147
1.1374146
1.1374145
1.1374144
1.1374144
1.0028884
1.0588674
1.1011263
1.1241599
1.1335149
1.1364731
1.1372262
1.1373834
1.1374105
1.1374143
1.1374147
1.1374147
1.1374147
1.1374147
1.1374147
1.1374147
1.1374147
1.1374147
1.1374147
1.1374147
1.1374147
1.1374147
1.1374147
1.1374147
1.1374147
1.1374147
1.1374147
1.1374147
1.1374147
1.1374147
1.1374147
1.1374147
1.1374147
1.1374147
1.1374147
1.1374147
1.1374146
1.1374145
1.1374144
1.1374144
1.0028886
1.0588688
1.1011297
1.1241634
1.1335167
1.1364735
1.1372261
1.1373833
1.1374104
1.1374143
1.1374147
1.1374147
1.1374147
1.1374147
1.1374147
1.1374147
1.1374147
1.1374147
1.1374147
1.1374147
1.1374147
1.1374147
1.1374147
1.1374147
1.1374147
1.1374147
1.1374147
1.1374147
1.1374147
1.1374147
1.1374147
1.1374147
1.1374147
1.1374147
1.1374147
1.1374147
1.1374146
1.1374145
1.1374144
1.1374144
1.0028887
1.0588699
1.1011326
1.1241665
1.1335182
1.1364738
1.137226
1.1373832
1.1374104
1.1374143
1.1374147
1.1374147
1.1374147
1.1374147
1.1374147
1.1374147
1.1374147
1.1374147
1.1374147
1.1374147
1.1374147
1.1374147
1.1374147
1.1374147
1.1374147
1.1374147
1.1374147
1.1374147
1.1374147
1.1374147
1.1374147
1.1374147
1.1374147
1.1374147
1.1374147
1.1374147
1.1374146
1.1374145
1.1374144
1.1374144
1.0028889
1.058871
1.1011351
1.1241691
1.1335195
1.136474
1.137226
1.1373832
1.1374104
1.1374142
1.1374147
1.1374147
1.1374147
1.1374147
1.1374147
1.1374147
1.1374147
1.1374147
1.1374147
1.1374147
1.1374147
1.1374147
1.1374147
1.1374147
1.1374147
1.1374147
1.1374147
1.1374147
1.1374147
1.1374147
1.1374147
1.1374147
1.1374147
1.1374147
1.1374147
1.1374147
1.1374146
1.1374145
1.1374144
1.1374144
1.0028889
1.0588718
1.1011373
1.1241714
1.1335206
1.1364742
1.1372259
1.1373831
1.1374103
1.1374142
1.1374147
1.1374147
1.1374147
1.1374147
1.1374147
1.1374147
1.1374147
1.1374147
1.1374147
1.1374147
1.1374147
1.1374147
1.1374147
1.1374147
1.1374147
1.1374147
1.1374147
1.1374147
1.1374147
1.1374147
1.1374147
1.1374147
1.1374147
1.1374147
1.1374147
1.1374147
1.1374146
1.1374145
1.1374144
1.1374144
1.002889
1.0588724
1.1011391
1.1241733
1.1335216
1.1364744
1.1372258
1.137383
1.1374103
1.1374142
1.1374147
1.1374147
1.1374147
1.1374147
1.1374147
1.1374147
1.1374147
1.1374147
1.1374147
1.1374147
1.1374147
1.1374147
1.1374147
1.1374147
1.1374147
1.1374147
1.1374147
1.1374147
1.1374147
1.1374147
1.1374147
1.1374147
1.1374147
1.1374147
1.1374147
1.1374147
1.1374146
1.1374145
1.1374144
1.1374144
1.002889
1.058873
1.1011406
1.124175
1.1335225
1.1364746
1.1372258
1.137383
1.1374103
1.1374142
1.1374147
1.1374147
1.1374147
1.1374147
1.1374147
1.1374147
1.1374147
1.1374147
1.1374147
1.1374147
1.1374147
1.1374147
1.1374147
1.1374147
1.1374147
1.1374147
1.1374147
1.1374147
1.1374147
1.1374147
1.1374147
1.1374147
1.1374147
1.1374147
1.1374147
1.1374147
1.1374146
1.1374145
1.1374144
1.1374144
1.002889
1.0588733
1.1011419
1.1241765
1.1335232
1.1364747
1.1372257
1.137383
1.1374103
1.1374142
1.1374147
1.1374147
1.1374147
1.1374147
1.1374147
1.1374147
1.1374147
1.1374147
1.1374147
1.1374147
1.1374147
1.1374147
1.1374147
1.1374147
1.1374147
1.1374147
1.1374147
1.1374147
1.1374147
1.1374147
1.1374147
1.1374147
1.1374147
1.1374147
1.1374147
1.1374147
1.1374146
1.1374145
1.1374144
1.1374144
1.0028889
1.0588736
1.101143
1.1241777
1.1335238
1.1364748
1.1372257
1.1373829
1.1374103
1.1374142
1.1374147
1.1374147
1.1374147
1.1374147
1.1374147
1.1374147
1.1374147
1.1374147
1.1374147
1.1374147
1.1374147
1.1374147
1.1374147
1.1374147
1.1374147
1.1374147
1.1374147
1.1374147
1.1374147
1.1374147
1.1374147
1.1374147
1.1374147
1.1374147
1.1374147
1.1374147
1.1374146
1.1374145
1.1374144
1.1374144
1.0028888
1.0588737
1.1011438
1.1241787
1.1335243
1.1364749
1.1372257
1.1373829
1.1374102
1.1374142
1.1374147
1.1374147
1.1374147
1.1374147
1.1374147
1.1374147
1.1374147
1.1374147
1.1374147
1.1374147
1.1374147
1.1374147
1.1374147
1.1374147
1.1374147
1.1374147
1.1374147
1.1374147
1.1374147
1.1374147
1.1374147
1.1374147
1.1374147
1.1374147
1.1374147
1.1374147
1.1374146
1.1374145
1.1374144
1.1374144
1.0028886
1.0588736
1.1011444
1.1241795
1.1335248
1.136475
1.1372256
1.1373829
1.1374102
1.1374142
1.1374147
1.1374147
1.1374147
1.1374147
1.1374147
1.1374147
1.1374147
1.1374147
1.1374147
1.1374147
1.1374147
1.1374147
1.1374147
1.1374147
1.1374147
1.1374147
1.1374147
1.1374147
1.1374147
1.1374147
1.1374147
1.1374147
1.1374147
1.1374147
1.1374147
1.1374147
1.1374146
1.1374145
1.1374144
1.1374144
1.0028885
1.0588735
1.1011448
1.1241802
1.1335251
1.1364751
1.1372256
1.1373828
1.1374102
1.1374142
1.1374147
1.1374147
1.1374147
1.1374147
1.1374147
1.1374147
1.1374147
1.1374147
1.1374147
1.1374147
1.1374147
1.1374147
1.1374147
1.1374147
1.1374147
1.1374147
1.1374147
1.1374147
1.1374147
1.1374147
1.1374147
1.1374147
1.1374147
1.1374147
1.1374147
1.1374147
1.1374146
1.1374145
1.1374144
1.1374144
1.0028882
1.0588732
1.1011451
1.1241807
1.1335254
1.1364751
1.1372256
1.1373828
1.1374102
1.1374142
1.1374147
1.1374147
1.1374147
1.1374147
1.1374147
1.1374147
1.1374147
1.1374147
1.1374147
1.1374147
1.1374147
1.1374147
1.1374147
1.1374147
1.1374147
1.1374147
1.1374147
1.1374147
1.1374147
1.1374147
1.1374147
1.1374147
1.1374147
1.1374147
1.1374147
1.1374147
1.1374146
1.1374145
1.1374144
1.1374144
1.002888
1.0588727
1.1011451
1.1241811
1.1335257
1.1364752
1.1372256
1.1373828
1.1374102
1.1374142
1.1374147
1.1374147
1.1374147
1.1374147
1.1374147
1.1374147
1.1374147
1.1374147
1.1374147
1.1374147
1.1374147
1.1374147
1.1374147
1.1374147
1.1374147
1.1374147
1.1374147
1.1374147
1.1374147
1.1374147
1.1374147
1.1374147
1.1374147
1.1374147
1.1374147
1.1374147
1.1374146
1.1374145
1.1374144
1.1374144
1.0028876
1.0588722
1.101145
1.1241813
1.1335258
1.1364752
1.1372255
1.1373828
1.1374102
1.1374142
1.1374147
1.1374147
1.1374147
1.1374147
1.1374147
1.1374147
1.1374147
1.1374147
1.1374147
1.1374147
1.1374147
1.1374147
1.1374147
1.1374147
1.1374147
1.1374147
1.1374147
1.1374147
1.1374147
1.1374147
1.1374147
1.1374147
1.1374147
1.1374147
1.1374147
1.1374147
1.1374146
1.1374145
1.1374144
1.1374144
1.0028873
1.0588714
1.1011446
1.1241814
1.133526
1.1364752
1.1372255
1.1373828
1.1374102
1.1374142
1.1374146
1.1374147
1.1374147
1.1374147
1.1374147
1.1374147
1.1374147
1.1374147
1.1374147
1.1374147
1.1374147
1.1374147
1.1374147
1.1374147
1.1374147
1.1374147
1.1374147
1.1374147
1.1374147
1.1374147
1.1374147
1.1374147
1.1374147
1.1374147
1.1374147
1.1374146
1.1374146
1.1374145
1.1374144
1.1374144
1.0028868
1.0588706
1.1011441
1.1241814
1.133526
1.1364752
1.1372255
1.1373827
1.1374102
1.1374142
1.1374146
1.1374147
1.1374147
1.1374147
1.1374147
1.1374147
1.1374147
1.1374147
1.1374147
1.1374147
1.1374147
1.1374147
1.1374147
1.1374147
1.1374147
1.1374147
1.1374147
1.1374147
1.1374147
1.1374147
1.1374147
1.1374147
1.1374147
1.1374147
1.1374147
1.1374146
1.1374146
1.1374145
1.1374144
1.1374144
1.0028863
1.0588695
1.1011434
1.1241812
1.133526
1.1364752
1.1372255
1.1373827
1.1374102
1.1374142
1.1374146
1.1374147
1.1374147
1.1374147
1.1374147
1.1374147
1.1374147
1.1374147
1.1374147
1.1374147
1.1374147
1.1374147
1.1374147
1.1374147
1.1374147
1.1374147
1.1374147
1.1374147
1.1374147
1.1374147
1.1374147
1.1374147
1.1374147
1.1374147
1.1374147
1.1374146
1.1374146
1.1374145
1.1374144
1.1374144
1.0028858
1.0588683
1.1011425
1.1241809
1.133526
1.1364752
1.1372255
1.1373827
1.1374102
1.1374142
1.1374146
1.1374147
1.1374147
1.1374147
1.1374147
1.1374147
1.1374147
1.1374147
1.1374147
1.1374147
1.1374147
1.1374147
1.1374147
1.1374147
1.1374147
1.1374147
1.1374147
1.1374147
1.1374147
1.1374147
1.1374147
1.1374147
1.1374147
1.1374147
1.1374147
1.1374146
1.1374146
1.1374145
1.1374144
1.1374144
1.0028851
1.0588669
1.1011414
1.1241805
1.1335259
1.1364752
1.1372255
1.1373827
1.1374102
1.1374142
1.1374146
1.1374147
1.1374147
1.1374147
1.1374147
1.1374147
1.1374147
1.1374147
1.1374147
1.1374147
1.1374147
1.1374147
1.1374147
1.1374147
1.1374147
1.1374147
1.1374147
1.1374147
1.1374147
1.1374147
1.1374147
1.1374147
1.1374147
1.1374147
1.1374147
1.1374146
1.1374146
1.1374145
1.1374144
1.1374144
1.0028844
1.0588653
1.1011401
1.12418
1.1335258
1.1364751
1.1372254
1.1373827
1.1374102
1.1374142
1.1374146
1.1374147
1.1374147
1.1374147
1.1374147
1.1374147
1.1374147
1.1374147
1.1374147
1.1374147
1.1374147
1.1374147
1.1374147
1.1374147
1.1374147
1.1374147
1.1374147
1.1374147
1.1374147
1.1374147
1.1374147
1.1374147
1.1374147
1.1374147
1.1374147
1.1374146
1.1374146
1.1374145
1.1374144
1.1374144
1.0028836
1.0588634
1.1011386
1.1241793
1.1335256
1.1364751
1.1372254
1.1373827
1.1374101
1.1374141
1.1374146
1.1374147
1.1374147
1.1374147
1.1374147
1.1374147
1.1374147
1.1374147
1.1374147
1.1374147
1.1374147
1.1374147
1.1374147
1.1374147
1.1374147
1.1374147
1.1374147
1.1374147
1.1374147
1.1374147
1.1374147
1.1374147
1.1374147
1.1374147
1.1374147
1.1374146
1.1374146
1.1374145
1.1374144
1.1374144
1.0028827
1.0588613
1.1011368
1.1241784
1.1335253
1.136475
1.1372254
1.1373827
1.1374101
1.1374141
1.1374146
1.1374147
1.1374147
1.1374147
1.1374147
1.1374147
1.1374147
1.1374147
1.1374147
1.1374147
1.1374147
1.1374147
1.1374147
1.1374147
1.1374147
1.1374147
1.1374147
1.1374147
1.1374147
1.1374147
1.1374147
1.1374147
1.1374147
1.1374147
1.1374147
1.1374146
1.1374146
1.1374145
1.1374144
1.1374144
1.0028816
1.0588589
1.1011347
1.1241774
1.133525
1.136475
1.1372254
1.1373827
1.1374101
1.1374141
1.1374146
1.1374147
1.1374147
1.1374147
1.1374147
1.1374147
1.1374147
1.1374147
1.1374147
1.1374147
1.1374147
1.1374147
1.1374147
1.1374147
1.1374147
1.1374147
1.1374147
1.1374147
1.1374147
1.1374147
1.1374147
1.1374147
1.1374147
1.1374147
1.1374147
1.1374146
1.1374146
1.1374145
1.1374144
1.1374144
1.0028804
1.0588562
1.1011323
1.1241762
1.1335246
1.1364749
1.1372254
1.1373827
1.1374101
1.1374141
1.1374146
1.1374147
1.1374147
1.1374147
1.1374147
1.1374147
1.1374147
1.1374147
1.1374147
1.1374147
1.1374147
1.1374147
1.1374147
1.1374147
1.1374147
1.1374147
1.1374147
1.1374147
1.1374147
1.1374147
1.1374147
1.1374147
1.1374147
1.1374147
1.1374147
1.1374146
1.1374146
1.1374144
1.1374144
1.1374144
1.0028791
1.0588532
1.1011295
1.1241748
1.1335242
1.1364748
1.1372254
1.1373827
1.1374101
1.1374141
1.1374146
1.1374147
1.1374147
1.1374147
1.1374147
1.1374147
1.1374147
1.1374147
1.1374147
1.1374147
1.1374147
1.1374147
1.1374147
1.1374147
1.1374147
1.1374147
1.1374147
1.1374147
1.1374147
1.1374147
1.1374147
1.1374147
1.1374147
1.1374147
1.1374147
1.1374146
1.1374145
1.1374144
1.1374144
1.1374143
1.0028776
1.0588497
1.1011264
1.1241733
1.1335237
1.1364747
1.1372253
1.1373827
1.1374101
1.1374141
1.1374146
1.1374147
1.1374147
1.1374147
1.1374147
1.1374147
1.1374147
1.1374147
1.1374147
1.1374147
1.1374147
1.1374147
1.1374147
1.1374147
1.1374147
1.1374147
1.1374147
1.1374147
1.1374147
1.1374147
1.1374147
1.1374147
1.1374147
1.1374147
1.1374147
1.1374146
1.1374145
1.1374144
1.1374144
1.1374143
1.0028758
1.0588457
1.1011229
1.1241714
1.1335231
1.1364745
1.1372253
1.1373827
1.1374101
1.1374141
1.1374146
1.1374147
1.1374147
1.1374147
1.1374147
1.1374147
1.1374147
1.1374147
1.1374147
1.1374147
1.1374147
1.1374147
1.1374147
1.1374147
1.1374147
1.1374147
1.1374147
1.1374147
1.1374147
1.1374147
1.1374147
1.1374147
1.1374147
1.1374147
1.1374146
1.1374146
1.1374145
1.1374144
1.1374144
1.1374143
1.0028738
1.0588412
1.1011188
1.1241694
1.1335224
1.1364744
1.1372253
1.1373827
1.1374101
1.1374141
1.1374146
1.1374147
1.1374147
1.1374147
1.1374147
1.1374147
1.1374147
1.1374147
1.1374147
1.1374147
1.1374147
1.1374147
1.1374147
1.1374147
1.1374147
1.1374147
1.1374147
1.1374147
1.1374147
1.1374147
1.1374147
1.1374147
1.1374147
1.1374147
1.1374146
1.1374146
1.1374145
1.1374144
1.1374144
1.1374143
1.0028715
1.0588361
1.1011142
1.124167
1.1335216
1.1364742
1.1372253
1.1373827
1.1374101
1.1374141
1.1374146
1.1374147
1.1374147
1.1374147
1.1374147
1.1374147
1.1374147
1.1374147
1.1374147
1.1374147
1.1374147
1.1374147
1.1374147
1.1374147
1.1374147
1.1374147
1.1374147
1.1374147
1.1374147
1.1374147
1.1374147
1.1374147
1.1374147
1.1374147
1.1374146
1.1374146
1.1374145
1.1374144
1.1374144
1.1374143
1.0028688
1.0588302
1.101109
1.1241643
1.1335207
1.136474
1.1372253
1.1373827
1.1374101
1.1374141
1.1374146
1.1374147
1.1374147
1.1374147
1.1374147
1.1374147
1.1374147
1.1374147
1.1374147
1.1374147
1.1374147
1.1374147
1.1374147
1.1374147
1.1374147
1.1374147
1.1374147
1.1374147
1.1374147
1.1374147
1.1374147
1.1374147
1.1374147
1.1374147
1.1374146
1.1374146
1.1374145
1.1374144
1.1374144
1.1374143
1.0028656
1.0588233
1.1011029
1.1241612
1.1335197
1.1364738
1.1372252
1.1373827
1.1374101
1.1374141
1.1374146
1.1374147
1.1374147
1.1374147
1.1374147
1.1374147
1.1374147
1.1374147
1.1374147
1.1374147
1.1374147
1.1374147
1.1374147
1.1374147
1.1374147
1.1374147
1.1374147
1.1374147
1.1374147
1.1374147
1.1374147
1.1374147
1.1374147
1.1374146
1.1374146
1.1374146
1.1374145
1.1374144
1.1374143
1.1374143
1.0028617
1.0588152
1.1010959
1.1241577
1.1335186
1.1364736
1.1372252
1.1373827
1.1374101
1.1374141
1.1374146
1.1374146
1.1374147
1.1374147
1.1374147
1.1374147
1.1374147
1.1374147
1.1374147
1.1374147
1.1374147
1.1374147
1.1374147
1.1374147
1.1374147
1.1374147
1.1374147
1.1374147
1.1374147
1.1374147
1.1374147
1.1374147
1.1374147
1.1374146
1.1374146
1.1374146
1.1374145
1.1374144
1.1374143
1.1374143
1.0028566
1.0588052
1.1010875
1.1241535
1.1335172
1.1364733
1.1372252
1.1373827
1.1374101
1.1374141
1.1374146
1.1374146
1.1374146
1.1374146
1.1374146
1.1374146
1.1374146
1.1374146
1.1374146
1.1374146
1.1374146
1.1374146
1.1374146
1.1374146
1.1374146
1.1374146
1.1374146
1.1374146
1.1374146
1.1374146
1.1374146
1.1374146
1.1374146
1.1374146
1.1374146
1.1374146
1.1374145
1.1374144
1.1374143
1.1374143
1.0028506
1.0587951
1.1010793
1.1241495
1.133516
1.1364731
1.1372252
1.1373827
1.1374101
1.1374141
1.1374146
1.1374146
1.1374146
1.1374146
1.1374146
1.1374146
1.1374146
1.1374146
1.1374146
1.1374146
1.1374146
1.1374146
1.1374146
1.1374146
1.1374146
1.1374146
1.1374146
1.1374146
1.1374146
1.1374146
1.1374146
1.1374146
1.1374146
1.1374146
1.1374146
1.1374146
1.1374145
1.1374144
1.1374143
1.1374143
1.0028356
1.058769
1.1010604
1.1241406
1.1335132
1.1364725
1.1372251
1.1373827
1.1374101
1.1374141
1.1374146
1.1374146
1.1374146
1.1374146
1.1374146
1.1374146
1.1374146
1.1374146
1.1374146
1.1374146
1.1374146
1.1374146
1.1374146
1.1374146
1.1374146
1.1374146
1.1374146
1.1374146
1.1374146
1.1374146
1.1374146
1.1374146
1.1374146
1.1374146
1.1374146
1.1374146
1.1374145
1.1374144
1.1374143
1.1374143
)
;

boundaryField
{
    wall
    {
        type            calculated;
        value           nonuniform List<scalar> 
100
(
0.97492804
0.97492776
0.97492755
0.97492744
0.97492737
0.9749273
0.97492725
0.9749272
0.97492717
0.97492715
0.97492714
0.97492713
0.97492712
0.97492711
0.97492711
0.97492711
0.9749271
0.9749271
0.97492709
0.97492709
0.97492709
0.97492708
0.97492708
0.97492708
0.97492707
0.97492707
0.97492707
0.97492706
0.97492706
0.97492706
0.97492706
0.97492706
0.97492705
0.97492705
0.97492705
0.97492705
0.97492704
0.97492704
0.97492703
0.97492703
0.97492703
0.97492702
0.97492702
0.97492702
0.97492701
0.97492701
0.97492701
0.974927
0.974927
0.974927
0.97492699
0.97492699
0.97492699
0.97492699
0.97492698
0.97492698
0.97492698
0.97492697
0.97492697
0.97492697
0.97492696
0.97492696
0.97492696
0.97492695
0.97492695
0.97492695
0.97492694
0.97492694
0.97492694
0.97492693
0.97492693
0.97492693
0.97492692
0.97492692
0.97492692
0.97492691
0.97492691
0.97492691
0.9749269
0.9749269
0.9749269
0.9749269
0.97492689
0.97492689
0.97492689
0.97492688
0.97492688
0.97492688
0.97492687
0.97492687
0.97492687
0.97492686
0.97492686
0.97492686
0.97492685
0.97492685
0.97492685
0.97492684
0.97492684
0.97492684
)
;
    }
    sides
    {
        type            calculated;
        value           nonuniform List<scalar> 
100
(
1.1374158
1.1374155
1.1374153
1.1374152
1.1374151
1.137415
1.137415
1.1374149
1.1374149
1.1374149
1.1374149
1.1374149
1.1374149
1.1374149
1.1374149
1.1374149
1.1374149
1.1374149
1.1374149
1.1374149
1.1374148
1.1374148
1.1374148
1.1374147
1.1374147
1.1374147
1.1374147
1.1374147
1.1374147
1.1374146
1.1374146
1.1374146
1.1374146
1.1374146
1.1374146
1.1374145
1.1374145
1.1374145
1.1374145
1.1374145
1.1374145
1.1374145
1.1374145
1.1374145
1.1374145
1.1374145
1.1374145
1.1374145
1.1374145
1.1374145
1.1374145
1.1374145
1.1374145
1.1374145
1.1374144
1.1374144
1.1374144
1.1374144
1.1374144
1.1374144
1.1374144
1.1374144
1.1374144
1.1374144
1.1374144
1.1374144
1.1374144
1.1374144
1.1374144
1.1374144
1.1374144
1.1374144
1.1374144
1.1374144
1.1374144
1.1374144
1.1374144
1.1374144
1.1374144
1.1374144
1.1374144
1.1374144
1.1374144
1.1374144
1.1374144
1.1374144
1.1374144
1.1374144
1.1374144
1.1374143
1.1374143
1.1374143
1.1374143
1.1374143
1.1374143
1.1374143
1.1374143
1.1374143
1.1374143
1.1374143
)
;
    }
    frontAndBack
    {
        type            empty;
    }
    inlet
    {
        type            calculated;
        value           nonuniform List<scalar> 
40
(
1.137416
1.1374156
1.1374155
1.1374154
1.1374153
1.1374153
1.1374153
1.1374152
1.1374152
1.1374152
1.1374152
1.1374152
1.1374151
1.1374151
1.1374151
1.1374151
1.1374151
1.1374151
1.1374151
1.1374151
1.1374151
1.1374151
1.1374151
1.1374151
1.1374151
1.1374151
1.1374151
1.1374151
1.1374151
1.1374152
1.1374152
1.1374152
1.1374152
1.1374152
1.1374153
1.1374153
1.1374153
1.1374154
1.1374155
1.1374158
)
;
    }
    outlet
    {
        type            calculated;
        value           nonuniform List<scalar> 
40
(
1.0028356
1.058769
1.1010604
1.1241406
1.1335132
1.1364725
1.1372251
1.1373827
1.1374101
1.1374141
1.1374146
1.1374146
1.1374146
1.1374146
1.1374146
1.1374146
1.1374146
1.1374146
1.1374146
1.1374146
1.1374146
1.1374146
1.1374146
1.1374146
1.1374146
1.1374146
1.1374146
1.1374146
1.1374146
1.1374146
1.1374146
1.1374146
1.1374146
1.1374146
1.1374146
1.1374146
1.1374145
1.1374144
1.1374143
1.1374143
)
;
    }
}


// ************************************************************************* //
