/*--------------------------------*- C++ -*----------------------------------*\
  =========                 |
  \\      /  F ield         | OpenFOAM: The Open Source CFD Toolbox
   \\    /   O peration     | Website:  https://openfoam.org
    \\  /    A nd           | Version:  10
     \\/     M anipulation  |
\*---------------------------------------------------------------------------*/
FoamFile
{
    format      ascii;
    class       volScalarField;
    location    "0.08";
    object      TporMedia;
}
// * * * * * * * * * * * * * * * * * * * * * * * * * * * * * * * * * * * * * //

dimensions      [0 0 0 1 0 0 0];

internalField   nonuniform List<scalar> 
4000
(
-2.2529809e-06
1.1904031e-06
-7.0851621e-05
-5.6334546e-05
-9.0511518e-05
-8.2986125e-05
-8.2869322e-05
-7.7728311e-05
-7.7900867e-05
-7.8043083e-05
-7.6559001e-05
-7.8428382e-05
-7.5710638e-05
-7.9151395e-05
-7.1221781e-05
-7.4628392e-05
-7.5209554e-05
-7.7477951e-05
-7.2585391e-05
-7.6630519e-05
-7.6945588e-05
-7.651282e-05
-7.8442408e-05
-7.9311221e-05
-7.5646404e-05
-7.4034259e-05
-8.0036917e-05
-7.9319268e-05
-8.0804608e-05
-8.2880399e-05
-8.2526249e-05
-8.6774885e-05
-8.0593848e-05
-8.648895e-05
-8.4843423e-05
-8.814743e-05
-9.1755821e-05
-8.8492026e-05
-9.7243345e-05
-9.3779821e-05
-2.0823052e-07
7.5041974e-16
-1.4344842e-13
2.2951699e-12
6.9719256e-12
1.1970635e-11
1.0737604e-11
1.0415378e-11
1.0099033e-11
9.1533804e-12
1.0264507e-11
9.7547475e-12
9.3603704e-12
9.7835159e-12
8.5740636e-12
9.005732e-12
9.1833965e-12
9.4078221e-12
9.1308125e-12
9.1711827e-12
1.0010046e-11
9.7892766e-12
9.6384829e-12
9.9051483e-12
9.1241364e-12
9.7781054e-12
1.0359351e-11
1.0299996e-11
1.0433625e-11
1.0850318e-11
1.0756473e-11
1.1806487e-11
1.0656631e-11
1.1610225e-11
1.1154128e-11
1.2867835e-11
1.3780775e-11
1.3169444e-11
1.5273193e-11
1.4192729e-11
-8.4008452e-08
-2.168577e-16
-8.1124112e-23
1.8711012e-20
-1.585455e-19
-1.1155454e-18
-1.3542195e-18
-1.2334951e-18
-1.3009078e-18
-1.0991678e-18
-1.2692417e-18
-1.1128316e-18
-1.1452333e-18
-1.1487613e-18
-1.0168338e-18
-1.0624055e-18
-1.0244017e-18
-1.1899081e-18
-1.0551149e-18
-1.061633e-18
-1.2192835e-18
-1.1226993e-18
-1.1830143e-18
-1.1973148e-18
-1.1007948e-18
-1.206188e-18
-1.2667659e-18
-1.3316609e-18
-1.2777803e-18
-1.4634515e-18
-1.3841494e-18
-1.4905057e-18
-1.3634225e-18
-1.6116311e-18
-1.5760965e-18
-1.7177245e-18
-2.0192124e-18
-1.9393047e-18
-2.2094847e-18
-2.1478612e-18
-4.4934171e-08
1.2028443e-17
3.4984215e-27
2.4975176e-29
2.0681807e-27
3.9732589e-26
1.8181915e-25
1.4429421e-25
1.5376966e-25
1.3248912e-25
1.6025067e-25
1.291333e-25
1.4683746e-25
1.2914424e-25
1.2256334e-25
1.2761911e-25
1.2156993e-25
1.3447815e-25
1.139712e-25
1.2307431e-25
1.3598038e-25
1.3869742e-25
1.3437129e-25
1.396298e-25
1.4118393e-25
1.5020439e-25
1.5534715e-25
1.6013094e-25
1.7225076e-25
1.7009232e-25
1.7528521e-25
2.0825634e-25
1.7381788e-25
2.0596867e-25
2.081361e-25
2.3638874e-25
2.9679553e-25
2.642829e-25
3.3500091e-25
3.0462611e-25
-2.8089404e-08
2.311123e-18
5.1135916e-28
2.5084663e-37
-8.2825784e-34
-5.3582303e-34
-1.4628533e-32
-1.9636155e-32
-1.7938161e-32
-1.5918847e-32
-1.8930019e-32
-1.4611957e-32
-1.6351768e-32
-1.4623686e-32
-1.4244075e-32
-1.4886315e-32
-1.3803304e-32
-1.5503465e-32
-1.3074672e-32
-1.3343445e-32
-1.6166423e-32
-1.4761216e-32
-1.5756609e-32
-1.6299402e-32
-1.6191398e-32
-1.7301559e-32
-1.731408e-32
-1.8176078e-32
-2.0382768e-32
-2.2583221e-32
-2.1714068e-32
-2.6991383e-32
-1.9997481e-32
-2.8242552e-32
-2.848166e-32
-3.3177506e-32
-4.2759676e-32
-3.5953811e-32
-4.9230061e-32
-4.4333436e-32
-1.9398281e-08
7.5896955e-19
2.0349784e-28
4.6566485e-38
-2.2149712e-42
3.7355363e-42
4.980144e-40
2.7940023e-39
2.1074612e-39
1.7617899e-39
2.0669723e-39
1.6395758e-39
1.745277e-39
1.5869564e-39
1.5459722e-39
1.676059e-39
1.5527203e-39
1.6818486e-39
1.4165542e-39
1.5151332e-39
1.7346734e-39
1.6116569e-39
1.7277453e-39
1.7830176e-39
1.8582808e-39
1.9384612e-39
1.8872451e-39
1.95363e-39
2.2285539e-39
2.7348526e-39
2.4875466e-39
3.0671197e-39
2.4519869e-39
3.2826038e-39
3.7017514e-39
4.5586132e-39
5.4928995e-39
5.0325143e-39
7.147464e-39
6.0040404e-39
-1.4342138e-08
3.2348747e-19
-1.3118925e-27
-1.8176133e-37
-1.4057891e-46
-1.8909235e-50
-7.1758549e-48
-3.0848702e-46
-2.6385589e-46
-1.8661121e-46
-2.3567547e-46
-1.6773961e-46
-1.9135155e-46
-1.5911373e-46
-1.6392554e-46
-1.9025307e-46
-1.6151757e-46
-1.7089487e-46
-1.46022e-46
-1.5877063e-46
-1.9435943e-46
-1.6550956e-46
-1.7932738e-46
-1.8234376e-46
-1.9666455e-46
-2.2061227e-46
-2.0300149e-46
-2.0766893e-46
-2.4841875e-46
-2.9353207e-46
-2.8643581e-46
-3.5841777e-46
-2.8539058e-46
-3.8809941e-46
-4.2939779e-46
-5.6206675e-46
-7.3806253e-46
-6.4712952e-46
-8.8404792e-46
-7.9456128e-46
-1.1109733e-08
1.6159945e-19
-1.8764766e-29
-1.8444279e-39
-6.2122896e-49
4.2715992e-57
5.0828035e-56
1.7778624e-53
3.6278742e-53
2.0503131e-53
2.449487e-53
1.7917726e-53
1.9265737e-53
1.6234386e-53
1.6091131e-53
2.0117154e-53
1.5800112e-53
1.8719011e-53
1.527036e-53
1.6607035e-53
1.9731608e-53
1.7041127e-53
1.8884554e-53
1.8360241e-53
2.0768826e-53
2.1715351e-53
2.1795329e-53
2.181109e-53
2.4571041e-53
3.3622569e-53
2.9241808e-53
3.9684022e-53
3.0493363e-53
4.275323e-53
4.9626073e-53
6.5889904e-53
9.6212062e-53
8.3973306e-53
1.1290009e-52
9.7053323e-53
-8.8569487e-09
8.93541e-20
-3.9800919e-30
-3.179106e-40
-5.7375089e-50
-4.4931486e-58
-2.0913668e-64
-4.6550385e-61
-5.1697953e-60
-2.2734924e-60
-2.5727289e-60
-1.7296803e-60
-2.0191497e-60
-1.5967412e-60
-1.5778946e-60
-2.008203e-60
-1.5459041e-60
-1.798841e-60
-1.4181011e-60
-1.6789485e-60
-1.9686237e-60
-1.6685989e-60
-1.8556816e-60
-1.9216345e-60
-2.0682862e-60
-2.1957738e-60
-2.0149994e-60
-2.2333523e-60
-2.6923472e-60
-3.5926471e-60
-3.0643447e-60
-4.2880655e-60
-3.5138009e-60
-4.4920844e-60
-5.9402693e-60
-8.1499364e-60
-1.1494566e-59
-9.8763345e-60
-1.4266704e-59
-1.0962521e-59
-7.1533682e-09
5.2589324e-20
-1.2293958e-30
-9.1708699e-41
-1.0146368e-50
-1.2879688e-59
3.6920981e-68
5.7710442e-69
6.2051632e-67
2.654812e-67
2.4871221e-67
1.682767e-67
1.88988e-67
1.4761082e-67
1.4896195e-67
1.8633986e-67
1.5754447e-67
1.7518856e-67
1.2903041e-67
1.5631359e-67
1.8483987e-67
1.5891464e-67
1.7618892e-67
1.7969745e-67
2.0328196e-67
2.067347e-67
1.9014539e-67
2.1375677e-67
2.4908542e-67
3.6659556e-67
3.1667613e-67
4.2840627e-67
3.7234973e-67
4.7073298e-67
6.3522733e-67
9.3505845e-67
1.3494032e-66
1.1514932e-66
1.4983729e-66
1.1840408e-66
-5.7782394e-09
3.2028241e-20
-4.5348669e-31
-3.8118599e-41
-2.8499983e-51
-1.4285047e-60
3.3507132e-69
-6.1308969e-77
-4.5975599e-74
-3.5596459e-74
-2.3877048e-74
-1.613641e-74
-1.7146324e-74
-1.3659712e-74
-1.3616926e-74
-1.7377539e-74
-1.4284017e-74
-1.6296905e-74
-1.21103e-74
-1.4453027e-74
-1.6435412e-74
-1.5132565e-74
-1.5999e-74
-1.6878031e-74
-1.8733446e-74
-1.91456e-74
-1.805793e-74
-2.0813274e-74
-2.2905382e-74
-3.6159893e-74
-3.0004627e-74
-4.2863072e-74
-3.7224415e-74
-4.8780003e-74
-6.514115e-74
-1.0110141e-73
-1.4799859e-73
-1.2770953e-73
-1.6883837e-73
-1.1982543e-73
-4.6244372e-09
1.978269e-20
-1.8461924e-31
-2.6389603e-41
-1.4380764e-51
-3.6801868e-61
8.9577159e-70
-3.6178815e-78
1.6867721e-81
5.466431e-81
2.2772249e-81
1.4949529e-81
1.5513965e-81
1.2935123e-81
1.1692669e-81
1.6250559e-81
1.1867048e-81
1.3482748e-81
1.0163121e-81
1.2533903e-81
1.4395886e-81
1.2922987e-81
1.3636829e-81
1.4164668e-81
1.6456427e-81
1.6886727e-81
1.5759633e-81
2.0077166e-81
2.1057901e-81
3.1423852e-81
2.8537474e-81
4.0156765e-81
3.428459e-81
4.8788737e-81
6.5068462e-81
1.056413e-80
1.5403878e-80
1.3123919e-80
1.8508589e-80
1.0638428e-80
-3.6348987e-09
1.2186251e-20
-7.9266531e-32
3.333986e-41
1.4092338e-51
2.11586e-61
-9.5371751e-70
2.5567731e-78
-4.839379e-86
-8.9388902e-88
-2.1592512e-88
-1.3047518e-88
-1.3545017e-88
-1.0694892e-88
-1.0086332e-88
-1.2938542e-88
-9.6276753e-89
-1.150523e-88
-8.7018341e-89
-9.8680868e-89
-1.2340371e-88
-1.0789282e-88
-1.1188989e-88
-1.2678936e-88
-1.3805463e-88
-1.4290337e-88
-1.3374796e-88
-1.7608089e-88
-1.8225683e-88
-2.7864595e-88
-2.5087901e-88
-3.5925037e-88
-3.1178969e-88
-4.6302993e-88
-6.1354151e-88
-1.0515125e-87
-1.5822638e-87
-1.3273384e-87
-1.6739694e-87
-8.7807487e-88
-2.7799568e-09
7.3677558e-21
-3.4738934e-32
1.9962317e-42
6.9099838e-53
6.6695132e-63
2.8234862e-71
-5.4855235e-80
5.7031493e-88
4.3051626e-95
2.3375689e-95
1.0720451e-95
1.1465157e-95
8.3774259e-96
8.2803353e-96
1.0533836e-95
7.6790938e-96
9.1551495e-96
6.9296073e-96
7.8685109e-96
9.7023146e-96
8.4955671e-96
9.331705e-96
1.0155738e-95
1.136112e-95
1.182815e-95
1.0449449e-95
1.4744039e-95
1.5071022e-95
2.4407182e-95
2.1194662e-95
3.1435175e-95
2.7660359e-95
4.2472605e-95
5.7976661e-95
1.0598833e-94
1.5964217e-94
1.2436664e-94
1.5264811e-94
5.5752342e-95
-2.0668711e-09
4.3424932e-21
-1.5268447e-32
3.8763794e-43
1.1557407e-53
7.6679538e-64
7.1674442e-73
-1.102116e-81
6.8355951e-90
-5.6552426e-97
-2.7777411e-102
-9.3070191e-103
-9.1717456e-103
-6.6493692e-103
-6.3609526e-103
-7.8979696e-103
-5.908634e-103
-7.0885821e-103
-5.1760554e-103
-6.2601323e-103
-7.2445352e-103
-6.3277601e-103
-7.3041802e-103
-7.675301e-103
-8.421221e-103
-9.327324e-103
-8.1809065e-103
-1.1549608e-102
-1.2034858e-102
-2.0232714e-102
-1.795153e-102
-2.701347e-102
-2.3439686e-102
-3.7592098e-102
-5.4189805e-102
-9.408249e-102
-1.4262086e-101
-1.1120505e-101
-1.1713387e-101
-2.398076e-102
-1.5181157e-09
2.5244222e-21
-6.7563909e-33
9.6769446e-44
2.6142943e-54
1.2555665e-64
5.245795e-74
-6.974422e-83
2.8006646e-91
-1.2870952e-98
1.6824134e-105
7.4019222e-110
7.3317104e-110
5.0302873e-110
4.6308536e-110
5.7644639e-110
4.4054957e-110
5.3309601e-110
3.7996104e-110
4.6423746e-110
5.3223526e-110
4.6413505e-110
5.1426792e-110
5.4334735e-110
6.5274151e-110
7.2272568e-110
5.9832509e-110
8.3794339e-110
9.0363009e-110
1.5624671e-109
1.3862585e-109
2.1676056e-109
1.9221858e-109
3.0610683e-109
4.598493e-109
8.5044652e-109
1.2755675e-108
8.7757541e-109
7.9902392e-109
7.1061307e-110
-1.1297346e-09
1.4819774e-21
-3.0637847e-33
2.77467e-44
7.1842888e-55
2.6053279e-65
6.0348509e-75
-7.7455275e-84
2.1535302e-92
-5.5276166e-100
7.1687914e-107
-5.7175105e-114
-5.0870798e-117
-3.6672433e-117
-3.3927555e-117
-4.0946398e-117
-3.1082113e-117
-3.8110445e-117
-2.7661858e-117
-3.3401741e-117
-3.7343627e-117
-3.2602552e-117
-3.5727764e-117
-3.833418e-117
-4.5232806e-117
-5.1121589e-117
-4.2707666e-117
-6.0886788e-117
-6.4750294e-117
-1.1356321e-116
-1.0234483e-116
-1.6891601e-116
-1.5470335e-116
-2.4740247e-116
-3.7108111e-116
-7.3700168e-116
-1.0159987e-115
-6.5702551e-116
-4.4935847e-116
-1.8931372e-117
-8.6833831e-10
8.9694656e-22
-1.4472657e-33
8.864681e-45
2.3604859e-55
6.6980509e-66
9.6392987e-76
-1.4106521e-84
2.8738343e-93
-4.2885982e-101
5.6995715e-108
-4.6191762e-115
3.2785582e-122
2.5058159e-124
2.233108e-124
2.7083734e-124
1.9996754e-124
2.5263526e-124
1.8282384e-124
2.2393527e-124
2.4967987e-124
2.2043831e-124
2.4188767e-124
2.5571564e-124
2.9968571e-124
3.4218109e-124
2.8727461e-124
4.1514647e-124
4.2176976e-124
8.0809734e-124
7.3269624e-124
1.1687451e-123
1.1296405e-123
1.8378825e-123
2.9125469e-123
6.0380093e-123
7.6018841e-123
4.472234e-123
2.289457e-123
6.9533541e-125
-6.9398677e-10
5.6542173e-22
-7.1752324e-34
3.1079352e-45
9.455068e-56
2.1656483e-66
2.0871775e-76
-5.1097784e-85
8.0517465e-94
-7.5597761e-102
7.9129462e-109
-6.4155478e-116
4.162721e-123
-2.8715042e-130
-1.3641407e-131
-1.6952692e-131
-1.2759166e-131
-1.5834856e-131
-1.1377272e-131
-1.3849883e-131
-1.5822717e-131
-1.4088708e-131
-1.5023207e-131
-1.5927564e-131
-1.9880473e-131
-2.1750625e-131
-1.8414851e-131
-2.7276015e-131
-2.7180551e-131
-5.4073133e-131
-4.8556593e-131
-7.8059679e-131
-7.5892963e-131
-1.3119573e-130
-2.1481706e-130
-4.331358e-130
-5.171467e-130
-2.7033947e-130
-1.122909e-130
-1.7897478e-131
-5.7490955e-10
3.7151518e-22
-3.7317498e-34
1.1800092e-45
5.0280361e-56
9.5605302e-67
6.5158793e-77
6.026356e-85
-7.747758e-94
4.8245227e-102
-3.6771727e-109
3.05739e-116
-1.9429166e-123
1.1737633e-130
-6.2828387e-138
1.0372195e-138
7.5207015e-139
9.5047947e-139
6.7073573e-139
8.17634e-139
9.3242748e-139
8.4940361e-139
8.9935165e-139
9.6008892e-139
1.2308249e-138
1.2780546e-138
1.1020171e-138
1.598064e-138
1.6434134e-138
3.2929258e-138
2.9346968e-138
4.779179e-138
4.7983137e-138
8.9203538e-138
1.4987683e-137
2.9409454e-137
3.160785e-137
1.4546295e-137
6.3054582e-138
-7.9467615e-139
-4.9010921e-10
2.533926e-22
-2.0277091e-34
4.7961637e-46
5.9137746e-56
9.578646e-67
4.8167955e-77
5.1848733e-86
-5.7277552e-95
2.5005657e-103
-1.1619244e-110
9.4994539e-118
-5.6979711e-125
3.2235976e-132
-1.8815715e-139
-5.0614355e-146
-4.2858554e-146
-5.2869923e-146
-3.8862132e-146
-4.6751044e-146
-5.6134909e-146
-4.7746029e-146
-5.174995e-146
-5.4025992e-146
-6.7006038e-146
-7.2940559e-146
-6.2121498e-146
-9.4946447e-146
-9.3488618e-146
-1.9359573e-145
-1.7080505e-145
-2.802845e-145
-2.9630938e-145
-5.4383935e-145
-9.8511394e-145
-1.7521569e-144
-1.759708e-144
-7.0347173e-145
-4.5491677e-145
-1.9730333e-146
-4.2712012e-10
1.7863737e-22
-1.1472627e-34
2.0711337e-46
-1.4256888e-56
-2.0155047e-67
-7.742397e-78
-3.6621738e-87
3.6729159e-96
-1.1858503e-104
3.5374612e-112
-2.8603004e-119
1.7379184e-126
-9.5513399e-134
5.2145434e-141
-2.8956292e-148
2.294612e-153
2.8924628e-153
2.1490854e-153
2.5756304e-153
3.0081285e-153
2.6387683e-153
2.785495e-153
2.9481915e-153
3.726114e-153
3.9587187e-153
3.4755661e-153
5.391498e-153
5.0768529e-153
1.1107123e-152
9.4435176e-153
1.6162655e-152
1.7205187e-152
3.267685e-152
6.0346656e-152
1.0242169e-151
8.8871926e-152
3.2733053e-152
4.3761056e-152
-4.3233476e-154
-3.7905197e-10
1.2994895e-22
-6.7578593e-35
9.4798996e-47
-2.0697859e-57
-2.6163779e-68
-7.9131271e-79
-2.130756e-88
2.0689937e-97
-5.1604244e-106
1.0141143e-113
-8.1503244e-121
4.7669097e-128
-2.5265631e-135
1.3710202e-142
-7.4060837e-150
3.8163768e-157
-1.558449e-160
-1.1495468e-160
-1.3328248e-160
-1.5609792e-160
-1.372261e-160
-1.510046e-160
-1.5536368e-160
-1.9121022e-160
-2.0874041e-160
-1.8064687e-160
-2.7853291e-160
-2.6888204e-160
-5.9771485e-160
-5.2843134e-160
-8.7974506e-160
-9.5407681e-160
-1.8494367e-159
-3.5085319e-159
-5.4891934e-159
-3.9296732e-159
-1.4473283e-159
-5.8818533e-159
-1.0289644e-161
-3.4218385e-10
9.7651837e-23
-4.1567699e-35
4.6088212e-47
-5.2928603e-58
-6.1415777e-69
-1.5050227e-79
-2.6178838e-89
2.680363e-98
-5.3854786e-107
7.362927e-115
-5.1648878e-122
2.9394006e-129
-1.4608654e-136
7.4022657e-144
-3.6543066e-151
1.8609039e-158
-8.9462537e-166
5.6743529e-168
6.4820208e-168
7.2910011e-168
6.7647379e-168
7.381089e-168
7.5790005e-168
9.4151402e-168
1.0322649e-167
8.9274495e-168
1.401147e-167
1.3590454e-167
3.0808793e-167
2.752316e-167
4.594979e-167
5.0331831e-167
1.0164325e-166
1.9692373e-166
2.8221078e-166
1.6773956e-166
5.9076284e-167
1.2647467e-165
-2.9557656e-169
-3.1438867e-10
7.6008858e-23
-2.6825919e-35
2.3907738e-47
-1.711799e-58
-1.8808575e-69
-3.8437837e-80
-4.6846492e-90
5.7961374e-99
-9.8031631e-108
9.583713e-116
-5.3267426e-123
2.6026068e-130
-1.1514633e-137
4.9088015e-145
-2.1453168e-152
9.2546077e-160
-3.8375419e-167
1.3683609e-174
-2.8022346e-175
-3.0426975e-175
-2.8433615e-175
-3.1336531e-175
-3.1713792e-175
-3.9538562e-175
-4.4013978e-175
-3.732806e-175
-5.9420171e-175
-5.9052775e-175
-1.3864867e-174
-1.3014962e-174
-2.1433521e-174
-2.4546099e-174
-5.0310937e-174
-1.0095083e-173
-1.3096907e-173
-6.4623446e-174
-2.3562125e-174
-3.3295755e-172
-1.022271e-176
-2.943082e-10
6.1466553e-23
-1.8254083e-35
1.3301346e-47
-6.5014648e-59
-7.0265588e-70
-1.2326976e-80
-1.1170335e-90
2.2364716e-99
-3.335617e-108
2.4135917e-116
-9.1335958e-124
3.7185892e-131
-1.3855537e-138
4.8876512e-146
-1.7244338e-153
6.0695126e-161
-2.1402368e-168
7.3431286e-176
7.2489851e-183
1.056154e-182
9.6850267e-183
1.1085389e-182
1.0843173e-182
1.3844432e-182
1.54775e-182
1.3133775e-182
2.0947819e-182
2.1369513e-182
4.960534e-182
4.8434671e-182
8.2079165e-182
9.9779472e-182
2.1870547e-181
4.4369192e-181
5.3361351e-181
2.2645149e-181
8.5828084e-182
1.6205568e-178
-3.8845556e-184
-2.8099583e-10
5.178966e-23
-1.3157449e-35
7.9769845e-48
-2.8274012e-59
-3.1437033e-70
-4.8609325e-81
-3.42289e-91
1.0213776e-98
-1.4014205e-107
7.8589815e-116
-2.136285e-123
7.1582622e-131
-2.1895835e-138
6.552432e-146
-1.924056e-153
5.7605807e-161
-1.7063231e-168
5.0628732e-176
-1.5304531e-183
-2.6854972e-190
-2.9218261e-190
-3.2922151e-190
-3.2917865e-190
-4.1066771e-190
-4.666366e-190
-3.9966552e-190
-6.3310316e-190
-6.5695105e-190
-1.5468261e-189
-1.5217005e-189
-2.6477705e-189
-3.3007519e-189
-7.6689697e-189
-1.5992958e-188
-1.8028061e-188
-6.7709362e-189
-4.5234536e-189
-7.0315817e-184
-4.2752815e-191
-2.7374296e-10
4.5579348e-23
-1.0087763e-35
5.1807646e-48
-1.3952209e-59
-1.6760621e-70
-2.329355e-81
-1.3137907e-91
-2.1755454e-100
2.8549042e-109
-1.304771e-117
2.8167476e-125
-8.7633251e-133
2.5829338e-140
-7.5622542e-148
2.2580098e-155
-6.6223793e-163
1.9973815e-170
-5.946301e-178
1.782087e-185
-5.379846e-193
8.6905861e-198
9.8313303e-198
9.9060365e-198
1.2337598e-197
1.4005716e-197
1.1616287e-197
1.8762543e-197
1.9494279e-197
4.5695566e-197
4.4892377e-197
7.7408097e-197
9.7323252e-197
2.2836218e-196
4.7769444e-196
5.0527446e-196
1.764629e-196
-8.0999975e-196
3.4380313e-190
1.1687564e-197
-2.7191899e-10
4.1967539e-23
-8.2535073e-36
3.6579244e-48
-7.7860597e-60
-1.0615984e-70
-1.3396937e-81
-6.1674199e-92
-4.345008e-101
5.6457836e-110
-2.1861552e-118
4.3747805e-126
-1.726539e-133
6.5382844e-141
-2.4403884e-148
9.3880739e-156
-3.7272806e-163
1.4732834e-170
-5.96755e-178
2.4502929e-185
-1.0218191e-192
4.1248989e-200
-3.9075066e-205
-3.9033911e-205
-4.8510913e-205
-5.3629856e-205
-4.4742097e-205
-7.0311443e-205
-7.0465709e-205
-1.584489e-204
-1.5148508e-204
-2.5230065e-204
-3.0313005e-204
-6.9607984e-204
-1.3504864e-203
-1.2761517e-203
-4.3013778e-204
-1.7114847e-201
-4.6275264e-197
-1.2801201e-204
-2.7477456e-10
4.040601e-23
-7.2134669e-36
2.8126556e-48
-4.8975256e-60
-7.9890073e-71
-9.1941693e-82
-3.504354e-92
-1.4510731e-101
1.937299e-110
-6.6366243e-119
1.4601548e-126
-1.3779308e-133
1.3708125e-140
-1.4159361e-147
1.5155554e-154
-1.8299697e-161
2.1980395e-168
-2.8393113e-175
3.6080655e-182
-4.3232433e-189
5.3263384e-196
-6.0121806e-203
7.0739037e-210
5.0135822e-212
5.3314201e-212
4.2519296e-212
6.181806e-212
5.6039672e-212
1.1147806e-211
9.4353386e-212
1.4113704e-211
1.4854092e-211
2.958832e-211
4.5413549e-211
3.5282e-211
1.114174e-211
4.3492685e-208
2.985775e-204
5.9504229e-212
-2.8123147e-10
4.0507943e-23
-6.7140178e-36
2.3497587e-48
-3.4473888e-60
-7.3478358e-71
-7.7895813e-82
-2.5108749e-92
-7.0535787e-102
1.0277021e-110
-3.2381701e-119
8.5413838e-127
1.0125642e-133
1.1259529e-140
1.4074204e-147
1.6062105e-154
1.7183683e-161
2.1506883e-168
2.6863641e-175
3.2298402e-182
3.8482365e-189
4.5032869e-196
6.127796e-203
9.0377979e-210
1.2683239e-216
9.4829482e-219
7.0918138e-219
1.1956061e-218
1.2180482e-218
3.8708587e-218
4.9607783e-218
1.7236347e-217
-8.3319513e-218
-4.5748094e-218
-3.4007668e-218
-1.5256364e-218
-3.9370771e-219
-5.5711906e-215
-1.2239868e-211
-2.0661065e-219
-2.8974651e-10
4.1911233e-23
-6.5972626e-36
2.1150968e-48
-2.6789526e-60
-9.7542776e-71
-9.8298715e-82
-2.7885749e-92
-5.8722796e-102
1.0510003e-110
-3.183719e-119
8.3656832e-127
5.5294082e-134
3.6150003e-141
2.8124648e-148
2.416248e-155
2.2176387e-162
2.1060664e-169
2.0833413e-176
2.1914427e-183
2.5625358e-190
2.9661934e-197
3.9050102e-204
4.8357605e-211
6.0151846e-218
8.8213484e-225
8.0032467e-226
1.4770972e-225
1.2142018e-225
3.9668133e-225
4.7291274e-225
1.4802372e-224
-6.9319378e-225
-4.1904929e-225
-6.5371944e-225
3.0247818e-225
2.6499557e-226
4.0655771e-222
4.281392e-219
6.6506315e-227
-2.983992e-10
4.415716e-23
-6.7426966e-36
2.0200433e-48
-2.2516972e-60
1.1249371e-69
1.1524066e-80
3.0753627e-91
5.3281971e-101
-1.5837587e-109
4.9302811e-118
-8.4892937e-126
1.3272517e-132
-1.6149695e-139
1.3528882e-146
-8.8261804e-154
5.2088517e-161
-2.7494685e-168
1.3719396e-175
-6.401212e-183
2.9308454e-190
-1.2993392e-197
5.9610959e-205
-2.7448922e-212
1.3276266e-219
-6.8502314e-227
-4.1988024e-233
-4.5817836e-235
-9.8713864e-233
-4.2384193e-232
-1.06186e-231
-2.0456136e-230
-1.1688009e-231
-3.7669854e-232
-5.3341912e-232
5.1687024e-232
-2.1631862e-233
-1.3904647e-229
-1.7824647e-226
-3.1052162e-234
-3.0531382e-10
4.6626803e-23
-7.0283331e-36
2.0030656e-48
-1.9950515e-60
4.3199812e-71
5.0576479e-82
1.4010947e-92
2.2067131e-102
-5.280632e-109
1.8974999e-117
-1.8066381e-125
2.6596985e-133
-3.7556128e-141
4.9460588e-149
-6.1406864e-157
7.2863036e-165
-8.4494982e-173
9.5471615e-181
-1.065766e-188
1.147422e-196
-1.130595e-204
5.921115e-213
2.4476312e-220
-1.8128794e-227
1.0276832e-234
5.0401864e-241
9.7632208e-241
1.3658586e-240
6.4584123e-240
1.8372924e-239
4.3027749e-238
3.2654158e-239
1.7493055e-239
5.6390431e-239
-5.0988286e-239
6.6151483e-241
2.6194302e-237
1.5129174e-233
3.2238166e-241
-3.0929391e-10
4.862146e-23
-7.3164404e-36
2.0113576e-48
-1.8133324e-60
1.716488e-71
2.8042124e-82
9.2450903e-93
1.4732659e-102
3.4365456e-111
-1.8389772e-119
1.0718221e-127
-6.5927188e-136
3.9494135e-144
-2.3035296e-152
1.3129477e-160
-7.3465138e-169
4.0598496e-177
-2.2171457e-185
1.2059228e-193
-6.5641482e-202
3.5839739e-210
-1.9581657e-218
1.069952e-226
-4.9498556e-235
-3.0280429e-243
-2.9122341e-249
-7.234753e-249
-8.4793305e-249
-4.2159726e-248
-1.2827774e-247
-3.2996921e-246
-2.8670126e-247
-1.9129077e-247
-8.0844515e-247
8.2361227e-247
-7.8002073e-249
-4.9702702e-245
1.431385e-240
4.667327e-248
-3.1026967e-10
4.9617902e-23
-7.4768205e-36
1.9986864e-48
-1.6513733e-60
9.5063855e-72
3.2912836e-82
1.546969e-92
2.7435273e-102
2.9515767e-111
-6.6582746e-119
2.8130785e-127
-1.0540682e-135
3.9205739e-144
-1.4476687e-152
5.2911904e-161
-1.9226418e-169
6.9527596e-178
-2.5082899e-186
9.062367e-195
-3.2678019e-203
1.1838069e-211
-4.3074335e-220
1.5735645e-228
-5.7966192e-237
2.1650611e-245
-8.1792452e-254
3.0401184e-257
3.3136641e-257
1.7000684e-256
5.3495859e-256
1.448136e-254
1.3551371e-255
1.0189339e-255
4.9934579e-255
-5.5923835e-255
5.0136982e-257
-7.1485467e-253
4.0955551e-248
2.424648e-255
-3.0920449e-10
4.9536859e-23
-7.4388364e-36
1.9360028e-48
-1.4844928e-60
6.2740175e-72
-3.7795038e-81
-3.0200827e-91
-5.9993025e-101
-4.0912144e-110
-3.106715e-118
1.1255417e-126
-3.2669037e-135
9.5338935e-144
-2.8152568e-152
8.3524474e-161
-2.479962e-169
7.3801819e-178
-2.2115964e-186
6.6305684e-195
-1.9963636e-203
6.0364707e-212
-1.8308465e-220
5.5830846e-229
-1.7070724e-237
5.241832e-246
-1.6153392e-254
4.9975749e-263
-1.0347069e-265
-5.3574082e-265
-1.7100171e-264
-4.7369173e-263
-4.5735232e-264
-3.6416669e-264
-1.9378171e-263
2.3353977e-263
-2.2820685e-265
-1.8018476e-260
6.5756835e-256
9.6411043e-263
-3.0753539e-10
4.8762101e-23
-7.2261936e-36
1.8224679e-48
-1.3127033e-60
4.7246969e-72
-2.7943278e-82
-2.9124212e-92
-5.2003707e-102
-2.5432145e-111
-8.5940348e-120
3.158123e-128
-8.7371317e-137
2.4790349e-145
-7.2650878e-154
2.1672967e-162
-6.5521005e-171
2.0012386e-179
-6.1676151e-188
1.9183898e-196
-6.0132334e-205
1.8903302e-213
-5.9594612e-222
1.8818403e-230
-5.9493757e-239
1.8724687e-247
-5.8771093e-256
1.8322587e-264
-5.3617909e-273
1.6467288e-273
5.224598e-273
1.4354812e-271
1.3847514e-272
1.1108708e-272
6.0750224e-272
-7.8043822e-272
9.3927098e-274
-3.5140169e-268
7.996179e-264
3.8280391e-270
-3.0656053e-10
4.7882005e-23
-6.936415e-36
1.6827856e-48
-1.1502484e-60
4.0301743e-72
-7.8892855e-82
-4.3624206e-92
-5.0126271e-102
-1.8355634e-111
-4.666533e-120
2.020553e-128
-6.6864128e-137
2.3910722e-145
-9.0715816e-154
3.5704051e-162
-1.4495061e-170
6.0243216e-179
-2.5499696e-187
1.0993046e-195
-4.7784948e-204
2.0946528e-212
-9.1985126e-221
4.038786e-229
-1.7608784e-237
7.6018278e-246
-3.2193209e-254
1.3346066e-262
-5.402221e-271
2.114745e-279
-1.9693991e-281
-5.191185e-280
-4.7888727e-281
-3.6665872e-281
-1.96293e-280
2.6759829e-280
-4.3304401e-282
-4.6207774e-275
8.487545e-272
1.9255831e-277
-3.0708393e-10
4.7399144e-23
-6.6842925e-36
1.5511646e-48
-1.0132051e-60
3.9216701e-72
1.043229e-82
2.5583949e-93
1.6726152e-103
4.5991845e-113
1.2015362e-121
-6.865177e-130
3.9070032e-138
-2.8812e-146
2.5111697e-154
-2.415493e-162
2.5213475e-170
-2.8534856e-178
3.4493477e-186
-4.3693701e-194
5.6651678e-202
-7.5203991e-210
9.9861854e-218
-1.2980658e-225
1.6480226e-233
-1.9927637e-241
2.2502278e-249
-2.3478917e-257
2.2602437e-265
-1.944397e-273
1.4977535e-281
3.4156368e-288
2.8209251e-289
1.8772852e-289
9.0809577e-289
-1.3176728e-288
4.5241715e-290
3.1146419e-283
8.8856268e-280
1.4258029e-284
-3.0934758e-10
4.7596127e-23
-6.5571933e-36
1.4555643e-48
-9.1185112e-61
4.3666059e-72
4.2178369e-83
5.5946602e-94
2.2209813e-104
4.5881225e-114
1.6989582e-122
-1.3004258e-130
9.8200369e-138
1.9619805e-145
2.7532552e-153
3.3914073e-161
3.7980642e-169
4.0342079e-177
4.0660303e-185
3.9623279e-193
3.780013e-201
3.5759939e-209
3.4127247e-217
3.3136319e-225
3.2922841e-233
3.4362084e-241
3.7747967e-249
4.5352279e-257
6.1073026e-265
9.7596387e-273
2.06499e-280
6.9854464e-288
1.3580488e-294
-7.5458218e-297
-1.709371e-296
2.6995528e-296
1.3372774e-297
1.3800582e-291
1.0280028e-287
1.8237625e-291
-3.1313291e-10
4.8539412e-23
-6.6020212e-36
1.4119158e-48
-8.4972389e-61
5.3754031e-72
3.0716838e-83
2.6855475e-94
7.3138679e-105
1.1623513e-114
1.0230038e-122
-8.8953526e-131
-6.1385818e-139
-2.6417608e-147
-1.0563997e-155
-4.1134441e-164
-1.5720897e-172
-5.9298368e-181
-2.2142238e-189
-8.193883e-198
-3.0273473e-206
-1.1156962e-214
-4.1152214e-223
-1.5193264e-231
-5.5854688e-240
-1.9923324e-248
-6.2231798e-257
-6.6540764e-266
2.201642e-273
5.0470594e-281
1.1309521e-288
3.8202476e-296
7.2334076e-303
-4.5233298e-305
-1.2375844e-304
2.8585755e-304
7.2252992e-306
4.1351343e-300
1.4528915e-295
1.568332e-297
-3.1792454e-10
5.0131502e-23
-6.8312861e-36
1.4264006e-48
-8.2622997e-61
6.4410172e-72
2.7915951e-83
1.8936006e-94
4.0159433e-105
5.170629e-115
-4.4267255e-121
3.6074663e-129
1.3936119e-137
3.7671027e-146
9.8205888e-155
2.5537915e-163
6.6224716e-172
1.7148288e-180
4.4296847e-189
1.145144e-197
2.9589777e-206
7.6676684e-215
1.992324e-223
5.1836602e-232
1.3521519e-240
3.5402583e-249
9.3286032e-258
2.4749306e-266
6.6150231e-275
1.7852774e-283
4.8792434e-292
1.3615304e-300
3.9249225e-309
-9.386893e-314
-3.1674414e-313
1.1138278e-312
-8.9499683e-314
-7.3162335e-309
2.8931465e-303
-5.0969182e-304
-3.2308575e-10
5.2164524e-23
-7.2312005e-36
1.4993576e-48
-8.3926247e-61
6.264269e-72
2.464789e-83
1.4892101e-94
2.7702877e-105
3.1044398e-115
-1.9755206e-122
1.450504e-130
4.602708e-139
1.0514149e-147
2.3542172e-156
5.3125152e-165
1.2067362e-173
2.7584375e-182
6.3275069e-191
1.4561348e-199
3.3614148e-208
7.7671408e-217
1.7977823e-225
4.1726191e-234
9.6796783e-243
2.242747e-251
5.1898512e-260
1.1994901e-268
2.7634334e-277
6.3394668e-286
1.4509829e-294
3.3076539e-303
7.5368603e-312
3.6047719e-314
5.0303733e-314
5.4327552e-314
8.2637261e-314
4.0482165e-314
9.8883914e-311
7.3324358e-311
-3.280158e-10
5.4372334e-23
-7.7655364e-36
1.6270502e-48
-8.8632669e-61
4.9967443e-72
2.0881082e-83
1.2701367e-94
2.3131371e-105
2.4478066e-115
3.2364178e-123
-2.3639226e-131
-7.6507362e-140
-1.7710557e-148
-4.0418029e-157
-9.3789879e-166
-2.2059016e-174
-5.2448475e-183
-1.25705e-191
-3.0361733e-200
-7.3688661e-209
-1.7952426e-217
-4.3709912e-226
-1.0640374e-234
-2.5850879e-243
-6.2555529e-252
-1.5045404e-260
-3.5837935e-269
-8.459527e-278
-1.9688981e-286
-4.5121721e-295
-1.0144553e-303
-2.5185954e-312
-4.4332454e-315
1.8639511e-314
3.4173971e-314
6.4574612e-314
-4.6817439e-314
-6.3051986e-314
2.3070141e-312
-3.3226751e-10
5.6488196e-23
-8.3782049e-36
1.8010443e-48
-9.6425953e-61
3.8712691e-72
2.0200809e-83
1.3865822e-94
2.73764e-105
2.9769072e-115
1.3106789e-123
-1.0663541e-131
-4.1166796e-140
-1.1164554e-148
-2.9964706e-157
-8.2228894e-166
-2.3031521e-174
-6.5607626e-183
-1.8933703e-191
-5.5077751e-200
-1.6153142e-208
-4.7390794e-217
-1.3943069e-225
-4.0985049e-234
-1.1990593e-242
-3.4827684e-251
-1.0006476e-259
-2.8361984e-268
-7.8809341e-277
-2.2583539e-285
3.9296584e-293
-4.8173387e-299
-8.3615896e-305
-2.1058915e-311
4.5643286e-314
-3.6977028e-314
7.2688327e-314
1.8251431e-313
2.2331826e-312
-9.0583414e-313
-3.3560366e-10
5.8302312e-23
-9.0003548e-36
2.0069015e-48
-1.0681854e-60
3.2070689e-72
2.5800066e-83
2.2376476e-94
5.2736772e-105
6.4045843e-115
1.7184064e-123
-1.7731315e-131
-9.5710684e-140
-3.4996526e-148
-1.2649799e-156
-4.7205848e-165
-1.8099599e-173
-7.0768103e-182
-2.8162286e-190
-1.1347201e-198
-4.6029365e-207
-1.8777804e-215
-7.6676717e-224
-3.1284453e-232
-1.2671979e-240
-5.0756147e-249
-1.7764199e-257
-4.6186958e-265
1.0206046e-271
-2.6405615e-278
1.1087791e-284
-1.2092612e-290
-2.1380247e-296
-5.5252534e-303
-8.7507913e-310
9.78264e-314
1.036121e-313
-1.8373879e-314
-1.0353278e-313
3.0349437e-313
-3.3798901e-10
5.9700399e-23
-9.5645488e-36
2.2244913e-48
-1.1905701e-60
2.8818698e-72
5.5118945e-83
6.8348545e-94
2.1122334e-104
3.1067393e-114
6.7468908e-123
-9.8695692e-131
-9.0768744e-139
-5.2473555e-147
-2.992564e-155
-1.7780349e-163
-1.09375e-171
-6.9052367e-180
-4.4737067e-188
-2.930566e-196
-1.9457522e-204
-1.2922367e-212
-8.616445e-221
-5.9196772e-229
1.4305075e-237
-1.0974889e-243
2.767815e-250
-4.8059146e-257
1.3065815e-263
-3.4245106e-270
1.4704899e-276
-1.6546902e-282
-3.0103956e-288
-8.05972e-295
-1.3011167e-301
-2.2008566e-308
4.6165179e-314
1.1086863e-313
-2.2719101e-313
-2.7755838e-313
-3.3953717e-10
6.0669079e-23
-1.0021889e-35
2.4314251e-48
-1.3212523e-60
2.7661105e-72
-2.2301975e-82
-4.6437106e-93
-2.073886e-103
-3.9994098e-113
-8.4074075e-122
1.9131261e-129
4.2854429e-137
4.9261788e-145
5.5017592e-153
6.4602055e-161
7.9597494e-169
1.0245046e-176
1.3540185e-184
1.8434945e-192
2.571065e-200
3.737714e-208
6.052683e-216
1.2699128e-223
3.8501033e-231
1.4759454e-238
6.6776037e-246
2.1928753e-253
1.3027915e-260
-2.8036837e-268
1.2118847e-274
-2.5273439e-281
-3.1929725e-286
6.5394321e-292
-6.394783e-299
-8.5987125e-306
-1.6523281e-312
-7.5846326e-314
9.5514365e-315
-2.2251257e-313
-3.4043757e-10
6.1269825e-23
-1.0353057e-35
2.6088003e-48
-1.4489098e-60
2.7773589e-72
-4.4058194e-83
-2.0696338e-93
-1.4948664e-103
-4.0914812e-113
-9.5651245e-122
3.6865214e-129
1.6590359e-135
6.3861866e-143
2.2587914e-150
8.7792058e-158
3.7607125e-165
1.7539027e-172
8.6615974e-180
4.6523281e-187
2.4951172e-194
1.3406821e-201
7.3211535e-209
3.8831105e-216
2.0035843e-223
9.5496831e-231
4.6612622e-238
1.6923231e-245
9.3558973e-253
-1.0960931e-260
8.0839351e-267
-1.6520831e-273
-3.673168e-278
7.5183758e-284
-8.309988e-291
-4.1937598e-298
-7.662482e-305
2.5772355e-313
6.2924838e-314
-2.5902471e-313
-3.4089312e-10
6.1599563e-23
-1.0567349e-35
2.7462463e-48
-1.5635495e-60
2.8633e-72
-2.9203465e-83
-1.6925173e-92
-2.3213458e-102
-9.8222439e-112
-2.854788e-120
1.9108932e-127
-9.1019995e-135
1.0204755e-141
-1.3794473e-148
1.6925202e-155
-1.7566468e-162
1.8388627e-169
-1.7605926e-176
1.6595509e-183
-1.5579316e-190
1.3898717e-197
-1.2078297e-204
1.0626299e-211
-1.0083624e-218
9.4348252e-226
-9.8048467e-233
1.0973297e-239
-1.4312133e-246
2.3438342e-253
-6.29485e-260
2.8663944e-266
-1.6845909e-270
3.1590852e-276
-4.6734274e-283
2.0990689e-290
-5.1834003e-298
1.3944811e-305
-2.617131e-312
2.2174186e-312
-3.4107865e-10
6.1755961e-23
-1.0691708e-35
2.8433097e-48
-1.6587984e-60
2.9876311e-72
-2.5024063e-83
2.2340732e-93
8.2242926e-103
5.9704868e-112
2.3793837e-120
-3.1200135e-127
1.0955364e-134
-4.5764912e-142
2.1133859e-149
-9.6367187e-157
4.3090537e-164
-1.8812424e-171
8.1609118e-179
-3.604099e-186
1.572417e-193
-6.9325955e-201
2.9414958e-208
-1.3060091e-215
5.7043202e-223
-2.5123212e-230
1.1120281e-237
-5.0794813e-245
2.3766366e-252
-1.2100485e-259
8.8973829e-267
-1.903722e-273
8.4714396e-278
-1.5094438e-283
2.2558204e-290
-1.1447887e-297
3.68944e-305
-1.901797e-312
2.2661772e-314
-8.9798554e-315
-3.4112276e-10
6.1817075e-23
-1.075741e-35
2.9068791e-48
-1.7328348e-60
3.1238919e-72
-2.3910706e-83
1.261245e-93
-5.5822765e-102
-8.1714058e-111
-4.8620549e-119
1.4662472e-125
-5.5526525e-133
2.2060849e-140
-8.8801557e-148
3.69918e-155
-1.5427934e-162
6.5239539e-170
-2.7464769e-177
1.1514307e-184
-4.9456094e-192
2.1159113e-199
-9.2031557e-207
3.9722559e-214
-1.6816195e-221
7.3039065e-229
-3.0394065e-236
1.2980581e-243
-5.4660924e-251
2.313974e-258
-8.2253548e-266
-6.1312635e-273
4.6820706e-279
-2.2864645e-285
7.7596879e-292
-1.2864209e-298
1.0833112e-305
-1.3152444e-312
-3.2933164e-313
1.3628222e-313
-3.4110839e-10
6.1835348e-23
-1.0790769e-35
2.9468256e-48
-1.7876694e-60
3.2538292e-72
-2.4013705e-83
1.0352985e-93
-5.2037772e-103
-2.3070843e-111
-2.2631646e-119
4.5681988e-125
-2.2586483e-132
1.0775798e-139
-5.3114618e-147
2.7028678e-154
-1.3531229e-161
7.0043163e-169
-3.668095e-176
1.9324618e-183
-1.0409434e-190
5.528143e-198
-2.9418772e-205
1.5638091e-212
-8.2561083e-220
4.3211748e-227
-2.3284605e-234
2.2026216e-241
-9.8331444e-248
9.8663727e-254
-8.8600011e-260
6.5550085e-266
-3.2609605e-272
1.5016429e-278
-5.4252345e-285
1.0428925e-291
-1.023514e-298
9.0436488e-306
-1.0405783e-312
1.9474536e-314
-3.4108022e-10
6.1840218e-23
-1.0809492e-35
2.9723357e-48
-1.8274286e-60
3.3670557e-72
-2.4597947e-83
9.7166757e-94
-3.2483135e-103
5.3264988e-111
9.9260659e-119
1.2872439e-124
-9.2522501e-132
6.0426473e-139
-4.0393417e-146
2.9120184e-153
-2.1352684e-160
1.5460771e-167
-1.1078543e-174
8.2249472e-182
-5.9308609e-189
4.4749263e-196
-3.3128661e-203
2.3936494e-210
-1.8029829e-217
1.26509e-224
-9.0142055e-232
6.3915593e-239
-5.3120771e-246
-4.2247875e-252
-7.733578e-258
-2.182891e-263
6.1984192e-269
1.0930868e-273
-1.295082e-279
3.6991372e-286
-4.0058708e-293
3.5425452e-300
-5.6621546e-307
3.6922284e-314
-3.410582e-10
6.1845031e-23
-1.0823272e-35
2.9900939e-48
-1.8566034e-60
3.460098e-72
-2.5300507e-83
9.6142657e-94
-2.7079037e-103
1.1408758e-111
5.614039e-119
7.6499514e-125
-9.1306366e-132
8.7915763e-139
-8.2570303e-146
8.1982577e-153
-8.6068895e-160
9.0955589e-167
-9.5813516e-174
9.6198404e-181
-1.0306553e-187
1.0988885e-194
-1.1907414e-201
1.2457926e-208
-1.3041181e-215
1.3811227e-222
-1.3277809e-229
1.3819135e-236
-1.5185763e-243
2.2924794e-250
9.7742541e-255
-5.3971157e-260
2.6481879e-265
3.2809674e-271
-3.7480006e-277
1.1943049e-283
-1.2358071e-290
9.6111072e-298
-1.3536648e-304
4.0491724e-311
-3.4104747e-10
6.1853675e-23
-1.0836164e-35
3.0040745e-48
-1.8789201e-60
3.5342873e-72
-2.5946381e-83
9.6797192e-94
-2.4973266e-103
7.1855179e-112
-1.6659841e-118
-4.4703391e-124
6.9656449e-131
-9.2925121e-138
1.3023068e-144
-1.8916288e-151
2.8254214e-158
-4.0124312e-165
5.6384176e-172
-8.2372208e-179
1.1596077e-185
-1.7610604e-192
2.5321546e-199
-3.7190916e-206
5.2039273e-213
-7.0574926e-220
1.0517388e-226
-2.7213114e-233
-2.7220477e-239
1.1717065e-244
3.5046575e-250
-2.2800744e-255
-1.0117861e-259
1.378169e-265
-1.337e-271
2.2663123e-278
-1.6868839e-285
1.1026219e-292
-1.4082312e-299
3.6836074e-306
-3.4104655e-10
6.1865669e-23
-1.0849094e-35
3.0161787e-48
-1.8969248e-60
3.5932599e-72
-2.647497e-83
9.7684927e-94
-2.3899399e-103
5.6681916e-112
-2.7963938e-119
1.1798153e-125
-2.2905523e-132
4.2081613e-139
-6.735817e-146
1.0823026e-152
-1.954271e-159
3.1842312e-166
-5.2779026e-173
8.4660437e-180
-1.473822e-186
2.4396703e-193
-4.4003215e-200
7.5714891e-207
-1.2903585e-213
2.0583127e-220
-3.4575951e-227
5.2806505e-234
-3.8342659e-241
-6.6839587e-247
1.5940574e-251
-3.8160606e-257
1.1866544e-262
-1.6164929e-268
6.5436533e-275
-1.1923936e-281
8.4579036e-289
-5.0370477e-296
5.9911004e-303
-1.5259696e-309
-3.4105217e-10
6.1879291e-23
-1.0861719e-35
3.0270791e-48
-1.9121068e-60
3.6409167e-72
-2.6887534e-83
9.8334823e-94
-2.3154185e-103
4.8593079e-112
-1.4554547e-119
4.1937819e-126
-7.9766513e-133
1.5858787e-139
-2.8758444e-146
5.1381924e-153
-9.3835902e-160
1.7946017e-166
-3.4492908e-173
7.3867059e-180
-1.3445132e-186
2.4176944e-193
-4.4760771e-200
8.1975359e-207
-1.5173046e-213
2.9693358e-220
-5.5950142e-227
1.2124073e-233
-4.4774784e-240
4.703724e-246
1.6569577e-250
-6.0161491e-256
1.0939369e-261
-7.7586974e-268
4.4842501e-274
-6.5760277e-281
4.3820129e-288
-2.6918573e-295
3.175047e-302
-8.106459e-309
-3.4106112e-10
6.1892968e-23
-1.0873458e-35
3.0368861e-48
-1.9252193e-60
3.6803955e-72
-2.7209994e-83
9.8702987e-94
-2.2534699e-103
4.3298348e-112
-1.0079222e-119
1.8527995e-126
-3.5561382e-133
7.1351349e-140
-1.1416467e-146
1.9563672e-153
-3.3711885e-160
5.9776639e-167
-9.781659e-174
1.7857093e-180
-3.1712242e-187
6.0948791e-194
-1.1379246e-200
2.0423214e-207
-3.5194197e-214
5.6508827e-221
-1.0303112e-227
1.8436141e-234
-3.0945917e-241
6.0915826e-248
-2.6090518e-254
8.8745818e-259
-1.0259731e-264
7.1219973e-271
-4.0586298e-277
6.3462706e-284
-4.4324488e-291
2.6750835e-298
-3.2759954e-305
7.2857399e-312
-3.4107143e-10
6.1905765e-23
-1.0883941e-35
3.0455642e-48
-1.9366207e-60
3.7138128e-72
-2.746966e-83
9.8895694e-94
-2.200311e-103
3.9568471e-112
-7.7782107e-120
1.1348358e-126
-2.1453452e-133
3.5089988e-140
-5.9047063e-147
9.6143999e-154
-1.6817982e-160
2.7783674e-167
-4.6792677e-174
7.9670649e-181
-1.4531386e-187
2.8356464e-194
-5.1239954e-201
8.4251302e-208
-1.5783918e-214
2.6916327e-221
-4.7833289e-228
8.9264219e-235
-1.933914e-241
1.0017293e-247
-6.5742656e-253
1.1022557e-258
-1.1090263e-264
6.5850117e-271
-1.6061159e-277
1.6680315e-284
-9.1869599e-292
5.0225694e-299
-5.383053e-306
-3.450449e-312
-3.4108197e-10
6.1917309e-23
-1.0893063e-35
3.0531089e-48
-1.946507e-60
3.7424984e-72
-2.7687035e-83
9.9012785e-94
-2.1549781e-103
3.6727765e-112
-6.3764826e-120
8.1366451e-127
-1.392504e-133
2.6088267e-140
-4.372175e-147
7.3705615e-154
-1.2580176e-160
1.8902987e-167
-3.1465235e-174
5.5323428e-181
-1.0858582e-187
1.911746e-194
-3.4640902e-201
5.9472553e-208
-9.9442221e-215
1.7328474e-221
-2.8167065e-228
5.0204438e-235
-9.1898113e-242
1.9377038e-248
-6.0029801e-255
6.2096135e-261
-1.3123376e-266
9.676443e-273
-3.8097617e-279
5.3404859e-286
-3.4664551e-293
2.0141184e-300
-2.4233004e-307
2.4995036e-312
-3.4109204e-10
6.1927515e-23
-1.0900901e-35
3.0595884e-48
-1.9550289e-60
3.7672521e-72
-2.7874111e-83
9.911783e-94
-2.1188136e-103
3.4565226e-112
-5.4736325e-120
6.5246938e-127
-1.2322155e-133
2.3289164e-140
-4.4546277e-147
7.6326313e-154
-1.2970031e-160
2.6085689e-167
-4.5963132e-174
8.0946375e-181
-1.3747232e-187
2.4382635e-194
-4.2376682e-201
7.2454599e-208
-1.2249532e-214
2.2524525e-221
-4.1042484e-228
7.2943363e-235
-1.1267159e-241
1.9818706e-248
-3.1748121e-255
-6.2036334e-262
1.6028717e-267
-1.4062309e-273
2.1566977e-279
-3.8937783e-286
2.7744818e-293
-1.7264644e-300
2.2423229e-307
-2.8732904e-312
-3.4110171e-10
6.1936557e-23
-1.0907629e-35
3.0651273e-48
-1.9623452e-60
3.7886419e-72
-2.80375e-83
9.9230288e-94
-2.0895423e-103
3.2915891e-112
-4.832162e-120
4.8980361e-127
-9.8350652e-134
1.6455994e-140
-2.9235641e-147
5.187042e-154
-9.1161489e-161
1.4192228e-167
-2.6762909e-174
5.2826677e-181
-8.8061541e-188
1.7857011e-194
-2.9896927e-201
5.2778312e-208
-9.4465345e-215
1.7733359e-221
-3.2972722e-228
5.6592889e-235
-8.7139479e-242
1.6569691e-248
-4.2978888e-255
2.6588757e-261
-3.091296e-267
2.2870374e-273
-6.4497134e-280
7.3131988e-287
-4.518176e-294
2.6614339e-301
-3.1583465e-308
-2.9042605e-313
-3.4111088e-10
6.1944606e-23
-1.0913431e-35
3.0698642e-48
-1.9686157e-60
3.8070976e-72
-2.8180772e-83
9.9359592e-94
-2.0667566e-103
3.164134e-112
-4.4122209e-120
4.3393131e-127
-7.7874204e-134
1.5444579e-140
-2.7853543e-147
5.5145507e-154
-1.0214315e-160
2.0178689e-167
-3.3669479e-174
6.2319509e-181
-1.1894608e-187
1.9961862e-194
-3.6045232e-201
6.2712491e-208
-1.271478e-214
2.4397834e-221
-4.7555097e-228
7.9983162e-235
-1.5487413e-241
2.9574687e-248
-4.9686201e-255
8.8189998e-262
-1.3771761e-268
1.5923928e-275
-1.054751e-282
2.8915413e-290
-1.5754656e-298
-3.0653869e-305
4.7034949e-312
-1.4959244e-312
-3.4111952e-10
6.1951798e-23
-1.0918463e-35
3.0739292e-48
-1.9739978e-60
3.8230307e-72
-2.8306273e-83
9.9492428e-94
-2.0487096e-103
3.0649432e-112
-4.075109e-120
4.1494464e-127
-7.85306e-134
1.4696397e-140
-2.9559647e-147
5.4774139e-154
-1.0136387e-160
1.994086e-167
-4.0478862e-174
7.3555932e-181
-1.4015044e-187
2.827655e-194
-5.984743e-201
1.1289871e-207
-2.1485628e-214
4.8772741e-221
-9.5291226e-228
1.9047641e-234
-3.7194181e-241
6.9882537e-248
-1.244516e-254
2.5442269e-261
-6.2618228e-268
1.9715976e-274
-7.4231385e-281
9.6205306e-288
-6.0279454e-295
3.5313474e-302
-4.3653491e-309
-2.7069426e-312
-3.4112796e-10
6.1958314e-23
-1.0922861e-35
3.0774381e-48
-1.9786313e-60
3.8367848e-72
-2.8415648e-83
9.9629181e-94
-2.0346294e-103
2.9861804e-112
-3.8398734e-120
3.4859688e-127
-6.6977513e-134
1.4460077e-140
-2.7015254e-147
5.4215447e-154
-1.1622897e-160
2.2526653e-167
-4.9572313e-174
8.960385e-181
-1.6943207e-187
3.4332499e-194
-6.6484665e-201
1.3702261e-207
-2.9720368e-214
5.5948058e-221
-1.1358647e-227
2.2384321e-234
-4.6479383e-241
8.3982208e-248
-1.7689958e-254
3.3810763e-261
-6.0547833e-268
1.6469918e-274
-5.2167517e-281
7.1918229e-288
-4.9413708e-295
3.0010926e-302
-3.6904594e-309
-4.8337354e-312
-3.4113587e-10
6.1964209e-23
-1.0926722e-35
3.0804787e-48
-1.9826324e-60
3.8486859e-72
-2.8511268e-83
9.9755907e-94
-2.0230221e-103
2.9208457e-112
-3.6371378e-120
3.4270786e-127
-6.897622e-134
1.3558845e-140
-2.717207e-147
4.9453724e-154
-1.0332707e-160
2.2391725e-167
-4.1885542e-174
9.8454546e-181
-2.0298074e-187
3.9707975e-194
-8.4811277e-201
1.6980859e-207
-3.4854048e-214
7.3292892e-221
-1.5017438e-227
2.7035733e-234
-5.1447645e-241
1.0809958e-247
-1.9398004e-254
3.4954081e-261
-5.2688496e-268
-2.9216663e-275
3.2600144e-281
-4.951944e-288
3.1605184e-295
-1.8646821e-302
2.4024379e-309
2.7008833e-312
-3.4114347e-10
6.1969581e-23
-1.0930125e-35
3.0831248e-48
-1.9860992e-60
3.8589923e-72
-2.85944e-83
9.9875739e-94
-2.0136365e-103
2.8715852e-112
-3.4561638e-120
2.9092148e-127
-5.5422023e-134
1.0962137e-140
-2.5013499e-147
5.2280952e-154
-1.1710115e-160
2.2184163e-167
-4.7606615e-174
9.4824009e-181
-1.9170771e-187
4.5797218e-194
-9.1150659e-201
1.8704408e-207
-3.6063753e-214
6.836058e-221
-1.5282058e-227
3.6856558e-234
-7.5287798e-241
1.5137894e-247
-3.2667516e-254
4.0094358e-261
-1.2108929e-266
1.4056803e-272
-5.1383461e-279
6.30284e-286
-3.7392524e-293
2.1483191e-300
-2.5630025e-307
-5.4464787e-312
-3.4115117e-10
6.1974587e-23
-1.0933151e-35
3.0854373e-48
-1.9891141e-60
3.8679552e-72
-2.8667144e-83
9.9983826e-94
-2.0063541e-103
2.8281463e-112
-3.3590934e-120
2.9947056e-127
-6.7395435e-134
1.4949768e-140
-3.4924213e-147
6.5377623e-154
-1.3112953e-160
3.0972802e-167
-6.5215649e-174
1.2896781e-180
-2.748147e-187
5.2109991e-194
-1.1888423e-200
2.6739983e-207
-5.8504447e-214
1.2589373e-220
-3.0010889e-227
6.2769534e-234
-1.3112546e-240
3.083563e-247
-6.1469953e-254
1.3015763e-260
-2.3140941e-267
2.3898056e-275
1.1099918e-280
-1.3766503e-287
7.6755501e-295
-3.9380692e-302
4.90953e-309
-1.2544745e-313
-3.4115828e-10
6.1979144e-23
-1.093583e-35
3.0874594e-48
-1.9917364e-60
3.8757516e-72
-2.8730603e-83
1.0008298e-93
-1.9997844e-103
2.7920518e-112
-3.2705313e-120
2.6928791e-127
-6.9073144e-134
1.455842e-140
-3.1302845e-147
7.5786533e-154
-1.7044082e-160
3.5763326e-167
-8.3269664e-174
2.1666143e-180
-4.5773048e-187
1.0472404e-193
-2.2646428e-200
4.9834131e-207
-1.117672e-213
2.4544032e-220
-5.1668147e-227
1.0495538e-233
-1.7495631e-239
3.0365147e-245
-5.7195455e-251
1.2863172e-256
-2.1636185e-262
2.8636166e-268
-1.7625837e-274
2.2654579e-281
-1.3395875e-288
7.8491655e-296
-9.9599175e-303
3.6424777e-309
-3.4116533e-10
6.1983387e-23
-1.0938224e-35
3.0892343e-48
-1.9940254e-60
3.8825457e-72
-2.8786092e-83
1.0017074e-93
-1.994792e-103
2.7639049e-112
-3.1822863e-120
2.7994963e-127
-5.8535701e-134
1.4567472e-140
-3.7580677e-147
7.9462556e-154
-1.7643312e-160
3.8624414e-167
-9.6379295e-174
2.3789355e-180
-6.2164722e-187
1.4516087e-193
-3.6295607e-200
8.5883189e-207
-2.0407676e-213
5.2126441e-220
-1.011644e-226
2.1072063e-233
-4.9731294e-240
1.2368961e-246
-2.6340658e-253
6.8417166e-260
-1.2706927e-266
1.9532203e-273
-2.3671553e-281
-1.6982521e-287
1.4954198e-294
-1.0316938e-301
1.5253924e-308
6.2051281e-313
-3.4117229e-10
6.1987362e-23
-1.0940368e-35
3.0907962e-48
-1.9960259e-60
3.8884696e-72
-2.8834415e-83
1.0025074e-93
-1.9903115e-103
2.7381094e-112
-3.1191322e-120
2.8182748e-127
-5.958732e-134
1.3749576e-140
-3.482453e-147
8.9154235e-154
-2.0654404e-160
5.8565396e-167
-1.6412872e-173
3.9516434e-180
-9.2852837e-187
2.2723423e-193
-5.6800511e-200
1.2117196e-206
-2.6429694e-213
6.379416e-220
-1.6056859e-226
3.6314894e-233
-9.7552808e-240
2.3974648e-246
-6.178647e-253
1.3575687e-259
-3.9161312e-266
1.4009302e-272
-3.2081359e-279
3.1349426e-286
-1.6981671e-293
9.1602607e-301
-1.1568528e-307
1.738024e-312
-3.4117915e-10
6.1991098e-23
-1.0942299e-35
3.0921721e-48
-1.9977756e-60
3.893647e-72
-2.8876744e-83
1.0032269e-93
-1.9866453e-103
2.7194486e-112
-3.0716497e-120
2.6096591e-127
-6.4883072e-134
1.6439195e-140
-4.1301574e-147
1.0568639e-153
-2.4760944e-160
6.6139134e-167
-1.7444048e-173
4.6155772e-180
-1.2417668e-186
3.5463706e-193
-8.6711808e-200
2.2879304e-206
-5.1734862e-213
1.4257702e-219
-3.3479999e-226
8.2237965e-233
-2.3080111e-239
5.8737277e-246
-1.4746861e-252
3.7865607e-259
-7.775328e-266
1.4831417e-272
-2.2686277e-279
1.9039182e-286
-9.8600211e-294
5.302916e-301
-6.7483745e-308
-2.3984112e-312
-3.4118609e-10
6.1994676e-23
-1.0944048e-35
3.0933884e-48
-1.999307e-60
3.8981564e-72
-2.8913868e-83
1.0038476e-93
-1.9832628e-103
2.699133e-112
-3.0037006e-120
2.5525707e-127
-5.9219442e-134
1.5079979e-140
-3.9092546e-147
1.0703603e-153
-2.5226097e-160
6.5479654e-167
-1.7979824e-173
4.8296991e-180
-1.2071218e-186
2.7977475e-193
-7.8590945e-200
2.0517733e-206
-5.1716679e-213
1.5095237e-219
-3.9626489e-226
1.0264418e-232
-2.9399729e-239
7.1211002e-246
-1.6912991e-252
4.1618976e-259
-8.7433131e-266
1.2733594e-272
-1.3099661e-279
8.9612638e-287
-4.1893788e-294
2.1603649e-301
-2.5224046e-308
3.8004475e-313
-3.4119295e-10
6.1998086e-23
-1.0945635e-35
3.0944628e-48
-2.0006482e-60
3.902097e-72
-2.8946039e-83
1.0043535e-93
-1.9806145e-103
2.6857625e-112
-2.9845938e-120
2.5151151e-127
-6.4137364e-134
1.9608447e-140
-6.1732741e-147
1.6939767e-153
-4.5478735e-160
1.3778565e-166
-3.9603345e-173
1.107368e-179
-2.9262375e-186
6.2819739e-193
-1.7391156e-199
4.5204897e-206
-1.1795463e-212
3.1225347e-219
-9.0536684e-226
2.4613578e-232
-6.5736464e-239
1.8491549e-245
-4.8674857e-252
1.2259873e-258
-2.8464132e-265
4.1738733e-272
-3.3628376e-279
1.4107581e-286
-3.6728341e-294
9.2850282e-302
-1.9619967e-310
6.6231263e-313
-3.4120005e-10
6.2001409e-23
-1.0947091e-35
3.0954165e-48
-2.0018206e-60
3.9055242e-72
-2.8973785e-83
1.004843e-93
-1.9782362e-103
2.6721613e-112
-2.9297708e-120
2.4528657e-127
-5.4688887e-134
1.6411606e-140
-4.5331549e-147
1.5410431e-153
-3.9922889e-160
1.0211947e-166
-3.2505062e-173
9.2582966e-180
-2.4961499e-186
7.5971373e-193
-2.1741359e-199
6.5668815e-206
-1.9403164e-212
5.5354913e-219
-1.4128321e-225
3.8819411e-232
-1.1286175e-238
3.2477255e-245
-9.1991937e-252
2.8071212e-258
-6.4954779e-265
1.0249968e-271
-6.0168528e-279
-2.6832501e-287
1.3742138e-293
-1.073437e-300
1.6816262e-307
-1.4877837e-312
-3.4120733e-10
6.2004676e-23
-1.0948434e-35
3.0962646e-48
-2.0028483e-60
3.9085025e-72
-2.8998082e-83
1.0052532e-93
-1.976118e-103
2.659405e-112
-2.9246745e-120
2.5312615e-127
-8.1499604e-134
2.2791596e-140
-6.7175007e-147
2.0573614e-153
-7.418576e-160
1.7564858e-166
-5.8898966e-173
1.936034e-179
-6.2363026e-186
1.7440495e-192
-5.9465906e-199
1.6221919e-205
-5.1382233e-212
1.5174396e-218
-4.8066691e-225
1.3712889e-231
-4.0216638e-238
1.2420429e-244
-4.1897256e-251
1.0934751e-257
-2.2215889e-264
-1.732166e-271
1.9426523e-277
-2.4398879e-284
1.4372963e-291
-8.175556e-299
1.0588852e-305
-3.0641808e-312
-3.412149e-10
6.200791e-23
-1.0949681e-35
3.0970188e-48
-2.0037445e-60
3.9110849e-72
-2.9018883e-83
1.0056043e-93
-1.9746488e-103
2.6542341e-112
-2.9066233e-120
2.50104e-127
-7.8409751e-134
2.6479672e-140
-9.4101816e-147
3.5910972e-153
-1.2541021e-159
4.7601195e-166
-1.5161976e-172
5.0113995e-179
-1.4961523e-185
5.023906e-192
-1.94193e-198
7.7824797e-205
-2.1991319e-211
7.5246948e-218
-2.2754715e-224
7.9996988e-231
-2.437132e-237
6.7845234e-244
-2.1429559e-250
5.7864616e-257
-1.3160235e-263
2.272548e-270
-2.1844209e-277
1.2112202e-284
-4.5198372e-292
1.9140511e-299
-1.9560388e-306
4.4395784e-312
-3.4122304e-10
6.2011201e-23
-1.0950859e-35
3.0976944e-48
-2.0045269e-60
3.9133022e-72
-2.9036616e-83
1.0058577e-93
-1.9728253e-103
2.6442877e-112
-2.8982499e-120
2.5165072e-127
-9.1408007e-134
3.2872447e-140
-1.1131979e-146
3.8079995e-153
-1.4805256e-159
4.5840954e-166
-1.4696164e-172
4.9726915e-179
-1.8355242e-185
6.057662e-192
-1.9550757e-198
6.4482299e-205
-2.0969259e-211
6.4081957e-218
-2.018001e-224
7.7003535e-231
-3.2619434e-237
9.8077286e-244
-3.4665908e-250
1.2726577e-256
-4.3911746e-263
9.1070673e-270
-1.1354776e-276
7.6373373e-284
-3.3486777e-291
1.6339601e-298
-1.9271645e-305
8.8511233e-312
-3.4123174e-10
6.2014583e-23
-1.0951983e-35
3.0982999e-48
-2.0052069e-60
3.9152076e-72
-2.9051346e-83
1.0060647e-93
-1.971278e-103
2.6373129e-112
-2.8679888e-120
2.4863779e-127
-6.2545826e-134
1.995004e-140
-7.2764485e-147
2.6648319e-153
-9.2713549e-160
3.8184467e-166
-1.4159484e-172
4.2129918e-179
-1.7005925e-185
5.0760199e-192
-1.6910272e-198
6.8426341e-205
-2.742057e-211
1.103574e-217
-3.650418e-224
1.2598554e-230
-5.2479206e-237
2.0027528e-243
-6.309958e-250
1.8990717e-256
-5.4469881e-263
1.0084895e-269
-1.3561749e-276
1.1593114e-283
-6.1646747e-291
3.3661747e-298
-4.6102597e-305
1.5550339e-311
-3.4124138e-10
6.2018154e-23
-1.0953078e-35
3.0988491e-48
-2.0057972e-60
3.9168169e-72
-2.9063794e-83
1.0062227e-93
-1.9698798e-103
2.6282051e-112
-2.8559642e-120
2.540777e-127
-6.6699897e-134
2.2589534e-140
-7.3876941e-147
2.4658597e-153
-1.0241252e-159
3.6900505e-166
-1.4128782e-172
5.1207007e-179
-1.8553762e-185
6.9660688e-192
-2.4773271e-198
8.3168762e-205
-2.5627501e-211
9.9361354e-218
-3.5616033e-224
1.1679648e-230
-4.2080817e-237
1.3726345e-243
-6.1980717e-250
2.0304012e-256
-5.3823744e-263
1.0275157e-269
-9.8831493e-277
5.4036122e-284
-2.0910499e-291
9.0887268e-299
-1.0056699e-305
1.2967965e-311
-3.4125187e-10
6.2021929e-23
-1.0954157e-35
3.0993497e-48
-2.0063091e-60
3.9181646e-72
-2.9073707e-83
1.006334e-93
-1.9687983e-103
2.6257111e-112
-2.8468189e-120
2.5766625e-127
-8.9493929e-134
3.0560811e-140
-1.4777349e-146
5.8784501e-153
-2.4150243e-159
1.211708e-165
-4.7649522e-172
1.9444746e-178
-6.3077076e-185
2.5011597e-191
-9.7528138e-198
3.7615958e-204
-1.4978049e-210
5.1109794e-217
-2.25278e-223
8.9764054e-230
-3.4348129e-236
1.1845243e-242
-4.7825843e-249
1.7434071e-255
-4.5250418e-262
2.6669537e-269
1.0287745e-275
-1.3812504e-282
7.8276387e-290
-4.553661e-297
6.6209977e-304
-2.9637749e-310
-3.4126383e-10
6.2026063e-23
-1.0955253e-35
3.0998133e-48
-2.0067506e-60
3.9192759e-72
-2.9081423e-83
1.0063624e-93
-1.9677073e-103
2.6207083e-112
-2.841431e-120
2.6344597e-127
-8.3894482e-134
4.2797332e-140
-2.2163686e-146
1.0213616e-152
-3.9523572e-159
2.0224747e-165
-8.2862987e-172
4.1123664e-178
-1.9901327e-184
7.8110144e-191
-2.9853209e-197
1.2718474e-203
-4.7985798e-210
1.6237365e-216
-7.3186379e-223
3.2765721e-229
-1.491231e-235
6.2880019e-242
-2.2736328e-248
1.021904e-254
-3.3732701e-261
6.4236738e-268
-6.308943e-275
3.2164474e-282
-1.1567776e-289
4.803502e-297
-5.1542032e-304
9.930873e-311
-3.4127727e-10
6.2030597e-23
-1.0956383e-35
3.1002481e-48
-2.0071322e-60
3.9201807e-72
-2.90872e-83
1.0063526e-93
-1.966411e-103
2.6144278e-112
-2.8388768e-120
2.6248318e-127
-1.0600627e-133
4.636541e-140
-2.3275526e-146
8.8378773e-153
-5.7599668e-159
2.4963871e-165
-1.0838857e-171
5.0477485e-178
-2.4360851e-184
1.2976889e-190
-5.3734608e-197
2.4751746e-203
-9.796682e-210
3.9343605e-216
-2.4673704e-222
9.0111744e-229
-3.7326022e-235
1.7025774e-241
-8.3781865e-248
3.4035528e-254
-9.9833656e-261
2.2143956e-267
-2.2611296e-274
1.3012061e-281
-5.1980953e-289
2.3411895e-296
-2.4713817e-303
8.5031803e-310
-3.4129289e-10
6.2035705e-23
-1.0957584e-35
3.1006682e-48
-2.0074632e-60
3.920893e-72
-2.9091129e-83
1.0062802e-93
-1.9655088e-103
2.6102316e-112
-2.8190642e-120
2.6303484e-127
-1.2257889e-133
6.5642133e-140
-3.0036114e-146
1.5389589e-152
-7.48883e-159
3.1463634e-165
-1.5596737e-171
8.3217513e-178
-3.8409213e-184
1.797246e-190
-7.9564948e-197
4.2167126e-203
-2.4292643e-209
1.0251424e-215
-4.2851913e-222
2.0941081e-228
-1.0044738e-234
3.7203269e-241
-1.6611325e-247
7.0178779e-254
-2.9276554e-260
6.8349193e-267
-1.1490666e-273
9.6615206e-281
-4.8715436e-288
2.53465e-295
-3.2347467e-302
1.6250291e-308
-3.4131081e-10
6.2041493e-23
-1.0958885e-35
3.1010832e-48
-2.0077521e-60
3.9214248e-72
-2.9093142e-83
1.0061578e-93
-1.9643507e-103
2.607537e-112
-2.8229207e-120
2.6023959e-127
-9.9996449e-134
4.7744909e-140
-2.4731423e-146
1.7412161e-152
-7.4114185e-159
4.7516783e-165
-3.5443704e-171
1.865818e-177
-9.6473654e-184
6.1998968e-190
-3.9475411e-196
1.7558695e-202
-7.8974305e-209
3.8223646e-215
-1.8143273e-221
1.0094516e-227
-4.7639079e-234
2.3463546e-240
-1.1064922e-246
4.0534814e-253
-1.2661168e-259
2.9449813e-266
-3.0158697e-273
1.7255809e-280
-6.7770095e-288
3.1149405e-295
-3.4528274e-302
1.5830223e-308
-3.4133189e-10
6.2048176e-23
-1.0960329e-35
3.1015069e-48
-2.0080092e-60
3.921811e-72
-2.9093733e-83
1.0059905e-93
-1.9634701e-103
2.6062122e-112
-2.8254857e-120
2.8486534e-127
-1.0895626e-133
6.593356e-140
-3.5510409e-146
1.9857737e-152
-1.206972e-158
7.3043304e-165
-3.7150246e-171
1.8997119e-177
-1.2594789e-183
5.8937379e-190
-3.0935955e-196
1.7196545e-202
-1.1552942e-208
6.8638005e-215
-4.6490605e-221
3.1810955e-227
-1.4595449e-233
1.0103527e-239
-6.8354015e-246
3.785019e-252
-1.5642953e-258
3.1140688e-265
-2.4356796e-272
8.53813e-280
-1.9124653e-287
2.8170707e-295
5.0948056e-302
-1.1112862e-307
-3.4135677e-10
6.2055949e-23
-1.0961965e-35
3.1019545e-48
-2.0082447e-60
3.922067e-72
-2.9092915e-83
1.0057906e-93
-1.9620328e-103
2.6021861e-112
-2.8171781e-120
2.8002172e-127
-1.4927483e-133
1.2103572e-139
-7.3727206e-146
4.8501223e-152
-2.4461799e-158
2.04866e-164
-1.1920463e-170
5.9427021e-177
-4.0706995e-183
2.157822e-189
-1.1773067e-195
6.5040613e-202
-4.1483333e-208
2.7372985e-214
-1.9963779e-220
1.2433324e-226
-8.8459446e-233
5.269168e-239
-2.6197368e-245
1.161518e-251
-6.1254408e-258
1.281511e-264
-1.3413394e-271
7.7012944e-279
-3.0308813e-286
1.3653507e-293
-1.5977517e-300
4.8605014e-307
-3.413864e-10
6.2065129e-23
-1.0963859e-35
3.1024463e-48
-2.0084697e-60
3.9222133e-72
-2.9090709e-83
1.0055133e-93
-1.9612973e-103
2.6038024e-112
-2.8145344e-120
2.8113433e-127
-1.1585611e-133
6.9415167e-140
-4.2016507e-146
3.4510689e-152
-2.731866e-158
1.8530803e-164
-1.7685396e-170
1.0070138e-176
-6.2359529e-183
3.3800116e-189
-2.1366219e-195
1.3792667e-201
-1.0190497e-207
9.1987133e-214
-6.0223442e-220
4.0222397e-226
-3.2022673e-232
1.4070084e-238
-1.2282752e-244
8.0845827e-251
-3.8201448e-257
7.4862263e-264
-7.9840939e-271
4.4220253e-278
-1.7211652e-285
7.6980518e-293
-9.0125606e-300
3.9593094e-306
-3.4142185e-10
6.2075994e-23
-1.0966073e-35
3.1030021e-48
-2.0086998e-60
3.9222663e-72
-2.9086817e-83
1.0052036e-93
-1.9600709e-103
2.5987256e-112
-2.8050514e-120
2.7494894e-127
-1.9047658e-133
1.1470179e-139
-1.2763785e-145
9.7748781e-152
-8.3588425e-158
1.3837734e-163
-7.9104675e-170
6.4675469e-176
-4.1350551e-182
2.7754202e-188
-1.9235023e-194
1.5952101e-200
-1.0669684e-206
6.4360096e-213
-8.7568135e-219
4.4424186e-225
-3.426121e-231
2.3831408e-237
-1.226903e-243
8.0704319e-250
-3.6863869e-256
7.9530134e-263
-9.1136166e-270
5.1295928e-277
-2.0447687e-284
9.4618749e-292
-1.1150556e-298
5.4128713e-305
-3.414647e-10
6.2089035e-23
-1.0968711e-35
3.1036522e-48
-2.0089519e-60
3.9222704e-72
-2.9082296e-83
1.0048523e-93
-1.9589032e-103
2.5951224e-112
-2.8356331e-120
2.8698727e-127
-1.194018e-133
1.3283642e-139
-7.6632253e-146
7.6685943e-152
-6.7972017e-158
4.1689887e-164
-4.7085199e-170
2.8305174e-176
-2.5914662e-182
2.1405177e-188
-1.8451157e-194
1.390957e-200
-9.9102377e-207
8.3102118e-213
-5.3630439e-219
3.6465347e-225
-2.8303634e-231
3.4616043e-237
-2.8136846e-243
1.4318106e-249
-7.7399305e-256
1.935372e-262
-2.1652453e-269
1.279398e-276
-5.2806837e-284
2.432158e-291
-2.9392366e-298
1.3772801e-304
-3.4151649e-10
6.2104734e-23
-1.0971875e-35
3.1044258e-48
-2.0092432e-60
3.9222479e-72
-2.9076865e-83
1.0044492e-93
-1.9579471e-103
2.5961979e-112
-2.8103547e-120
2.9318038e-127
-1.4170058e-133
1.3602147e-139
-1.0867725e-145
1.1864531e-151
-7.7335228e-158
1.5976029e-163
-1.0221053e-169
9.8586205e-176
-6.7527806e-182
5.6669335e-188
-7.3871381e-194
4.7936118e-200
-3.7001449e-206
2.6649872e-212
-4.2896548e-218
3.1119864e-224
-2.5271537e-230
1.8617148e-236
-2.3666987e-242
2.135705e-248
-7.9591225e-255
2.023926e-261
-2.4562054e-268
1.5699242e-275
-6.5840953e-283
3.151666e-290
-3.9917747e-297
2.9863867e-303
-3.4158014e-10
6.2123887e-23
-1.0975734e-35
3.1053726e-48
-2.0096065e-60
3.9222466e-72
-2.9070887e-83
1.0040421e-93
-1.9567955e-103
2.5940216e-112
-2.8147721e-120
3.0313619e-127
-2.1482555e-133
1.7461511e-139
-1.4862598e-144
1.086712e-150
-1.0307731e-156
8.6000899e-163
-7.5015135e-169
5.375519e-175
-4.7847343e-181
5.3494721e-187
-4.3404933e-193
5.6382218e-199
-5.1976462e-205
7.6706794e-211
-1.1688094e-216
9.2654483e-223
-7.5183364e-229
7.4696687e-235
-6.6813691e-241
3.2874347e-247
-1.7439794e-253
6.0308503e-260
-7.1214496e-267
4.420425e-274
-1.8933974e-281
9.0313676e-289
-1.2174408e-295
6.7314247e-302
-3.4165883e-10
6.2147402e-23
-1.0980474e-35
3.1065471e-48
-2.0100732e-60
3.922339e-72
-2.9064564e-83
1.0036037e-93
-1.9556437e-103
2.5911327e-112
-2.8182584e-120
3.0268937e-127
-2.6186704e-133
4.9715897e-139
-5.5799608e-145
1.1081329e-150
-8.351246e-157
8.9092535e-163
-1.0971946e-168
1.1970994e-174
-1.2690291e-180
1.3261942e-186
-2.3059827e-192
2.5749495e-198
-2.370212e-204
1.7727407e-210
-1.593557e-216
-4.8717467e-222
2.8212347e-227
-1.8456263e-232
5.921304e-238
-1.2981553e-243
9.7078859e-250
-2.9192681e-256
3.6678567e-263
-2.2425306e-270
9.465369e-278
-4.576373e-285
6.8598644e-292
-3.3783629e-298
-3.4175772e-10
6.2176742e-23
-1.0986398e-35
3.1080349e-48
-2.0106945e-60
3.922604e-72
-2.9058613e-83
1.0031683e-93
-1.9543931e-103
2.5947585e-112
-2.8429635e-120
3.1142696e-127
-3.4874715e-133
3.3666411e-139
-5.334108e-145
6.9042181e-151
-2.5978496e-156
3.0126682e-162
-4.2708491e-168
4.9570168e-174
-6.3462002e-180
9.6277427e-186
4.8612304e-191
-2.4176888e-197
2.61468e-203
-4.8241497e-209
2.0969849e-215
-1.3961093e-220
5.9536225e-226
-1.9342554e-231
1.328187e-236
-8.7540245e-242
6.854226e-248
-1.3557987e-254
1.3135082e-261
-7.4602976e-269
3.0478178e-276
-1.4805011e-283
2.2609767e-290
-2.4463213e-296
-3.4188264e-10
6.2213319e-23
-1.0993781e-35
3.1099174e-48
-2.0115246e-60
3.9231422e-72
-2.905395e-83
1.0027503e-93
-1.9536662e-103
2.5937877e-112
-2.8446293e-120
3.1074264e-127
-3.3686851e-133
3.2479376e-139
-7.4503501e-145
2.0844822e-150
-7.963079e-156
-5.9821488e-160
2.6160711e-165
-2.5011767e-171
9.2493175e-177
2.7818393e-182
-3.8856402e-185
3.811857e-191
-4.1128641e-197
5.1834207e-203
-6.6863087e-209
1.6176497e-214
-4.2600753e-220
9.5859268e-226
-1.003774e-230
3.0664522e-236
-4.2451182e-242
1.4025891e-248
-1.8165151e-255
1.1023693e-262
-4.6851511e-270
2.2718821e-277
-3.2022468e-284
1.4971637e-290
-3.4205446e-10
6.226324e-23
-1.1003861e-35
3.1125419e-48
-2.0127644e-60
3.9242778e-72
-2.9052233e-83
1.0024121e-93
-1.9529818e-103
2.5934247e-112
-2.8427021e-120
3.1079696e-127
-3.5818357e-133
3.3048887e-138
2.5306617e-143
-6.0236026e-149
-7.9757863e-154
1.0452586e-159
-1.7831183e-165
5.3910592e-171
-1.438225e-176
3.2385228e-182
-3.3561682e-188
1.8343715e-193
-6.860801e-199
2.0327832e-204
-1.2994186e-209
5.4491127e-215
-2.5659857e-220
-5.8066524e-226
2.345632e-231
-4.0333455e-237
5.4152236e-243
-1.8134079e-249
2.3767474e-256
-1.5357122e-263
6.4852024e-271
-3.1614278e-278
4.4329462e-285
-4.952867e-291
-3.4225488e-10
6.2317751e-23
-1.1014696e-35
3.1153848e-48
-2.0141692e-60
3.9258249e-72
-2.9054049e-83
1.0022295e-93
-1.9522067e-103
2.591657e-112
-2.8467487e-120
3.427044e-127
-2.9703289e-133
5.1787523e-139
-1.1282809e-144
-2.9833508e-150
1.9236776e-155
-2.370306e-161
2.9347503e-167
-4.5953374e-173
-1.8218712e-177
-1.0177646e-182
1.2795771e-186
-5.4670378e-192
4.129092e-197
4.5285979e-202
-1.2417828e-207
2.6661738e-213
-1.44648e-218
6.2812848e-224
5.1992818e-229
-5.6754408e-235
4.7625027e-241
-2.0179726e-247
2.6122502e-254
-1.6758362e-261
7.2191098e-269
-3.5070385e-276
5.7387059e-283
-5.9040289e-289
-3.4282209e-10
6.2474231e-23
-1.1045686e-35
3.1237671e-48
-2.018679e-60
3.9320361e-72
-2.9079809e-83
1.0025499e-93
-1.9528733e-103
2.5946335e-112
-2.8526077e-120
3.3699796e-127
-4.3953882e-133
1.0691466e-138
-1.6043356e-144
2.0335814e-150
-6.9050407e-156
1.7067921e-161
-6.5920211e-167
1.6012225e-172
1.1876436e-177
-3.1804532e-183
-6.2208563e-189
6.4715548e-194
-1.4626404e-198
-3.0069864e-204
-6.8597651e-210
3.9903209e-215
7.0557611e-221
9.6850375e-227
-1.3819538e-232
1.7469726e-238
-5.4329593e-244
1.8266756e-250
-2.4290638e-257
1.5682042e-264
-6.7092183e-272
3.2154857e-279
-4.9437219e-286
1.0030639e-291
)
;

boundaryField
{
    wall
    {
        type            fixedValue;
        value           uniform 350;
    }
    sides
    {
        type            zeroGradient;
    }
    frontAndBack
    {
        type            empty;
    }
    inlet
    {
        type            fixedValue;
        value           uniform 300;
    }
    outlet
    {
        type            zeroGradient;
    }
}


// ************************************************************************* //
