/*--------------------------------*- C++ -*----------------------------------*\
  =========                 |
  \\      /  F ield         | OpenFOAM: The Open Source CFD Toolbox
   \\    /   O peration     | Website:  https://openfoam.org
    \\  /    A nd           | Version:  10
     \\/     M anipulation  |
\*---------------------------------------------------------------------------*/
FoamFile
{
    format      ascii;
    class       volScalarField;
    location    "0.08";
    object      TporMedia_0;
}
// * * * * * * * * * * * * * * * * * * * * * * * * * * * * * * * * * * * * * //

dimensions      [0 0 0 1 0 0 0];

internalField   nonuniform List<scalar> 
4000
(
-2.1207004e-06
1.1205747e-06
-6.3704964e-05
-5.3287468e-05
-8.3366405e-05
-7.4266505e-05
-7.8460946e-05
-7.4217729e-05
-7.5697878e-05
-7.3055668e-05
-7.0530232e-05
-7.5810825e-05
-7.0589799e-05
-7.0573821e-05
-7.0581054e-05
-7.5018613e-05
-7.0735643e-05
-6.8536941e-05
-7.3231274e-05
-6.8163991e-05
-7.4055046e-05
-7.0419388e-05
-7.074068e-05
-7.0524133e-05
-7.043347e-05
-7.413537e-05
-7.1948708e-05
-7.8938808e-05
-7.3794173e-05
-7.66955e-05
-7.8211087e-05
-7.7075652e-05
-7.866662e-05
-7.7486567e-05
-8.407006e-05
-8.1696166e-05
-7.9240352e-05
-8.7258654e-05
-8.595252e-05
-9.1814602e-05
-1.9585431e-07
6.6456897e-16
-1.2141421e-13
2.0501355e-12
6.2685955e-12
1.0546511e-11
9.7887145e-12
9.5473275e-12
9.5762159e-12
8.4873891e-12
8.9105711e-12
8.8869755e-12
8.7228525e-12
8.4254159e-12
8.3605451e-12
8.6999886e-12
8.3355368e-12
8.1069914e-12
8.7666317e-12
7.9594533e-12
9.2090571e-12
8.4381606e-12
8.3706743e-12
8.2489631e-12
8.7375017e-12
9.0839184e-12
8.6679359e-12
9.7257027e-12
9.1167728e-12
9.9925881e-12
9.8956176e-12
1.0638817e-11
1.0105741e-11
1.0534767e-11
1.0747523e-11
1.2092536e-11
1.1060536e-11
1.2318312e-11
1.1551854e-11
1.3597374e-11
-7.8956334e-08
-1.9046349e-16
-6.4593933e-23
1.5690497e-20
-1.3625543e-19
-9.5554223e-19
-1.1824978e-18
-1.1068859e-18
-1.1551523e-18
-9.7868733e-19
-1.0213042e-18
-9.8832766e-19
-1.0555387e-18
-9.8689008e-19
-9.7377124e-19
-1.002947e-18
-9.1709524e-19
-8.802195e-19
-9.808317e-19
-8.5589307e-19
-1.0789094e-18
-9.3710723e-19
-9.7266158e-19
-9.3668158e-19
-1.0063186e-18
-1.0178277e-18
-1.0731267e-18
-1.200199e-18
-1.0565096e-18
-1.2902545e-18
-1.1977717e-18
-1.3527507e-18
-1.375726e-18
-1.3572296e-18
-1.3915688e-18
-1.5471528e-18
-1.5047346e-18
-1.75425e-18
-1.7041269e-18
-1.9451522e-18
-4.2191393e-08
1.061898e-17
2.9036865e-27
1.9736391e-29
1.6834146e-27
3.1481482e-26
1.4090605e-25
1.3645397e-25
1.4932021e-25
1.1233328e-25
1.1862486e-25
1.054292e-25
1.1530628e-25
1.1225693e-25
1.0977752e-25
1.0868419e-25
1.0506111e-25
1.027319e-25
1.1098502e-25
9.5139574e-26
1.2397311e-25
1.0051741e-25
1.1071646e-25
1.0471996e-25
1.1760321e-25
1.2011787e-25
1.2664824e-25
1.316543e-25
1.2000108e-25
1.4323591e-25
1.4573159e-25
1.5505558e-25
1.6102841e-25
1.7198159e-25
1.8004303e-25
2.0632428e-25
1.8953004e-25
2.3540025e-25
2.2645021e-25
2.5251546e-25
-2.6347651e-08
2.0357871e-18
4.2310061e-28
1.9483911e-37
-6.3090665e-34
-4.019969e-34
-1.1046484e-32
-1.6664789e-32
-1.6560165e-32
-1.2344799e-32
-1.4255386e-32
-1.1291287e-32
-1.2805117e-32
-1.2061224e-32
-1.181004e-32
-1.1555646e-32
-1.0893343e-32
-1.10972e-32
-1.2130913e-32
-1.0358931e-32
-1.3533155e-32
-1.0900099e-32
-1.1865005e-32
-1.1125545e-32
-1.2143553e-32
-1.2399382e-32
-1.4273042e-32
-1.5156451e-32
-1.2719066e-32
-1.6764891e-32
-1.6307719e-32
-1.8595231e-32
-1.9376132e-32
-1.9817725e-32
-2.063798e-32
-2.6471485e-32
-2.4257092e-32
-3.1908021e-32
-3.0382748e-32
-3.3992466e-32
-1.8172472e-08
6.6712747e-19
1.6783829e-28
3.6094462e-38
-1.5895709e-42
2.6454936e-42
3.5799355e-40
2.0603753e-39
1.8643583e-39
1.3970736e-39
1.4930697e-39
1.1935911e-39
1.3416417e-39
1.247665e-39
1.2209154e-39
1.2216528e-39
1.1861257e-39
1.1557458e-39
1.2962885e-39
1.0648242e-39
1.3419376e-39
1.2014359e-39
1.3028301e-39
1.1179708e-39
1.3025606e-39
1.279605e-39
1.523382e-39
1.5911426e-39
1.3970237e-39
1.8798614e-39
1.8400998e-39
2.152629e-39
2.3141343e-39
2.3874964e-39
2.4832417e-39
3.0680544e-39
3.0830625e-39
3.8912474e-39
3.7554558e-39
4.2217646e-39
-1.3415954e-08
2.8365565e-19
-1.1085065e-27
-1.4422856e-37
-1.0492643e-46
-1.2646517e-50
-4.8258955e-48
-1.9492808e-46
-2.1296357e-46
-1.4596822e-46
-1.5406396e-46
-1.220998e-46
-1.3188833e-46
-1.19878e-46
-1.2325154e-46
-1.2342773e-46
-1.1348155e-46
-1.1287392e-46
-1.32481e-46
-1.0428437e-46
-1.303512e-46
-1.2192265e-46
-1.2891783e-46
-1.1732325e-46
-1.334733e-46
-1.2891555e-46
-1.5609718e-46
-1.6688867e-46
-1.365156e-46
-2.1279887e-46
-1.9794534e-46
-2.2195248e-46
-2.7242791e-46
-2.6746961e-46
-2.8379315e-46
-3.8467347e-46
-3.6072377e-46
-4.7017021e-46
-4.7143089e-46
-5.17967e-46
-1.0374056e-08
1.413132e-19
-1.5404795e-29
-1.4209075e-39
-4.4988777e-49
2.9292686e-57
3.2334032e-56
1.0444944e-53
2.7288746e-53
1.5159516e-53
1.5960897e-53
1.2406711e-53
1.2519534e-53
1.1464418e-53
1.1591503e-53
1.2190155e-53
1.0746669e-53
1.1008943e-53
1.2783268e-53
1.0259279e-53
1.2603983e-53
1.2415828e-53
1.244424e-53
1.1071364e-53
1.2750236e-53
1.2901347e-53
1.5972922e-53
1.6091719e-53
1.3481275e-53
2.1993117e-53
2.0381392e-53
2.3027529e-53
2.8527905e-53
2.8942537e-53
3.2378082e-53
4.2431327e-53
4.70611e-53
5.3729625e-53
5.5515273e-53
5.9555529e-53
-8.2529881e-09
7.7890228e-20
-3.2531315e-30
-2.4362793e-40
-4.1305647e-50
-3.0398207e-58
-1.2540565e-64
-2.5566198e-61
-3.7957342e-60
-1.6128401e-60
-1.4392432e-60
-1.1675697e-60
-1.1714188e-60
-1.0879413e-60
-1.0842936e-60
-1.1206106e-60
-1.007582e-60
-1.0185902e-60
-1.1672871e-60
-9.8272539e-61
-1.147376e-60
-1.0786512e-60
-1.1931483e-60
-1.0316638e-60
-1.2334201e-60
-1.2620649e-60
-1.5994554e-60
-1.6131599e-60
-1.2790548e-60
-2.2562201e-60
-2.0251549e-60
-2.1964615e-60
-2.992579e-60
-2.8283788e-60
-3.6325624e-60
-4.7857532e-60
-5.3396907e-60
-6.3635969e-60
-6.4605501e-60
-6.5390327e-60
-6.6485745e-09
4.56723e-20
-1.0001688e-30
-6.9874801e-41
-7.2572834e-51
-8.6680981e-60
2.3377322e-68
3.0125308e-69
4.5701587e-67
1.7467207e-67
1.3444229e-67
1.120712e-67
1.0616968e-67
9.8350635e-68
9.9484232e-68
9.8772065e-68
8.783956e-68
9.1830464e-68
1.0141784e-67
8.8203277e-68
1.0291969e-67
1.0071493e-67
1.0303719e-67
9.7539443e-68
1.1260921e-67
1.1683342e-67
1.4277109e-67
1.4225187e-67
1.1834166e-67
2.2059e-67
2.0643056e-67
2.0487151e-67
3.0206042e-67
2.9025506e-67
3.8836647e-67
4.9846656e-67
5.8785779e-67
6.9393656e-67
6.9566631e-67
6.5032409e-67
-5.3538948e-09
2.7694128e-20
-3.6700233e-31
-2.8834384e-41
-2.0224498e-51
-9.5313562e-61
2.1033921e-69
-3.2355306e-77
-3.1799739e-74
-2.173636e-74
-1.234111e-74
-9.9992917e-75
-9.6605787e-75
-8.4042591e-75
-8.8065234e-75
-8.4885797e-75
-7.638968e-75
-7.6942722e-75
-8.8770954e-75
-7.5629331e-75
-8.8283984e-75
-8.9207126e-75
-8.4666508e-75
-8.8308074e-75
-9.4703782e-75
-1.0081327e-74
-1.2630954e-74
-1.2609086e-74
-1.0966911e-74
-2.0944239e-74
-1.8551629e-74
-1.9727575e-74
-2.7575036e-74
-2.7178132e-74
-3.8670036e-74
-5.3717281e-74
-6.1338088e-74
-7.7888325e-74
-6.9675723e-74
-6.1495324e-74
-4.2683575e-09
1.7014975e-20
-1.4848627e-31
-1.9737387e-41
-1.0083676e-51
-2.4252227e-61
5.5549491e-70
-2.1180528e-78
1.1071502e-81
2.9656664e-81
1.1377725e-81
8.5385572e-82
8.1448351e-82
7.4073765e-82
7.1700318e-82
7.1051538e-82
6.3174613e-82
6.3004103e-82
7.2812923e-82
6.4082821e-82
7.3698137e-82
7.5633479e-82
7.0567983e-82
7.438795e-82
7.8571511e-82
8.3913584e-82
1.0763355e-81
1.0953286e-81
9.6746197e-82
1.7664374e-81
1.6492157e-81
1.6667278e-81
2.6045159e-81
2.4812276e-81
3.8487069e-81
5.4345498e-81
6.3039807e-81
8.1427851e-81
6.6584921e-81
5.2430752e-81
-3.3363634e-09
1.0404785e-20
-6.3227669e-32
2.573672e-41
1.0191379e-51
1.4376621e-61
-6.0856335e-70
1.5395724e-78
-2.7491036e-86
-4.758668e-88
-1.0330402e-88
-6.8877688e-89
-6.3935109e-89
-6.1123686e-89
-5.676885e-89
-5.5085716e-89
-5.0050175e-89
-4.9057111e-89
-5.9232208e-89
-4.9276e-89
-5.8837269e-89
-5.9038479e-89
-5.5140609e-89
-5.7573453e-89
-6.4112386e-89
-6.8483337e-89
-8.8064177e-89
-9.2373996e-89
-8.0943394e-89
-1.4635192e-88
-1.391396e-88
-1.4756376e-88
-2.1498682e-88
-2.1988806e-88
-3.6118506e-88
-5.0124346e-88
-6.0747117e-88
-7.6046612e-88
-6.1463479e-88
-4.0481882e-88
-2.5319356e-09
6.2279906e-21
-2.7405944e-32
1.4833328e-42
4.8063881e-53
4.3577272e-63
1.7498858e-71
-3.2113145e-80
3.1613982e-88
2.2125445e-95
1.0423811e-95
5.5279348e-96
4.8055735e-96
4.6655461e-96
4.4110293e-96
4.2512135e-96
3.9072577e-96
3.7223415e-96
4.4662563e-96
3.7076677e-96
4.4138102e-96
4.4351155e-96
4.1135869e-96
4.4307111e-96
4.7283641e-96
5.4934238e-96
6.7361528e-96
7.2161509e-96
6.5755665e-96
1.2335766e-95
1.1235422e-95
1.2554979e-95
1.7709389e-95
1.9336726e-95
3.2159827e-95
4.5425122e-95
5.7853497e-95
6.8408461e-95
5.3615569e-95
2.3414246e-95
-1.8678888e-09
3.6316252e-21
-1.1903515e-32
2.8383058e-43
7.9131048e-54
4.9297589e-64
4.3486416e-73
-6.3100422e-82
3.7212093e-90
-3.1414266e-97
-1.0983112e-102
-4.3166783e-103
-3.6143097e-103
-3.3832491e-103
-3.3190232e-103
-3.0867016e-103
-2.979312e-103
-2.6713284e-103
-3.244903e-103
-2.6177194e-103
-3.2192218e-103
-3.1959427e-103
-3.0945662e-103
-3.2908432e-103
-3.5604746e-103
-4.0550539e-103
-5.1126625e-103
-5.434588e-103
-4.9910664e-103
-9.3588017e-103
-8.9054951e-103
-9.6893819e-103
-1.4302719e-102
-1.6264736e-102
-2.9197127e-102
-3.8732979e-102
-5.1261072e-102
-5.6394078e-102
-3.915372e-102
-8.9597482e-103
-1.3660687e-09
2.094791e-21
-5.2193924e-33
7.0120411e-44
1.7688351e-54
7.9752346e-65
3.1432875e-74
-3.9419e-83
1.5018139e-91
-6.6534873e-99
8.2831696e-106
3.2622742e-110
2.5536804e-110
2.3975941e-110
2.3088849e-110
2.150884e-110
2.0113029e-110
1.8833034e-110
2.316053e-110
1.8657811e-110
2.2183382e-110
2.3379496e-110
2.1518394e-110
2.3269428e-110
2.5551568e-110
2.908771e-110
3.6416068e-110
4.0240386e-110
3.6365037e-110
6.7193853e-110
6.3306156e-110
7.6389345e-110
1.0623219e-109
1.3424157e-109
2.4111288e-109
3.3163282e-109
4.1684787e-109
4.3378251e-109
2.5394714e-109
2.4845617e-110
-1.0172181e-09
1.226192e-21
-2.3560683e-33
1.9996173e-44
4.824529e-55
1.6422018e-65
3.5883373e-75
-4.3402725e-84
1.1423729e-92
-2.7747674e-100
3.7578542e-107
-2.9263982e-114
-1.7320217e-117
-1.6445754e-117
-1.5914957e-117
-1.4166308e-117
-1.374634e-117
-1.2855893e-117
-1.5610437e-117
-1.2338882e-117
-1.5755972e-117
-1.5457651e-117
-1.4443044e-117
-1.5893848e-117
-1.6864373e-117
-1.9846148e-117
-2.4632243e-117
-2.7862264e-117
-2.5448797e-117
-4.5766503e-117
-4.6016744e-117
-5.5080743e-117
-7.5693192e-117
-1.0511681e-116
-1.9319195e-116
-2.624252e-116
-3.0374873e-116
-3.0179425e-116
-1.3211762e-116
-6.4499415e-118
-7.8536171e-10
7.4331115e-22
-1.1126309e-33
6.3807432e-45
1.5784132e-55
4.2038462e-66
5.7102679e-76
-7.8762429e-85
1.521652e-93
-2.1361512e-101
2.8162375e-108
-2.2267012e-115
1.4179122e-122
1.068737e-124
1.0264407e-124
9.2507485e-125
8.697596e-125
8.4287843e-125
1.030789e-124
7.9354329e-125
1.010933e-124
9.489431e-125
9.5452935e-125
1.0206153e-124
1.0423727e-124
1.2433758e-124
1.6055645e-124
1.7830276e-124
1.6185481e-124
3.0925503e-124
3.1265783e-124
3.7002627e-124
5.1404024e-124
7.5393346e-124
1.39785e-123
1.9736976e-123
2.0753571e-123
1.9348706e-123
6.2058153e-124
2.5077207e-125
-6.3169451e-10
4.707372e-22
-5.5312174e-34
2.240845e-45
6.3007306e-56
1.3546383e-66
1.233017e-76
-2.8360544e-85
4.2467476e-94
-3.7884391e-102
3.9539807e-109
-3.0787699e-116
1.9758187e-123
-1.2562407e-130
-6.347712e-132
-5.5642468e-132
-5.1860345e-132
-5.1245371e-132
-6.0922837e-132
-4.7350728e-132
-6.0917762e-132
-5.7382429e-132
-5.6470098e-132
-6.1164775e-132
-6.2893003e-132
-7.5517656e-132
-1.0005974e-131
-1.0959783e-131
-1.0168469e-131
-1.9070812e-131
-1.9207814e-131
-2.4058774e-131
-3.4749427e-131
-5.0361831e-131
-9.6440575e-131
-1.4019041e-130
-1.3192825e-130
-1.0722445e-130
-2.9257412e-131
1.8425492e-131
-5.2688079e-10
3.1124462e-22
-2.8901562e-34
8.5392141e-46
3.3227047e-56
5.9301858e-67
3.8191273e-77
3.4717859e-85
-4.2453644e-94
2.5225978e-102
-1.7817055e-109
1.3730968e-116
-8.0467503e-124
4.6929701e-131
-2.2875586e-138
3.2411235e-139
2.8536157e-139
2.919073e-139
3.397452e-139
2.7356279e-139
3.4729493e-139
3.3037304e-139
3.3341951e-139
3.5097435e-139
3.5891524e-139
4.3061102e-139
5.8472035e-139
6.4084375e-139
6.1971697e-139
1.0935381e-138
1.1216957e-138
1.4157122e-138
2.1302533e-138
3.2506721e-138
6.1800313e-138
8.743815e-138
7.7452106e-138
5.4379098e-138
1.648849e-138
6.6841754e-139
-4.5212175e-10
2.1381399e-22
-1.5801357e-34
3.489919e-46
3.6572593e-56
5.5587291e-67
2.6423184e-77
2.7148349e-86
-2.8536781e-95
1.1911567e-103
-5.2988142e-111
4.126886e-118
-2.4163292e-125
1.2902796e-132
-7.0491877e-140
-1.4112046e-146
-1.5669819e-146
-1.575644e-146
-1.8388283e-146
-1.4612609e-146
-1.9313253e-146
-1.8046413e-146
-1.8240902e-146
-1.9520843e-146
-1.948797e-146
-2.4080693e-146
-3.1652273e-146
-3.5113338e-146
-3.4346878e-146
-5.9459737e-146
-6.3072275e-146
-7.9712563e-146
-1.2280865e-145
-1.9128624e-145
-3.7703683e-145
-4.9967632e-145
-3.9702384e-145
-2.5715773e-145
-1.2007161e-145
1.5264357e-146
-3.9650722e-10
1.5195428e-22
-9.0111595e-35
1.5189016e-46
-1.0648679e-56
-1.4121226e-67
-5.1314291e-78
-2.3157196e-87
2.2140611e-96
-6.838953e-105
1.9619796e-112
-1.6247558e-119
9.1226319e-127
-4.9730901e-134
2.6889245e-141
-1.4036926e-148
8.6954724e-154
8.1957529e-154
9.6292155e-154
7.6896377e-154
1.0192487e-153
9.3257638e-154
9.5418094e-154
1.020511e-153
1.0119116e-153
1.2721373e-153
1.6740202e-153
1.8278503e-153
1.8356169e-153
3.1946851e-153
3.3915982e-153
4.3282167e-153
6.767273e-153
1.0925871e-152
2.1400193e-152
2.7736369e-152
1.889097e-152
1.0943257e-152
1.1649438e-152
3.2258706e-154
-3.5411754e-10
1.1156653e-22
-5.361935e-35
7.0278477e-47
-1.4912401e-57
-1.7686447e-68
-5.0700394e-79
-1.3059611e-88
1.2112554e-97
-2.9019862e-106
5.4483747e-114
-4.2216e-121
2.4346548e-128
-1.2400745e-135
6.2542535e-143
-3.1050071e-150
1.5471817e-157
-4.1761844e-161
-4.7615285e-161
-3.8239671e-161
-4.9745798e-161
-4.676855e-161
-4.7194327e-161
-5.0793833e-161
-4.9669205e-161
-6.4767014e-161
-8.3141171e-161
-9.3888645e-161
-9.3632702e-161
-1.6628331e-160
-1.7439342e-160
-2.3073418e-160
-3.5941892e-160
-5.9618033e-160
-1.2021021e-159
-1.4214303e-159
-7.9685822e-160
-4.6002612e-160
-1.6379601e-159
7.6948908e-162
-3.2179209e-10
8.4740535e-23
-3.3401705e-35
3.4654832e-47
-3.8292824e-58
-4.1765528e-69
-9.7366437e-80
-1.6271403e-89
1.5981628e-98
-3.1039578e-107
4.0507814e-115
-2.6179877e-122
1.3635469e-129
-6.2699713e-137
2.8628389e-144
-1.3213538e-151
5.8230337e-159
-2.5795368e-166
2.1161867e-168
1.7391749e-168
2.2223607e-168
2.1184268e-168
2.0921495e-168
2.245698e-168
2.2089007e-168
2.837305e-168
3.7984146e-168
4.2182757e-168
4.3185076e-168
7.6886168e-168
8.2224794e-168
1.0849219e-167
1.7897212e-167
3.06964e-167
6.4094631e-167
6.6996867e-167
3.1752574e-167
1.8131557e-167
3.1028723e-166
2.3066385e-169
-2.9772879e-10
6.6765559e-23
-2.1885733e-35
1.8293724e-47
-1.2552753e-58
-1.3015161e-69
-2.5436601e-80
-2.9929468e-90
3.5761698e-99
-5.8814608e-108
5.4659893e-116
-2.5621081e-123
1.0934735e-130
-4.2086694e-138
1.597862e-145
-6.0872062e-153
2.2803192e-160
-8.4661041e-168
2.3409136e-175
-6.4452411e-176
-8.1846994e-176
-7.7916079e-176
-7.9200872e-176
-8.2712034e-176
-8.2815151e-176
-1.0766456e-175
-1.4231058e-175
-1.6341009e-175
-1.6634276e-175
-3.0500691e-175
-3.342607e-175
-4.4852258e-175
-7.6893343e-175
-1.3660696e-174
-2.9927832e-174
-2.8933585e-174
-1.1472375e-174
-6.8245807e-175
-9.5588209e-173
8.0376295e-177
-2.8077727e-10
5.4724089e-23
-1.5155289e-35
1.038908e-47
-4.8615694e-59
-4.9815986e-70
-8.4001404e-81
-7.3725584e-91
1.4484847e-99
-2.112321e-108
1.468905e-116
-4.7786826e-124
1.7234976e-131
-5.6173157e-139
1.7631091e-146
-5.5394127e-154
1.7401252e-161
-5.3752559e-169
1.6667908e-176
1.4772365e-183
2.5250316e-183
2.4061126e-183
2.4642939e-183
2.5438222e-183
2.606835e-183
3.3988072e-183
4.4617411e-183
5.2500488e-183
5.2870688e-183
1.0064175e-182
1.1121156e-182
1.543666e-182
2.721202e-182
5.0940506e-182
1.1683532e-181
1.0404179e-181
3.586917e-182
2.3309102e-182
8.8864035e-179
3.1677256e-184
-2.7013515e-10
4.679137e-23
-1.1140675e-35
6.3781462e-48
-2.1680355e-59
-2.2894648e-70
-3.409554e-81
-2.3245711e-91
1.2404702e-98
-1.6663507e-107
9.0211283e-116
-2.2351123e-123
6.944821e-131
-1.9931059e-138
5.693979e-146
-1.6311167e-153
4.5924672e-161
-1.2918861e-168
3.7000729e-176
-1.066955e-183
-4.2250754e-191
-6.8913671e-191
-7.0774498e-191
-7.4082776e-191
-7.4333368e-191
-9.8130109e-191
-1.2752532e-190
-1.5165558e-190
-1.5378023e-190
-2.8694229e-190
-3.2776719e-190
-4.4978591e-190
-8.0662545e-190
-1.583221e-189
-3.666779e-189
-3.1122825e-189
-9.8301242e-190
-1.3347626e-189
-6.6026184e-185
9.7075051e-192
-2.6517859e-10
4.1834772e-23
-8.7285908e-36
4.2524125e-48
-1.1029343e-59
-1.2492474e-70
-1.6667925e-81
-9.0623187e-92
-1.411505e-100
1.8054407e-109
-8.0562779e-118
1.7557474e-125
-6.1047267e-133
1.9533468e-140
-6.2978907e-148
2.0380978e-155
-6.6691168e-163
2.2112443e-170
-7.3401371e-178
2.4460725e-185
-8.2125986e-193
2.3312468e-198
2.362007e-198
2.4551475e-198
2.4319338e-198
3.2424772e-198
4.0087269e-198
4.8043458e-198
4.7636369e-198
8.9560324e-198
9.8006874e-198
1.3383583e-197
2.3282138e-197
4.6609125e-197
1.0130957e-196
8.1082851e-197
2.3701486e-197
-5.7240727e-196
1.6106098e-191
1.0003422e-198
-2.6528738e-10
3.9153404e-23
-7.3089706e-36
3.0895182e-48
-6.3715409e-60
-8.017606e-71
-9.6441276e-82
-4.2562477e-92
-2.8779036e-101
3.6196296e-110
-1.3855484e-118
3.2031513e-126
-1.91538e-133
1.0910426e-140
-6.083103e-148
3.3819543e-155
-2.0021037e-162
1.2144186e-169
-8.5140746e-177
1.7538778e-184
-1.5062523e-190
-4.7556085e-197
-2.2226918e-203
-1.5001854e-205
-1.4649759e-205
-1.888792e-205
-2.1403016e-205
-2.5144464e-205
-2.3300274e-205
-4.2348664e-205
-4.3422919e-205
-5.4177572e-205
-8.8579703e-205
-1.6223041e-204
-3.0569637e-204
-2.0802913e-204
-5.7862353e-205
3.5915208e-202
-1.2962878e-198
-1.0577292e-206
-2.6963626e-10
3.8294675e-23
-6.5396757e-36
2.4473261e-48
-4.1552294e-60
-6.053871e-71
-6.610316e-82
-2.4149669e-92
-9.7359117e-102
1.2526693e-110
-4.302684e-119
1.2503989e-126
8.0032857e-133
6.0971358e-139
4.1248797e-145
1.9486576e-151
7.674648e-158
3.8730242e-164
1.4957568e-170
4.802705e-177
1.8356833e-183
7.6869559e-190
3.5084244e-196
3.0021567e-202
1.6551797e-208
-2.9361361e-211
-5.5271941e-210
3.2972715e-211
1.2461049e-211
1.3090319e-211
7.8154916e-212
7.412516e-212
8.5647812e-212
1.1606035e-211
1.4567757e-211
7.0695289e-212
1.7193406e-212
-5.7468882e-209
5.8480874e-206
1.6291176e-213
-2.7699952e-10
3.8910348e-23
-6.220299e-36
2.103996e-48
-3.025637e-60
-5.6083056e-71
-5.6837849e-82
-1.7777393e-92
-4.9499943e-102
7.0320623e-111
-2.2633831e-119
7.9351785e-127
4.9019931e-134
3.1883735e-141
2.3023892e-148
1.7723927e-155
1.3607151e-162
1.0567989e-169
1.0586215e-176
1.1734648e-183
2.7814409e-190
8.939787e-197
4.1644375e-203
3.2196053e-209
1.9309787e-215
-2.7515463e-218
-1.7845393e-216
2.8198004e-218
1.2043916e-218
1.2763454e-218
7.4120868e-219
8.4595997e-219
1.0447455e-218
2.2671927e-218
-1.2541291e-217
-5.5834591e-219
-8.8332649e-220
5.2328418e-216
-1.9956033e-213
-1.1260255e-221
-2.8568271e-10
4.0627687e-23
-6.2183668e-36
1.9406954e-48
-2.4163921e-60
-7.8346235e-71
-7.7630997e-82
-2.2010559e-92
-4.7155134e-102
8.666103e-111
-2.7407843e-119
7.0076419e-127
9.8263027e-134
1.8391874e-140
9.1245387e-147
-1.1099706e-151
6.6050369e-158
-2.1527757e-164
5.7671712e-171
-1.1173321e-177
2.0101771e-184
-4.0137364e-191
6.8193672e-198
-1.1391384e-204
2.0397124e-211
-4.8047153e-218
6.1266486e-223
-2.5422427e-224
3.3778933e-224
6.3678268e-225
1.7380222e-225
1.0442548e-225
9.1499407e-226
1.6262371e-225
-9.7019554e-225
-1.503696e-225
8.0340573e-227
-2.3828987e-223
6.5457205e-221
1.5575993e-228
-2.9373933e-10
4.2945465e-23
-6.4207828e-36
1.8848605e-48
-2.0664515e-60
3.3105082e-70
3.5231487e-81
9.8687041e-92
1.800342e-101
-6.7490632e-110
2.2874899e-118
-2.9004036e-126
7.3615153e-134
-1.7371537e-141
3.6369795e-149
-6.9905207e-157
1.1679488e-164
1.7367809e-172
-1.0241861e-178
2.0483037e-185
-3.6935319e-192
7.2035257e-199
-1.2539321e-205
2.1354368e-212
-3.9682904e-219
9.4120531e-226
-1.3582008e-230
5.9412527e-232
-7.0902244e-232
-1.6053791e-232
-4.722798e-233
-4.0856024e-233
-5.567433e-233
-3.310754e-232
-3.2126628e-231
-7.0638863e-231
-3.9024481e-234
5.2795099e-231
-2.9369802e-228
-3.6428927e-236
-2.9951065e-10
4.5217136e-23
-6.7045097e-36
1.8814515e-48
-1.8414257e-60
3.063916e-71
4.0855777e-82
1.2739141e-92
2.1971952e-102
1.6374244e-110
-6.9680778e-119
4.8217211e-127
-3.855e-135
2.9976128e-143
-2.2280316e-151
1.6055066e-159
-1.1307162e-167
7.8239897e-176
-5.3478406e-184
3.4771066e-192
1.4614045e-201
-4.8909472e-207
8.8853501e-214
-1.5205247e-220
2.8649858e-227
-6.8731997e-234
1.0016742e-238
-4.5201402e-240
5.6326634e-240
1.3506852e-240
4.455106e-241
4.1332692e-241
6.7054541e-241
5.2536293e-240
7.3713453e-239
1.8510832e-238
6.3395535e-242
-7.6430845e-239
9.8435104e-235
2.4753259e-242
-3.0224155e-10
4.6802534e-23
-6.9369857e-36
1.8819647e-48
-1.666195e-60
1.3138698e-71
2.8759956e-82
1.1669138e-92
2.0972922e-102
3.308675e-111
-2.6339238e-119
1.1954733e-127
-5.1364754e-136
2.1866222e-144
-9.1946144e-153
3.8104419e-161
-1.5610557e-169
6.3567661e-178
-2.5746048e-186
1.0423358e-194
-4.2225659e-203
1.7110134e-211
-7.0177752e-220
3.5048136e-228
-1.3314888e-235
2.938813e-242
-4.2781167e-247
1.9635042e-248
-2.5202094e-248
-6.2462498e-249
-2.1745908e-249
-2.1205248e-249
-3.6593045e-249
-3.4091658e-248
-5.792599e-247
-1.6215387e-246
-4.904525e-250
1.1482035e-245
4.1695421e-242
1.766222e-249
-3.0233138e-10
4.7352274e-23
-7.0136331e-36
1.8486614e-48
-1.5017735e-60
7.7286315e-72
5.5657967e-82
3.4795578e-92
6.7933065e-102
5.7172569e-111
2.2264234e-118
-7.9783909e-127
2.440864e-135
-7.518554e-144
2.3288327e-152
-7.1895022e-161
2.2209187e-169
-6.8561743e-178
2.1179541e-186
-6.5615539e-195
2.0379427e-203
-6.3613839e-212
1.9909335e-220
-6.2617283e-229
1.9816265e-237
-6.2927259e-246
2.1560329e-254
-6.3536709e-257
8.258678e-257
2.0757815e-257
7.4290327e-258
7.4051004e-258
1.3150392e-257
1.3454048e-256
2.5383422e-255
7.7337332e-255
2.4241379e-258
2.0551732e-253
8.1264958e-250
7.3654494e-257
-3.0100812e-10
4.6992723e-23
-6.9066271e-36
1.7665111e-48
-1.336802e-60
5.4490194e-72
-7.2046162e-82
-6.5751917e-92
-1.2329098e-101
-6.9948232e-111
-3.772782e-119
1.2627714e-127
-3.4116589e-136
9.4566917e-145
-2.675713e-153
7.674802e-162
-2.2184688e-170
6.4535777e-179
-1.8940042e-187
5.594232e-196
-1.6596194e-204
4.9486638e-213
-1.4827652e-221
4.4380445e-230
-1.3322573e-238
4.0047381e-247
-1.2016899e-255
3.7984449e-264
-2.4781894e-265
-6.2104865e-266
-2.2293964e-266
-2.2154258e-266
-3.9256569e-266
-4.1802267e-265
-8.2402962e-264
-2.6839213e-263
-9.8422182e-267
4.3234502e-261
1.0577289e-257
2.8278946e-264
-2.9969136e-10
4.6213538e-23
-6.675488e-36
1.6479254e-48
-1.1785064e-60
4.4584769e-72
-8.3188516e-82
-5.4573352e-92
-7.3453943e-102
-3.0972428e-111
-1.0401457e-119
3.8067913e-128
-1.1286004e-136
3.5444861e-145
-1.1703845e-153
3.9614524e-162
-1.3718905e-170
4.8314564e-179
-1.7265103e-187
6.252809e-196
-2.2849293e-204
8.4041866e-213
-3.0993536e-221
1.1440794e-229
-4.1953107e-238
1.5313454e-246
-5.5337984e-255
1.9645935e-263
-7.1102726e-272
2.1252134e-274
7.4656745e-275
7.1864475e-275
1.222064e-274
1.2891985e-273
2.5195053e-272
8.6806092e-272
4.1186925e-275
1.3723899e-268
1.1297287e-265
1.2453675e-271
-2.9946555e-10
4.5569182e-23
-6.4260431e-36
1.5224085e-48
-1.0406745e-60
4.2426052e-72
1.5200379e-82
4.6254849e-93
3.6954991e-103
1.1968094e-112
3.8715927e-121
-1.7916085e-129
7.8395712e-138
-4.0453848e-146
2.3195728e-154
-1.4149881e-162
9.0553409e-171
-6.058889e-179
4.2119232e-187
-2.9815736e-195
2.2313653e-203
-1.4776925e-211
1.4833085e-219
-1.2929853e-228
2.5684191e-235
5.235281e-243
2.0392788e-250
9.583589e-258
8.7211509e-265
-1.0474999e-270
6.0805232e-278
-3.5721019e-283
-5.4730729e-283
-5.2994021e-282
-9.6407627e-281
-3.4932053e-280
-2.6080127e-283
-3.1577073e-276
1.1390318e-273
7.2927481e-279
-3.0086034e-10
4.5452549e-23
-6.2570671e-36
1.4198639e-48
-9.3417712e-61
4.7633583e-72
5.3685371e-83
8.4576271e-94
4.0533478e-104
1.0116939e-113
4.8807495e-122
-3.079989e-130
4.4745914e-138
-3.0587552e-145
-5.3793705e-152
-3.3668981e-159
-1.4346626e-166
-4.6962597e-174
-1.3327561e-181
-3.4186804e-189
-8.1356567e-197
-1.9168073e-204
-4.5468597e-212
-1.1200243e-219
-2.974882e-227
-8.7850481e-235
-3.1661773e-242
-1.5413357e-249
-1.449689e-256
1.8145366e-262
-1.1553253e-269
3.362948e-277
-5.7578128e-285
6.0449775e-290
8.3334189e-289
3.1771768e-288
1.6749671e-290
-1.6540897e-285
1.2002835e-281
7.4962562e-286
-3.0387493e-10
4.603257e-23
-6.2321306e-36
1.3604278e-48
-8.6381369e-61
6.3136428e-72
3.8946046e-83
3.8441466e-94
1.2241626e-104
2.3751555e-114
7.6880947e-122
-6.2804526e-130
-6.1972403e-138
-3.4969742e-146
-1.7864208e-154
-8.8020593e-163
-4.2144319e-171
-1.9791226e-179
-9.230633e-188
-4.3789386e-196
-2.3557539e-204
-1.939571e-212
-2.9445109e-220
-6.4809263e-228
-1.6765962e-235
-4.929682e-243
-1.7624468e-250
-8.5494253e-258
-7.9192112e-265
9.8227989e-271
-6.202802e-278
1.7761912e-285
-2.9866677e-293
5.7473751e-298
1.1132481e-296
4.4419779e-296
1.2258662e-298
4.2430966e-293
1.4954278e-289
2.1392598e-292
-3.0812253e-10
4.728772e-23
-6.3779929e-36
1.3537243e-48
-8.2983499e-61
9.0254991e-72
3.9814471e-83
2.911582e-94
6.9611377e-105
1.0851823e-114
-8.0882749e-123
7.1501804e-131
2.974715e-139
8.8368904e-148
2.5236728e-156
7.1577555e-165
2.0191912e-173
5.6686105e-182
1.5834482e-190
4.4178998e-199
1.2335108e-207
3.4471901e-216
9.6430505e-225
2.7084986e-233
7.5956861e-242
2.0142624e-250
7.2007391e-260
-2.449233e-266
-2.3890554e-273
2.9140779e-279
-1.7961895e-286
4.9925342e-294
-8.1172811e-302
2.0058609e-306
4.2684727e-305
1.8060708e-304
4.8300301e-307
5.6073372e-301
2.4746226e-297
-9.8657919e-299
-3.1300916e-10
4.9060751e-23
-6.6923511e-36
1.4022878e-48
-8.3051149e-61
1.0258143e-71
3.8997993e-83
2.4371198e-94
4.9295814e-105
6.5437755e-115
-3.1329398e-123
2.6076962e-131
8.1403048e-140
1.8901271e-148
4.3084853e-157
9.8813937e-166
2.276363e-174
5.2573067e-183
1.2173258e-191
2.8234501e-200
6.5703632e-209
1.5322939e-217
3.5717108e-226
8.3460939e-235
1.9514293e-243
4.57665e-252
1.0716128e-260
2.5129174e-269
5.8938184e-278
1.4522199e-286
-8.0718237e-296
1.1553506e-302
-1.6501717e-310
9.5258786e-314
1.6968459e-313
5.2735178e-313
-7.268306e-314
8.4588394e-309
6.561463e-305
1.5384763e-305
-3.1790857e-10
5.1112067e-23
-7.1494487e-36
1.5041506e-48
-8.6362732e-61
7.7612828e-72
2.9728063e-83
1.8001967e-94
3.4444093e-105
4.1920031e-115
-2.5835525e-123
2.0443865e-131
6.1117762e-140
1.3627218e-148
3.0114472e-157
6.7534832e-166
1.5304278e-174
3.5009504e-183
8.0755644e-192
1.8740127e-200
4.3644648e-209
1.0190413e-217
2.3831673e-226
5.5746385e-235
1.3024182e-243
3.0325985e-252
7.0225001e-261
1.6177248e-269
3.6902316e-278
8.3468996e-287
1.8622969e-295
4.0405717e-304
3.9319346e-313
4.3683683e-314
-5.2811591e-314
7.9675793e-315
-7.236814e-314
-4.9197344e-314
4.2441235e-312
-3.7055343e-312
-3.2230421e-10
5.3176331e-23
-7.7028757e-36
1.6530746e-48
-9.265701e-61
5.2385681e-72
2.3519106e-83
1.5487071e-94
3.1095576e-105
3.7646009e-115
-1.7570214e-122
1.4627927e-130
4.9687755e-139
1.2439255e-147
3.0966472e-156
7.893021e-165
2.047377e-173
5.3840831e-182
1.4291104e-190
3.8311318e-199
1.0334524e-207
2.795261e-216
7.5841253e-225
2.0492296e-233
5.5299634e-242
1.4818171e-250
3.9319357e-259
1.0302751e-267
2.5813575e-276
-5.116032e-284
-1.6777118e-290
-2.3992702e-297
-2.4055857e-304
-1.7012434e-311
-5.6648764e-314
4.0370191e-314
-7.7518381e-314
1.6545801e-313
8.5172477e-312
-8.8083897e-313
-3.2587519e-10
5.5022315e-23
-8.2905708e-36
1.8374472e-48
-1.015511e-60
3.8697044e-72
2.42653e-83
1.9422009e-94
4.5107388e-105
5.900135e-115
3.9710869e-123
-3.8801676e-131
-1.7510624e-139
-5.6411786e-148
-1.8206787e-156
-6.0299124e-165
-2.0488602e-173
-7.0916451e-182
-2.492406e-190
-8.8626083e-199
-3.1757779e-207
-1.1448157e-215
-4.1360057e-224
-1.4868042e-232
-5.3004899e-241
-1.8312089e-249
-2.8491658e-257
1.0845097e-263
-2.8233351e-269
-2.1118847e-275
-6.2565209e-282
-9.177221e-289
-9.4620516e-296
-6.8455407e-303
-3.8987193e-310
-3.7641825e-314
7.2688325e-314
1.8251424e-313
-8.9377346e-314
4.0450233e-313
-3.2851313e-10
5.6501027e-23
-8.8461524e-36
2.0399132e-48
-1.1244078e-60
3.2126031e-72
3.7095956e-83
4.0532576e-94
1.1956592e-104
1.8327671e-114
6.4188942e-123
-8.0884222e-131
-5.8160945e-139
-2.8228169e-147
-1.3647503e-155
-6.8617253e-164
-3.5583882e-172
-1.8909475e-180
-1.0250212e-188
-5.6349603e-197
-3.1328858e-205
-1.7592082e-213
-8.61598e-222
-1.4605799e-229
-9.5593341e-237
9.5404752e-243
-5.5246143e-249
2.7954739e-255
-7.5627879e-261
-5.8010379e-267
-1.7751514e-273
-2.6987827e-280
-2.8933468e-287
-2.1734289e-294
-1.1557089e-301
-1.6176564e-307
-2.813065e-313
-1.8373757e-314
-1.0353795e-313
3.0346844e-313
-3.3028247e-10
5.7564306e-23
-9.315162e-36
2.2395982e-48
-1.2446586e-60
2.9277538e-72
1.6508683e-82
2.8274966e-93
1.1637006e-103
2.2630732e-113
6.3607805e-122
-1.1149162e-129
-1.6553736e-137
-1.4733635e-145
-1.297885e-153
-1.2083183e-161
-1.1719741e-169
-1.1674743e-177
-1.179588e-185
-1.7307389e-193
6.5332058e-201
-1.5326111e-207
2.2333296e-214
-2.1841616e-221
-1.1529073e-230
1.2126003e-234
-8.2151777e-241
4.2702642e-247
-1.2405554e-252
-9.911687e-259
-3.1509593e-265
-5.043448e-272
-5.7125873e-279
-4.4827002e-286
-2.0617474e-293
-3.0619834e-299
-1.6006988e-305
2.2407284e-313
-2.2719102e-313
-2.7755838e-313
-3.3135111e-10
5.8249205e-23
-9.6686876e-36
2.417014e-48
-1.3659825e-60
2.8458351e-72
-7.3952779e-83
-2.4538836e-93
-1.5612861e-103
-4.1651635e-113
-1.1672709e-121
2.9316108e-129
1.9632065e-136
4.6333439e-144
1.0601195e-151
1.7309025e-159
4.8273998e-166
-1.223168e-172
2.4417515e-179
-4.6133098e-186
7.88979e-193
-1.5301974e-199
2.3936852e-206
-3.0021663e-213
3.0217547e-220
2.0469799e-227
-4.2250402e-233
2.3707917e-239
-8.5473098e-245
-7.1008272e-251
-2.4063999e-257
-4.201715e-264
-5.1187629e-271
-4.2240161e-278
-9.4504721e-286
-2.7531283e-291
-6.9071592e-298
-3.9597751e-306
2.8150511e-313
-2.2251262e-313
-3.3191941e-10
5.8641263e-23
-9.9066546e-36
2.5593545e-48
-1.4784481e-60
2.879101e-72
-3.6479105e-83
-4.1585653e-93
-4.6641982e-103
-1.8503135e-112
-5.9740979e-121
2.2720655e-128
-1.4245854e-135
1.01556e-141
3.783563e-146
-3.641377e-152
1.5356987e-158
-4.3919105e-165
8.5280724e-172
-1.6618228e-178
2.8991462e-185
-5.7743807e-192
1.0466827e-198
-1.8042255e-205
3.781658e-212
-8.6390212e-219
2.3755339e-225
-1.1821159e-231
1.7875132e-237
1.5805048e-243
4.8521479e-250
7.8130877e-257
8.7273733e-264
9.1658627e-271
2.6904372e-277
-1.8292587e-284
5.0733238e-292
-1.2937621e-299
6.8238922e-307
-1.0268587e-313
-3.3217217e-10
5.8837382e-23
-1.0050118e-35
2.6631423e-48
-1.5747703e-60
2.9754488e-72
-2.8426082e-83
4.9142087e-93
1.2192653e-102
7.8822415e-112
3.2755785e-120
-1.9861027e-127
7.0827243e-135
-3.253514e-142
1.5380226e-149
-7.4554486e-157
3.4395493e-164
-1.4259445e-171
2.6680937e-179
6.6201673e-186
-1.6469836e-192
3.3475921e-199
-6.3711485e-206
1.1464514e-212
-2.2896305e-219
5.136575e-226
-1.3650796e-232
6.4792699e-239
-9.0798362e-245
-7.6608442e-251
-2.1871936e-257
-3.2394055e-264
-3.1202024e-271
-3.2331401e-278
-1.000749e-284
7.9057163e-292
-2.8233909e-299
1.0915021e-306
-2.2961362e-312
-3.5911952e-313
-3.3225171e-10
5.8920423e-23
-1.0128465e-35
2.7329101e-48
-1.6516894e-60
3.0999077e-72
-2.6042572e-83
1.7610972e-93
2.1757286e-102
2.5898832e-111
1.5250439e-119
-1.5310405e-126
5.3248418e-134
-2.0043224e-141
7.9756283e-149
-3.1220994e-156
1.2390618e-163
-5.040131e-171
2.0133162e-178
-8.149284e-186
3.2849434e-193
-1.3295542e-200
5.3672261e-208
-2.2036205e-215
8.8145153e-223
-3.6332942e-230
1.4701867e-237
-6.3548833e-245
6.274566e-252
2.7807507e-258
7.0257695e-265
6.5092698e-271
-1.263553e-276
2.0552447e-282
-8.2818677e-289
1.4013119e-295
-1.1712406e-302
1.0332737e-309
5.4359189e-313
2.7550776e-314
-3.3225301e-10
5.8948906e-23
-1.0168778e-35
2.777386e-48
-1.7098499e-60
3.2282492e-72
-2.5660134e-83
1.2918195e-93
-1.1084969e-102
-3.0654021e-111
-2.7986626e-119
5.3415345e-126
-2.3513736e-133
1.0243811e-140
-4.7048124e-148
2.1877909e-155
-1.0227562e-162
4.7209833e-170
-2.2329302e-177
1.0537039e-184
-5.0878668e-192
2.4650392e-199
-1.1835991e-206
5.598514e-214
-2.6743067e-221
1.280795e-228
-6.0237702e-236
3.9034688e-243
-3.1565567e-248
9.0524494e-254
6.4467293e-259
-5.3313085e-264
1.1778181e-269
-1.9330075e-275
8.4087191e-282
-1.7124883e-288
1.6856635e-295
-1.4852288e-302
3.0837484e-309
-7.1033698e-313
-3.3223044e-10
5.8957596e-23
-1.0190603e-35
2.8056444e-48
-1.752483e-60
3.3453466e-72
-2.6084358e-83
1.1598342e-93
-5.0251939e-103
-8.8733659e-111
-1.403344e-118
7.7351865e-125
-4.7414302e-132
2.7299823e-139
-1.6191462e-146
9.9812629e-154
-6.2173581e-161
3.9520933e-168
-2.5836476e-175
1.6697247e-182
-1.1167883e-189
7.1431705e-197
-4.7295943e-204
3.1092472e-211
-2.0221704e-218
1.5518723e-225
-1.6207858e-231
-4.0862824e-237
1.505925e-241
-4.5087362e-247
-3.259237e-252
2.956115e-257
-6.2435012e-263
1.075674e-268
-4.8995495e-275
1.1278447e-281
-1.2429557e-288
1.0956933e-295
-1.742478e-302
5.8608398e-309
-3.3220978e-10
5.8963428e-23
-1.0205405e-35
2.8248002e-48
-1.783734e-60
3.4441688e-72
-2.6773764e-83
1.1266397e-93
-3.8188837e-103
2.8583908e-111
9.4419465e-119
-6.9737721e-125
6.3692028e-132
-5.4624276e-139
4.8793531e-146
-4.3588158e-153
3.8561644e-160
-3.6664603e-167
3.4000544e-174
-3.1657953e-181
3.0883744e-188
-2.9180153e-195
2.8822661e-202
-2.7018838e-209
2.5786541e-216
-2.400001e-223
2.1731079e-230
-1.9720685e-237
1.6901652e-244
-1.0734415e-250
-2.4350595e-256
3.1360349e-262
-4.1643437e-268
8.6757642e-273
-7.4647167e-279
2.5831902e-285
-2.7499822e-292
2.1584638e-299
-3.2640791e-306
1.9428281e-312
-3.3219925e-10
5.8972244e-23
-1.0218465e-35
2.8393651e-48
-1.8073662e-60
3.5238653e-72
-2.7462979e-83
1.1259791e-93
-3.3931996e-103
1.3467355e-111
1.7853332e-118
-1.9370389e-124
2.8389196e-131
-3.4243326e-138
4.4103991e-145
-5.5408852e-152
7.1889503e-159
-9.4240461e-166
1.2266529e-172
-1.5635073e-179
2.2154427e-186
-2.758655e-193
3.7203802e-200
-4.6504691e-207
6.3744944e-214
-8.2819192e-221
1.0562321e-227
-1.2733968e-234
1.7250756e-241
1.5214806e-248
-1.2990477e-252
-1.3845035e-258
-1.7471065e-264
-4.0873704e-270
-1.3185732e-277
1.3534743e-283
-1.1405038e-290
7.3867015e-298
-9.0719086e-305
1.9930432e-311
-3.321988e-10
5.8984446e-23
-1.0231378e-35
2.8516721e-48
-1.8261401e-60
3.587147e-72
-2.8044067e-83
1.1329961e-93
-3.1889487e-103
9.6494265e-112
-1.0667779e-118
5.9663967e-125
-9.3969841e-132
1.4529041e-138
-2.3052859e-145
3.850214e-152
-5.8394648e-159
8.5911321e-166
-1.3187607e-172
2.122077e-179
-3.1154737e-186
5.0363637e-193
-8.189008e-200
1.3055551e-206
-2.0417002e-213
2.2839414e-220
2.2426476e-226
-5.8668067e-231
2.4244269e-236
1.5258208e-242
6.7439328e-247
-1.6572876e-252
1.8263378e-258
-1.3453858e-264
7.8874373e-271
-1.4094432e-277
1.0176613e-284
-5.9896372e-292
6.8579096e-299
-1.6506585e-305
-3.3220508e-10
5.8998473e-23
-1.0244049e-35
2.8626491e-48
-1.8417678e-60
3.6378668e-72
-2.8499162e-83
1.1387636e-93
-3.0592346e-103
7.9336991e-112
-3.5914495e-119
1.1797171e-125
-2.1937734e-132
3.6301227e-139
-6.1546047e-146
1.029895e-152
-2.0474237e-159
3.5122185e-166
-6.2051072e-173
1.0723864e-179
-1.7706275e-186
3.2234401e-193
-5.0755969e-200
8.9803599e-207
-1.4081673e-213
2.3548597e-220
-3.8739887e-227
6.2977092e-234
-7.0020024e-241
-3.3520836e-247
-1.7731562e-252
5.2844173e-258
-9.583018e-264
9.5975109e-270
-5.2745523e-276
9.6838173e-283
-6.7665734e-290
3.9764496e-297
-4.6192533e-304
1.2324552e-310
-3.3221529e-10
5.9012753e-23
-1.025595e-35
2.8725276e-48
-1.8551736e-60
3.6794512e-72
-2.8850163e-83
1.1415836e-93
-2.9571985e-103
6.891398e-112
-2.1577302e-119
4.9888362e-126
-9.2713144e-133
1.6083044e-139
-2.7521625e-146
4.8431958e-153
-8.288148e-160
1.4502227e-166
-2.5127109e-173
4.827249e-180
-8.4837959e-187
1.4020353e-193
-2.4604709e-200
4.3531564e-207
-7.4050832e-214
1.2866194e-220
-2.2715745e-227
3.9412321e-234
-7.5756003e-241
1.3364961e-247
-2.2996906e-254
3.9160739e-261
-1.1501633e-267
5.1955751e-274
-2.1030023e-280
3.4372289e-287
-2.4011962e-294
1.3815537e-301
-1.5430474e-308
4.3267396e-313
-3.3222674e-10
5.9026173e-23
-1.026665e-35
2.8812973e-48
-1.866804e-60
3.7143853e-72
-2.9127921e-83
1.1422632e-93
-2.8709556e-103
6.1612457e-112
-1.5609289e-119
2.5572254e-126
-4.4218534e-133
7.4651524e-140
-1.2762254e-146
2.1371603e-153
-4.0191931e-160
7.2577893e-167
-1.1743883e-173
1.9680069e-180
-3.2338792e-187
5.3066842e-194
-8.618359e-201
1.471983e-207
-2.4412976e-214
4.2290569e-221
-7.0419229e-228
1.2015985e-234
-1.9998987e-241
2.9793434e-248
-3.9321468e-255
-1.1575319e-262
9.0152877e-268
-6.8880444e-274
2.3126547e-280
-3.2858715e-287
2.1104321e-294
-1.206982e-301
1.3345201e-308
1.2394283e-312
-3.3223822e-10
5.9038275e-23
-1.0275996e-35
2.888947e-48
-1.8768904e-60
3.7442406e-72
-2.9357019e-83
1.1420508e-93
-2.7983251e-103
5.6352136e-112
-1.2366438e-119
1.822253e-126
-3.0415782e-133
4.9024504e-140
-7.7773353e-147
1.3284378e-153
-2.4342212e-160
4.4723794e-167
-8.1869505e-174
1.3466168e-180
-2.2501391e-187
4.175655e-194
-6.7370687e-201
1.10795e-207
-1.8001266e-214
3.3548197e-221
-5.550402e-228
1.0911881e-234
-1.8243981e-241
2.9962812e-248
-5.0742846e-255
7.6983189e-262
-1.1383519e-268
1.5004153e-275
-2.0712511e-282
1.966007e-289
-1.1020321e-296
5.9501778e-304
-6.3284877e-311
-5.9483575e-314
-3.3224933e-10
5.904898e-23
-1.0284036e-35
2.8955319e-48
-1.8855969e-60
3.7699803e-72
-2.9552947e-83
1.141842e-93
-2.739276e-103
5.245748e-112
-1.0314285e-119
1.2929861e-126
-2.369693e-133
4.1383102e-140
-6.5072434e-147
1.0576745e-153
-1.8663971e-160
3.1572072e-167
-5.471116e-174
8.7745276e-181
-1.6052427e-187
2.5938077e-194
-4.4101521e-201
6.8615503e-208
-1.1107927e-214
1.8357421e-221
-2.7114816e-228
4.3740848e-235
-6.9999592e-242
1.2607712e-248
-1.9660222e-255
3.147522e-262
-4.0210831e-269
3.1857658e-276
7.6117525e-284
-3.3080184e-290
2.362057e-297
-1.3867686e-304
1.9213272e-311
-3.7597268e-312
-3.322597e-10
5.905841e-23
-1.0290926e-35
2.9011618e-48
-1.8930777e-60
3.7922238e-72
-2.9723929e-83
1.1419709e-93
-2.6923761e-103
4.9489735e-112
-8.8382769e-120
1.0707005e-126
-1.7834653e-133
3.0770825e-140
-5.1616153e-147
8.2802333e-154
-1.3157143e-160
2.2336404e-167
-3.9341452e-174
6.6854757e-181
-1.1640089e-187
1.9657192e-194
-3.3034923e-201
5.348913e-208
-9.5684968e-215
1.5668064e-221
-2.4357384e-228
3.8401472e-235
-7.1766881e-242
1.2780535e-248
-2.2373916e-255
4.4369328e-262
-1.3723874e-268
4.9128277e-275
-1.5227916e-281
1.9105681e-288
-1.150013e-295
6.4911074e-303
-7.7259019e-310
1.6025636e-312
-3.3226942e-10
5.9066742e-23
-1.0296848e-35
2.9059723e-48
-1.8994902e-60
3.8114345e-72
-2.9874377e-83
1.1424709e-93
-2.6551726e-103
4.7156978e-112
-7.9694942e-120
9.3069219e-127
-1.6312528e-133
2.7807893e-140
-4.3759432e-147
7.891796e-154
-1.3111194e-160
2.0065264e-167
-3.823628e-174
6.7290333e-181
-1.286252e-187
2.2656196e-194
-4.1182384e-201
7.6705921e-208
-1.3397333e-214
2.4137718e-221
-4.383066e-228
7.4948322e-235
-1.3101035e-241
2.2446729e-248
-3.6106875e-255
5.9937629e-262
-6.399372e-269
-1.5545279e-275
8.050418e-282
-1.1112139e-288
7.1819786e-296
-4.1140696e-303
4.939949e-310
-2.6142665e-312
-3.3227868e-10
5.9074185e-23
-1.0301976e-35
2.9100968e-48
-1.904993e-60
3.8280261e-72
-3.0006564e-83
1.1432951e-93
-2.6262681e-103
4.5457707e-112
-7.2277353e-120
7.90096e-127
-1.3775575e-133
2.7654701e-140
-5.3121624e-147
9.4534957e-154
-1.5593336e-160
2.7541801e-167
-5.0327659e-174
9.9959735e-181
-1.8897294e-187
3.6561916e-194
-6.8259347e-201
1.3092545e-207
-2.4889992e-214
4.4647687e-221
-8.7843932e-228
1.5276078e-234
-2.7671579e-241
4.7335432e-248
-8.7369738e-255
1.7033206e-261
-2.7019459e-268
3.1441227e-275
-2.530298e-282
1.2769897e-289
-4.8571273e-297
1.9859647e-304
-1.5494717e-311
1.5187779e-312
-3.3228725e-10
5.9080828e-23
-1.0306434e-35
2.9136468e-48
-1.9097238e-60
3.8423541e-72
-3.0122211e-83
1.1441748e-93
-2.6031357e-103
4.4084111e-112
-6.7245706e-120
6.729706e-127
-1.2018732e-133
2.3297506e-140
-4.638437e-147
8.6577486e-154
-1.5521465e-160
2.5964547e-167
-4.5535584e-174
8.2298218e-181
-1.451688e-187
2.6704872e-194
-5.1313881e-201
9.5193169e-208
-1.8187896e-214
3.5981386e-221
-6.3642277e-228
1.1839127e-234
-2.4432026e-241
4.4341269e-248
-7.7495398e-255
1.3551708e-261
-2.2348603e-268
3.8402005e-275
-6.3481253e-282
6.4448347e-289
-3.7155213e-296
2.0198913e-303
-2.2580384e-310
2.8886892e-312
-3.3229536e-10
5.9086815e-23
-1.0310336e-35
2.9167178e-48
-1.9138049e-60
3.8547462e-72
-3.0223148e-83
1.1451277e-93
-2.584694e-103
4.2947138e-112
-6.3595082e-120
5.9655029e-127
-1.3043209e-133
2.3417498e-140
-4.3523711e-147
7.880264e-154
-1.653643e-160
3.1914936e-167
-6.7009952e-174
1.3776814e-180
-2.730849e-187
5.1105596e-194
-1.0840653e-200
2.0215789e-207
-3.9158342e-214
8.0358656e-221
-1.5745756e-227
3.0815303e-234
-6.1035872e-241
1.1260989e-247
-2.0581886e-254
3.537797e-261
-6.1850497e-268
1.236415e-274
-2.6808024e-281
3.1373507e-288
-1.8749708e-295
1.0544317e-302
-1.1748368e-309
4.8326337e-312
-3.3230325e-10
5.9092276e-23
-1.0313772e-35
2.9193882e-48
-1.9173388e-60
3.8654745e-72
-3.0311334e-83
1.1460751e-93
-2.5691897e-103
4.2085317e-112
-6.076303e-120
5.9725942e-127
-1.0955602e-133
2.0201929e-140
-4.2561375e-147
8.2509137e-154
-1.6140944e-160
2.9162083e-167
-5.6373932e-174
1.1405012e-180
-2.4194736e-187
4.5077567e-194
-8.7604968e-201
1.7814832e-207
-3.5915263e-214
6.9757083e-221
-1.3564286e-227
2.7958532e-234
-5.9453559e-241
1.2437043e-247
-2.7817451e-254
5.1288019e-261
-8.7903799e-268
1.115623e-274
-8.628843e-282
3.9166472e-289
-1.3401428e-296
4.8530288e-304
-3.3851467e-311
2.5032548e-312
-3.3231071e-10
5.9097243e-23
-1.0316805e-35
2.9217152e-48
-1.9204066e-60
3.8747963e-72
-3.0388301e-83
1.1469823e-93
-2.5573808e-103
4.1350893e-112
-5.816048e-120
5.6860038e-127
-1.1485726e-133
2.4316616e-140
-4.7986638e-147
8.7427375e-154
-1.9834542e-160
4.1398305e-167
-7.6643173e-174
1.5384546e-180
-3.0573413e-187
6.2743593e-194
-1.1670237e-200
2.5080864e-207
-4.8336025e-214
1.0563442e-220
-2.1395894e-227
4.6070068e-234
-9.728349e-241
1.9588782e-247
-4.4639763e-254
8.5289279e-261
-1.4652191e-267
1.6253344e-274
-4.9279669e-282
-5.8138267e-289
5.2272171e-296
-3.3346997e-303
4.27876e-310
-7.0852591e-313
-3.3231775e-10
5.9101761e-23
-1.0319485e-35
2.9237472e-48
-1.9230752e-60
3.8828999e-72
-3.0455563e-83
1.1477972e-93
-2.5472658e-103
4.0712784e-112
-5.651947e-120
5.2658832e-127
-1.0814091e-133
2.342756e-140
-5.3528197e-147
1.048745e-153
-1.9666018e-160
4.991634e-167
-1.119082e-173
2.3074481e-180
-4.9542767e-187
9.8512273e-194
-2.0734012e-200
5.1165788e-207
-1.0552577e-213
2.1521698e-220
-4.6843973e-227
1.0086936e-233
-2.0626287e-240
4.7508121e-247
-9.1171812e-254
1.7283301e-260
-2.8809832e-267
4.1035606e-274
-3.3944114e-281
1.6358125e-288
-5.6449453e-296
2.1381548e-303
-1.6302117e-310
-1.3738926e-312
-3.3232472e-10
5.9105962e-23
-1.0321874e-35
2.9255295e-48
-1.9254025e-60
3.889963e-72
-3.0514481e-83
1.1485631e-93
-2.5384981e-103
4.0219168e-112
-5.4498894e-120
5.275148e-127
-1.1605212e-133
2.413677e-140
-5.495235e-147
1.1543324e-153
-2.6344897e-160
5.542792e-167
-1.3608832e-173
3.0608281e-180
-6.5754583e-187
1.6904194e-193
-3.639812e-200
7.803891e-207
-1.8911403e-213
4.0575658e-220
-9.6854889e-227
2.0956813e-233
-4.6361352e-240
9.5536324e-247
-1.997629e-253
4.2458982e-260
-7.8663271e-267
1.0992376e-273
-9.2539875e-281
4.6650758e-288
-1.6543837e-295
6.502818e-303
-5.5807537e-310
-1.185773e-314
-3.3233141e-10
5.9109841e-23
-1.0324003e-35
2.9270933e-48
-1.9274339e-60
3.8961255e-72
-3.0565816e-83
1.1492502e-93
-2.5309793e-103
3.9848542e-112
-5.3521169e-120
5.4839924e-127
-1.2820166e-133
3.0809236e-140
-6.7616928e-147
1.589418e-153
-3.6410852e-160
1.0349345e-166
-2.1876478e-173
5.1286401e-180
-1.258923e-186
3.0996776e-193
-7.3380272e-200
1.6074753e-206
-3.6314261e-213
8.9894513e-220
-1.8840159e-226
4.7299235e-233
-1.0053587e-239
2.3905576e-246
-5.7876485e-253
1.2774334e-259
-2.5959802e-266
3.3856419e-273
-2.8948565e-280
1.4345589e-287
-5.0212502e-295
1.9842671e-302
-1.6734983e-309
1.8065121e-312
-3.3233794e-10
5.9113466e-23
-1.0325911e-35
2.9284686e-48
-1.9292101e-60
3.9015086e-72
-3.061088e-83
1.1499206e-93
-2.5253983e-103
3.9449725e-112
-5.2092229e-120
5.2702782e-127
-1.1862958e-133
2.681764e-140
-7.2345396e-147
1.5725367e-153
-4.2736897e-160
9.142124e-167
-2.533015e-173
6.1389561e-180
-1.3719737e-186
3.4387015e-193
-8.9202493e-200
1.8959853e-206
-4.4520071e-213
1.081519e-219
-2.5952003e-226
5.802378e-233
-1.2743701e-239
3.2468225e-246
-7.7618152e-253
1.7023443e-259
-3.1201391e-266
4.9347682e-273
-4.3783512e-280
2.2854397e-287
-8.1642141e-295
3.3069606e-302
-2.9731501e-309
2.4273262e-312
-3.3234427e-10
5.9116839e-23
-1.0327621e-35
2.9296793e-48
-1.9307613e-60
3.9061959e-72
-3.0650274e-83
1.1504353e-93
-2.5196093e-103
3.9144868e-112
-5.1511633e-120
4.9557894e-127
-1.0338249e-133
2.4904424e-140
-5.8697838e-147
1.7186007e-153
-4.0707365e-160
1.0836448e-166
-2.7438968e-173
8.1789659e-180
-1.9420973e-186
6.4323269e-193
-1.5348039e-199
3.4318115e-206
-9.6763147e-213
2.1153347e-219
-5.0838228e-226
1.3102881e-232
-3.3179057e-239
8.5165749e-246
-2.4339503e-252
5.9604065e-259
-1.2829768e-265
1.7697915e-272
-1.5393689e-279
7.921613e-287
-2.8283102e-294
1.0939599e-301
-9.7623648e-309
6.1693403e-312
-3.3235069e-10
5.9120073e-23
-1.0329171e-35
2.9307495e-48
-1.9321221e-60
3.9102936e-72
-3.0684545e-83
1.1509738e-93
-2.5157604e-103
3.889265e-112
-5.1147258e-120
5.1203344e-127
-1.1918698e-133
2.7106802e-140
-8.1851938e-147
2.2253495e-153
-5.7540901e-160
1.6388164e-166
-4.0665364e-173
1.0661434e-179
-3.167756e-186
8.5999416e-193
-2.3970696e-199
6.2176115e-206
-1.6361852e-212
4.2481968e-219
-1.2122953e-225
2.8368524e-232
-7.781541e-239
1.9328379e-245
-4.4508437e-252
1.1838134e-258
-2.5783832e-265
3.8143824e-272
-3.3126972e-279
1.7020503e-286
-6.2247534e-294
2.5198176e-301
-2.3085275e-308
8.9670085e-313
-3.32357e-10
5.9123142e-23
-1.0330575e-35
2.9316943e-48
-1.9333098e-60
3.9138555e-72
-3.0714055e-83
1.1513671e-93
-2.511631e-103
3.8701086e-112
-5.0344443e-120
5.0475515e-127
-1.417228e-133
4.5073279e-140
-1.4333971e-146
4.0274543e-153
-1.1160794e-159
2.9141553e-166
-8.0170828e-173
1.9064533e-179
-5.6228843e-186
1.4282714e-192
-3.2824361e-199
9.9537688e-206
-2.5925544e-212
6.5091448e-219
-1.591267e-225
4.9959238e-232
-1.3848185e-238
3.7771486e-245
-9.5773211e-252
2.3025203e-258
-4.8772637e-265
7.1451267e-272
-6.3665571e-279
3.289529e-286
-1.2329487e-293
5.0379886e-301
-4.80113e-308
-5.8073864e-312
-3.3236354e-10
5.9126136e-23
-1.033186e-35
2.9325307e-48
-1.9343485e-60
3.916959e-72
-3.0740072e-83
1.1517763e-93
-2.5081899e-103
3.8491934e-112
-4.9649405e-120
5.0139363e-127
-1.2946631e-133
3.798298e-140
-1.0719632e-146
3.5150507e-153
-9.9683271e-160
2.8611372e-166
-7.0896436e-173
2.6325778e-179
-7.7408315e-186
2.0020887e-192
-6.096061e-199
1.694849e-205
-5.2157346e-212
1.4930473e-218
-4.6663477e-225
1.1992771e-231
-3.4110833e-238
1.0497076e-244
-3.1250088e-251
9.335759e-258
-2.2643982e-264
3.6356707e-271
-3.3826143e-278
1.7818626e-285
-6.6432989e-293
2.6685336e-300
-2.5676432e-307
-6.1655873e-312
-3.3237016e-10
5.9129034e-23
-1.0333036e-35
2.9332707e-48
-1.9352527e-60
3.9196429e-72
-3.0762393e-83
1.1520763e-93
-2.5054913e-103
3.8333412e-112
-4.8995256e-120
4.911444e-127
-1.1383835e-133
3.9276623e-140
-1.0029314e-146
3.2785925e-153
-8.7059863e-160
2.6574779e-166
-9.4963613e-173
2.7521598e-179
-7.9718964e-186
2.3229681e-192
-7.2780473e-199
2.251862e-205
-8.1421021e-212
2.3124362e-218
-6.0608624e-225
1.7761489e-231
-6.4509708e-238
1.6685462e-244
-4.8035759e-251
1.2370513e-257
-2.6846424e-264
4.3524714e-271
-3.9592719e-278
2.0654432e-285
-7.6918709e-293
3.1793381e-300
-3.0877758e-307
1.8227257e-312
-3.3237724e-10
5.9131961e-23
-1.0334136e-35
2.9339298e-48
-1.9360426e-60
3.9219547e-72
-3.0781296e-83
1.1523052e-93
-2.5028156e-103
3.8203275e-112
-4.9046085e-120
4.9605151e-127
-1.3682676e-133
3.9488024e-140
-1.4298717e-146
4.5848406e-153
-1.6246314e-159
5.4739705e-166
-1.7314808e-172
4.8246965e-179
-1.41175e-185
4.6555489e-192
-1.4694862e-198
4.1874283e-205
-1.4370802e-211
4.566334e-218
-1.7326234e-224
5.1840259e-231
-1.4615212e-237
5.4666385e-244
-1.5364421e-250
5.4330478e-257
-1.265725e-263
2.176931e-270
-1.9896819e-277
1.040199e-284
-3.8487354e-292
1.5357718e-299
-1.4862208e-306
-3.0597935e-312
-3.3238464e-10
5.9134897e-23
-1.0335166e-35
2.9345161e-48
-1.9367266e-60
3.9239368e-72
-3.079723e-83
1.152489e-93
-2.500532e-103
3.8121651e-112
-4.8614401e-120
4.7770479e-127
-1.4948338e-133
5.5055224e-140
-1.7440839e-146
5.3152826e-153
-1.7830821e-159
6.6460106e-166
-2.2506325e-172
6.7480391e-179
-2.5556729e-185
9.1687707e-192
-2.9866706e-198
8.7870653e-205
-2.2429382e-211
8.4371409e-218
-2.4494866e-224
8.1411245e-231
-2.538314e-237
7.9668286e-244
-2.7231074e-250
8.2171677e-257
-2.0423764e-263
3.7663689e-270
-6.0459212e-277
6.4424761e-284
-3.6604565e-291
2.0030926e-298
-2.5750211e-305
1.5807285e-311
-3.3239264e-10
5.9137921e-23
-1.0336147e-35
2.9350399e-48
-1.9373183e-60
3.9256191e-72
-3.0810678e-83
1.1526485e-93
-2.4985767e-103
3.7972158e-112
-4.8310965e-120
5.2504508e-127
-1.8133468e-133
5.9966608e-140
-2.1249577e-146
7.9942535e-153
-2.8079022e-159
1.0933051e-165
-3.442867e-172
1.1223099e-178
-3.4457295e-185
1.4505493e-191
-4.5613796e-198
1.6419457e-204
-6.2327048e-211
2.075355e-217
-6.2484275e-224
2.3345749e-230
-7.1442579e-237
2.5951067e-243
-8.7612105e-250
2.7870902e-256
-7.1968844e-263
1.3475507e-269
-1.3130247e-276
7.1142722e-284
-2.6866361e-291
1.1469122e-298
-1.0662213e-305
1.7989002e-313
-3.3240146e-10
5.9141103e-23
-1.03371e-35
2.9355123e-48
-1.9378285e-60
3.9270355e-72
-3.0821477e-83
1.1527218e-93
-2.4964311e-103
3.7866939e-112
-4.789905e-120
5.0687976e-127
-1.4890914e-133
6.6199238e-140
-2.0912162e-146
9.0974637e-153
-2.6306022e-159
8.5104562e-166
-3.6663093e-172
1.4397039e-178
-5.4578237e-185
2.006708e-191
-8.4500215e-198
2.9607041e-204
-8.4586753e-211
2.8878817e-217
-9.1514111e-224
3.3411278e-230
-1.3929562e-236
4.6946391e-243
-1.6342039e-249
5.4445954e-256
-1.6902985e-262
2.9587693e-269
-3.3771653e-276
2.1660892e-283
-9.3213087e-291
4.4009507e-298
-4.8696878e-305
2.0941758e-311
-3.3241111e-10
5.9144482e-23
-1.0338038e-35
2.9359391e-48
-1.9382655e-60
3.9282023e-72
-3.0829963e-83
1.1527212e-93
-2.4948951e-103
3.7820753e-112
-4.8302219e-120
5.4419007e-127
-1.7013828e-133
6.3399552e-140
-2.0558641e-146
8.6434248e-153
-3.5190724e-159
1.3540062e-165
-5.5198105e-172
2.3673424e-178
-8.8121822e-185
2.7918451e-191
-1.2195411e-197
6.1011219e-204
-2.8617752e-210
9.813615e-217
-3.8011443e-223
1.4131415e-229
-4.5883342e-236
1.604109e-242
-5.7652691e-249
1.9220858e-255
-6.4931671e-262
1.2185881e-268
-1.2737499e-275
7.0426968e-283
-2.7041953e-290
1.1551251e-297
-1.130704e-304
3.3770644e-311
-3.3242214e-10
5.914818e-23
-1.0338989e-35
2.936333e-48
-1.9386376e-60
3.9291439e-72
-3.083634e-83
1.1527105e-93
-2.493218e-103
3.7748914e-112
-4.8109839e-120
5.0485003e-127
-1.9424032e-133
7.5065962e-140
-2.3461583e-146
8.528882e-153
-4.2094543e-159
1.3769215e-165
-7.6277469e-172
3.2312646e-178
-1.3788343e-184
6.5630137e-191
-2.5135221e-197
9.9803895e-204
-4.4434743e-210
1.6579844e-216
-5.789865e-223
1.9976039e-229
-7.1954336e-236
2.8295217e-242
-1.1086784e-248
4.780075e-255
-1.4044076e-261
2.825376e-268
-2.9125063e-275
1.6354156e-282
-6.3689128e-290
2.7160706e-297
-2.895054e-304
8.571364e-311
-3.3243467e-10
5.9152274e-23
-1.0339975e-35
2.9367005e-48
-1.9389544e-60
3.9298806e-72
-3.0840707e-83
1.1525992e-93
-2.4916022e-103
3.7688443e-112
-4.7713281e-120
5.2727906e-127
-2.0290024e-133
8.3758126e-140
-4.1008986e-146
2.1173398e-152
-8.2921226e-159
3.913778e-165
-1.6247643e-171
7.0225268e-178
-2.627108e-184
1.1635165e-190
-7.068139e-197
2.7776974e-203
-1.1579499e-209
3.9906621e-216
-1.702422e-222
7.5500074e-229
-3.6097499e-235
1.4680991e-241
-6.0670034e-248
2.0687714e-254
-6.6489516e-261
1.3570066e-267
-1.2301696e-274
6.2593868e-282
-2.2133829e-289
8.8293755e-297
-8.3091479e-304
1.4195218e-310
-3.3244901e-10
5.9156867e-23
-1.0341019e-35
2.9370519e-48
-1.9392219e-60
3.9304348e-72
-3.0843103e-83
1.1524696e-93
-2.4901277e-103
3.7626401e-112
-4.7838152e-120
5.5374269e-127
-2.1532679e-133
1.0846885e-139
-4.7661453e-146
2.1258383e-152
-8.0937765e-159
4.663858e-165
-2.5089483e-171
1.1246766e-177
-6.8590696e-184
3.3523438e-190
-1.4862147e-196
8.8940631e-203
-5.8598575e-209
2.5843502e-215
-1.2355359e-221
5.7847372e-228
-2.4805376e-234
1.2287699e-240
-6.7953324e-247
2.5604082e-253
-8.3775383e-260
1.7889761e-266
-1.8948743e-273
1.0857305e-280
-4.1819401e-288
1.7756213e-295
-1.9809761e-302
8.7965846e-309
-3.3246592e-10
5.9162144e-23
-1.0342164e-35
2.937401e-48
-1.939452e-60
3.9308235e-72
-3.0843916e-83
1.1522765e-93
-2.4886556e-103
3.7607458e-112
-4.7718e-120
5.3241355e-127
-1.9530174e-133
9.4843617e-140
-5.4626268e-146
2.6755042e-152
-1.141014e-158
6.4957646e-165
-3.4319837e-171
1.9073335e-177
-9.1748945e-184
3.873254e-190
-1.5521969e-196
6.949881e-203
-3.3166783e-209
1.2838256e-215
-8.7540358e-222
5.4475108e-228
-2.9673296e-234
1.6629519e-240
-9.2539154e-247
4.0552071e-253
-1.5873232e-259
3.262439e-266
-3.4438519e-273
1.914112e-280
-7.3781285e-288
3.0644742e-295
-3.1757323e-302
9.9824587e-309
-3.3248566e-10
5.9168219e-23
-1.0343434e-35
2.9377557e-48
-1.9396497e-60
3.9310584e-72
-3.0842858e-83
1.1520106e-93
-2.4874871e-103
3.7537396e-112
-4.7629216e-120
5.3326038e-127
-2.1576949e-133
1.1668881e-139
-8.3333558e-146
4.1348032e-152
-2.2182543e-158
1.0593327e-164
-5.1421989e-171
2.8116516e-177
-2.0930157e-183
1.2002294e-189
-5.3782365e-196
2.50662e-202
-1.4889435e-208
9.0039158e-215
-4.7749399e-221
2.7984136e-227
-1.7177875e-233
1.0795225e-239
-5.2621943e-246
2.8089442e-252
-1.2394617e-258
2.7220893e-265
-3.2255186e-272
1.8634324e-279
-7.4943763e-287
3.393804e-294
-3.7556883e-301
1.2289758e-307
-3.3250901e-10
5.9175336e-23
-1.0344884e-35
2.9381331e-48
-1.9398276e-60
3.93117e-72
-3.0840595e-83
1.1517332e-93
-2.4856832e-103
3.7520606e-112
-4.7678707e-120
5.6715961e-127
-3.01788e-133
1.6148027e-139
-1.0054381e-145
7.4255053e-152
-4.3956555e-158
2.651896e-164
-1.3881053e-170
9.4098777e-177
-5.6209615e-183
3.5079668e-189
-2.8411777e-195
1.8973513e-201
-9.0534995e-208
4.8760039e-214
-2.2787945e-220
1.6054731e-226
-1.1738666e-232
7.0692735e-239
-3.6586536e-245
2.6195735e-251
-1.0323223e-257
2.33371e-264
-2.5615159e-271
1.4908638e-278
-5.9570244e-286
2.5923764e-293
-3.2606357e-300
1.024277e-306
-3.3253717e-10
5.9183784e-23
-1.0346572e-35
2.938551e-48
-1.9399945e-60
3.9311696e-72
-3.083666e-83
1.1513356e-93
-2.4844674e-103
3.7501179e-112
-4.7520134e-120
5.6232484e-127
-3.2366603e-133
2.5156876e-139
-1.1998739e-145
8.3355376e-152
-4.5904637e-158
2.9621883e-164
-1.8241902e-170
9.316049e-177
-6.8400914e-183
4.016785e-189
-2.9969423e-195
2.1149819e-201
-1.2208281e-207
1.7311269e-213
-1.2344161e-219
9.5900101e-226
-5.699959e-232
3.6273788e-238
-2.2517782e-244
9.4718271e-251
-5.4162639e-257
1.2607265e-263
-1.4598171e-270
8.5952967e-278
-3.4178119e-285
1.5216764e-292
-1.8321522e-299
6.2377922e-306
-3.3257071e-10
5.9193817e-23
-1.0348559e-35
2.9390272e-48
-1.9401644e-60
3.9310731e-72
-3.0831435e-83
1.1509381e-93
-2.4833039e-103
3.7428017e-112
-4.7650868e-120
5.599254e-127
-3.9106297e-133
2.3819284e-139
-2.2502151e-145
1.3740212e-151
-7.9458735e-158
6.7330308e-164
-3.5893031e-170
1.7868055e-176
-9.0629379e-183
7.447531e-189
-4.7845016e-195
3.0841782e-201
-2.3146452e-207
3.0836034e-213
-4.1205408e-219
3.0525506e-225
-2.2584774e-231
1.9020623e-237
-9.1646034e-244
7.1146064e-250
-3.1754654e-256
9.2770436e-263
-1.1012688e-269
6.487866e-277
-2.6722274e-284
1.202156e-291
-1.4141737e-298
5.841877e-305
-3.3261149e-10
5.9205914e-23
-1.035094e-35
2.9395899e-48
-1.9403539e-60
3.9309257e-72
-3.0825061e-83
1.1505062e-93
-2.4817818e-103
3.7436337e-112
-4.7876615e-120
5.575789e-127
-4.5747129e-133
3.1957906e-139
-2.1562495e-145
2.5638163e-151
-2.6576323e-157
2.7369155e-163
-2.8925634e-169
2.762575e-175
-1.5870934e-181
1.124611e-187
-9.1966436e-194
4.7430017e-200
-3.2599485e-206
2.158143e-212
-1.5328308e-218
1.2156753e-224
-1.1713486e-230
8.4874551e-237
-9.9231985e-243
7.6124887e-249
-3.406835e-255
7.5454049e-262
-8.7882691e-269
5.2080471e-276
-2.1765272e-283
9.9594184e-291
-1.276781e-297
5.1708976e-304
-3.3266126e-10
5.9220596e-23
-1.0353825e-35
2.9402719e-48
-1.9405831e-60
3.9307533e-72
-3.0817985e-83
1.1500198e-93
-2.480592e-103
3.74256e-112
-4.7936398e-120
6.1217367e-127
-5.1913776e-133
8.2322685e-139
-6.5140176e-145
1.1422716e-150
-1.0321487e-156
1.148214e-162
-1.2635032e-168
9.8978726e-175
-9.4100868e-181
1.0517135e-186
-1.8367468e-192
1.7780386e-198
-1.7447895e-204
2.1996027e-210
-2.3924981e-216
2.4926424e-222
-2.5860394e-228
2.407793e-234
-2.7650828e-240
2.2295251e-246
-9.0625601e-253
-1.9117093e-259
9.9410956e-266
-9.9407678e-273
5.0416552e-280
-2.6266008e-287
3.5546028e-294
-3.442036e-300
-3.3272243e-10
5.9238539e-23
-1.0357356e-35
2.9411129e-48
-1.9408773e-60
3.9306058e-72
-3.0810101e-83
1.1494777e-93
-2.4788494e-103
3.7422067e-112
-4.780629e-120
6.2525096e-127
-5.3630584e-133
1.148707e-138
-7.6908957e-145
6.9978346e-151
-7.712825e-157
6.0022259e-163
-7.4946262e-169
6.8751097e-175
-8.063128e-181
1.164668e-186
-1.7073163e-192
1.533535e-198
-2.0096522e-204
1.9081554e-210
-1.4903895e-216
2.414668e-222
-3.0830447e-228
2.7955623e-234
-4.2953292e-240
4.8542033e-246
-2.9477866e-252
8.034719e-259
-9.3103328e-266
5.6888106e-273
-2.3603394e-280
1.1085077e-287
-1.387267e-294
6.6633795e-301
-3.3279838e-10
5.9260673e-23
-1.0361723e-35
2.9421694e-48
-1.9412693e-60
3.9305293e-72
-3.0802148e-83
1.1489357e-93
-2.4772342e-103
3.7433541e-112
-4.8230203e-120
6.5607655e-127
-1.2231819e-132
3.9696873e-138
-7.779505e-144
1.259877e-149
-1.7462536e-155
2.7846406e-161
-8.8703072e-167
1.5061444e-172
-1.490416e-178
2.0059517e-184
-3.1743834e-190
3.578533e-196
-4.1802057e-202
2.1146015e-207
-2.3768656e-213
3.0976394e-219
-3.9761548e-225
4.5736431e-231
-8.5119895e-237
7.8627309e-243
-3.9780861e-249
1.1374058e-255
-1.3039961e-262
7.9640065e-270
-3.2766929e-277
1.5246674e-284
-2.0568752e-291
1.3091442e-297
-3.3289419e-10
5.9288391e-23
-1.036721e-35
2.9435217e-48
-1.9418088e-60
3.9306282e-72
-3.0794324e-83
1.1483691e-93
-2.4760575e-103
3.7414738e-112
-4.8020535e-120
6.264009e-127
-6.5097209e-133
8.9140624e-139
-1.2131863e-144
1.4247168e-150
-3.3487115e-156
2.9127281e-162
-2.1878048e-168
2.5058793e-174
-4.8621943e-180
5.1553301e-186
-4.7659453e-192
5.1964587e-198
-5.0739967e-204
5.4045986e-210
-5.8027769e-216
-7.3828744e-223
2.4297444e-227
-2.0337225e-232
2.4338889e-238
-3.1652762e-244
-2.3369289e-250
1.3795382e-257
1.1838819e-263
-1.1125555e-270
5.2975669e-278
-2.5849394e-285
3.2665642e-292
-4.8134806e-299
-3.3301556e-10
5.932309e-23
-1.0374085e-35
2.9452478e-48
-1.9425481e-60
3.9309935e-72
-3.078772e-83
1.1478484e-93
-2.4747762e-103
3.7381014e-112
-4.8211832e-120
6.3630228e-127
-2.0552e-132
2.9892908e-138
-4.0420348e-144
9.8655271e-150
-2.2795864e-155
2.1253623e-161
-5.801414e-167
2.2411949e-172
-7.3654974e-178
1.1700109e-183
-1.4985259e-189
1.6842528e-195
-1.3578735e-201
1.0281942e-207
9.2944339e-213
-1.7514471e-218
-2.673391e-223
5.0108258e-227
-8.6241013e-233
4.2900852e-240
6.7671655e-244
-2.7439797e-250
3.8767274e-257
-2.4416596e-264
1.01409e-271
-4.8816884e-279
6.5281339e-286
-3.9224499e-292
-3.3318341e-10
5.9370666e-23
-1.0383526e-35
2.9476796e-48
-1.9436805e-60
3.9319474e-72
-3.078426e-83
1.1474145e-93
-2.4737258e-103
3.7384184e-112
-4.8444871e-120
6.6574653e-127
-8.5385238e-133
1.495528e-138
-1.0353684e-143
5.9743355e-149
-1.1724465e-153
-1.0193534e-158
1.6358135e-164
-4.9143642e-170
5.2155371e-176
-2.0644412e-181
3.2717885e-186
-3.3360067e-192
-2.9861626e-197
1.1023942e-202
-3.4378031e-208
-1.2396627e-212
5.8292597e-218
-1.1661005e-223
1.4004826e-229
-1.8900402e-235
1.7997728e-241
-5.9211421e-248
7.5829842e-255
-4.6453801e-262
1.9556368e-269
-9.2446805e-277
1.3303512e-283
-1.3355373e-289
-3.3337909e-10
5.9422667e-23
-1.0393694e-35
2.9503248e-48
-1.9449794e-60
3.9333305e-72
-3.0784829e-83
1.1471595e-93
-2.4730505e-103
3.7364747e-112
-4.8408042e-120
6.361959e-127
-2.4605029e-132
5.0429765e-138
-1.6556738e-142
9.4005438e-148
-2.6697877e-152
3.8607578e-158
-4.3800106e-163
9.6206552e-168
-1.299468e-172
2.4105207e-178
-5.2043305e-184
1.3743999e-189
-2.3342392e-195
3.4143815e-201
3.1420975e-206
1.480037e-211
-2.4773823e-217
1.9875004e-222
-2.3649746e-228
-1.4272356e-233
1.3266982e-239
-4.1977875e-246
5.9559027e-253
-3.7677226e-260
1.5765327e-267
-7.3101044e-275
1.0548409e-281
-1.2681427e-287
-3.3393624e-10
5.9572812e-23
-1.0422993e-35
2.9582151e-48
-1.949248e-60
3.9392757e-72
-3.0809363e-83
1.1474578e-93
-2.4737806e-103
3.7460268e-112
-4.8751816e-120
7.0082008e-127
-9.9199054e-133
-2.1235193e-138
-1.4251956e-143
5.2145406e-149
-2.1581655e-153
-5.2673636e-159
7.3863816e-164
-4.2406197e-169
-3.3533903e-174
-1.0290839e-178
3.0620872e-184
1.5117399e-189
2.1702419e-194
-3.3972817e-199
8.784622e-205
1.9686986e-210
2.8275838e-216
2.903864e-220
2.5128282e-225
-6.0979142e-231
1.0819003e-236
-3.47617e-243
4.269319e-250
-2.7535723e-257
1.1367369e-264
-5.5438618e-272
7.8493996e-279
-8.5846231e-285
)
;

boundaryField
{
    wall
    {
        type            fixedValue;
        value           uniform 350;
    }
    sides
    {
        type            zeroGradient;
    }
    frontAndBack
    {
        type            empty;
    }
    inlet
    {
        type            fixedValue;
        value           uniform 300;
    }
    outlet
    {
        type            zeroGradient;
    }
}


// ************************************************************************* //
