/*--------------------------------*- C++ -*----------------------------------*\
  =========                 |
  \\      /  F ield         | OpenFOAM: The Open Source CFD Toolbox
   \\    /   O peration     | Website:  https://openfoam.org
    \\  /    A nd           | Version:  10
     \\/     M anipulation  |
\*---------------------------------------------------------------------------*/
FoamFile
{
    format      ascii;
    class       volScalarField;
    location    "0.2";
    object      T;
}
// * * * * * * * * * * * * * * * * * * * * * * * * * * * * * * * * * * * * * //

dimensions      [0 0 0 1 0 0 0];

internalField   nonuniform List<scalar> 
4000
(
303.10136
299.3429
299.99042
300.00082
299.99993
300
300
300
300
300
300
300
300
300
300
300
300
300
300
300
300
300
300
300
300
300
300
300
300
300
300
300
300
300
300
300
300
300
300
300.00001
309.66347
298.49296
299.77921
300.00184
300.0008
299.99999
300
300
300
300
300
300
300
300
300
300
300
300
300
300
300
300
300
300
300
300
300
300
300
300
300
300
300
300
300
300
300
300
299.99999
300.00002
316.00429
298.68456
299.39219
299.97569
300.00406
300.00025
299.99999
300
300
300
300
300
300
300
300
300
300
300
300
300
300
300
300
300
300
300
300
300
300
300
300
300
300
300
300
300
300
299.99999
299.99999
300.00002
321.74236
299.84592
298.98477
299.8949
300.00716
300.00138
300
299.99999
300
300
300
300
300
300
300
300
300
300
300
300
300
300
300
300
300
300
300
300
300
300
300
300
300
300
300
300
299.99999
299.99999
299.99999
300.00003
326.6712
301.70053
298.70997
299.75311
300.00322
300.00379
300.00017
299.99998
300
300
300
300
300
300
300
300
300
300
300
300
300
300
300
300
300
300
300
300
300
300
300
300
300
300
299.99999
299.99999
299.99999
299.99998
299.99999
300.00004
330.68518
303.9481
298.66324
299.56827
299.98426
300.00696
300.00071
299.99996
299.99999
300
300
300
300
300
300
300
300
300
300
300
300
300
300
300
300
300
300
300
300
300
300
300
300
299.99999
299.99999
299.99999
299.99999
299.99998
300
300.00004
333.77453
306.33092
298.87087
299.37366
299.94515
300.00937
300.0018
300
299.99998
299.99999
300
300
300
300
300
300
300
300
300
300
300
300
300
300
300
300
300
300
300
300
300
300
299.99999
299.99999
299.99999
299.99999
299.99998
299.99998
300
300.00004
336.02202
308.66443
299.30776
299.20377
299.88576
300.00889
300.00345
300.00014
299.99996
299.99999
300
300
300
300
300
300
300
300
300
300
300
300
300
300
300
300
300
300
300
300
300
299.99999
299.99999
299.99999
299.99999
299.99999
299.99998
299.99998
300.00001
300.00004
337.57421
310.83782
299.92419
299.08457
299.81047
300.00351
300.00541
300.00045
299.99995
299.99999
299.99999
300
300
300
300
300
300
300
300
300
300
300
300
300
300
300
300
300
300
300
299.99999
299.99999
299.99999
299.99999
299.99999
299.99998
299.99998
299.99998
300.00001
300.00004
338.60244
312.79833
300.6656
299.03051
299.7263
299.99191
300.00724
300.00099
299.99996
299.99998
299.99999
299.99999
300
300
300
300
300
300
300
300
300
300
300
300
300
300
300
300
300
299.99999
299.99999
299.99999
299.99999
299.99999
299.99999
299.99998
299.99998
299.99998
300.00002
300.00004
339.26942
314.53307
301.48336
299.04601
299.64099
299.97367
300.00839
300.00175
300
299.99996
299.99999
299.99999
299.99999
300
300
300
300
300
300
300
300
300
300
300
300
300
300
300
299.99999
299.99999
299.99999
299.99999
299.99999
299.99999
299.99998
299.99998
299.99998
299.99999
300.00002
300.00004
339.70847
316.05331
302.33911
299.12839
299.56157
299.94924
300.00833
300.00267
300.00011
299.99995
299.99999
299.99999
299.99999
299.99999
300
300
300
300
300
300
300
300
300
300
300
300
300
299.99999
299.99999
299.99999
299.99999
299.99999
299.99999
299.99999
299.99998
299.99998
299.99998
299.99999
300.00002
300.00004
340.0162
317.38249
303.20519
299.27097
299.49364
299.91972
300.0066
300.00367
300.00029
299.99995
299.99998
299.99999
299.99999
299.99999
299.99999
299.99999
300
300
300
300
300
300
300
300
300
299.99999
299.99999
299.99999
299.99999
299.99999
299.99999
299.99999
299.99999
299.99999
299.99998
299.99998
299.99998
299.99999
300.00003
300.00004
340.25526
318.54811
304.06322
299.46534
299.44113
299.88655
300.00292
300.0046
300.00055
299.99995
299.99998
299.99999
299.99999
299.99999
299.99999
299.99999
299.99999
299.99999
300
300
300
300
300
299.99999
299.99999
299.99999
299.99999
299.99999
299.99999
299.99999
299.99999
299.99999
299.99999
299.99998
299.99998
299.99998
299.99998
300
300.00003
300.00004
340.46211
319.57699
304.90183
299.70295
299.40651
299.85135
299.99714
300.00534
300.00089
299.99997
299.99997
299.99999
299.99999
299.99999
299.99999
299.99999
299.99999
299.99999
299.99999
299.99999
299.99999
299.99999
299.99999
299.99999
299.99999
299.99999
299.99999
299.99999
299.99999
299.99999
299.99999
299.99999
299.99999
299.99998
299.99998
299.99997
299.99998
300
300.00003
300.00003
340.65549
320.49299
305.71465
299.97588
299.39103
299.81571
299.98927
300.00573
300.00129
300.00001
299.99996
299.99999
299.99999
299.99999
299.99999
299.99999
299.99999
299.99999
299.99999
299.99999
299.99999
299.99999
299.99999
299.99999
299.99999
299.99999
299.99999
299.99999
299.99999
299.99999
299.99999
299.99999
299.99999
299.99998
299.99998
299.99997
299.99998
300
300.00003
300.00003
340.84344
321.31612
306.49859
300.27717
299.39505
299.78107
299.97946
300.00566
300.00172
300.00008
299.99996
299.99998
299.99999
299.99999
299.99999
299.99999
299.99999
299.99999
299.99999
299.99999
299.99999
299.99999
299.99999
299.99999
299.99999
299.99999
299.99999
299.99999
299.99999
299.99999
299.99999
299.99999
299.99998
299.99998
299.99998
299.99997
299.99998
300
300.00003
300.00003
341.02829
322.06261
307.25261
300.60093
299.41828
299.74875
299.96793
300.00503
300.00216
300.00018
299.99996
299.99998
299.99999
299.99999
299.99999
299.99999
299.99999
299.99999
299.99999
299.99999
299.99999
299.99999
299.99999
299.99999
299.99999
299.99999
299.99999
299.99999
299.99999
299.99999
299.99999
299.99999
299.99998
299.99998
299.99998
299.99997
299.99998
300.00001
300.00003
300.00003
341.20967
322.74527
307.97686
300.94224
299.46006
299.71982
299.95498
300.00375
300.00257
300.0003
299.99996
299.99998
299.99999
299.99999
299.99999
299.99999
299.99999
299.99999
299.99999
299.99999
299.99999
299.99999
299.99999
299.99999
299.99999
299.99999
299.99999
299.99999
299.99999
299.99999
299.99999
299.99998
299.99998
299.99998
299.99998
299.99997
299.99998
300.00001
300.00003
300.00003
341.38636
323.3741
308.67212
301.29701
299.51943
299.69519
299.94095
300.0018
300.00291
300.00044
299.99997
299.99998
299.99999
299.99999
299.99999
299.99999
299.99999
299.99999
299.99999
299.99999
299.99999
299.99999
299.99999
299.99999
299.99999
299.99999
299.99999
299.99999
299.99999
299.99999
299.99999
299.99998
299.99998
299.99998
299.99998
299.99997
299.99999
300.00001
300.00003
300.00003
341.55706
323.95686
309.33949
301.66185
299.59531
299.67558
299.9262
299.99913
300.00314
300.00061
299.99999
299.99997
299.99999
299.99999
299.99999
299.99999
299.99999
299.99999
299.99999
299.99999
299.99999
299.99999
299.99999
299.99999
299.99999
299.99999
299.99999
299.99999
299.99999
299.99999
299.99999
299.99998
299.99998
299.99998
299.99997
299.99998
299.99999
300.00001
300.00003
300.00003
341.72078
324.49957
309.98014
302.03396
299.68653
299.66154
299.91111
299.99577
300.00323
300.00079
300.00002
299.99997
299.99998
299.99999
299.99999
299.99999
299.99999
299.99999
299.99999
299.99999
299.99999
299.99999
299.99999
299.99999
299.99999
299.99999
299.99999
299.99999
299.99999
299.99999
299.99998
299.99998
299.99998
299.99998
299.99997
299.99998
299.99999
300.00002
300.00004
300.00003
341.87693
325.00701
310.59529
302.41099
299.79191
299.65349
299.89604
299.99175
300.00315
300.00097
300.00006
299.99997
299.99998
299.99999
299.99999
299.99999
299.99999
299.99999
299.99999
299.99999
299.99999
299.99999
299.99999
299.99999
299.99999
299.99999
299.99999
299.99999
299.99999
299.99999
299.99998
299.99998
299.99998
299.99998
299.99997
299.99998
299.99999
300.00002
300.00004
300.00003
342.0253
325.48298
311.1861
302.791
299.91027
299.65171
299.88133
299.9871
300.00287
300.00115
300.0001
299.99997
299.99998
299.99999
299.99999
299.99999
299.99999
299.99999
299.99999
299.99999
299.99999
299.99999
299.99999
299.99999
299.99999
299.99999
299.99999
299.99999
299.99999
299.99999
299.99998
299.99998
299.99998
299.99998
299.99997
299.99998
299.99999
300.00002
300.00004
300.00003
342.16591
325.9306
311.75367
303.17231
300.04046
299.6564
299.86733
299.98191
300.00237
300.00131
300.00016
299.99998
299.99998
299.99999
299.99999
299.99999
299.99999
299.99999
299.99999
299.99999
299.99999
299.99999
299.99999
299.99999
299.99999
299.99999
299.99999
299.99999
299.99999
299.99998
299.99998
299.99998
299.99998
299.99998
299.99997
299.99998
300
300.00002
300.00004
300.00003
342.29903
326.35248
312.29906
303.55356
300.18138
299.66763
299.85434
299.97624
300.00163
300.00144
300.00022
299.99998
299.99998
299.99999
299.99999
299.99999
299.99999
299.99999
299.99999
299.99999
299.99999
299.99999
299.99999
299.99999
299.99999
299.99999
299.99999
299.99999
299.99999
299.99998
299.99998
299.99998
299.99998
299.99998
299.99997
299.99998
300
300.00002
300.00004
300.00003
342.42499
326.75086
312.82325
303.93355
300.33197
299.68544
299.84265
299.97019
300.00065
300.00154
300.00029
299.99999
299.99998
299.99998
299.99999
299.99999
299.99999
299.99999
299.99999
299.99999
299.99999
299.99999
299.99999
299.99999
299.99999
299.99999
299.99999
299.99999
299.99998
299.99998
299.99998
299.99998
299.99998
299.99997
299.99997
299.99998
300
300.00002
300.00004
300.00003
342.54424
327.12767
313.3272
304.31131
300.49123
299.70976
299.83251
299.96385
299.99941
300.00159
300.00036
300
299.99998
299.99998
299.99999
299.99999
299.99999
299.99999
299.99999
299.99999
299.99999
299.99999
299.99999
299.99999
299.99999
299.99999
299.99999
299.99999
299.99998
299.99998
299.99998
299.99998
299.99998
299.99997
299.99997
299.99998
300
300.00002
300.00004
300.00003
342.6572
327.48463
313.81179
304.686
300.65821
299.7405
299.82415
299.95734
299.99793
300.00158
300.00043
300.00002
299.99998
299.99998
299.99999
299.99999
299.99999
299.99999
299.99999
299.99999
299.99999
299.99999
299.99999
299.99999
299.99999
299.99999
299.99999
299.99998
299.99998
299.99998
299.99998
299.99998
299.99998
299.99997
299.99997
299.99998
300
300.00003
300.00004
300.00003
342.76431
327.82326
314.2779
305.05691
300.83203
299.7775
299.81777
299.95075
299.9962
300.00151
300.0005
300.00004
299.99998
299.99998
299.99998
299.99999
299.99999
299.99999
299.99999
299.99999
299.99999
299.99999
299.99999
299.99999
299.99999
299.99999
299.99999
299.99998
299.99998
299.99998
299.99998
299.99998
299.99998
299.99997
299.99997
299.99998
300
300.00003
300.00004
300.00003
342.86597
328.14492
314.72633
305.42345
301.01185
299.8206
299.81353
299.94419
299.99424
300.00136
300.00056
300.00006
299.99998
299.99998
299.99998
299.99999
299.99999
299.99999
299.99999
299.99999
299.99999
299.99999
299.99999
299.99999
299.99999
299.99999
299.99998
299.99998
299.99998
299.99998
299.99998
299.99998
299.99998
299.99997
299.99997
299.99998
300
300.00003
300.00004
300.00003
342.96256
328.45081
315.15786
305.78512
301.19691
299.86957
299.8116
299.93778
299.99207
300.00112
300.00062
300.00008
299.99998
299.99998
299.99998
299.99998
299.99999
299.99999
299.99999
299.99999
299.99999
299.99999
299.99999
299.99999
299.99999
299.99998
299.99998
299.99998
299.99998
299.99998
299.99998
299.99998
299.99998
299.99997
299.99997
299.99998
300.00001
300.00003
300.00003
300.00003
343.05442
328.74203
315.57322
306.14151
301.38647
299.92419
299.81207
299.93161
299.98972
300.00081
300.00067
300.0001
299.99998
299.99998
299.99998
299.99998
299.99998
299.99999
299.99999
299.99999
299.99999
299.99999
299.99999
299.99999
299.99998
299.99998
299.99998
299.99998
299.99998
299.99998
299.99998
299.99998
299.99997
299.99997
299.99997
299.99999
300.00001
300.00003
300.00003
300.00003
343.14184
329.01954
315.9731
306.49227
301.57986
299.98421
299.81506
299.92579
299.98719
300.0004
300.0007
300.00013
299.99999
299.99998
299.99998
299.99998
299.99998
299.99998
299.99998
299.99999
299.99999
299.99999
299.99999
299.99998
299.99998
299.99998
299.99998
299.99998
299.99998
299.99998
299.99998
299.99998
299.99997
299.99997
299.99997
299.99999
300.00001
300.00003
300.00003
300.00003
343.22509
329.2842
316.35816
306.83711
301.77646
300.04937
299.82064
299.92043
299.98453
299.9999
300.00071
300.00016
299.99999
299.99998
299.99998
299.99998
299.99998
299.99998
299.99998
299.99998
299.99998
299.99998
299.99998
299.99998
299.99998
299.99998
299.99998
299.99998
299.99998
299.99998
299.99998
299.99998
299.99997
299.99997
299.99998
299.99999
300.00001
300.00003
300.00003
300.00003
343.30439
329.53677
316.72899
307.17578
301.97567
300.11938
299.82884
299.9156
299.98176
299.9993
300.0007
300.00019
300
299.99998
299.99998
299.99998
299.99998
299.99998
299.99998
299.99998
299.99998
299.99998
299.99998
299.99998
299.99998
299.99998
299.99998
299.99998
299.99998
299.99998
299.99998
299.99998
299.99997
299.99997
299.99998
299.99999
300.00001
300.00003
300.00003
300.00003
343.37992
329.77792
317.08616
307.5081
302.17694
300.19399
299.83972
299.91141
299.97892
299.99861
300.00067
300.00021
300.00001
299.99998
299.99998
299.99998
299.99998
299.99998
299.99998
299.99998
299.99998
299.99998
299.99998
299.99998
299.99998
299.99998
299.99998
299.99998
299.99998
299.99998
299.99998
299.99998
299.99997
299.99997
299.99998
299.99999
300.00001
300.00003
300.00003
300.00004
343.45186
330.00823
317.43017
307.83387
302.37978
300.27289
299.85328
299.90792
299.97604
299.99784
300.0006
300.00023
300.00002
299.99998
299.99998
299.99998
299.99998
299.99998
299.99998
299.99998
299.99998
299.99998
299.99998
299.99998
299.99998
299.99998
299.99998
299.99998
299.99998
299.99998
299.99998
299.99998
299.99997
299.99997
299.99998
299.99999
300.00001
300.00003
300.00003
300.00004
343.52032
330.22821
317.76151
308.15297
302.58369
300.35582
299.86953
299.90523
299.97316
299.99698
300.00051
300.00025
300.00002
299.99998
299.99998
299.99998
299.99998
299.99998
299.99998
299.99998
299.99998
299.99998
299.99998
299.99998
299.99998
299.99998
299.99998
299.99998
299.99998
299.99998
299.99998
299.99997
299.99997
299.99997
299.99998
299.99999
300.00001
300.00003
300.00003
300.00004
343.58542
330.43829
318.08058
308.46526
302.78824
300.44247
299.88843
299.9034
299.97032
299.99604
300.00039
300.00027
300.00003
299.99998
299.99998
299.99998
299.99998
299.99998
299.99998
299.99998
299.99998
299.99998
299.99998
299.99998
299.99998
299.99998
299.99998
299.99998
299.99998
299.99998
299.99998
299.99997
299.99997
299.99997
299.99998
299.99999
300.00001
300.00003
300.00004
300.00004
343.64723
330.63882
318.38778
308.77063
302.99299
300.53257
299.90997
299.90249
299.96755
299.99502
300.00024
300.00028
300.00004
299.99998
299.99998
299.99998
299.99998
299.99998
299.99998
299.99998
299.99998
299.99998
299.99998
299.99998
299.99998
299.99998
299.99998
299.99998
299.99998
299.99998
299.99998
299.99997
299.99997
299.99997
299.99998
299.99999
300.00001
300.00003
300.00004
300.00004
343.70579
330.83011
318.68341
309.06897
303.19755
300.62583
299.9341
299.90256
299.9649
299.99394
300.00005
300.00028
300.00005
299.99999
299.99998
299.99998
299.99998
299.99998
299.99998
299.99998
299.99998
299.99998
299.99998
299.99998
299.99998
299.99998
299.99998
299.99998
299.99998
299.99998
299.99998
299.99997
299.99997
299.99997
299.99998
299.99999
300.00002
300.00003
300.00004
300.00004
343.76115
331.01238
318.96778
309.3602
303.40154
300.72195
299.96076
299.90365
299.96239
299.99281
299.99982
300.00028
300.00006
299.99999
299.99998
299.99998
299.99998
299.99998
299.99998
299.99998
299.99998
299.99998
299.99998
299.99998
299.99998
299.99998
299.99998
299.99998
299.99998
299.99998
299.99998
299.99997
299.99997
299.99997
299.99998
300
300.00002
300.00003
300.00004
300.00004
343.81331
331.18579
319.2411
309.6442
303.6046
300.82067
299.98989
299.90581
299.96007
299.99163
299.99956
300.00027
300.00007
299.99999
299.99998
299.99998
299.99998
299.99998
299.99998
299.99998
299.99998
299.99998
299.99998
299.99998
299.99998
299.99998
299.99998
299.99998
299.99998
299.99998
299.99997
299.99997
299.99997
299.99997
299.99998
300
300.00002
300.00003
300.00004
300.00004
343.86226
331.35046
319.50357
309.92089
303.80637
300.9217
300.0214
299.90907
299.95797
299.99043
299.99927
300.00024
300.00008
299.99999
299.99998
299.99998
299.99998
299.99998
299.99998
299.99998
299.99998
299.99998
299.99998
299.99998
299.99998
299.99998
299.99998
299.99998
299.99998
299.99998
299.99997
299.99997
299.99997
299.99997
299.99998
300
300.00002
300.00003
300.00004
300.00004
343.90796
331.50644
319.75531
310.19015
304.00654
301.02475
300.05521
299.91346
299.95613
299.9892
299.99894
300.00021
300.00009
300
299.99998
299.99998
299.99998
299.99998
299.99998
299.99998
299.99998
299.99998
299.99998
299.99998
299.99998
299.99998
299.99998
299.99998
299.99998
299.99998
299.99997
299.99997
299.99997
299.99997
299.99998
300
300.00002
300.00003
300.00004
300.00005
343.95037
331.65372
319.99642
310.45186
304.20477
301.12955
300.09123
299.91899
299.95458
299.98796
299.99858
300.00017
300.00009
300
299.99998
299.99998
299.99998
299.99998
299.99998
299.99998
299.99998
299.99998
299.99998
299.99998
299.99998
299.99998
299.99998
299.99998
299.99998
299.99998
299.99997
299.99997
299.99997
299.99997
299.99998
300
300.00002
300.00003
300.00004
300.00005
343.98945
331.79223
320.22691
310.70591
304.40074
301.23581
300.12935
299.92568
299.95335
299.98674
299.99819
300.00011
300.0001
300
299.99998
299.99998
299.99998
299.99998
299.99998
299.99998
299.99998
299.99998
299.99998
299.99998
299.99998
299.99998
299.99998
299.99998
299.99998
299.99998
299.99997
299.99997
299.99997
299.99997
299.99998
300
300.00002
300.00003
300.00004
300.00005
344.02512
331.92188
320.44677
310.95213
304.59415
301.34327
300.16945
299.93354
299.95247
299.98553
299.99777
300.00004
300.0001
300.00001
299.99998
299.99998
299.99998
299.99998
299.99998
299.99998
299.99998
299.99998
299.99998
299.99998
299.99998
299.99998
299.99998
299.99998
299.99998
299.99997
299.99997
299.99997
299.99997
299.99997
299.99998
300
300.00002
300.00003
300.00004
300.00005
344.05733
332.04249
320.65592
311.19036
304.78469
301.45164
300.21142
299.94256
299.95196
299.98436
299.99733
299.99996
300.00009
300.00001
299.99998
299.99998
299.99998
299.99998
299.99998
299.99998
299.99998
299.99998
299.99998
299.99998
299.99998
299.99998
299.99998
299.99998
299.99998
299.99997
299.99997
299.99997
299.99997
299.99997
299.99998
300
300.00002
300.00003
300.00004
300.00005
344.08601
332.15389
320.85423
311.42042
304.97204
301.56065
300.25513
299.95274
299.95186
299.98324
299.99687
299.99986
300.00009
300.00001
299.99998
299.99998
299.99998
299.99998
299.99998
299.99998
299.99998
299.99998
299.99998
299.99998
299.99998
299.99998
299.99998
299.99998
299.99998
299.99997
299.99997
299.99997
299.99997
299.99997
299.99998
300
300.00002
300.00003
300.00004
300.00005
344.11115
332.25586
321.04151
311.64209
305.15591
301.67002
300.30044
299.96406
299.95218
299.98218
299.99639
299.99976
300.00008
300.00001
299.99998
299.99998
299.99998
299.99998
299.99998
299.99998
299.99998
299.99998
299.99998
299.99998
299.99998
299.99998
299.99998
299.99998
299.99997
299.99997
299.99997
299.99997
299.99997
299.99997
299.99998
300
300.00002
300.00003
300.00004
300.00005
344.13271
332.34818
321.21752
311.85513
305.33597
301.77947
300.34723
299.97649
299.95294
299.98121
299.99589
299.99964
300.00007
300.00002
299.99998
299.99998
299.99998
299.99998
299.99998
299.99998
299.99998
299.99998
299.99998
299.99998
299.99998
299.99998
299.99998
299.99998
299.99997
299.99997
299.99997
299.99997
299.99997
299.99997
299.99998
300
300.00002
300.00004
300.00005
300.00006
344.15073
332.43066
321.382
312.05927
305.5119
301.88872
300.39533
299.99002
299.95416
299.98033
299.99539
299.9995
300.00005
300.00002
299.99998
299.99998
299.99998
299.99998
299.99998
299.99998
299.99998
299.99998
299.99998
299.99998
299.99998
299.99998
299.99998
299.99998
299.99997
299.99997
299.99997
299.99997
299.99997
299.99997
299.99998
300
300.00002
300.00004
300.00005
300.00006
344.16528
332.50314
321.53465
312.25421
305.68339
301.9975
300.4446
300.00461
299.95585
299.97955
299.99489
299.99936
300.00003
300.00002
299.99999
299.99998
299.99998
299.99998
299.99998
299.99998
299.99998
299.99998
299.99998
299.99998
299.99998
299.99998
299.99998
299.99997
299.99997
299.99997
299.99997
299.99997
299.99997
299.99997
299.99999
300
300.00002
300.00004
300.00005
300.00006
344.17646
332.56554
321.67516
312.43963
305.8501
302.10551
300.49489
300.02021
299.95802
299.9789
299.99438
299.9992
300.00001
300.00002
299.99999
299.99998
299.99998
299.99998
299.99998
299.99998
299.99998
299.99998
299.99998
299.99998
299.99998
299.99998
299.99998
299.99997
299.99997
299.99997
299.99997
299.99997
299.99997
299.99997
299.99999
300
300.00002
300.00004
300.00005
300.00006
344.18446
332.61791
321.80322
312.61519
306.0117
302.21247
300.54603
300.03678
299.96068
299.97837
299.99389
299.99904
299.99998
300.00002
299.99999
299.99998
299.99998
299.99998
299.99998
299.99998
299.99998
299.99998
299.99998
299.99998
299.99998
299.99998
299.99998
299.99997
299.99997
299.99997
299.99997
299.99997
299.99997
299.99997
299.99999
300
300.00002
300.00004
300.00005
300.00006
344.18952
332.66041
321.91859
312.78054
306.16783
302.3181
300.59786
300.05427
299.96383
299.978
299.99341
299.99887
299.99994
300.00001
299.99999
299.99998
299.99998
299.99998
299.99998
299.99998
299.99998
299.99998
299.99998
299.99998
299.99998
299.99998
299.99997
299.99997
299.99997
299.99997
299.99997
299.99997
299.99997
299.99997
299.99999
300.00001
300.00002
300.00004
300.00005
300.00006
344.19191
332.69337
322.02109
312.93533
306.31816
302.42212
300.6502
300.07262
299.96747
299.97777
299.99294
299.99869
299.9999
300.00001
299.99999
299.99998
299.99998
299.99998
299.99998
299.99998
299.99998
299.99998
299.99998
299.99998
299.99998
299.99998
299.99997
299.99997
299.99997
299.99997
299.99997
299.99997
299.99997
299.99997
299.99999
300.00001
300.00002
300.00004
300.00005
300.00006
344.19199
332.71732
322.11064
313.07922
306.46234
302.52423
300.70289
300.09176
299.97159
299.97771
299.9925
299.9985
299.99986
300.00001
299.99999
299.99998
299.99998
299.99998
299.99998
299.99998
299.99998
299.99998
299.99998
299.99998
299.99998
299.99997
299.99997
299.99997
299.99997
299.99997
299.99997
299.99997
299.99997
299.99997
299.99999
300.00001
300.00002
300.00004
300.00005
300.00006
344.19011
332.73293
322.18733
313.21195
306.60003
302.62417
300.75576
300.11164
299.9762
299.97783
299.99209
299.99831
299.99981
300
299.99999
299.99998
299.99997
299.99997
299.99998
299.99998
299.99998
299.99998
299.99998
299.99998
299.99997
299.99997
299.99997
299.99997
299.99997
299.99997
299.99997
299.99997
299.99997
299.99997
299.99999
300.00001
300.00003
300.00004
300.00005
300.00007
344.18668
332.74108
322.25142
313.33328
306.73093
302.72165
300.80862
300.13219
299.98127
299.97812
299.99172
299.99812
299.99976
299.99999
299.99999
299.99998
299.99997
299.99997
299.99997
299.99998
299.99998
299.99998
299.99998
299.99997
299.99997
299.99997
299.99997
299.99997
299.99997
299.99997
299.99997
299.99997
299.99997
299.99998
299.99999
300.00001
300.00003
300.00004
300.00006
300.00007
344.18209
332.74278
322.30337
313.4431
306.85475
302.81642
300.86131
300.15332
299.9868
299.9786
299.99138
299.99792
299.99971
299.99998
299.99999
299.99998
299.99997
299.99997
299.99997
299.99997
299.99997
299.99997
299.99997
299.99997
299.99997
299.99997
299.99997
299.99997
299.99997
299.99997
299.99997
299.99997
299.99997
299.99998
299.99999
300.00001
300.00003
300.00004
300.00006
300.00007
344.17673
332.73914
322.34387
313.54141
306.97125
302.90823
300.91366
300.17496
299.99277
299.97926
299.99109
299.99773
299.99965
299.99997
299.99999
299.99998
299.99997
299.99997
299.99997
299.99997
299.99997
299.99997
299.99997
299.99997
299.99997
299.99997
299.99997
299.99997
299.99997
299.99997
299.99997
299.99997
299.99997
299.99998
299.99999
300.00001
300.00003
300.00004
300.00006
300.00007
344.17097
332.73133
322.37382
313.62837
307.08024
302.99686
300.96551
300.19703
299.99916
299.98012
299.99085
299.99754
299.99959
299.99996
299.99999
299.99998
299.99997
299.99997
299.99997
299.99997
299.99997
299.99997
299.99997
299.99997
299.99997
299.99997
299.99997
299.99997
299.99997
299.99997
299.99997
299.99997
299.99997
299.99998
299.99999
300.00001
300.00003
300.00004
300.00006
300.00007
344.16511
332.72053
322.39436
313.70427
307.18164
303.08211
301.01671
300.21946
300.00595
299.98117
299.99066
299.99736
299.99952
299.99995
299.99998
299.99998
299.99997
299.99997
299.99997
299.99997
299.99997
299.99997
299.99997
299.99997
299.99997
299.99997
299.99997
299.99997
299.99997
299.99997
299.99997
299.99997
299.99997
299.99998
299.99999
300.00001
300.00003
300.00004
300.00006
300.00007
344.15941
332.70789
322.40677
313.76964
307.27541
303.16381
301.0671
300.24217
300.01311
299.98242
299.99054
299.99718
299.99945
299.99993
299.99998
299.99998
299.99997
299.99997
299.99997
299.99997
299.99997
299.99997
299.99997
299.99997
299.99997
299.99997
299.99997
299.99997
299.99997
299.99997
299.99997
299.99997
299.99997
299.99998
299.99999
300.00001
300.00003
300.00005
300.00006
300.00007
344.15406
332.69444
322.41249
313.82514
307.36164
303.24185
301.11656
300.26509
300.02063
299.98386
299.99047
299.99701
299.99939
299.99991
299.99998
299.99998
299.99997
299.99997
299.99997
299.99997
299.99997
299.99997
299.99997
299.99997
299.99997
299.99997
299.99997
299.99997
299.99997
299.99997
299.99997
299.99997
299.99997
299.99998
299.99999
300.00001
300.00003
300.00005
300.00006
300.00007
344.14918
332.68107
322.41302
313.87162
307.4405
303.31614
301.16497
300.28813
300.02847
299.98548
299.99046
299.99685
299.99932
299.9999
299.99998
299.99998
299.99997
299.99997
299.99997
299.99997
299.99997
299.99997
299.99997
299.99997
299.99997
299.99997
299.99997
299.99997
299.99997
299.99997
299.99997
299.99997
299.99997
299.99998
299.99999
300.00001
300.00003
300.00005
300.00006
300.00007
344.14483
332.66851
322.40988
313.91011
307.5123
303.38665
301.21223
300.31123
300.0366
299.98729
299.99052
299.99671
299.99924
299.99988
299.99997
299.99998
299.99997
299.99997
299.99997
299.99997
299.99997
299.99997
299.99997
299.99997
299.99997
299.99997
299.99997
299.99997
299.99997
299.99997
299.99997
299.99997
299.99997
299.99998
299.99999
300.00001
300.00003
300.00005
300.00006
300.00007
344.14099
332.65725
322.40452
313.94172
307.57745
303.45341
301.25826
300.33433
300.045
299.98928
299.99065
299.99658
299.99917
299.99986
299.99997
299.99997
299.99997
299.99997
299.99997
299.99997
299.99997
299.99997
299.99997
299.99997
299.99997
299.99997
299.99997
299.99997
299.99997
299.99997
299.99997
299.99997
299.99997
299.99998
299.99999
300.00001
300.00003
300.00005
300.00006
300.00007
344.13758
332.64758
322.39827
313.96767
307.63642
303.51648
301.303
300.35736
300.05364
299.99145
299.99085
299.99646
299.9991
299.99983
299.99996
299.99997
299.99997
299.99997
299.99997
299.99997
299.99997
299.99997
299.99997
299.99997
299.99997
299.99997
299.99997
299.99997
299.99997
299.99997
299.99997
299.99997
299.99997
299.99998
299.99999
300.00001
300.00003
300.00005
300.00006
300.00008
344.13447
332.63955
322.39223
313.98917
307.68982
303.57599
301.34642
300.38027
300.0625
299.99378
299.99112
299.99637
299.99904
299.99981
299.99996
299.99997
299.99997
299.99997
299.99997
299.99997
299.99997
299.99997
299.99997
299.99997
299.99997
299.99997
299.99997
299.99997
299.99997
299.99997
299.99996
299.99997
299.99997
299.99998
299.99999
300.00001
300.00003
300.00005
300.00007
300.00008
344.13151
332.63302
322.38727
314.00744
307.73827
303.63211
301.38849
300.40301
300.07154
299.99627
299.99145
299.99629
299.99897
299.99979
299.99995
299.99997
299.99997
299.99997
299.99997
299.99997
299.99997
299.99997
299.99997
299.99997
299.99997
299.99997
299.99997
299.99997
299.99997
299.99997
299.99996
299.99996
299.99997
299.99998
299.99999
300.00001
300.00003
300.00005
300.00007
300.00008
344.12852
332.62764
322.38393
314.02358
307.78247
303.68505
301.42921
300.42555
300.08074
299.99892
299.99186
299.99623
299.9989
299.99976
299.99995
299.99997
299.99997
299.99997
299.99997
299.99997
299.99997
299.99997
299.99997
299.99997
299.99997
299.99997
299.99997
299.99997
299.99997
299.99997
299.99996
299.99996
299.99997
299.99998
299.99999
300.00001
300.00003
300.00005
300.00007
300.00008
344.1253
332.62293
322.38245
314.03854
307.82309
303.73503
301.4686
300.44784
300.09008
300.00171
299.99234
299.99619
299.99884
299.99974
299.99994
299.99997
299.99997
299.99997
299.99997
299.99997
299.99997
299.99997
299.99997
299.99997
299.99997
299.99997
299.99997
299.99997
299.99997
299.99996
299.99996
299.99996
299.99997
299.99998
299.99999
300.00001
300.00003
300.00005
300.00007
300.00008
344.12168
332.6183
322.38275
314.0531
307.8608
303.78233
301.50669
300.46987
300.09953
300.00463
299.99288
299.99617
299.99879
299.99971
299.99993
299.99997
299.99997
299.99997
299.99997
299.99997
299.99997
299.99997
299.99997
299.99997
299.99997
299.99997
299.99997
299.99997
299.99997
299.99996
299.99996
299.99996
299.99997
299.99998
299.99999
300.00001
300.00003
300.00005
300.00007
300.00008
344.11752
332.61312
322.38445
314.06779
307.8962
303.8272
301.54354
300.4916
300.10907
300.00769
299.9935
299.99618
299.99873
299.99969
299.99993
299.99997
299.99997
299.99997
299.99997
299.99997
299.99997
299.99997
299.99997
299.99997
299.99997
299.99997
299.99997
299.99997
299.99996
299.99996
299.99996
299.99996
299.99997
299.99998
299.99999
300.00001
300.00003
300.00005
300.00007
300.00008
344.11269
332.60677
322.38691
314.08289
307.92981
303.86991
301.57918
300.51303
300.11869
300.01086
299.99418
299.99621
299.99868
299.99966
299.99992
299.99996
299.99997
299.99997
299.99997
299.99997
299.99997
299.99997
299.99997
299.99997
299.99997
299.99997
299.99997
299.99997
299.99996
299.99996
299.99996
299.99996
299.99997
299.99998
299.99999
300.00001
300.00003
300.00005
300.00007
300.00008
344.10713
332.59869
322.38933
314.09841
307.96204
303.9107
301.61368
300.53413
300.12836
300.01414
299.99492
299.99626
299.99864
299.99964
299.99991
299.99996
299.99997
299.99997
299.99997
299.99997
299.99997
299.99997
299.99997
299.99997
299.99997
299.99997
299.99997
299.99996
299.99996
299.99996
299.99996
299.99996
299.99997
299.99998
299.99999
300.00001
300.00003
300.00005
300.00007
300.00008
344.10081
332.58841
322.39077
314.11414
307.99318
303.9498
301.6471
300.5549
300.13806
300.01752
299.99573
299.99633
299.9986
299.99962
299.9999
299.99996
299.99997
299.99997
299.99997
299.99997
299.99997
299.99997
299.99997
299.99997
299.99997
299.99997
299.99997
299.99996
299.99996
299.99996
299.99996
299.99996
299.99997
299.99998
299.99999
300.00001
300.00003
300.00005
300.00007
300.00008
344.09374
332.57559
322.39028
314.12961
308.02337
303.98737
301.67949
300.57532
300.14779
300.021
299.9966
299.99643
299.99857
299.99959
299.99989
299.99996
299.99997
299.99997
299.99997
299.99997
299.99997
299.99997
299.99997
299.99997
299.99997
299.99997
299.99996
299.99996
299.99996
299.99996
299.99996
299.99996
299.99997
299.99998
299.99999
300.00001
300.00003
300.00005
300.00007
300.00008
344.08599
332.56006
322.38695
314.14421
308.05263
304.02356
301.71089
300.5954
300.15752
300.02457
299.99753
299.99656
299.99854
299.99957
299.99989
299.99995
299.99996
299.99997
299.99997
299.99997
299.99997
299.99997
299.99997
299.99997
299.99997
299.99996
299.99996
299.99996
299.99996
299.99996
299.99996
299.99996
299.99997
299.99998
299.99999
300.00001
300.00003
300.00005
300.00007
300.00008
344.07766
332.5418
322.38001
314.15719
308.08081
304.05846
301.74137
300.61512
300.16723
300.02821
299.99851
299.99671
299.99853
299.99955
299.99988
299.99995
299.99996
299.99996
299.99996
299.99997
299.99997
299.99997
299.99996
299.99996
299.99996
299.99996
299.99996
299.99996
299.99996
299.99996
299.99996
299.99996
299.99997
299.99998
299.99999
300.00001
300.00003
300.00006
300.00007
300.00008
344.06886
332.52092
322.36886
314.16773
308.10768
304.09211
301.77095
300.63448
300.17693
300.03193
299.99956
299.99688
299.99851
299.99953
299.99987
299.99995
299.99996
299.99996
299.99996
299.99996
299.99996
299.99996
299.99996
299.99996
299.99996
299.99996
299.99996
299.99996
299.99996
299.99996
299.99996
299.99996
299.99997
299.99998
299.99999
300.00001
300.00003
300.00006
300.00007
300.00008
344.05973
332.49768
322.35311
314.17505
308.13286
304.12449
301.79966
300.65349
300.18658
300.0357
300.00065
299.99707
299.99851
299.99951
299.99986
299.99995
299.99996
299.99996
299.99996
299.99996
299.99996
299.99996
299.99996
299.99996
299.99996
299.99996
299.99996
299.99996
299.99996
299.99996
299.99996
299.99996
299.99997
299.99998
299.99999
300.00001
300.00003
300.00006
300.00007
300.00008
344.05043
332.47244
322.33265
314.17844
308.15592
304.15551
301.82752
300.67214
300.1962
300.03953
300.00179
299.99729
299.99851
299.99949
299.99985
299.99994
299.99996
299.99996
299.99996
299.99996
299.99996
299.99996
299.99996
299.99996
299.99996
299.99996
299.99996
299.99996
299.99996
299.99996
299.99996
299.99996
299.99997
299.99998
299.99999
300.00001
300.00003
300.00006
300.00007
300.00008
344.0411
332.44561
322.30754
314.17733
308.17639
304.18502
301.85451
300.69043
300.20576
300.04341
300.00298
299.99753
299.99852
299.99947
299.99984
299.99994
299.99996
299.99996
299.99996
299.99996
299.99996
299.99996
299.99996
299.99996
299.99996
299.99996
299.99996
299.99996
299.99996
299.99996
299.99996
299.99996
299.99996
299.99998
299.99999
300.00001
300.00003
300.00006
300.00008
300.00009
344.03188
332.41767
322.27809
314.17131
308.19378
304.21282
301.88056
300.70834
300.21524
300.04733
300.00421
299.9978
299.99854
299.99946
299.99983
299.99994
299.99996
299.99996
299.99996
299.99996
299.99996
299.99996
299.99996
299.99996
299.99996
299.99996
299.99996
299.99996
299.99996
299.99996
299.99996
299.99996
299.99996
299.99997
299.99999
300.00001
300.00003
300.00006
300.00008
300.00009
344.02289
332.38909
322.24474
314.16019
308.20766
304.23866
301.9056
300.72583
300.22465
300.05127
300.00547
299.99808
299.99856
299.99944
299.99982
299.99993
299.99996
299.99996
299.99996
299.99996
299.99996
299.99996
299.99996
299.99996
299.99996
299.99996
299.99996
299.99996
299.99996
299.99996
299.99996
299.99996
299.99996
299.99997
299.99999
300.00001
300.00003
300.00006
300.00008
300.00009
344.01426
332.36032
322.20804
314.14396
308.21772
304.26229
301.92949
300.74285
300.23394
300.05524
300.00679
299.99839
299.9986
299.99943
299.99981
299.99993
299.99995
299.99996
299.99996
299.99996
299.99996
299.99996
299.99996
299.99996
299.99996
299.99996
299.99996
299.99996
299.99996
299.99996
299.99996
299.99996
299.99996
299.99997
299.99999
300.00001
300.00003
300.00006
300.00008
300.00009
344.00607
332.33179
322.16861
314.12278
308.22376
304.28349
301.95211
300.75932
300.24309
300.05923
300.00814
299.99873
299.99864
299.99943
299.99981
299.99993
299.99995
299.99996
299.99996
299.99996
299.99996
299.99996
299.99996
299.99996
299.99996
299.99996
299.99996
299.99996
299.99996
299.99996
299.99996
299.99996
299.99996
299.99997
299.99999
300.00001
300.00003
300.00006
300.00008
300.00009
343.99839
332.30388
322.12708
314.09692
308.22575
304.30217
301.97335
300.77518
300.25205
300.06321
300.00953
299.99909
299.9987
299.99942
299.9998
299.99992
299.99995
299.99996
299.99996
299.99996
299.99996
299.99996
299.99996
299.99996
299.99996
299.99996
299.99996
299.99996
299.99996
299.99996
299.99996
299.99996
299.99996
299.99997
299.99999
300.00001
300.00003
300.00006
300.00008
300.00009
343.99128
332.27691
322.08403
314.06669
308.22377
304.31833
301.99319
300.79039
300.26082
300.06719
300.01095
299.99948
299.99877
299.99942
299.9998
299.99992
299.99995
299.99996
299.99996
299.99996
299.99996
299.99996
299.99996
299.99996
299.99996
299.99996
299.99996
299.99996
299.99996
299.99996
299.99996
299.99996
299.99996
299.99997
299.99999
300.00001
300.00003
300.00006
300.00008
300.00009
343.98477
332.25115
322.04004
314.03241
308.21795
304.33211
302.01174
300.80498
300.26937
300.07114
300.01241
299.9999
299.99886
299.99943
299.99979
299.99992
299.99995
299.99996
299.99996
299.99996
299.99996
299.99996
299.99996
299.99996
299.99996
299.99996
299.99996
299.99996
299.99996
299.99996
299.99996
299.99996
299.99996
299.99997
299.99999
300.00001
300.00003
300.00006
300.00008
300.00009
343.9789
332.22684
321.99563
313.99431
308.20834
304.34372
302.02921
300.81907
300.27775
300.07507
300.01388
300.00033
299.99894
299.99943
299.99979
299.99991
299.99995
299.99996
299.99996
299.99996
299.99996
299.99996
299.99996
299.99996
299.99996
299.99996
299.99996
299.99996
299.99995
299.99995
299.99995
299.99996
299.99996
299.99997
299.99999
300.00001
300.00003
300.00006
300.00008
300.00009
343.97365
332.20411
321.9513
313.95277
308.19514
304.35344
302.04587
300.83281
300.28598
300.07896
300.01535
300.00076
299.99903
299.99944
299.99978
299.99991
299.99995
299.99995
299.99995
299.99995
299.99995
299.99995
299.99995
299.99995
299.99995
299.99995
299.99995
299.99995
299.99995
299.99995
299.99995
299.99996
299.99996
299.99997
299.99999
300.00001
300.00003
300.00006
300.00008
300.00009
343.96908
332.18315
321.90711
313.90683
308.17693
304.36089
302.06224
300.84683
300.29447
300.08298
300.01686
300.0012
299.99912
299.99944
299.99977
299.9999
299.99994
299.99995
299.99995
299.99995
299.99995
299.99995
299.99995
299.99995
299.99995
299.99995
299.99995
299.99995
299.99995
299.99995
299.99995
299.99995
299.99996
299.99997
299.99999
300.00001
300.00003
300.00006
300.00008
300.00009
343.96496
332.16436
321.86679
313.86341
308.15898
304.36723
302.0769
300.85926
300.3019
300.08646
300.01816
300.00157
299.99919
299.99944
299.99976
299.9999
299.99994
299.99994
299.99995
299.99995
299.99995
299.99994
299.99994
299.99995
299.99995
299.99995
299.99995
299.99995
299.99995
299.99995
299.99995
299.99995
299.99996
299.99997
299.99998
300
300.00003
300.00006
300.00008
300.00009
343.9615
332.14176
321.80691
313.7842
308.11303
304.36783
302.09962
300.88159
300.31582
300.09292
300.02045
300.00215
299.99926
299.99941
299.99974
299.99988
299.99992
299.99993
299.99993
299.99993
299.99993
299.99993
299.99993
299.99993
299.99993
299.99993
299.99993
299.99994
299.99994
299.99994
299.99994
299.99995
299.99995
299.99996
299.99998
300
300.00003
300.00007
300.00008
300.00009
)
;

boundaryField
{
    wall
    {
        type            fixedValue;
        value           uniform 350;
    }
    sides
    {
        type            zeroGradient;
    }
    frontAndBack
    {
        type            empty;
    }
    inlet
    {
        type            fixedValue;
        value           uniform 300;
    }
    outlet
    {
        type            zeroGradient;
    }
}


// ************************************************************************* //
