/*--------------------------------*- C++ -*----------------------------------*\
  =========                 |
  \\      /  F ield         | OpenFOAM: The Open Source CFD Toolbox
   \\    /   O peration     | Website:  https://openfoam.org
    \\  /    A nd           | Version:  10
     \\/     M anipulation  |
\*---------------------------------------------------------------------------*/
FoamFile
{
    format      ascii;
    class       volScalarField;
    location    "0.2";
    object      T_0;
}
// * * * * * * * * * * * * * * * * * * * * * * * * * * * * * * * * * * * * * //

dimensions      [0 0 0 1 0 0 0];

internalField   nonuniform List<scalar> 
4000
(
303.10136
299.3429
299.99042
300.00082
299.99993
300
300
300
300
300
300
300
300
300
300
300
300
300
300
300
300
300
300
300
300
300
300
300
300
300
300
300
300
300
300
300
300
300
300
300.00001
309.66347
298.49296
299.77921
300.00184
300.0008
299.99999
300
300
300
300
300
300
300
300
300
300
300
300
300
300
300
300
300
300
300
300
300
300
300
300
300
300
300
300
300
300
300
300
299.99999
300.00002
316.00429
298.68456
299.39219
299.97569
300.00406
300.00025
299.99999
300
300
300
300
300
300
300
300
300
300
300
300
300
300
300
300
300
300
300
300
300
300
300
300
300
300
300
300
300
300
299.99999
299.99999
300.00002
321.74236
299.84592
298.98477
299.8949
300.00716
300.00138
300
299.99999
300
300
300
300
300
300
300
300
300
300
300
300
300
300
300
300
300
300
300
300
300
300
300
300
300
300
300
300
299.99999
299.99999
299.99999
300.00003
326.67119
301.70053
298.70997
299.75311
300.00322
300.00379
300.00017
299.99998
300
300
300
300
300
300
300
300
300
300
300
300
300
300
300
300
300
300
300
300
300
300
300
300
300
300
299.99999
299.99999
299.99999
299.99998
299.99999
300.00004
330.68516
303.9481
298.66324
299.56828
299.98426
300.00696
300.00071
299.99996
299.99999
300
300
300
300
300
300
300
300
300
300
300
300
300
300
300
300
300
300
300
300
300
300
300
300
299.99999
299.99999
299.99999
299.99999
299.99998
300
300.00004
333.77451
306.3309
298.87087
299.37366
299.94516
300.00937
300.0018
300
299.99998
299.99999
300
300
300
300
300
300
300
300
300
300
300
300
300
300
300
300
300
300
300
300
300
300
299.99999
299.99999
299.99999
299.99999
299.99998
299.99998
300
300.00004
336.022
308.66441
299.30776
299.20378
299.88576
300.00889
300.00345
300.00014
299.99996
299.99999
300
300
300
300
300
300
300
300
300
300
300
300
300
300
300
300
300
300
300
300
300
299.99999
299.99999
299.99999
299.99999
299.99999
299.99998
299.99998
300.00001
300.00004
337.57419
310.83779
299.92418
299.08457
299.81047
300.00351
300.00541
300.00045
299.99995
299.99999
299.99999
300
300
300
300
300
300
300
300
300
300
300
300
300
300
300
300
300
300
300
299.99999
299.99999
299.99999
299.99999
299.99999
299.99998
299.99998
299.99998
300.00001
300.00004
338.60241
312.79829
300.66559
299.03052
299.7263
299.99191
300.00724
300.00099
299.99996
299.99998
299.99999
299.99999
300
300
300
300
300
300
300
300
300
300
300
300
300
300
300
300
300
299.99999
299.99999
299.99999
299.99999
299.99999
299.99999
299.99998
299.99998
299.99998
300.00002
300.00004
339.26939
314.53302
301.48334
299.04601
299.64099
299.97367
300.00839
300.00175
300
299.99996
299.99999
299.99999
299.99999
300
300
300
300
300
300
300
300
300
300
300
300
300
300
300
299.99999
299.99999
299.99999
299.99999
299.99999
299.99999
299.99998
299.99998
299.99998
299.99999
300.00002
300.00004
339.70843
316.05325
302.33908
299.1284
299.56158
299.94925
300.00833
300.00267
300.00011
299.99995
299.99999
299.99999
299.99999
299.99999
300
300
300
300
300
300
300
300
300
300
300
300
300
299.99999
299.99999
299.99999
299.99999
299.99999
299.99999
299.99999
299.99998
299.99998
299.99998
299.99999
300.00002
300.00004
340.01615
317.38241
303.20515
299.27097
299.49364
299.91972
300.0066
300.00367
300.00029
299.99995
299.99998
299.99999
299.99999
299.99999
299.99999
299.99999
300
300
300
300
300
300
300
300
300
299.99999
299.99999
299.99999
299.99999
299.99999
299.99999
299.99999
299.99999
299.99999
299.99998
299.99998
299.99998
299.99999
300.00003
300.00004
340.2552
318.54801
304.06316
299.46534
299.44114
299.88656
300.00292
300.0046
300.00055
299.99995
299.99998
299.99999
299.99999
299.99999
299.99999
299.99999
299.99999
299.99999
300
300
300
300
300
299.99999
299.99999
299.99999
299.99999
299.99999
299.99999
299.99999
299.99999
299.99999
299.99999
299.99998
299.99998
299.99998
299.99998
300
300.00003
300.00004
340.46204
319.57687
304.90175
299.70294
299.40652
299.85136
299.99714
300.00533
300.00089
299.99997
299.99997
299.99999
299.99999
299.99999
299.99999
299.99999
299.99999
299.99999
299.99999
299.99999
299.99999
299.99999
299.99999
299.99999
299.99999
299.99999
299.99999
299.99999
299.99999
299.99999
299.99999
299.99999
299.99999
299.99998
299.99998
299.99997
299.99998
300
300.00003
300.00003
340.65541
320.49284
305.71455
299.97586
299.39104
299.81571
299.98927
300.00573
300.00129
300.00001
299.99996
299.99999
299.99999
299.99999
299.99999
299.99999
299.99999
299.99999
299.99999
299.99999
299.99999
299.99999
299.99999
299.99999
299.99999
299.99999
299.99999
299.99999
299.99999
299.99999
299.99999
299.99999
299.99999
299.99998
299.99998
299.99997
299.99998
300
300.00003
300.00003
340.84335
321.31594
306.49846
300.27714
299.39506
299.78108
299.97946
300.00566
300.00172
300.00008
299.99996
299.99998
299.99999
299.99999
299.99999
299.99999
299.99999
299.99999
299.99999
299.99999
299.99999
299.99999
299.99999
299.99999
299.99999
299.99999
299.99999
299.99999
299.99999
299.99999
299.99999
299.99999
299.99998
299.99998
299.99998
299.99997
299.99998
300
300.00003
300.00003
341.02817
322.0624
307.25245
300.60089
299.41829
299.74876
299.96793
300.00503
300.00216
300.00018
299.99996
299.99998
299.99999
299.99999
299.99999
299.99999
299.99999
299.99999
299.99999
299.99999
299.99999
299.99999
299.99999
299.99999
299.99999
299.99999
299.99999
299.99999
299.99999
299.99999
299.99999
299.99999
299.99998
299.99998
299.99998
299.99997
299.99998
300.00001
300.00003
300.00003
341.20954
322.74502
307.97666
300.94218
299.46007
299.71983
299.95498
300.00375
300.00257
300.0003
299.99996
299.99998
299.99999
299.99999
299.99999
299.99999
299.99999
299.99999
299.99999
299.99999
299.99999
299.99999
299.99999
299.99999
299.99999
299.99999
299.99999
299.99999
299.99999
299.99999
299.99999
299.99998
299.99998
299.99998
299.99998
299.99997
299.99998
300.00001
300.00003
300.00003
341.38621
323.3738
308.67189
301.29692
299.51944
299.69521
299.94096
300.0018
300.00291
300.00044
299.99997
299.99998
299.99999
299.99999
299.99999
299.99999
299.99999
299.99999
299.99999
299.99999
299.99999
299.99999
299.99999
299.99999
299.99999
299.99999
299.99999
299.99999
299.99999
299.99999
299.99999
299.99998
299.99998
299.99998
299.99998
299.99997
299.99999
300.00001
300.00003
300.00003
341.55688
323.9565
309.3392
301.66174
299.59531
299.6756
299.92621
299.99913
300.00314
300.00061
299.99999
299.99997
299.99999
299.99999
299.99999
299.99999
299.99999
299.99999
299.99999
299.99999
299.99999
299.99999
299.99999
299.99999
299.99999
299.99999
299.99999
299.99999
299.99999
299.99999
299.99999
299.99998
299.99998
299.99998
299.99997
299.99998
299.99999
300.00001
300.00003
300.00003
341.72057
324.49916
309.9798
302.03381
299.68652
299.66156
299.91112
299.99578
300.00323
300.00079
300.00002
299.99997
299.99998
299.99999
299.99999
299.99999
299.99999
299.99999
299.99999
299.99999
299.99999
299.99999
299.99999
299.99999
299.99999
299.99999
299.99999
299.99999
299.99999
299.99999
299.99998
299.99998
299.99998
299.99998
299.99997
299.99998
299.99999
300.00002
300.00004
300.00003
341.87669
325.00653
310.59488
302.41081
299.79189
299.65351
299.89605
299.99175
300.00315
300.00097
300.00006
299.99997
299.99998
299.99999
299.99999
299.99999
299.99999
299.99999
299.99999
299.99999
299.99999
299.99999
299.99999
299.99999
299.99999
299.99999
299.99999
299.99999
299.99999
299.99999
299.99998
299.99998
299.99998
299.99998
299.99997
299.99998
299.99999
300.00002
300.00004
300.00003
342.02501
325.48242
311.18561
302.79076
299.91023
299.65174
299.88135
299.98711
300.00287
300.00115
300.0001
299.99997
299.99998
299.99999
299.99999
299.99999
299.99999
299.99999
299.99999
299.99999
299.99999
299.99999
299.99999
299.99999
299.99999
299.99999
299.99999
299.99999
299.99999
299.99999
299.99998
299.99998
299.99998
299.99998
299.99997
299.99998
299.99999
300.00002
300.00004
300.00003
342.16559
325.92995
311.75309
303.17202
300.04041
299.65642
299.86735
299.98191
300.00237
300.00131
300.00016
299.99998
299.99998
299.99999
299.99999
299.99999
299.99999
299.99999
299.99999
299.99999
299.99999
299.99999
299.99999
299.99999
299.99999
299.99999
299.99999
299.99999
299.99999
299.99998
299.99998
299.99998
299.99998
299.99998
299.99997
299.99998
300
300.00002
300.00004
300.00003
342.29865
326.35173
312.29837
303.5532
300.1813
299.66766
299.85436
299.97624
300.00163
300.00144
300.00022
299.99998
299.99998
299.99999
299.99999
299.99999
299.99999
299.99999
299.99999
299.99999
299.99999
299.99999
299.99999
299.99999
299.99999
299.99999
299.99999
299.99999
299.99999
299.99998
299.99998
299.99998
299.99998
299.99998
299.99997
299.99998
300
300.00002
300.00004
300.00003
342.42456
326.74999
312.82245
303.93312
300.33186
299.68546
299.84268
299.97019
300.00065
300.00154
300.00029
299.99999
299.99998
299.99998
299.99999
299.99999
299.99999
299.99999
299.99999
299.99999
299.99999
299.99999
299.99999
299.99999
299.99999
299.99999
299.99999
299.99999
299.99998
299.99998
299.99998
299.99998
299.99998
299.99997
299.99997
299.99998
300
300.00002
300.00004
300.00003
342.54374
327.12667
313.32627
304.31079
300.49108
299.70978
299.83254
299.96386
299.99941
300.00159
300.00036
300
299.99998
299.99998
299.99999
299.99999
299.99999
299.99999
299.99999
299.99999
299.99999
299.99999
299.99999
299.99999
299.99999
299.99999
299.99999
299.99999
299.99998
299.99998
299.99998
299.99998
299.99998
299.99997
299.99997
299.99998
300
300.00002
300.00004
300.00003
342.65663
327.48348
313.81071
304.68538
300.65802
299.74051
299.82418
299.95735
299.99793
300.00158
300.00043
300.00002
299.99998
299.99998
299.99999
299.99999
299.99999
299.99999
299.99999
299.99999
299.99999
299.99999
299.99999
299.99999
299.99999
299.99999
299.99999
299.99998
299.99998
299.99998
299.99998
299.99998
299.99998
299.99997
299.99997
299.99998
300
300.00003
300.00004
300.00003
342.76366
327.82194
314.27665
305.05617
300.83179
299.77751
299.8178
299.95076
299.9962
300.00151
300.0005
300.00004
299.99998
299.99998
299.99998
299.99999
299.99999
299.99999
299.99999
299.99999
299.99999
299.99999
299.99999
299.99999
299.99999
299.99999
299.99999
299.99998
299.99998
299.99998
299.99998
299.99998
299.99998
299.99997
299.99997
299.99998
300
300.00003
300.00004
300.00003
342.86523
328.14341
314.72489
305.42257
301.01155
299.82059
299.81357
299.94421
299.99425
300.00136
300.00056
300.00006
299.99998
299.99998
299.99998
299.99999
299.99999
299.99999
299.99999
299.99999
299.99999
299.99999
299.99999
299.99999
299.99999
299.99999
299.99998
299.99998
299.99998
299.99998
299.99998
299.99998
299.99998
299.99997
299.99997
299.99998
300
300.00003
300.00003
300.00003
342.96172
328.44909
315.1562
305.78409
301.19654
299.86955
299.81164
299.9378
299.99208
300.00112
300.00062
300.00008
299.99998
299.99998
299.99998
299.99998
299.99999
299.99999
299.99999
299.99999
299.99999
299.99999
299.99999
299.99999
299.99999
299.99998
299.99998
299.99998
299.99998
299.99998
299.99998
299.99998
299.99998
299.99997
299.99997
299.99998
300.00001
300.00003
300.00003
300.00003
343.05346
328.74006
315.57132
306.1403
301.38601
299.92415
299.81212
299.93164
299.98972
300.00081
300.00067
300.0001
299.99998
299.99998
299.99998
299.99998
299.99998
299.99999
299.99999
299.99999
299.99999
299.99999
299.99999
299.99999
299.99998
299.99998
299.99998
299.99998
299.99998
299.99998
299.99998
299.99998
299.99997
299.99997
299.99997
299.99999
300.00001
300.00003
300.00003
300.00003
343.14074
329.0173
315.97092
306.49086
301.5793
299.98414
299.81511
299.92582
299.9872
300.0004
300.0007
300.00013
299.99999
299.99998
299.99998
299.99998
299.99998
299.99998
299.99998
299.99999
299.99999
299.99999
299.99999
299.99998
299.99998
299.99998
299.99998
299.99998
299.99998
299.99998
299.99998
299.99998
299.99997
299.99997
299.99997
299.99999
300.00001
300.00003
300.00003
300.00003
343.22384
329.28165
316.35567
306.83547
301.77578
300.04926
299.82069
299.92046
299.98454
299.9999
300.00071
300.00016
299.99999
299.99998
299.99998
299.99998
299.99998
299.99998
299.99998
299.99998
299.99998
299.99998
299.99998
299.99998
299.99998
299.99998
299.99998
299.99998
299.99998
299.99998
299.99998
299.99998
299.99997
299.99997
299.99998
299.99999
300.00001
300.00003
300.00003
300.00003
343.30296
329.53388
316.72615
307.17389
301.97485
300.11923
299.82889
299.91564
299.98177
299.9993
300.0007
300.00018
300
299.99998
299.99998
299.99998
299.99998
299.99998
299.99998
299.99998
299.99998
299.99998
299.99998
299.99998
299.99998
299.99998
299.99998
299.99998
299.99998
299.99998
299.99998
299.99998
299.99997
299.99997
299.99998
299.99999
300.00001
300.00003
300.00003
300.00003
343.3783
329.77464
317.08293
307.50591
302.17597
300.19378
299.83977
299.91145
299.97894
299.99862
300.00067
300.00021
300.00001
299.99998
299.99998
299.99998
299.99998
299.99998
299.99998
299.99998
299.99998
299.99998
299.99998
299.99998
299.99998
299.99998
299.99998
299.99998
299.99998
299.99998
299.99998
299.99998
299.99997
299.99997
299.99998
299.99999
300.00001
300.00003
300.00003
300.00004
343.45001
330.00451
317.42651
307.83136
302.37862
300.27263
299.85332
299.90798
299.97606
299.99784
300.0006
300.00023
300.00002
299.99998
299.99998
299.99998
299.99998
299.99998
299.99998
299.99998
299.99998
299.99998
299.99998
299.99998
299.99998
299.99998
299.99998
299.99998
299.99998
299.99998
299.99998
299.99998
299.99997
299.99997
299.99998
299.99999
300.00001
300.00003
300.00003
300.00004
343.51822
330.22399
317.75736
308.15009
302.58233
300.35547
299.86956
299.9053
299.97319
299.99698
300.00051
300.00025
300.00002
299.99998
299.99998
299.99998
299.99998
299.99998
299.99998
299.99998
299.99998
299.99998
299.99998
299.99998
299.99998
299.99998
299.99998
299.99998
299.99998
299.99998
299.99998
299.99997
299.99997
299.99997
299.99998
299.99999
300.00001
300.00003
300.00003
300.00004
343.58303
330.43351
318.07589
308.46197
302.78664
300.44204
299.88845
299.90347
299.97035
299.99604
300.00039
300.00027
300.00003
299.99998
299.99998
299.99998
299.99998
299.99998
299.99998
299.99998
299.99998
299.99998
299.99998
299.99998
299.99998
299.99998
299.99998
299.99998
299.99998
299.99998
299.99998
299.99997
299.99997
299.99997
299.99998
299.99999
300.00001
300.00003
300.00004
300.00004
343.64451
330.63342
318.38247
308.76688
302.99113
300.53203
299.90997
299.90257
299.96759
299.99503
300.00024
300.00028
300.00004
299.99998
299.99998
299.99998
299.99998
299.99998
299.99998
299.99998
299.99998
299.99998
299.99998
299.99998
299.99998
299.99998
299.99998
299.99998
299.99998
299.99998
299.99998
299.99997
299.99997
299.99997
299.99998
299.99999
300.00001
300.00003
300.00004
300.00004
343.70271
330.82399
318.67743
309.06471
303.19539
300.62517
299.93408
299.90264
299.96494
299.99395
300.00005
300.00028
300.00005
299.99999
299.99998
299.99998
299.99998
299.99998
299.99998
299.99998
299.99998
299.99998
299.99998
299.99998
299.99998
299.99998
299.99998
299.99998
299.99998
299.99998
299.99998
299.99997
299.99997
299.99997
299.99998
299.99999
300.00002
300.00003
300.00004
300.00004
343.75765
331.00546
318.96103
309.35536
303.39904
300.72115
299.96071
299.90373
299.96244
299.99282
299.99982
300.00028
300.00006
299.99999
299.99998
299.99998
299.99998
299.99998
299.99998
299.99998
299.99998
299.99998
299.99998
299.99998
299.99998
299.99998
299.99998
299.99998
299.99998
299.99998
299.99998
299.99997
299.99997
299.99997
299.99998
300
300.00002
300.00003
300.00004
300.00004
343.80934
331.17796
319.2335
309.63873
303.60171
300.81971
299.98979
299.9059
299.96012
299.99165
299.99956
300.00027
300.00007
299.99999
299.99998
299.99998
299.99998
299.99998
299.99998
299.99998
299.99998
299.99998
299.99998
299.99998
299.99998
299.99998
299.99998
299.99998
299.99998
299.99998
299.99997
299.99997
299.99997
299.99997
299.99998
300
300.00002
300.00003
300.00004
300.00004
343.85776
331.34161
319.49501
309.9147
303.80306
300.92054
300.02126
299.90916
299.95803
299.99044
299.99927
300.00024
300.00008
299.99999
299.99998
299.99998
299.99998
299.99998
299.99998
299.99998
299.99998
299.99998
299.99998
299.99998
299.99998
299.99998
299.99998
299.99998
299.99998
299.99998
299.99997
299.99997
299.99997
299.99997
299.99998
300
300.00002
300.00003
300.00004
300.00004
343.90287
331.49643
319.74568
310.18317
304.00275
301.02338
300.05501
299.91354
299.9562
299.98922
299.99894
300.00021
300.00009
300
299.99998
299.99998
299.99998
299.99998
299.99998
299.99998
299.99998
299.99998
299.99998
299.99998
299.99998
299.99998
299.99998
299.99998
299.99998
299.99998
299.99997
299.99997
299.99997
299.99997
299.99998
300
300.00002
300.00003
300.00004
300.00005
343.94462
331.64241
319.98559
310.44401
304.20045
301.12793
300.09096
299.91907
299.95465
299.98799
299.99858
300.00017
300.00009
300
299.99998
299.99998
299.99998
299.99998
299.99998
299.99998
299.99998
299.99998
299.99998
299.99998
299.99998
299.99998
299.99998
299.99998
299.99998
299.99998
299.99997
299.99997
299.99997
299.99997
299.99998
300
300.00002
300.00003
300.00004
300.00005
343.98296
331.77946
320.21475
310.69707
304.39583
301.23392
300.12899
299.92576
299.95343
299.98676
299.99819
300.00011
300.00009
300
299.99998
299.99998
299.99998
299.99998
299.99998
299.99998
299.99998
299.99998
299.99998
299.99998
299.99998
299.99998
299.99998
299.99998
299.99998
299.99998
299.99997
299.99997
299.99997
299.99997
299.99998
300
300.00002
300.00003
300.00004
300.00005
344.01783
331.90746
320.43312
310.94221
304.58858
301.34106
300.16899
299.93361
299.95255
299.98556
299.99778
300.00004
300.0001
300.00001
299.99998
299.99998
299.99998
299.99998
299.99998
299.99998
299.99998
299.99998
299.99998
299.99998
299.99998
299.99998
299.99998
299.99998
299.99998
299.99997
299.99997
299.99997
299.99997
299.99997
299.99998
300
300.00002
300.00003
300.00004
300.00005
344.04916
332.02625
320.6406
311.17925
304.77838
301.44908
300.21084
299.94261
299.95206
299.9844
299.99734
299.99996
300.00009
300.00001
299.99998
299.99998
299.99998
299.99998
299.99998
299.99998
299.99998
299.99998
299.99998
299.99998
299.99998
299.99998
299.99998
299.99998
299.99998
299.99997
299.99997
299.99997
299.99997
299.99997
299.99998
300
300.00002
300.00003
300.00004
300.00005
344.0769
332.13561
320.83704
311.40797
304.96492
301.5577
300.25442
299.95277
299.95196
299.98328
299.99688
299.99986
300.00009
300.00001
299.99998
299.99998
299.99998
299.99998
299.99998
299.99998
299.99998
299.99998
299.99998
299.99998
299.99998
299.99998
299.99998
299.99998
299.99998
299.99997
299.99997
299.99997
299.99997
299.99997
299.99998
300
300.00002
300.00003
300.00004
300.00005
344.10103
332.23533
321.02223
311.62817
305.14788
301.66662
300.29958
299.96406
299.95229
299.98223
299.9964
299.99976
300.00008
300.00001
299.99998
299.99998
299.99998
299.99998
299.99998
299.99998
299.99998
299.99998
299.99998
299.99998
299.99998
299.99998
299.99998
299.99998
299.99997
299.99997
299.99997
299.99997
299.99997
299.99997
299.99998
300
300.00002
300.00003
300.00004
300.00005
344.12153
332.32519
321.19594
311.83957
305.32694
301.77557
300.34618
299.97646
299.95305
299.98126
299.99591
299.99964
300.00007
300.00002
299.99998
299.99998
299.99998
299.99998
299.99998
299.99998
299.99998
299.99998
299.99998
299.99998
299.99998
299.99998
299.99998
299.99998
299.99997
299.99997
299.99997
299.99997
299.99997
299.99997
299.99998
300
300.00002
300.00004
300.00005
300.00006
344.13845
332.405
321.35786
312.0419
305.50178
301.88428
300.39408
299.98995
299.95428
299.98039
299.99541
299.9995
300.00005
300.00002
299.99998
299.99998
299.99998
299.99998
299.99998
299.99998
299.99998
299.99998
299.99998
299.99998
299.99998
299.99998
299.99998
299.99998
299.99997
299.99997
299.99997
299.99997
299.99997
299.99997
299.99998
300
300.00002
300.00004
300.00005
300.00006
344.15188
332.47463
321.5077
312.23484
305.67206
301.99244
300.44312
300.00448
299.95597
299.97962
299.99491
299.99936
300.00003
300.00002
299.99999
299.99998
299.99998
299.99998
299.99998
299.99998
299.99998
299.99998
299.99998
299.99998
299.99998
299.99998
299.99998
299.99997
299.99997
299.99997
299.99997
299.99997
299.99997
299.99997
299.99999
300
300.00002
300.00004
300.00005
300.00006
344.16195
332.53402
321.64513
312.41807
305.83744
302.09977
300.49315
300.02002
299.95814
299.97897
299.99441
299.99921
300.00001
300.00002
299.99999
299.99998
299.99998
299.99998
299.99998
299.99998
299.99998
299.99998
299.99998
299.99998
299.99998
299.99998
299.99998
299.99997
299.99997
299.99997
299.99997
299.99997
299.99997
299.99997
299.99999
300
300.00002
300.00004
300.00005
300.00006
344.16887
332.58326
321.76986
312.59122
305.99758
302.206
300.544
300.03652
299.9608
299.97846
299.99392
299.99904
299.99998
300.00002
299.99999
299.99998
299.99998
299.99998
299.99998
299.99998
299.99998
299.99998
299.99998
299.99998
299.99998
299.99998
299.99998
299.99997
299.99997
299.99997
299.99997
299.99997
299.99997
299.99997
299.99999
300
300.00002
300.00004
300.00005
300.00006
344.17289
332.62258
321.88166
312.75394
306.15213
302.31081
300.5955
300.05392
299.96394
299.97809
299.99344
299.99887
299.99994
300.00001
299.99999
299.99998
299.99998
299.99998
299.99998
299.99998
299.99998
299.99998
299.99998
299.99998
299.99998
299.99998
299.99997
299.99997
299.99997
299.99997
299.99997
299.99997
299.99997
299.99997
299.99999
300.00001
300.00002
300.00004
300.00005
300.00006
344.17432
332.65238
321.98037
312.90588
306.30072
302.41394
300.64748
300.07217
299.96757
299.97787
299.99298
299.99869
299.9999
300.00001
299.99999
299.99998
299.99998
299.99998
299.99998
299.99998
299.99998
299.99998
299.99998
299.99998
299.99998
299.99997
299.99997
299.99997
299.99997
299.99997
299.99997
299.99997
299.99997
299.99997
299.99999
300.00001
300.00002
300.00004
300.00005
300.00006
344.17354
332.67324
322.06597
313.04671
306.44303
302.51509
300.69978
300.0912
299.97168
299.97782
299.99254
299.99851
299.99986
300.00001
299.99999
299.99998
299.99998
299.99998
299.99998
299.99998
299.99998
299.99998
299.99998
299.99998
299.99998
299.99997
299.99997
299.99997
299.99997
299.99997
299.99997
299.99997
299.99997
299.99997
299.99999
300.00001
300.00002
300.00004
300.00005
300.00006
344.17092
332.68595
322.13861
313.17618
306.57871
302.61398
300.7522
300.11095
299.97627
299.97794
299.99214
299.99832
299.99981
300
299.99999
299.99998
299.99997
299.99997
299.99998
299.99998
299.99998
299.99998
299.99998
299.99998
299.99997
299.99997
299.99997
299.99997
299.99997
299.99997
299.99997
299.99997
299.99997
299.99997
299.99999
300.00001
300.00003
300.00004
300.00005
300.00007
344.16688
332.69143
322.19862
313.29408
306.70745
302.71034
300.80459
300.13135
299.98132
299.97824
299.99177
299.99813
299.99976
299.99999
299.99999
299.99998
299.99997
299.99997
299.99997
299.99998
299.99998
299.99998
299.99997
299.99997
299.99997
299.99997
299.99997
299.99997
299.99997
299.99997
299.99997
299.99997
299.99997
299.99997
299.99999
300.00001
300.00003
300.00004
300.00006
300.00007
344.16182
332.69077
322.24656
313.40034
306.82899
302.80391
300.85676
300.15231
299.98682
299.97872
299.99144
299.99793
299.99971
299.99998
299.99999
299.99998
299.99997
299.99997
299.99997
299.99997
299.99997
299.99997
299.99997
299.99997
299.99997
299.99997
299.99997
299.99997
299.99997
299.99997
299.99997
299.99997
299.99997
299.99998
299.99999
300.00001
300.00003
300.00004
300.00006
300.00007
344.15613
332.68514
322.28319
313.49502
306.94309
302.89445
300.90856
300.17377
299.99276
299.97939
299.99115
299.99774
299.99965
299.99997
299.99999
299.99998
299.99997
299.99997
299.99997
299.99997
299.99997
299.99997
299.99997
299.99997
299.99997
299.99997
299.99997
299.99997
299.99997
299.99997
299.99997
299.99997
299.99997
299.99998
299.99999
300.00001
300.00003
300.00004
300.00006
300.00007
344.15015
332.67574
322.30954
313.57831
307.04961
302.98173
300.95982
300.19564
299.99911
299.98025
299.99092
299.99756
299.99959
299.99996
299.99999
299.99998
299.99997
299.99997
299.99997
299.99997
299.99997
299.99997
299.99997
299.99997
299.99997
299.99997
299.99997
299.99997
299.99997
299.99997
299.99997
299.99997
299.99997
299.99998
299.99999
300.00001
300.00003
300.00004
300.00006
300.00007
344.1442
332.66376
322.32682
313.65061
307.14846
303.06558
301.01038
300.21786
300.00584
299.9813
299.99073
299.99737
299.99952
299.99995
299.99998
299.99998
299.99997
299.99997
299.99997
299.99997
299.99997
299.99997
299.99997
299.99997
299.99997
299.99997
299.99997
299.99997
299.99997
299.99997
299.99997
299.99997
299.99997
299.99998
299.99999
300.00001
300.00003
300.00004
300.00006
300.00007
344.13849
332.65035
322.33639
313.71249
307.23967
303.14584
301.06011
300.24033
300.01295
299.98254
299.99061
299.9972
299.99946
299.99993
299.99998
299.99998
299.99997
299.99997
299.99997
299.99997
299.99997
299.99997
299.99997
299.99997
299.99997
299.99997
299.99997
299.99997
299.99997
299.99997
299.99997
299.99997
299.99997
299.99998
299.99999
300.00001
300.00003
300.00005
300.00006
300.00007
344.13321
332.6365
322.33976
313.76471
307.32334
303.2224
301.10888
300.26299
300.0204
299.98397
299.99054
299.99703
299.99939
299.99991
299.99998
299.99998
299.99997
299.99997
299.99997
299.99997
299.99997
299.99997
299.99997
299.99997
299.99997
299.99997
299.99997
299.99997
299.99997
299.99997
299.99997
299.99997
299.99997
299.99998
299.99999
300.00001
300.00003
300.00005
300.00006
300.00007
344.12845
332.62307
322.33847
313.80821
307.39971
303.2952
301.15658
300.28576
300.02816
299.98559
299.99054
299.99688
299.99932
299.9999
299.99998
299.99998
299.99997
299.99997
299.99997
299.99997
299.99997
299.99997
299.99997
299.99997
299.99997
299.99997
299.99997
299.99997
299.99997
299.99997
299.99997
299.99997
299.99997
299.99998
299.99999
300.00001
300.00003
300.00005
300.00006
300.00007
344.12422
332.61069
322.33405
313.84404
307.46911
303.36423
301.20311
300.30858
300.03622
299.98739
299.99061
299.99674
299.99925
299.99988
299.99997
299.99998
299.99997
299.99997
299.99997
299.99997
299.99997
299.99997
299.99997
299.99997
299.99997
299.99997
299.99997
299.99997
299.99997
299.99997
299.99997
299.99997
299.99997
299.99998
299.99999
300.00001
300.00003
300.00005
300.00006
300.00007
344.12049
332.5998
322.32794
313.8734
307.532
303.42952
301.2484
300.33137
300.04453
299.98937
299.99074
299.99661
299.99918
299.99986
299.99997
299.99997
299.99997
299.99997
299.99997
299.99997
299.99997
299.99997
299.99997
299.99997
299.99997
299.99997
299.99997
299.99997
299.99997
299.99997
299.99997
299.99997
299.99997
299.99998
299.99999
300.00001
300.00003
300.00005
300.00006
300.00008
344.11715
332.59059
322.32141
313.89752
307.58891
303.49116
301.2924
300.3541
300.05308
299.99151
299.99094
299.9965
299.99911
299.99984
299.99996
299.99997
299.99997
299.99997
299.99997
299.99997
299.99997
299.99997
299.99997
299.99997
299.99997
299.99997
299.99997
299.99997
299.99997
299.99997
299.99997
299.99997
299.99997
299.99998
299.99999
300.00001
300.00003
300.00005
300.00007
300.00008
344.11407
332.58302
322.31548
313.91764
307.64045
303.54931
301.33508
300.37669
300.06183
299.99383
299.9912
299.9964
299.99904
299.99981
299.99996
299.99997
299.99997
299.99997
299.99997
299.99997
299.99997
299.99997
299.99997
299.99997
299.99997
299.99997
299.99997
299.99997
299.99997
299.99997
299.99996
299.99996
299.99997
299.99998
299.99999
300.00001
300.00003
300.00005
300.00007
300.00008
344.11106
332.57686
322.31092
313.93495
307.68729
303.60414
301.37641
300.39911
300.07076
299.99629
299.99154
299.99633
299.99898
299.99979
299.99995
299.99997
299.99997
299.99997
299.99997
299.99997
299.99997
299.99997
299.99997
299.99997
299.99997
299.99997
299.99997
299.99997
299.99997
299.99997
299.99996
299.99996
299.99997
299.99998
299.99999
300.00001
300.00003
300.00005
300.00007
300.00008
344.10794
332.57169
322.30815
313.95052
307.73012
303.65588
301.41642
300.42132
300.07984
299.99891
299.99195
299.99627
299.99892
299.99977
299.99995
299.99997
299.99997
299.99997
299.99997
299.99997
299.99997
299.99997
299.99997
299.99997
299.99997
299.99997
299.99997
299.99997
299.99997
299.99997
299.99996
299.99996
299.99997
299.99998
299.99999
300.00001
300.00003
300.00005
300.00007
300.00008
344.10452
332.56697
322.30728
313.96525
307.76963
303.70476
301.45511
300.44328
300.08906
300.00167
299.99242
299.99623
299.99886
299.99974
299.99994
299.99997
299.99997
299.99997
299.99997
299.99997
299.99997
299.99997
299.99997
299.99997
299.99997
299.99997
299.99997
299.99997
299.99997
299.99996
299.99996
299.99996
299.99997
299.99998
299.99999
300.00001
300.00003
300.00005
300.00007
300.00008
344.10063
332.56207
322.3081
313.97981
307.80646
303.75106
301.49254
300.46497
300.09838
300.00456
299.99296
299.99622
299.9988
299.99972
299.99993
299.99997
299.99997
299.99997
299.99997
299.99997
299.99997
299.99997
299.99997
299.99997
299.99997
299.99997
299.99997
299.99997
299.99997
299.99996
299.99996
299.99996
299.99997
299.99998
299.99999
300.00001
300.00003
300.00005
300.00007
300.00008
344.09614
332.55636
322.31011
313.99466
307.84119
303.79504
301.52874
300.48637
300.1078
300.00757
299.99357
299.99622
299.99875
299.99969
299.99993
299.99997
299.99997
299.99997
299.99997
299.99997
299.99997
299.99997
299.99997
299.99997
299.99997
299.99997
299.99997
299.99997
299.99996
299.99996
299.99996
299.99996
299.99997
299.99998
299.99999
300.00001
300.00003
300.00005
300.00007
300.00008
344.09094
332.5492
322.31259
314.00996
307.8743
303.83696
301.56377
300.50747
300.11728
300.0107
299.99424
299.99625
299.9987
299.99967
299.99992
299.99996
299.99997
299.99997
299.99997
299.99997
299.99997
299.99997
299.99997
299.99997
299.99997
299.99997
299.99997
299.99997
299.99996
299.99996
299.99996
299.99996
299.99997
299.99998
299.99999
300.00001
300.00003
300.00005
300.00007
300.00008
344.08497
332.54008
322.31463
314.02563
307.90615
303.87705
301.59769
300.52824
300.1268
300.01394
299.99498
299.9963
299.99866
299.99964
299.99991
299.99996
299.99997
299.99997
299.99997
299.99997
299.99997
299.99997
299.99997
299.99997
299.99997
299.99997
299.99997
299.99996
299.99996
299.99996
299.99996
299.99996
299.99997
299.99998
299.99999
300.00001
300.00003
300.00005
300.00007
300.00008
344.07824
332.52856
322.31527
314.04133
307.93698
303.91552
301.63056
300.54868
300.13637
300.01728
299.99578
299.99638
299.99862
299.99962
299.9999
299.99996
299.99997
299.99997
299.99997
299.99997
299.99997
299.99997
299.99997
299.99997
299.99997
299.99997
299.99997
299.99996
299.99996
299.99996
299.99996
299.99996
299.99997
299.99998
299.99999
300.00001
300.00003
300.00005
300.00007
300.00008
344.07078
332.51439
322.31356
314.05653
307.96688
303.95252
301.66242
300.56878
300.14594
300.02071
299.99664
299.99648
299.99859
299.9996
299.99989
299.99996
299.99997
299.99997
299.99997
299.99997
299.99997
299.99997
299.99997
299.99997
299.99997
299.99997
299.99996
299.99996
299.99996
299.99996
299.99996
299.99996
299.99997
299.99998
299.99999
300.00001
300.00003
300.00005
300.00007
300.00008
344.06267
332.49743
322.30862
314.07052
307.99578
303.98818
301.69332
300.58853
300.15552
300.02422
299.99755
299.9966
299.99856
299.99957
299.99989
299.99995
299.99996
299.99997
299.99997
299.99997
299.99997
299.99997
299.99997
299.99997
299.99996
299.99996
299.99996
299.99996
299.99996
299.99996
299.99996
299.99996
299.99997
299.99998
299.99999
300.00001
300.00003
300.00005
300.00007
300.00008
344.05402
332.47774
322.29972
314.08253
308.02351
304.02258
301.72331
300.60794
300.16508
300.02781
299.99853
299.99675
299.99855
299.99955
299.99988
299.99995
299.99996
299.99996
299.99996
299.99996
299.99996
299.99996
299.99996
299.99996
299.99996
299.99996
299.99996
299.99996
299.99996
299.99996
299.99996
299.99996
299.99997
299.99998
299.99999
300.00001
300.00003
300.00006
300.00007
300.00008
344.04497
332.4555
322.28635
314.09171
308.04976
304.05571
301.75243
300.62699
300.17462
300.03147
299.99955
299.99692
299.99853
299.99953
299.99987
299.99995
299.99996
299.99996
299.99996
299.99996
299.99996
299.99996
299.99996
299.99996
299.99996
299.99996
299.99996
299.99996
299.99996
299.99996
299.99996
299.99996
299.99997
299.99998
299.99999
300.00001
300.00003
300.00006
300.00007
300.00008
344.03566
332.43103
322.26824
314.09731
308.07411
304.08753
301.78069
300.6457
300.18413
300.03518
300.00063
299.99711
299.99853
299.99951
299.99986
299.99995
299.99996
299.99996
299.99996
299.99996
299.99996
299.99996
299.99996
299.99996
299.99996
299.99996
299.99996
299.99996
299.99996
299.99996
299.99996
299.99996
299.99997
299.99998
299.99999
300.00001
300.00003
300.00006
300.00007
300.00008
344.02624
332.40472
322.24536
314.09865
308.09612
304.11793
301.80809
300.66405
300.19358
300.03895
300.00175
299.99733
299.99853
299.99949
299.99985
299.99994
299.99996
299.99996
299.99996
299.99996
299.99996
299.99996
299.99996
299.99996
299.99996
299.99996
299.99996
299.99996
299.99996
299.99996
299.99996
299.99996
299.99996
299.99998
299.99999
300.00001
300.00003
300.00006
300.00008
300.00009
344.01687
332.37702
322.21788
314.09523
308.11527
304.14671
301.8346
300.68204
300.20298
300.04276
300.00291
299.99756
299.99854
299.99948
299.99984
299.99994
299.99996
299.99996
299.99996
299.99996
299.99996
299.99996
299.99996
299.99996
299.99996
299.99996
299.99996
299.99996
299.99996
299.99996
299.99996
299.99996
299.99996
299.99997
299.99999
300.00001
300.00003
300.00006
300.00008
300.00009
344.00767
332.34842
322.18618
314.08674
308.13111
304.17366
301.86013
300.69963
300.21231
300.04661
300.00412
299.99782
299.99856
299.99946
299.99983
299.99994
299.99996
299.99996
299.99996
299.99996
299.99996
299.99996
299.99996
299.99996
299.99996
299.99996
299.99996
299.99996
299.99996
299.99996
299.99996
299.99996
299.99996
299.99997
299.99999
300.00001
300.00003
300.00006
300.00008
300.00009
343.99877
332.3194
322.15078
314.07307
308.14325
304.1985
301.88458
300.71678
300.22154
300.05048
300.00537
299.99811
299.99858
299.99945
299.99982
299.99993
299.99996
299.99996
299.99996
299.99996
299.99996
299.99996
299.99996
299.99996
299.99996
299.99996
299.99996
299.99996
299.99996
299.99996
299.99996
299.99996
299.99996
299.99997
299.99999
300.00001
300.00003
300.00006
300.00008
300.00009
343.99028
332.29041
322.11226
314.05428
308.15144
304.22101
301.9078
300.73341
300.23064
300.05438
300.00666
299.99841
299.99862
299.99944
299.99982
299.99993
299.99995
299.99996
299.99996
299.99996
299.99996
299.99996
299.99996
299.99996
299.99996
299.99996
299.99996
299.99996
299.99996
299.99996
299.99996
299.99996
299.99996
299.99997
299.99999
300.00001
300.00003
300.00006
300.00008
300.00009
343.98227
332.26185
322.07127
314.0306
308.15556
304.24103
301.9297
300.74947
300.23958
300.05829
300.00799
299.99875
299.99867
299.99944
299.99981
299.99993
299.99995
299.99996
299.99996
299.99996
299.99996
299.99996
299.99996
299.99996
299.99996
299.99996
299.99996
299.99996
299.99996
299.99996
299.99996
299.99996
299.99996
299.99997
299.99999
300.00001
300.00003
300.00006
300.00008
300.00009
343.97481
332.23409
322.02843
314.00232
308.15564
304.25853
301.95021
300.76489
300.24834
300.06219
300.00936
299.99911
299.99873
299.99943
299.9998
299.99992
299.99995
299.99996
299.99996
299.99996
299.99996
299.99996
299.99996
299.99996
299.99996
299.99996
299.99996
299.99996
299.99996
299.99996
299.99996
299.99996
299.99996
299.99997
299.99999
300.00001
300.00003
300.00006
300.00008
300.00009
343.96795
332.20744
321.98433
313.96974
308.1518
304.27359
301.96938
300.77969
300.25689
300.06608
300.01076
299.9995
299.9988
299.99944
299.9998
299.99992
299.99995
299.99996
299.99996
299.99996
299.99996
299.99996
299.99996
299.99996
299.99996
299.99996
299.99996
299.99996
299.99996
299.99996
299.99996
299.99996
299.99996
299.99997
299.99999
300.00001
300.00003
300.00006
300.00008
300.00009
343.96172
332.18214
321.93953
313.93314
308.14414
304.28643
301.9874
300.79394
300.26525
300.06995
300.01219
299.99991
299.99888
299.99944
299.99979
299.99992
299.99995
299.99996
299.99996
299.99996
299.99996
299.99996
299.99996
299.99996
299.99996
299.99996
299.99996
299.99996
299.99996
299.99995
299.99996
299.99996
299.99996
299.99997
299.99999
300.00001
300.00003
300.00006
300.00008
300.00009
343.95613
332.15839
321.89453
313.89272
308.13262
304.2972
302.00453
300.80782
300.27348
300.0738
300.01363
300.00032
299.99896
299.99944
299.99979
299.99991
299.99995
299.99995
299.99996
299.99996
299.99996
299.99996
299.99996
299.99996
299.99996
299.99996
299.99995
299.99995
299.99995
299.99995
299.99995
299.99996
299.99996
299.99997
299.99999
300.00001
300.00003
300.00006
300.00008
300.00009
343.95116
332.13632
321.84985
313.84884
308.11732
304.30616
302.02108
300.82153
300.28165
300.07763
300.01505
300.00074
299.99905
299.99945
299.99978
299.99991
299.99994
299.99995
299.99995
299.99995
299.99995
299.99995
299.99995
299.99995
299.99995
299.99995
299.99995
299.99995
299.99995
299.99995
299.99995
299.99996
299.99996
299.99997
299.99999
300.00001
300.00003
300.00006
300.00008
300.00009
343.94686
332.11609
321.80555
313.80051
308.09655
304.31259
302.03739
300.83567
300.29017
300.0816
300.01651
300.00114
299.99912
299.99944
299.99977
299.9999
299.99994
299.99995
299.99995
299.99995
299.99995
299.99995
299.99995
299.99995
299.99995
299.99995
299.99995
299.99995
299.99995
299.99995
299.99995
299.99995
299.99996
299.99997
299.99999
300
300.00003
300.00006
300.00008
300.00009
343.94301
332.09805
321.76529
313.75488
308.07602
304.318
302.05223
300.84841
300.29772
300.08506
300.01776
300.00147
299.99917
299.99944
299.99976
299.99989
299.99993
299.99994
299.99994
299.99994
299.99994
299.99994
299.99994
299.99994
299.99994
299.99994
299.99994
299.99994
299.99994
299.99994
299.99995
299.99995
299.99996
299.99997
299.99998
300
300.00003
300.00007
300.00008
300.00009
343.93982
332.07654
321.70615
313.67259
308.02435
304.31482
302.07391
300.8709
300.31186
300.09157
300.01999
300.002
299.9992
299.99939
299.99973
299.99987
299.99992
299.99993
299.99993
299.99993
299.99993
299.99993
299.99993
299.99993
299.99993
299.99993
299.99993
299.99993
299.99993
299.99993
299.99994
299.99994
299.99995
299.99996
299.99998
300
300.00003
300.00007
300.00009
300.00009
)
;

boundaryField
{
    wall
    {
        type            fixedValue;
        value           uniform 350;
    }
    sides
    {
        type            zeroGradient;
    }
    frontAndBack
    {
        type            empty;
    }
    inlet
    {
        type            fixedValue;
        value           uniform 300;
    }
    outlet
    {
        type            zeroGradient;
    }
}


// ************************************************************************* //
