/*--------------------------------*- C++ -*----------------------------------*\
  =========                 |
  \\      /  F ield         | OpenFOAM: The Open Source CFD Toolbox
   \\    /   O peration     | Website:  https://openfoam.org
    \\  /    A nd           | Version:  10
     \\/     M anipulation  |
\*---------------------------------------------------------------------------*/
FoamFile
{
    format      ascii;
    class       volScalarField;
    location    "0.06";
    object      rho;
}
// * * * * * * * * * * * * * * * * * * * * * * * * * * * * * * * * * * * * * //

dimensions      [1 -3 0 0 0 0 0];

internalField   nonuniform List<scalar> 
4000
(
1.125781
1.1399096
1.1374518
1.1374123
1.1374156
1.1374153
1.1374153
1.1374152
1.1374152
1.1374152
1.1374152
1.1374152
1.1374152
1.1374152
1.1374151
1.1374151
1.1374151
1.1374151
1.1374151
1.1374151
1.1374151
1.1374151
1.1374151
1.1374151
1.1374151
1.1374151
1.1374151
1.1374152
1.1374152
1.1374152
1.1374152
1.1374152
1.1374152
1.1374152
1.1374153
1.1374153
1.1374154
1.1374154
1.1374155
1.1374158
1.1019395
1.1431509
1.1382505
1.1374085
1.1374123
1.1374153
1.1374153
1.1374152
1.1374152
1.1374152
1.1374152
1.1374152
1.1374152
1.1374152
1.1374151
1.1374151
1.1374151
1.1374151
1.1374151
1.1374151
1.1374151
1.1374151
1.1374151
1.1374151
1.1374151
1.1374151
1.1374151
1.1374151
1.1374152
1.1374152
1.1374152
1.1374152
1.1374152
1.1374152
1.1374153
1.1374153
1.1374153
1.1374154
1.1374154
1.1374156
1.0798558
1.1424225
1.1397148
1.1375068
1.1374001
1.1374144
1.1374153
1.1374152
1.1374152
1.1374152
1.1374152
1.1374152
1.1374152
1.1374151
1.1374151
1.1374151
1.1374151
1.1374151
1.1374151
1.1374151
1.1374151
1.1374151
1.1374151
1.1374151
1.1374151
1.1374151
1.1374151
1.1374151
1.1374152
1.1374152
1.1374152
1.1374152
1.1374152
1.1374152
1.1374152
1.1374153
1.1374153
1.1374154
1.1374154
1.1374154
1.0606379
1.1380201
1.1412586
1.1378098
1.1373885
1.1374101
1.1374152
1.1374152
1.1374152
1.1374152
1.1374152
1.1374152
1.1374152
1.1374151
1.1374151
1.1374151
1.1374151
1.1374151
1.1374151
1.1374151
1.1374151
1.1374151
1.1374151
1.1374151
1.1374151
1.1374151
1.1374151
1.1374151
1.1374151
1.1374152
1.1374152
1.1374152
1.1374152
1.1374152
1.1374152
1.1374152
1.1374153
1.1374153
1.1374153
1.1374153
1.0446879
1.1310709
1.1423025
1.1383403
1.137403
1.1374012
1.1374146
1.1374153
1.1374152
1.1374152
1.1374152
1.1374152
1.1374151
1.1374151
1.1374151
1.1374151
1.1374151
1.1374151
1.1374151
1.1374151
1.1374151
1.1374151
1.1374151
1.1374151
1.1374151
1.1374151
1.1374151
1.1374151
1.1374151
1.1374151
1.1374152
1.1374152
1.1374152
1.1374152
1.1374152
1.1374152
1.1374152
1.1374153
1.1374153
1.1374153
1.0320711
1.1227815
1.1424854
1.1390304
1.1374728
1.1373895
1.1374126
1.1374153
1.1374152
1.1374152
1.1374152
1.1374151
1.1374151
1.1374151
1.1374151
1.1374151
1.1374151
1.1374151
1.1374151
1.1374151
1.1374151
1.1374151
1.1374151
1.1374151
1.1374151
1.1374151
1.1374151
1.1374151
1.1374151
1.1374151
1.1374151
1.1374152
1.1374152
1.1374152
1.1374152
1.1374152
1.1374152
1.1374152
1.1374152
1.1374152
1.0225922
1.1141531
1.1417134
1.1397551
1.137616
1.1373806
1.1374086
1.1374152
1.1374152
1.1374151
1.1374151
1.1374151
1.1374151
1.1374151
1.1374151
1.1374151
1.1374151
1.1374151
1.1374151
1.1374151
1.1374151
1.1374151
1.1374151
1.1374151
1.1374151
1.1374151
1.1374151
1.1374151
1.1374151
1.1374151
1.1374151
1.1374151
1.1374151
1.1374152
1.1374152
1.1374152
1.1374152
1.1374152
1.1374152
1.1374151
1.0158362
1.1058681
1.1400928
1.1403859
1.1378321
1.1373821
1.1374028
1.1374146
1.1374153
1.1374151
1.1374151
1.1374151
1.1374151
1.1374151
1.1374151
1.1374151
1.1374151
1.1374151
1.1374151
1.1374151
1.1374151
1.1374151
1.1374151
1.1374151
1.1374151
1.1374151
1.1374151
1.1374151
1.1374151
1.1374151
1.1374151
1.1374151
1.1374151
1.1374151
1.1374151
1.1374151
1.1374151
1.1374151
1.1374151
1.1374151
1.0112617
1.0983093
1.1378262
1.1408273
1.1381037
1.137401
1.1373958
1.1374135
1.1374153
1.1374151
1.1374151
1.1374151
1.1374151
1.1374151
1.1374151
1.1374151
1.1374151
1.1374151
1.1374151
1.1374151
1.1374151
1.1374151
1.1374151
1.1374151
1.1374151
1.1374151
1.1374151
1.1374151
1.1374151
1.1374151
1.1374151
1.1374151
1.1374151
1.1374151
1.1374151
1.1374151
1.1374151
1.1374151
1.1374151
1.1374151
1.0083068
1.0916383
1.1351335
1.1410282
1.1384041
1.1374414
1.1373894
1.1374117
1.1374152
1.1374152
1.1374151
1.1374151
1.1374151
1.1374151
1.1374151
1.1374151
1.1374151
1.1374151
1.1374151
1.1374151
1.1374151
1.1374151
1.1374151
1.1374151
1.1374151
1.1374151
1.1374151
1.1374151
1.1374151
1.1374151
1.1374151
1.1374151
1.1374151
1.1374151
1.1374151
1.1374151
1.1374151
1.1374151
1.137415
1.137415
1.0064736
1.0858765
1.1322103
1.1409768
1.1387043
1.137504
1.1373855
1.1374092
1.1374151
1.1374152
1.1374151
1.1374151
1.1374151
1.1374151
1.1374151
1.1374151
1.1374151
1.1374151
1.1374151
1.1374151
1.1374151
1.1374151
1.1374151
1.1374151
1.1374151
1.1374151
1.1374151
1.1374151
1.1374151
1.1374151
1.1374151
1.1374151
1.1374151
1.1374151
1.1374151
1.1374151
1.1374151
1.137415
1.137415
1.137415
1.0053824
1.0809697
1.1292114
1.1406888
1.1389786
1.1375862
1.1373856
1.1374062
1.1374147
1.1374152
1.1374151
1.1374151
1.1374151
1.1374151
1.1374151
1.1374151
1.1374151
1.1374151
1.1374151
1.1374151
1.1374151
1.1374151
1.1374151
1.1374151
1.1374151
1.1374151
1.1374151
1.1374151
1.1374151
1.1374151
1.1374151
1.1374151
1.1374151
1.1374151
1.1374151
1.1374151
1.137415
1.137415
1.137415
1.137415
1.004786
1.0768356
1.1262503
1.1401962
1.1392076
1.1376832
1.1373911
1.137403
1.1374141
1.1374152
1.1374151
1.1374151
1.1374151
1.1374151
1.1374151
1.1374151
1.1374151
1.1374151
1.1374151
1.1374151
1.1374151
1.1374151
1.1374151
1.1374151
1.1374151
1.1374151
1.1374151
1.1374151
1.1374151
1.1374151
1.1374151
1.1374151
1.1374151
1.1374151
1.137415
1.137415
1.137415
1.137415
1.137415
1.137415
1.0045386
1.0733923
1.1234067
1.1395378
1.1393781
1.1377889
1.1374026
1.1374002
1.1374134
1.1374152
1.1374151
1.1374151
1.1374151
1.1374151
1.1374151
1.1374151
1.1374151
1.1374151
1.1374151
1.1374151
1.1374151
1.1374151
1.1374151
1.1374151
1.1374151
1.1374151
1.1374151
1.1374151
1.1374151
1.1374151
1.1374151
1.1374151
1.137415
1.137415
1.137415
1.137415
1.137415
1.137415
1.137415
1.137415
1.004542
1.0705722
1.1207365
1.1387542
1.1394834
1.1378969
1.1374201
1.1373982
1.1374124
1.1374151
1.1374151
1.1374151
1.1374151
1.1374151
1.1374151
1.1374151
1.1374151
1.1374151
1.1374151
1.1374151
1.1374151
1.1374151
1.1374151
1.1374151
1.1374151
1.1374151
1.1374151
1.1374151
1.137415
1.137415
1.137415
1.137415
1.137415
1.137415
1.137415
1.137415
1.137415
1.137415
1.137415
1.137415
1.0047091
1.0683226
1.1182807
1.1378844
1.1395219
1.1380012
1.1374429
1.1373972
1.1374113
1.137415
1.1374151
1.1374151
1.137415
1.137415
1.137415
1.137415
1.137415
1.137415
1.137415
1.137415
1.137415
1.137415
1.137415
1.137415
1.137415
1.137415
1.137415
1.137415
1.137415
1.137415
1.137415
1.137415
1.137415
1.137415
1.137415
1.137415
1.137415
1.137415
1.137415
1.137415
1.0049614
1.0666026
1.1160715
1.1369654
1.1394961
1.1380965
1.1374699
1.1373976
1.1374103
1.1374148
1.1374151
1.137415
1.137415
1.137415
1.137415
1.137415
1.137415
1.137415
1.137415
1.137415
1.137415
1.137415
1.137415
1.137415
1.137415
1.137415
1.137415
1.137415
1.137415
1.137415
1.137415
1.137415
1.137415
1.137415
1.137415
1.137415
1.137415
1.137415
1.137415
1.137415
1.0052433
1.0653773
1.1141351
1.136031
1.1394116
1.1381786
1.1374999
1.1373994
1.1374092
1.1374146
1.1374151
1.137415
1.137415
1.137415
1.137415
1.137415
1.137415
1.137415
1.137415
1.137415
1.137415
1.137415
1.137415
1.137415
1.137415
1.137415
1.137415
1.137415
1.137415
1.137415
1.137415
1.137415
1.137415
1.137415
1.137415
1.137415
1.137415
1.137415
1.137415
1.137415
1.0055284
1.0646133
1.1124919
1.1351124
1.1392761
1.1382445
1.1375313
1.1374028
1.1374084
1.1374143
1.1374151
1.137415
1.137415
1.137415
1.137415
1.137415
1.137415
1.137415
1.137415
1.137415
1.137415
1.137415
1.137415
1.137415
1.137415
1.137415
1.137415
1.137415
1.137415
1.137415
1.137415
1.137415
1.137415
1.137415
1.137415
1.137415
1.137415
1.137415
1.137415
1.137415
1.0058115
1.0642753
1.1111555
1.1342366
1.1390983
1.138292
1.1375625
1.1374075
1.1374078
1.137414
1.137415
1.137415
1.137415
1.137415
1.137415
1.137415
1.137415
1.137415
1.137415
1.137415
1.137415
1.137415
1.137415
1.137415
1.137415
1.137415
1.137415
1.137415
1.137415
1.137415
1.137415
1.137415
1.137415
1.137415
1.137415
1.137415
1.137415
1.137415
1.137415
1.137415
1.0060934
1.0643227
1.1101303
1.1334263
1.1388875
1.1383198
1.1375921
1.1374134
1.1374075
1.1374137
1.137415
1.137415
1.137415
1.137415
1.137415
1.137415
1.137415
1.137415
1.137415
1.137415
1.137415
1.137415
1.137415
1.137415
1.137415
1.137415
1.137415
1.137415
1.137415
1.137415
1.137415
1.137415
1.137415
1.137415
1.137415
1.137415
1.137415
1.137415
1.137415
1.137415
1.0063706
1.0647042
1.1094105
1.1326987
1.1386535
1.1383281
1.1376186
1.1374201
1.1374076
1.1374134
1.1374149
1.137415
1.137415
1.137415
1.137415
1.137415
1.137415
1.137415
1.137415
1.137415
1.137415
1.137415
1.137415
1.137415
1.137415
1.137415
1.137415
1.137415
1.137415
1.137415
1.137415
1.137415
1.137415
1.137415
1.137415
1.137415
1.137415
1.137415
1.137415
1.137415
1.006632
1.0653489
1.1089784
1.1320661
1.1384072
1.1383186
1.1376415
1.1374274
1.137408
1.1374132
1.1374149
1.137415
1.137415
1.137415
1.137415
1.137415
1.137415
1.137415
1.137415
1.137415
1.137415
1.137415
1.137415
1.137415
1.137415
1.137415
1.137415
1.137415
1.137415
1.137415
1.137415
1.137415
1.137415
1.137415
1.137415
1.137415
1.137415
1.137415
1.137415
1.137415
1.0068637
1.0661622
1.1088033
1.1315359
1.1381603
1.1382957
1.1376608
1.1374351
1.1374088
1.137413
1.1374148
1.137415
1.137415
1.137415
1.137415
1.137415
1.137415
1.137415
1.137415
1.137415
1.137415
1.137415
1.137415
1.137415
1.137415
1.137415
1.137415
1.137415
1.137415
1.137415
1.137415
1.137415
1.137415
1.137415
1.137415
1.137415
1.137415
1.137415
1.137415
1.137415
1.007054
1.0670331
1.1088417
1.1311096
1.1379244
1.1382649
1.1376776
1.1374428
1.1374096
1.1374128
1.1374147
1.137415
1.137415
1.137415
1.137415
1.137415
1.137415
1.137415
1.137415
1.137415
1.137415
1.137415
1.137415
1.137415
1.137415
1.137415
1.137415
1.137415
1.137415
1.137415
1.137415
1.137415
1.137415
1.137415
1.137415
1.137415
1.137415
1.137415
1.137415
1.137415
1.007199
1.0678543
1.1090391
1.1307827
1.1377084
1.1382317
1.1376929
1.1374507
1.1374106
1.1374125
1.1374146
1.137415
1.137415
1.137415
1.137415
1.137415
1.137415
1.137415
1.137415
1.137415
1.137415
1.137415
1.137415
1.137415
1.137415
1.137415
1.137415
1.137415
1.137415
1.137415
1.137415
1.137415
1.137415
1.137415
1.137415
1.137415
1.137415
1.137415
1.137415
1.137415
1.0073032
1.0685484
1.1093364
1.1305445
1.1375153
1.1381984
1.1377073
1.1374586
1.1374117
1.1374123
1.1374145
1.137415
1.137415
1.137415
1.137415
1.137415
1.137415
1.137415
1.137415
1.137415
1.137415
1.137415
1.137415
1.137415
1.137415
1.137415
1.137415
1.137415
1.137415
1.137415
1.137415
1.137415
1.137415
1.137415
1.137415
1.137415
1.137415
1.137415
1.137415
1.137415
1.0073771
1.0690839
1.1096784
1.130378
1.1373411
1.1381624
1.1377193
1.1374662
1.1374128
1.1374121
1.1374144
1.137415
1.137415
1.137415
1.137415
1.137415
1.137415
1.137415
1.137415
1.137415
1.137415
1.137415
1.137415
1.137415
1.137415
1.137415
1.137415
1.137415
1.137415
1.137415
1.137415
1.137415
1.137415
1.137415
1.137415
1.137415
1.137415
1.137415
1.137415
1.137415
1.0074334
1.069474
1.1100228
1.1302636
1.1371759
1.1381166
1.1377257
1.1374728
1.137414
1.1374119
1.1374143
1.1374149
1.137415
1.137415
1.137415
1.137415
1.137415
1.137415
1.137415
1.137415
1.137415
1.137415
1.137415
1.137415
1.137415
1.137415
1.137415
1.137415
1.137415
1.137415
1.137415
1.137415
1.137415
1.137415
1.137415
1.137415
1.1374149
1.1374149
1.1374149
1.1374149
1.007482
1.06976
1.1103458
1.1301825
1.1370086
1.1380522
1.1377221
1.1374773
1.1374153
1.1374119
1.1374142
1.1374149
1.137415
1.137415
1.137415
1.137415
1.137415
1.137415
1.137415
1.137415
1.137415
1.137415
1.137415
1.137415
1.137415
1.137415
1.137415
1.137415
1.137415
1.137415
1.137415
1.137415
1.1374149
1.1374149
1.1374149
1.1374149
1.1374149
1.1374149
1.1374149
1.1374149
1.0075283
1.0699874
1.1106414
1.1301218
1.136832
1.1379635
1.1377048
1.1374786
1.1374166
1.1374121
1.1374142
1.1374149
1.137415
1.137415
1.1374149
1.1374149
1.137415
1.137415
1.137415
1.137415
1.137415
1.137415
1.137415
1.137415
1.137415
1.137415
1.137415
1.1374149
1.1374149
1.1374149
1.1374149
1.1374149
1.1374149
1.1374149
1.1374149
1.1374149
1.1374149
1.1374149
1.1374149
1.1374149
1.0075733
1.0701887
1.110914
1.1300761
1.1366471
1.1378512
1.137673
1.137476
1.1374178
1.1374125
1.1374142
1.1374149
1.137415
1.1374149
1.1374149
1.1374149
1.1374149
1.1374149
1.1374149
1.1374149
1.1374149
1.1374149
1.1374149
1.1374149
1.1374149
1.1374149
1.1374149
1.1374149
1.1374149
1.1374149
1.1374149
1.1374149
1.1374149
1.1374149
1.1374149
1.1374149
1.1374149
1.1374149
1.1374149
1.1374149
1.0076153
1.0703773
1.1111695
1.1300466
1.1364629
1.1377234
1.1376296
1.1374697
1.1374185
1.137413
1.1374143
1.1374149
1.1374149
1.1374149
1.1374149
1.1374149
1.1374149
1.1374149
1.1374149
1.1374149
1.1374149
1.1374149
1.1374149
1.1374149
1.1374149
1.1374149
1.1374149
1.1374149
1.1374149
1.1374149
1.1374149
1.1374149
1.1374149
1.1374149
1.1374149
1.1374149
1.1374149
1.1374149
1.1374149
1.1374149
1.0076518
1.0705514
1.1114095
1.130037
1.1362927
1.1375929
1.1375802
1.1374606
1.1374188
1.1374136
1.1374144
1.1374149
1.1374149
1.1374149
1.1374149
1.1374149
1.1374149
1.1374149
1.1374149
1.1374149
1.1374149
1.1374149
1.1374149
1.1374149
1.1374149
1.1374149
1.1374149
1.1374149
1.1374149
1.1374149
1.1374149
1.1374149
1.1374149
1.1374149
1.1374149
1.1374149
1.1374149
1.1374149
1.1374149
1.1374149
1.0076812
1.0707034
1.1116298
1.130049
1.1361494
1.1374729
1.1375313
1.1374504
1.1374187
1.1374141
1.1374145
1.1374149
1.1374149
1.1374149
1.1374149
1.1374149
1.1374149
1.1374149
1.1374149
1.1374149
1.1374149
1.1374149
1.1374149
1.1374149
1.1374149
1.1374149
1.1374149
1.1374149
1.1374149
1.1374149
1.1374149
1.1374149
1.1374149
1.1374149
1.1374149
1.1374149
1.1374149
1.1374149
1.1374149
1.1374149
1.0077034
1.0708269
1.1118232
1.1300803
1.1360406
1.1373732
1.1374882
1.1374406
1.1374183
1.1374145
1.1374147
1.1374149
1.1374149
1.1374149
1.1374149
1.1374149
1.1374149
1.1374149
1.1374149
1.1374149
1.1374149
1.1374149
1.1374149
1.1374149
1.1374149
1.1374149
1.1374149
1.1374149
1.1374149
1.1374149
1.1374149
1.1374149
1.1374149
1.1374149
1.1374149
1.1374149
1.1374149
1.1374149
1.1374149
1.1374149
1.0077192
1.0709206
1.1119843
1.1301249
1.1359671
1.137298
1.1374541
1.1374323
1.1374176
1.1374148
1.1374148
1.1374149
1.1374149
1.1374149
1.1374149
1.1374149
1.1374149
1.1374149
1.1374149
1.1374149
1.1374149
1.1374149
1.1374149
1.1374149
1.1374149
1.1374149
1.1374149
1.1374149
1.1374149
1.1374149
1.1374149
1.1374149
1.1374149
1.1374149
1.1374149
1.1374149
1.1374149
1.1374149
1.1374149
1.1374149
1.0077301
1.0709881
1.1121111
1.1301749
1.135924
1.1372463
1.1374293
1.1374258
1.137417
1.1374149
1.1374148
1.1374149
1.1374149
1.1374149
1.1374149
1.1374149
1.1374149
1.1374149
1.1374149
1.1374149
1.1374149
1.1374149
1.1374149
1.1374149
1.1374149
1.1374149
1.1374149
1.1374149
1.1374149
1.1374149
1.1374149
1.1374149
1.1374149
1.1374149
1.1374149
1.1374149
1.1374149
1.1374149
1.1374149
1.1374149
1.0077378
1.0710355
1.1122066
1.1302234
1.1359031
1.1372138
1.1374128
1.1374212
1.1374164
1.137415
1.1374149
1.1374149
1.1374149
1.1374149
1.1374149
1.1374149
1.1374149
1.1374149
1.1374149
1.1374149
1.1374149
1.1374149
1.1374149
1.1374149
1.1374149
1.1374149
1.1374149
1.1374149
1.1374149
1.1374149
1.1374149
1.1374149
1.1374149
1.1374149
1.1374149
1.1374149
1.1374149
1.1374149
1.1374149
1.1374149
1.0077434
1.0710693
1.1122765
1.1302659
1.1358963
1.137195
1.1374025
1.1374182
1.1374159
1.137415
1.1374149
1.1374149
1.1374149
1.1374149
1.1374149
1.1374149
1.1374149
1.1374149
1.1374149
1.1374149
1.1374149
1.1374149
1.1374149
1.1374149
1.1374149
1.1374149
1.1374149
1.1374149
1.1374149
1.1374149
1.1374149
1.1374149
1.1374149
1.1374149
1.1374149
1.1374149
1.1374149
1.1374149
1.1374149
1.1374149
1.0077477
1.0710946
1.1123276
1.1303006
1.1358966
1.1371848
1.1373963
1.1374163
1.1374156
1.137415
1.1374149
1.1374149
1.1374149
1.1374149
1.1374149
1.1374149
1.1374149
1.1374149
1.1374149
1.1374149
1.1374149
1.1374149
1.1374149
1.1374149
1.1374149
1.1374149
1.1374149
1.1374149
1.1374149
1.1374149
1.1374149
1.1374149
1.1374149
1.1374149
1.1374149
1.1374149
1.1374149
1.1374149
1.1374149
1.1374149
1.0077513
1.0711148
1.112366
1.1303275
1.1358996
1.1371793
1.1373927
1.1374151
1.1374154
1.137415
1.1374149
1.1374149
1.1374149
1.1374149
1.1374149
1.1374149
1.1374149
1.1374149
1.1374149
1.1374149
1.1374149
1.1374149
1.1374149
1.1374149
1.1374149
1.1374149
1.1374149
1.1374149
1.1374149
1.1374149
1.1374149
1.1374149
1.1374149
1.1374149
1.1374149
1.1374149
1.1374149
1.1374149
1.1374149
1.1374149
1.0077545
1.0711318
1.1123961
1.1303482
1.1359028
1.1371763
1.1373905
1.1374143
1.1374152
1.137415
1.1374149
1.1374149
1.1374149
1.1374149
1.1374149
1.1374149
1.1374149
1.1374149
1.1374149
1.1374149
1.1374149
1.1374149
1.1374149
1.1374149
1.1374149
1.1374149
1.1374149
1.1374149
1.1374149
1.1374149
1.1374149
1.1374149
1.1374149
1.1374149
1.1374149
1.1374149
1.1374149
1.1374149
1.1374149
1.1374149
1.0077572
1.0711466
1.1124208
1.1303642
1.1359054
1.1371742
1.137389
1.1374138
1.1374151
1.1374149
1.1374149
1.1374149
1.1374149
1.1374149
1.1374149
1.1374149
1.1374149
1.1374149
1.1374149
1.1374149
1.1374149
1.1374149
1.1374149
1.1374149
1.1374149
1.1374149
1.1374149
1.1374149
1.1374149
1.1374149
1.1374149
1.1374149
1.1374149
1.1374149
1.1374149
1.1374149
1.1374149
1.1374149
1.1374149
1.1374149
1.0077597
1.0711595
1.1124418
1.1303769
1.1359072
1.1371726
1.1373879
1.1374135
1.137415
1.1374149
1.1374149
1.1374149
1.1374149
1.1374149
1.1374149
1.1374149
1.1374149
1.1374149
1.1374149
1.1374149
1.1374149
1.1374149
1.1374149
1.1374149
1.1374149
1.1374149
1.1374149
1.1374149
1.1374149
1.1374149
1.1374149
1.1374149
1.1374149
1.1374149
1.1374149
1.1374149
1.1374149
1.1374149
1.1374149
1.1374149
1.0077618
1.0711708
1.1124598
1.1303873
1.1359085
1.1371711
1.137387
1.1374132
1.137415
1.1374149
1.1374149
1.1374149
1.1374149
1.1374149
1.1374149
1.1374149
1.1374149
1.1374149
1.1374149
1.1374149
1.1374149
1.1374149
1.1374149
1.1374149
1.1374149
1.1374149
1.1374149
1.1374149
1.1374149
1.1374149
1.1374149
1.1374149
1.1374149
1.1374149
1.1374149
1.1374149
1.1374149
1.1374149
1.1374149
1.1374149
1.0077637
1.0711806
1.1124753
1.1303961
1.1359093
1.1371698
1.1373862
1.137413
1.1374149
1.1374149
1.1374149
1.1374149
1.1374149
1.1374149
1.1374149
1.1374149
1.1374149
1.1374149
1.1374149
1.1374149
1.1374149
1.1374149
1.1374149
1.1374149
1.1374149
1.1374149
1.1374149
1.1374149
1.1374149
1.1374149
1.1374149
1.1374149
1.1374149
1.1374149
1.1374149
1.1374149
1.1374149
1.1374149
1.1374149
1.1374149
1.0077654
1.071189
1.1124887
1.1304035
1.13591
1.1371687
1.1373856
1.1374128
1.1374149
1.1374149
1.1374149
1.1374149
1.1374149
1.1374149
1.1374149
1.1374149
1.1374149
1.1374149
1.1374149
1.1374149
1.1374149
1.1374149
1.1374149
1.1374149
1.1374149
1.1374149
1.1374149
1.1374149
1.1374149
1.1374149
1.1374149
1.1374149
1.1374149
1.1374149
1.1374149
1.1374149
1.1374149
1.1374149
1.1374149
1.1374149
1.0077668
1.0711964
1.1125002
1.1304099
1.1359105
1.1371678
1.137385
1.1374126
1.1374148
1.1374149
1.1374149
1.1374149
1.1374149
1.1374149
1.1374149
1.1374149
1.1374149
1.1374149
1.1374149
1.1374149
1.1374149
1.1374149
1.1374149
1.1374149
1.1374149
1.1374149
1.1374149
1.1374149
1.1374149
1.1374149
1.1374149
1.1374149
1.1374149
1.1374149
1.1374149
1.1374149
1.1374149
1.1374149
1.1374149
1.1374149
1.0077681
1.0712027
1.11251
1.1304154
1.135911
1.137167
1.1373845
1.1374124
1.1374148
1.1374149
1.1374149
1.1374149
1.1374149
1.1374149
1.1374149
1.1374149
1.1374149
1.1374149
1.1374149
1.1374149
1.1374149
1.1374149
1.1374149
1.1374149
1.1374149
1.1374149
1.1374149
1.1374149
1.1374149
1.1374149
1.1374149
1.1374149
1.1374149
1.1374149
1.1374149
1.1374149
1.1374149
1.1374149
1.1374149
1.1374149
1.0077692
1.0712083
1.1125185
1.1304201
1.1359115
1.1371663
1.1373841
1.1374123
1.1374148
1.1374149
1.1374149
1.1374149
1.1374149
1.1374149
1.1374149
1.1374149
1.1374149
1.1374149
1.1374149
1.1374149
1.1374149
1.1374149
1.1374149
1.1374149
1.1374149
1.1374149
1.1374149
1.1374149
1.1374149
1.1374149
1.1374149
1.1374149
1.1374149
1.1374149
1.1374149
1.1374149
1.1374149
1.1374149
1.1374149
1.1374149
1.0077702
1.0712131
1.1125258
1.1304241
1.1359119
1.1371658
1.1373838
1.1374122
1.1374148
1.1374149
1.1374149
1.1374148
1.1374148
1.1374148
1.1374149
1.1374149
1.1374149
1.1374149
1.1374149
1.1374149
1.1374149
1.1374149
1.1374149
1.1374149
1.1374149
1.1374149
1.1374149
1.1374149
1.1374149
1.1374149
1.1374149
1.1374149
1.1374149
1.1374149
1.1374149
1.1374149
1.1374149
1.1374149
1.1374149
1.1374149
1.0077711
1.0712173
1.1125321
1.1304276
1.1359122
1.1371653
1.1373835
1.1374121
1.1374147
1.1374149
1.1374148
1.1374148
1.1374148
1.1374148
1.1374148
1.1374148
1.1374148
1.1374148
1.1374148
1.1374148
1.1374148
1.1374148
1.1374148
1.1374148
1.1374148
1.1374148
1.1374148
1.1374148
1.1374148
1.1374148
1.1374148
1.1374148
1.1374148
1.1374148
1.1374148
1.1374148
1.1374148
1.1374148
1.1374148
1.1374148
1.0077718
1.0712209
1.1125376
1.1304306
1.1359126
1.1371649
1.1373833
1.1374121
1.1374147
1.1374149
1.1374148
1.1374148
1.1374148
1.1374148
1.1374148
1.1374148
1.1374148
1.1374148
1.1374148
1.1374148
1.1374148
1.1374148
1.1374148
1.1374148
1.1374148
1.1374148
1.1374148
1.1374148
1.1374148
1.1374148
1.1374148
1.1374148
1.1374148
1.1374148
1.1374148
1.1374148
1.1374148
1.1374148
1.1374148
1.1374148
1.0077725
1.0712241
1.1125423
1.1304332
1.1359128
1.1371646
1.1373831
1.137412
1.1374147
1.1374148
1.1374148
1.1374148
1.1374148
1.1374148
1.1374148
1.1374148
1.1374148
1.1374148
1.1374148
1.1374148
1.1374148
1.1374148
1.1374148
1.1374148
1.1374148
1.1374148
1.1374148
1.1374148
1.1374148
1.1374148
1.1374148
1.1374148
1.1374148
1.1374148
1.1374148
1.1374148
1.1374148
1.1374148
1.1374148
1.1374148
1.0077731
1.0712269
1.1125465
1.1304354
1.1359131
1.1371643
1.1373829
1.1374119
1.1374147
1.1374148
1.1374148
1.1374148
1.1374148
1.1374148
1.1374148
1.1374148
1.1374148
1.1374148
1.1374148
1.1374148
1.1374148
1.1374148
1.1374148
1.1374148
1.1374148
1.1374148
1.1374148
1.1374148
1.1374148
1.1374148
1.1374148
1.1374148
1.1374148
1.1374148
1.1374148
1.1374148
1.1374148
1.1374148
1.1374148
1.1374148
1.0077736
1.0712294
1.1125501
1.1304373
1.1359133
1.137164
1.1373828
1.1374119
1.1374147
1.1374148
1.1374148
1.1374148
1.1374148
1.1374148
1.1374148
1.1374148
1.1374148
1.1374148
1.1374148
1.1374148
1.1374148
1.1374148
1.1374148
1.1374148
1.1374148
1.1374148
1.1374148
1.1374148
1.1374148
1.1374148
1.1374148
1.1374148
1.1374148
1.1374148
1.1374148
1.1374148
1.1374148
1.1374148
1.1374148
1.1374148
1.007774
1.0712316
1.1125532
1.130439
1.1359134
1.1371638
1.1373826
1.1374118
1.1374147
1.1374148
1.1374148
1.1374148
1.1374148
1.1374148
1.1374148
1.1374148
1.1374148
1.1374148
1.1374148
1.1374148
1.1374148
1.1374148
1.1374148
1.1374148
1.1374148
1.1374148
1.1374148
1.1374148
1.1374148
1.1374148
1.1374148
1.1374148
1.1374148
1.1374148
1.1374148
1.1374148
1.1374148
1.1374148
1.1374148
1.1374148
1.0077744
1.0712335
1.112556
1.1304405
1.1359136
1.1371636
1.1373825
1.1374118
1.1374147
1.1374148
1.1374148
1.1374148
1.1374148
1.1374148
1.1374148
1.1374148
1.1374148
1.1374148
1.1374148
1.1374148
1.1374148
1.1374148
1.1374148
1.1374148
1.1374148
1.1374148
1.1374148
1.1374148
1.1374148
1.1374148
1.1374148
1.1374148
1.1374148
1.1374148
1.1374148
1.1374148
1.1374148
1.1374148
1.1374148
1.1374148
1.0077748
1.0712351
1.1125584
1.1304418
1.1359137
1.1371635
1.1373824
1.1374118
1.1374146
1.1374148
1.1374148
1.1374148
1.1374148
1.1374148
1.1374148
1.1374148
1.1374148
1.1374148
1.1374148
1.1374148
1.1374148
1.1374148
1.1374148
1.1374148
1.1374148
1.1374148
1.1374148
1.1374148
1.1374148
1.1374148
1.1374148
1.1374148
1.1374148
1.1374148
1.1374148
1.1374148
1.1374148
1.1374148
1.1374148
1.1374148
1.007775
1.0712366
1.1125605
1.1304429
1.1359138
1.1371633
1.1373823
1.1374117
1.1374146
1.1374148
1.1374148
1.1374148
1.1374148
1.1374148
1.1374148
1.1374148
1.1374148
1.1374148
1.1374148
1.1374148
1.1374148
1.1374148
1.1374148
1.1374148
1.1374148
1.1374148
1.1374148
1.1374148
1.1374148
1.1374148
1.1374148
1.1374148
1.1374148
1.1374148
1.1374148
1.1374148
1.1374148
1.1374148
1.1374148
1.1374148
1.0077753
1.0712378
1.1125624
1.1304439
1.1359139
1.1371632
1.1373823
1.1374117
1.1374146
1.1374148
1.1374148
1.1374148
1.1374148
1.1374148
1.1374148
1.1374148
1.1374148
1.1374148
1.1374148
1.1374148
1.1374148
1.1374148
1.1374148
1.1374148
1.1374148
1.1374148
1.1374148
1.1374148
1.1374148
1.1374148
1.1374148
1.1374148
1.1374148
1.1374148
1.1374148
1.1374148
1.1374148
1.1374148
1.1374148
1.1374148
1.0077755
1.0712389
1.112564
1.1304448
1.135914
1.1371631
1.1373822
1.1374117
1.1374146
1.1374148
1.1374148
1.1374148
1.1374148
1.1374148
1.1374148
1.1374148
1.1374148
1.1374148
1.1374148
1.1374148
1.1374148
1.1374148
1.1374148
1.1374148
1.1374148
1.1374148
1.1374148
1.1374148
1.1374148
1.1374148
1.1374148
1.1374148
1.1374148
1.1374148
1.1374148
1.1374148
1.1374148
1.1374148
1.1374148
1.1374148
1.0077757
1.0712399
1.1125653
1.1304455
1.1359141
1.137163
1.1373821
1.1374117
1.1374146
1.1374148
1.1374148
1.1374148
1.1374148
1.1374148
1.1374148
1.1374148
1.1374148
1.1374148
1.1374148
1.1374148
1.1374148
1.1374148
1.1374148
1.1374148
1.1374148
1.1374148
1.1374148
1.1374148
1.1374148
1.1374148
1.1374148
1.1374148
1.1374148
1.1374148
1.1374148
1.1374148
1.1374148
1.1374148
1.1374148
1.1374148
1.0077758
1.0712406
1.1125666
1.1304461
1.1359142
1.1371629
1.1373821
1.1374117
1.1374146
1.1374148
1.1374148
1.1374148
1.1374148
1.1374148
1.1374148
1.1374148
1.1374148
1.1374148
1.1374148
1.1374148
1.1374148
1.1374148
1.1374148
1.1374148
1.1374148
1.1374148
1.1374148
1.1374148
1.1374148
1.1374148
1.1374148
1.1374148
1.1374148
1.1374148
1.1374148
1.1374148
1.1374148
1.1374148
1.1374148
1.1374148
1.0077759
1.0712413
1.1125676
1.1304467
1.1359142
1.1371629
1.1373821
1.1374116
1.1374146
1.1374148
1.1374148
1.1374148
1.1374148
1.1374148
1.1374148
1.1374148
1.1374148
1.1374148
1.1374148
1.1374148
1.1374148
1.1374148
1.1374148
1.1374148
1.1374148
1.1374148
1.1374148
1.1374148
1.1374148
1.1374148
1.1374148
1.1374148
1.1374148
1.1374148
1.1374148
1.1374148
1.1374148
1.1374148
1.1374148
1.1374148
1.007776
1.0712418
1.1125685
1.1304472
1.1359143
1.1371628
1.137382
1.1374116
1.1374146
1.1374148
1.1374148
1.1374148
1.1374148
1.1374148
1.1374148
1.1374148
1.1374148
1.1374148
1.1374148
1.1374148
1.1374148
1.1374148
1.1374148
1.1374148
1.1374148
1.1374148
1.1374148
1.1374148
1.1374148
1.1374148
1.1374148
1.1374148
1.1374148
1.1374148
1.1374148
1.1374148
1.1374148
1.1374148
1.1374148
1.1374148
1.007776
1.0712423
1.1125692
1.1304476
1.1359143
1.1371627
1.137382
1.1374116
1.1374146
1.1374148
1.1374148
1.1374148
1.1374148
1.1374148
1.1374148
1.1374148
1.1374148
1.1374148
1.1374148
1.1374148
1.1374148
1.1374148
1.1374148
1.1374148
1.1374148
1.1374148
1.1374148
1.1374148
1.1374148
1.1374148
1.1374148
1.1374148
1.1374148
1.1374148
1.1374148
1.1374148
1.1374148
1.1374148
1.1374148
1.1374148
1.007776
1.0712426
1.1125698
1.1304479
1.1359143
1.1371627
1.1373819
1.1374116
1.1374146
1.1374148
1.1374148
1.1374148
1.1374148
1.1374148
1.1374148
1.1374148
1.1374148
1.1374148
1.1374148
1.1374148
1.1374148
1.1374148
1.1374148
1.1374148
1.1374148
1.1374148
1.1374148
1.1374148
1.1374148
1.1374148
1.1374148
1.1374148
1.1374148
1.1374148
1.1374148
1.1374148
1.1374148
1.1374148
1.1374148
1.1374148
1.007776
1.0712428
1.1125703
1.1304482
1.1359143
1.1371626
1.1373819
1.1374116
1.1374146
1.1374148
1.1374148
1.1374148
1.1374148
1.1374148
1.1374148
1.1374148
1.1374148
1.1374148
1.1374148
1.1374148
1.1374148
1.1374148
1.1374148
1.1374148
1.1374148
1.1374148
1.1374148
1.1374148
1.1374148
1.1374148
1.1374148
1.1374148
1.1374148
1.1374148
1.1374148
1.1374148
1.1374148
1.1374148
1.1374148
1.1374148
1.007776
1.0712429
1.1125707
1.1304484
1.1359144
1.1371626
1.1373819
1.1374116
1.1374146
1.1374148
1.1374148
1.1374148
1.1374148
1.1374148
1.1374148
1.1374148
1.1374148
1.1374148
1.1374148
1.1374148
1.1374148
1.1374148
1.1374148
1.1374148
1.1374148
1.1374148
1.1374148
1.1374148
1.1374148
1.1374148
1.1374148
1.1374148
1.1374148
1.1374148
1.1374148
1.1374148
1.1374148
1.1374148
1.1374148
1.1374148
1.0077759
1.0712429
1.1125709
1.1304486
1.1359144
1.1371626
1.1373819
1.1374116
1.1374146
1.1374148
1.1374148
1.1374148
1.1374148
1.1374148
1.1374148
1.1374148
1.1374148
1.1374148
1.1374148
1.1374148
1.1374148
1.1374148
1.1374148
1.1374148
1.1374148
1.1374148
1.1374148
1.1374148
1.1374148
1.1374148
1.1374148
1.1374148
1.1374148
1.1374148
1.1374148
1.1374148
1.1374148
1.1374148
1.1374148
1.1374148
1.0077757
1.0712429
1.1125711
1.1304487
1.1359144
1.1371625
1.1373818
1.1374116
1.1374146
1.1374148
1.1374148
1.1374148
1.1374148
1.1374148
1.1374148
1.1374148
1.1374148
1.1374148
1.1374148
1.1374148
1.1374148
1.1374148
1.1374148
1.1374148
1.1374148
1.1374148
1.1374148
1.1374148
1.1374148
1.1374148
1.1374148
1.1374148
1.1374148
1.1374148
1.1374148
1.1374148
1.1374148
1.1374148
1.1374148
1.1374148
1.0077756
1.0712427
1.1125712
1.1304488
1.1359143
1.1371625
1.1373818
1.1374116
1.1374146
1.1374148
1.1374148
1.1374148
1.1374148
1.1374148
1.1374148
1.1374148
1.1374148
1.1374148
1.1374148
1.1374148
1.1374148
1.1374148
1.1374148
1.1374148
1.1374148
1.1374148
1.1374148
1.1374148
1.1374148
1.1374148
1.1374148
1.1374148
1.1374148
1.1374148
1.1374148
1.1374148
1.1374148
1.1374148
1.1374148
1.1374148
1.0077754
1.0712424
1.1125711
1.1304489
1.1359143
1.1371625
1.1373818
1.1374115
1.1374145
1.1374147
1.1374148
1.1374147
1.1374147
1.1374147
1.1374148
1.1374148
1.1374148
1.1374148
1.1374148
1.1374148
1.1374148
1.1374148
1.1374148
1.1374148
1.1374148
1.1374148
1.1374148
1.1374148
1.1374148
1.1374148
1.1374148
1.1374148
1.1374148
1.1374148
1.1374148
1.1374148
1.1374148
1.1374148
1.1374148
1.1374148
1.0077752
1.071242
1.112571
1.1304489
1.1359143
1.1371624
1.1373818
1.1374115
1.1374145
1.1374147
1.1374147
1.1374147
1.1374147
1.1374147
1.1374147
1.1374147
1.1374147
1.1374147
1.1374147
1.1374147
1.1374147
1.1374147
1.1374147
1.1374147
1.1374147
1.1374147
1.1374147
1.1374147
1.1374147
1.1374147
1.1374147
1.1374147
1.1374147
1.1374147
1.1374147
1.1374147
1.1374147
1.1374147
1.1374147
1.1374147
1.0077749
1.0712415
1.1125707
1.1304488
1.1359143
1.1371624
1.1373818
1.1374115
1.1374145
1.1374147
1.1374147
1.1374147
1.1374147
1.1374147
1.1374147
1.1374147
1.1374147
1.1374147
1.1374147
1.1374147
1.1374147
1.1374147
1.1374147
1.1374147
1.1374147
1.1374147
1.1374147
1.1374147
1.1374147
1.1374147
1.1374147
1.1374147
1.1374147
1.1374147
1.1374147
1.1374147
1.1374147
1.1374147
1.1374147
1.1374147
1.0077746
1.0712409
1.1125704
1.1304487
1.1359142
1.1371624
1.1373818
1.1374115
1.1374145
1.1374147
1.1374147
1.1374147
1.1374147
1.1374147
1.1374147
1.1374147
1.1374147
1.1374147
1.1374147
1.1374147
1.1374147
1.1374147
1.1374147
1.1374147
1.1374147
1.1374147
1.1374147
1.1374147
1.1374147
1.1374147
1.1374147
1.1374147
1.1374147
1.1374147
1.1374147
1.1374147
1.1374147
1.1374147
1.1374147
1.1374147
1.0077742
1.0712401
1.1125699
1.1304485
1.1359142
1.1371624
1.1373818
1.1374115
1.1374145
1.1374147
1.1374147
1.1374147
1.1374147
1.1374147
1.1374147
1.1374147
1.1374147
1.1374147
1.1374147
1.1374147
1.1374147
1.1374147
1.1374147
1.1374147
1.1374147
1.1374147
1.1374147
1.1374147
1.1374147
1.1374147
1.1374147
1.1374147
1.1374147
1.1374147
1.1374147
1.1374147
1.1374147
1.1374147
1.1374147
1.1374147
1.0077738
1.0712393
1.1125693
1.1304483
1.1359141
1.1371623
1.1373817
1.1374115
1.1374145
1.1374147
1.1374147
1.1374147
1.1374147
1.1374147
1.1374147
1.1374147
1.1374147
1.1374147
1.1374147
1.1374147
1.1374147
1.1374147
1.1374147
1.1374147
1.1374147
1.1374147
1.1374147
1.1374147
1.1374147
1.1374147
1.1374147
1.1374147
1.1374147
1.1374147
1.1374147
1.1374147
1.1374147
1.1374147
1.1374147
1.1374147
1.0077733
1.0712382
1.1125686
1.1304481
1.1359141
1.1371623
1.1373817
1.1374115
1.1374145
1.1374147
1.1374147
1.1374147
1.1374147
1.1374147
1.1374147
1.1374147
1.1374147
1.1374147
1.1374147
1.1374147
1.1374147
1.1374147
1.1374147
1.1374147
1.1374147
1.1374147
1.1374147
1.1374147
1.1374147
1.1374147
1.1374147
1.1374147
1.1374147
1.1374147
1.1374147
1.1374147
1.1374147
1.1374147
1.1374147
1.1374147
1.0077728
1.0712371
1.1125678
1.1304478
1.135914
1.1371623
1.1373817
1.1374115
1.1374145
1.1374147
1.1374147
1.1374147
1.1374147
1.1374147
1.1374147
1.1374147
1.1374147
1.1374147
1.1374147
1.1374147
1.1374147
1.1374147
1.1374147
1.1374147
1.1374147
1.1374147
1.1374147
1.1374147
1.1374147
1.1374147
1.1374147
1.1374147
1.1374147
1.1374147
1.1374147
1.1374147
1.1374147
1.1374147
1.1374147
1.1374147
1.0077721
1.0712357
1.1125668
1.1304474
1.1359139
1.1371623
1.1373817
1.1374115
1.1374145
1.1374147
1.1374147
1.1374147
1.1374147
1.1374147
1.1374147
1.1374147
1.1374147
1.1374147
1.1374147
1.1374147
1.1374147
1.1374147
1.1374147
1.1374147
1.1374147
1.1374147
1.1374147
1.1374147
1.1374147
1.1374147
1.1374147
1.1374147
1.1374147
1.1374147
1.1374147
1.1374147
1.1374147
1.1374147
1.1374147
1.1374147
1.0077714
1.0712341
1.1125657
1.130447
1.1359138
1.1371623
1.1373817
1.1374115
1.1374145
1.1374147
1.1374147
1.1374147
1.1374147
1.1374147
1.1374147
1.1374147
1.1374147
1.1374147
1.1374147
1.1374147
1.1374147
1.1374147
1.1374147
1.1374147
1.1374147
1.1374147
1.1374147
1.1374147
1.1374147
1.1374147
1.1374147
1.1374147
1.1374147
1.1374147
1.1374147
1.1374147
1.1374147
1.1374147
1.1374147
1.1374147
1.0077706
1.0712324
1.1125644
1.1304465
1.1359137
1.1371623
1.1373817
1.1374115
1.1374145
1.1374147
1.1374147
1.1374147
1.1374147
1.1374147
1.1374147
1.1374147
1.1374147
1.1374147
1.1374147
1.1374147
1.1374147
1.1374147
1.1374147
1.1374147
1.1374147
1.1374147
1.1374147
1.1374147
1.1374147
1.1374147
1.1374147
1.1374147
1.1374147
1.1374147
1.1374147
1.1374147
1.1374147
1.1374147
1.1374147
1.1374147
1.0077697
1.0712303
1.1125629
1.130446
1.1359136
1.1371622
1.1373817
1.1374115
1.1374145
1.1374147
1.1374147
1.1374147
1.1374147
1.1374147
1.1374147
1.1374147
1.1374147
1.1374147
1.1374147
1.1374147
1.1374147
1.1374147
1.1374147
1.1374147
1.1374147
1.1374147
1.1374147
1.1374147
1.1374147
1.1374147
1.1374147
1.1374147
1.1374147
1.1374147
1.1374147
1.1374147
1.1374147
1.1374147
1.1374147
1.1374147
1.0077686
1.071228
1.1125612
1.1304453
1.1359135
1.1371622
1.1373817
1.1374115
1.1374145
1.1374147
1.1374147
1.1374147
1.1374147
1.1374147
1.1374147
1.1374147
1.1374147
1.1374147
1.1374147
1.1374147
1.1374147
1.1374147
1.1374147
1.1374147
1.1374147
1.1374147
1.1374147
1.1374147
1.1374147
1.1374147
1.1374147
1.1374147
1.1374147
1.1374147
1.1374147
1.1374147
1.1374147
1.1374147
1.1374147
1.1374147
1.0077674
1.0712254
1.1125592
1.1304446
1.1359133
1.1371622
1.1373817
1.1374115
1.1374145
1.1374147
1.1374147
1.1374147
1.1374147
1.1374147
1.1374147
1.1374147
1.1374147
1.1374147
1.1374147
1.1374147
1.1374147
1.1374147
1.1374147
1.1374147
1.1374147
1.1374147
1.1374147
1.1374147
1.1374147
1.1374147
1.1374147
1.1374147
1.1374147
1.1374147
1.1374147
1.1374147
1.1374147
1.1374147
1.1374147
1.1374147
1.007766
1.0712224
1.1125569
1.1304438
1.1359132
1.1371622
1.1373817
1.1374115
1.1374145
1.1374147
1.1374147
1.1374147
1.1374147
1.1374147
1.1374147
1.1374147
1.1374147
1.1374147
1.1374147
1.1374147
1.1374147
1.1374147
1.1374147
1.1374147
1.1374147
1.1374147
1.1374147
1.1374147
1.1374147
1.1374147
1.1374147
1.1374147
1.1374147
1.1374147
1.1374147
1.1374147
1.1374147
1.1374147
1.1374147
1.1374147
1.0077644
1.0712189
1.1125544
1.1304428
1.135913
1.1371622
1.1373817
1.1374115
1.1374145
1.1374147
1.1374147
1.1374147
1.1374147
1.1374147
1.1374147
1.1374147
1.1374147
1.1374147
1.1374147
1.1374147
1.1374147
1.1374147
1.1374147
1.1374147
1.1374147
1.1374147
1.1374147
1.1374147
1.1374147
1.1374147
1.1374147
1.1374147
1.1374147
1.1374147
1.1374147
1.1374147
1.1374147
1.1374147
1.1374147
1.1374147
1.0077625
1.0712149
1.1125514
1.1304417
1.1359128
1.1371622
1.1373817
1.1374115
1.1374145
1.1374147
1.1374147
1.1374147
1.1374147
1.1374147
1.1374147
1.1374147
1.1374147
1.1374147
1.1374147
1.1374147
1.1374147
1.1374147
1.1374147
1.1374147
1.1374147
1.1374147
1.1374147
1.1374147
1.1374147
1.1374147
1.1374147
1.1374147
1.1374147
1.1374147
1.1374147
1.1374147
1.1374147
1.1374147
1.1374147
1.1374147
1.0077603
1.0712103
1.112548
1.1304405
1.1359125
1.1371622
1.1373817
1.1374115
1.1374145
1.1374147
1.1374147
1.1374147
1.1374147
1.1374147
1.1374147
1.1374147
1.1374147
1.1374147
1.1374147
1.1374147
1.1374147
1.1374147
1.1374147
1.1374147
1.1374147
1.1374147
1.1374147
1.1374147
1.1374147
1.1374147
1.1374147
1.1374147
1.1374147
1.1374147
1.1374147
1.1374147
1.1374147
1.1374147
1.1374147
1.1374147
1.0077577
1.071205
1.1125441
1.130439
1.1359122
1.1371622
1.1373817
1.1374115
1.1374145
1.1374147
1.1374147
1.1374147
1.1374147
1.1374147
1.1374147
1.1374147
1.1374147
1.1374147
1.1374147
1.1374147
1.1374147
1.1374147
1.1374147
1.1374147
1.1374147
1.1374147
1.1374147
1.1374147
1.1374147
1.1374147
1.1374147
1.1374147
1.1374147
1.1374147
1.1374147
1.1374147
1.1374147
1.1374147
1.1374147
1.1374147
1.0077547
1.0711988
1.1125396
1.1304374
1.1359119
1.1371622
1.1373817
1.1374115
1.1374145
1.1374147
1.1374147
1.1374147
1.1374147
1.1374147
1.1374147
1.1374147
1.1374147
1.1374147
1.1374147
1.1374147
1.1374147
1.1374147
1.1374147
1.1374147
1.1374147
1.1374147
1.1374147
1.1374147
1.1374147
1.1374147
1.1374147
1.1374147
1.1374147
1.1374147
1.1374147
1.1374147
1.1374147
1.1374147
1.1374147
1.1374147
1.007751
1.0711915
1.1125344
1.1304355
1.1359116
1.1371622
1.1373818
1.1374115
1.1374145
1.1374147
1.1374147
1.1374147
1.1374147
1.1374147
1.1374147
1.1374147
1.1374147
1.1374147
1.1374147
1.1374147
1.1374147
1.1374147
1.1374147
1.1374147
1.1374147
1.1374147
1.1374147
1.1374147
1.1374147
1.1374147
1.1374147
1.1374147
1.1374147
1.1374147
1.1374147
1.1374147
1.1374147
1.1374147
1.1374147
1.1374147
1.0077466
1.0711827
1.1125283
1.1304333
1.1359112
1.1371622
1.1373818
1.1374115
1.1374145
1.1374147
1.1374147
1.1374147
1.1374147
1.1374147
1.1374147
1.1374147
1.1374147
1.1374147
1.1374147
1.1374147
1.1374147
1.1374147
1.1374147
1.1374147
1.1374147
1.1374147
1.1374147
1.1374147
1.1374147
1.1374147
1.1374147
1.1374147
1.1374147
1.1374147
1.1374147
1.1374147
1.1374147
1.1374147
1.1374147
1.1374147
1.0077411
1.0711724
1.1125211
1.1304308
1.1359107
1.1371621
1.1373818
1.1374115
1.1374145
1.1374147
1.1374147
1.1374147
1.1374147
1.1374147
1.1374147
1.1374147
1.1374147
1.1374147
1.1374147
1.1374147
1.1374147
1.1374147
1.1374147
1.1374147
1.1374147
1.1374147
1.1374147
1.1374147
1.1374147
1.1374147
1.1374147
1.1374147
1.1374147
1.1374147
1.1374147
1.1374147
1.1374147
1.1374147
1.1374147
1.1374147
1.0077336
1.071159
1.1125122
1.1304277
1.1359102
1.1371621
1.1373818
1.1374115
1.1374145
1.1374147
1.1374147
1.1374147
1.1374147
1.1374147
1.1374147
1.1374147
1.1374147
1.1374147
1.1374147
1.1374147
1.1374147
1.1374147
1.1374147
1.1374147
1.1374147
1.1374147
1.1374147
1.1374147
1.1374147
1.1374147
1.1374147
1.1374147
1.1374147
1.1374147
1.1374147
1.1374147
1.1374147
1.1374147
1.1374147
1.1374147
1.0077248
1.0711457
1.1125035
1.1304248
1.1359097
1.1371622
1.1373818
1.1374115
1.1374145
1.1374146
1.1374147
1.1374146
1.1374146
1.1374146
1.1374146
1.1374146
1.1374146
1.1374146
1.1374146
1.1374146
1.1374146
1.1374146
1.1374146
1.1374146
1.1374146
1.1374146
1.1374146
1.1374146
1.1374146
1.1374146
1.1374146
1.1374146
1.1374146
1.1374146
1.1374146
1.1374146
1.1374146
1.1374146
1.1374146
1.1374146
1.0077014
1.0711093
1.1124826
1.1304181
1.1359086
1.1371622
1.1373819
1.1374115
1.1374145
1.1374146
1.1374146
1.1374146
1.1374146
1.1374146
1.1374146
1.1374146
1.1374146
1.1374146
1.1374146
1.1374146
1.1374146
1.1374146
1.1374146
1.1374146
1.1374146
1.1374146
1.1374146
1.1374146
1.1374146
1.1374146
1.1374146
1.1374146
1.1374146
1.1374146
1.1374146
1.1374146
1.1374146
1.1374146
1.1374146
1.1374146
)
;

boundaryField
{
    wall
    {
        type            calculated;
        value           nonuniform List<scalar> 
100
(
0.97492806
0.97492778
0.97492757
0.97492746
0.97492738
0.97492732
0.97492726
0.97492722
0.97492719
0.97492717
0.97492715
0.97492714
0.97492713
0.97492713
0.97492712
0.97492712
0.97492712
0.97492712
0.97492711
0.97492711
0.97492711
0.97492711
0.97492711
0.9749271
0.9749271
0.9749271
0.9749271
0.9749271
0.97492709
0.97492709
0.97492709
0.97492708
0.97492708
0.97492707
0.97492707
0.97492707
0.97492706
0.97492706
0.97492706
0.97492705
0.97492705
0.97492705
0.97492704
0.97492704
0.97492704
0.97492703
0.97492703
0.97492703
0.97492702
0.97492702
0.97492701
0.97492701
0.97492701
0.974927
0.974927
0.974927
0.97492699
0.97492699
0.97492699
0.97492698
0.97492698
0.97492697
0.97492697
0.97492697
0.97492696
0.97492696
0.97492696
0.97492695
0.97492695
0.97492694
0.97492694
0.97492694
0.97492693
0.97492693
0.97492693
0.97492692
0.97492692
0.97492692
0.97492691
0.97492691
0.9749269
0.9749269
0.9749269
0.97492689
0.97492689
0.97492689
0.97492688
0.97492688
0.97492688
0.97492687
0.97492687
0.97492687
0.97492686
0.97492686
0.97492686
0.97492685
0.97492685
0.97492684
0.97492684
0.97492684
)
;
    }
    sides
    {
        type            calculated;
        value           nonuniform List<scalar> 
100
(
1.1374158
1.1374156
1.1374154
1.1374153
1.1374153
1.1374152
1.1374151
1.1374151
1.1374151
1.137415
1.137415
1.137415
1.137415
1.137415
1.137415
1.137415
1.137415
1.137415
1.137415
1.137415
1.137415
1.137415
1.137415
1.137415
1.137415
1.137415
1.137415
1.137415
1.1374149
1.1374149
1.1374149
1.1374149
1.1374149
1.1374149
1.1374149
1.1374149
1.1374149
1.1374149
1.1374149
1.1374149
1.1374149
1.1374149
1.1374149
1.1374149
1.1374149
1.1374149
1.1374149
1.1374149
1.1374149
1.1374149
1.1374149
1.1374149
1.1374148
1.1374148
1.1374148
1.1374148
1.1374148
1.1374148
1.1374148
1.1374148
1.1374148
1.1374148
1.1374148
1.1374148
1.1374148
1.1374148
1.1374148
1.1374148
1.1374148
1.1374148
1.1374148
1.1374148
1.1374148
1.1374148
1.1374148
1.1374147
1.1374147
1.1374147
1.1374147
1.1374147
1.1374147
1.1374147
1.1374147
1.1374147
1.1374147
1.1374147
1.1374147
1.1374147
1.1374147
1.1374147
1.1374147
1.1374147
1.1374147
1.1374147
1.1374147
1.1374147
1.1374147
1.1374147
1.1374146
1.1374146
)
;
    }
    frontAndBack
    {
        type            empty;
    }
    inlet
    {
        type            calculated;
        value           nonuniform List<scalar> 
40
(
1.1374161
1.1374156
1.1374155
1.1374154
1.1374154
1.1374153
1.1374153
1.1374152
1.1374152
1.1374152
1.1374152
1.1374152
1.1374152
1.1374152
1.1374151
1.1374151
1.1374151
1.1374151
1.1374151
1.1374151
1.1374151
1.1374151
1.1374151
1.1374151
1.1374151
1.1374151
1.1374151
1.1374152
1.1374152
1.1374152
1.1374152
1.1374152
1.1374152
1.1374152
1.1374153
1.1374153
1.1374154
1.1374154
1.1374155
1.1374158
)
;
    }
    outlet
    {
        type            calculated;
        value           nonuniform List<scalar> 
40
(
1.0077014
1.0711093
1.1124826
1.1304181
1.1359086
1.1371622
1.1373819
1.1374115
1.1374145
1.1374146
1.1374146
1.1374146
1.1374146
1.1374146
1.1374146
1.1374146
1.1374146
1.1374146
1.1374146
1.1374146
1.1374146
1.1374146
1.1374146
1.1374146
1.1374146
1.1374146
1.1374146
1.1374146
1.1374146
1.1374146
1.1374146
1.1374146
1.1374146
1.1374146
1.1374146
1.1374146
1.1374146
1.1374146
1.1374146
1.1374146
)
;
    }
}


// ************************************************************************* //
