/*--------------------------------*- C++ -*----------------------------------*\
  =========                 |
  \\      /  F ield         | OpenFOAM: The Open Source CFD Toolbox
   \\    /   O peration     | Website:  https://openfoam.org
    \\  /    A nd           | Version:  10
     \\/     M anipulation  |
\*---------------------------------------------------------------------------*/
FoamFile
{
    format      ascii;
    class       volScalarField;
    location    "0.22";
    object      T;
}
// * * * * * * * * * * * * * * * * * * * * * * * * * * * * * * * * * * * * * //

dimensions      [0 0 0 1 0 0 0];

internalField   nonuniform List<scalar> 
4000
(
303.10136
299.3429
299.99042
300.00082
299.99993
300
300
300
300
300
300
300
300
300
300
300
300
300
300
300
300
300
300
300
300
300
300
300
300
300
300
300
300
300
300
300
300
300
300
300.00001
309.66348
298.49295
299.7792
300.00184
300.0008
299.99999
300
300
300
300
300
300
300
300
300
300
300
300
300
300
300
300
300
300
300
300
300
300
300
300
300
300
300
300
300
300
300
300
299.99999
300.00002
316.00432
298.68456
299.39218
299.97569
300.00406
300.00025
299.99999
300
300
300
300
300
300
300
300
300
300
300
300
300
300
300
300
300
300
300
300
300
300
300
300
300
300
300
300
300
300
299.99999
299.99999
300.00002
321.74242
299.84593
298.98476
299.8949
300.00716
300.00138
300
299.99999
300
300
300
300
300
300
300
300
300
300
300
300
300
300
300
300
300
300
300
300
300
300
300
300
300
300
300
300
299.99999
299.99999
299.99999
300.00003
326.67129
301.70057
298.70995
299.7531
300.00322
300.00379
300.00017
299.99998
300
300
300
300
300
300
300
300
300
300
300
300
300
300
300
300
300
300
300
300
300
300
300
300
300
300
299.99999
299.99999
299.99999
299.99998
299.99999
300.00004
330.68531
303.94819
298.66323
299.56826
299.98426
300.00696
300.00071
299.99996
299.99999
300
300
300
300
300
300
300
300
300
300
300
300
300
300
300
300
300
300
300
300
300
300
300
300
299.99999
299.99999
299.99999
299.99999
299.99998
300
300.00004
333.77471
306.33106
298.87087
299.37363
299.94515
300.00937
300.0018
300
299.99998
299.99999
300
300
300
300
300
300
300
300
300
300
300
300
300
300
300
300
300
300
300
300
300
300
299.99999
299.99999
299.99999
299.99999
299.99998
299.99998
300
300.00004
336.02225
308.66465
299.30779
299.20374
299.88575
300.00889
300.00345
300.00014
299.99996
299.99999
300
300
300
300
300
300
300
300
300
300
300
300
300
300
300
300
300
300
300
300
300
299.99999
299.99999
299.99999
299.99999
299.99999
299.99998
299.99998
300.00001
300.00004
337.57449
310.83814
299.92426
299.08453
299.81045
300.00351
300.00541
300.00045
299.99995
299.99999
299.99999
300
300
300
300
300
300
300
300
300
300
300
300
300
300
300
300
300
300
300
299.99999
299.99999
299.99999
299.99999
299.99999
299.99998
299.99998
299.99998
300.00001
300.00004
338.60277
312.79876
300.66573
299.03047
299.72627
299.9919
300.00724
300.00099
299.99996
299.99998
299.99999
299.99999
300
300
300
300
300
300
300
300
300
300
300
300
300
300
300
300
300
299.99999
299.99999
299.99999
299.99999
299.99999
299.99999
299.99998
299.99998
299.99998
300.00002
300.00004
339.26981
314.53364
301.48358
299.04597
299.64095
299.97366
300.00839
300.00175
300
299.99996
299.99999
299.99999
299.99999
300
300
300
300
300
300
300
300
300
300
300
300
300
300
300
299.99999
299.99999
299.99999
299.99999
299.99999
299.99999
299.99998
299.99998
299.99998
299.99999
300.00002
300.00004
339.70893
316.05404
302.33943
299.12838
299.56152
299.94923
300.00833
300.00267
300.00011
299.99995
299.99999
299.99999
299.99999
299.99999
300
300
300
300
300
300
300
300
300
300
300
300
299.99999
299.99999
299.99999
299.99999
299.99999
299.99999
299.99999
299.99999
299.99998
299.99998
299.99998
299.99999
300.00002
300.00004
340.01674
317.38341
303.20566
299.27098
299.49356
299.9197
300.00661
300.00367
300.00029
299.99995
299.99998
299.99999
299.99999
299.99999
299.99999
299.99999
300
300
300
300
300
300
300
300
300
299.99999
299.99999
299.99999
299.99999
299.99999
299.99999
299.99999
299.99999
299.99999
299.99998
299.99998
299.99998
299.99999
300.00003
300.00004
340.2559
318.54924
304.06386
299.4654
299.44104
299.88652
300.00292
300.0046
300.00055
299.99995
299.99998
299.99999
299.99999
299.99999
299.99999
299.99999
299.99999
299.99999
300
300
300
300
299.99999
299.99999
299.99999
299.99999
299.99999
299.99999
299.99999
299.99999
299.99999
299.99999
299.99999
299.99998
299.99998
299.99998
299.99998
300
300.00003
300.00004
340.46287
319.57838
304.90268
299.70308
299.40641
299.8513
299.99713
300.00534
300.00089
299.99997
299.99997
299.99999
299.99999
299.99999
299.99999
299.99999
299.99999
299.99999
299.99999
299.99999
299.99999
299.99999
299.99999
299.99999
299.99999
299.99999
299.99999
299.99999
299.99999
299.99999
299.99999
299.99999
299.99999
299.99998
299.99998
299.99997
299.99998
300
300.00003
300.00003
340.6564
320.49467
305.71575
299.9761
299.39092
299.81564
299.98926
300.00573
300.00129
300.00001
299.99996
299.99999
299.99999
299.99999
299.99999
299.99999
299.99999
299.99999
299.99999
299.99999
299.99999
299.99999
299.99999
299.99999
299.99999
299.99999
299.99999
299.99999
299.99999
299.99999
299.99999
299.99999
299.99998
299.99998
299.99998
299.99997
299.99998
300
300.00003
300.00003
340.84452
321.31814
306.49999
300.27752
299.39493
299.78099
299.97944
300.00566
300.00172
300.00008
299.99996
299.99998
299.99999
299.99999
299.99999
299.99999
299.99999
299.99999
299.99999
299.99999
299.99999
299.99999
299.99999
299.99999
299.99999
299.99999
299.99999
299.99999
299.99999
299.99999
299.99999
299.99999
299.99998
299.99998
299.99998
299.99997
299.99998
300
300.00003
300.00003
341.02956
322.06503
307.25437
300.60145
299.41818
299.74863
299.9679
300.00503
300.00216
300.00018
299.99996
299.99998
299.99999
299.99999
299.99999
299.99999
299.99999
299.99999
299.99999
299.99999
299.99999
299.99999
299.99999
299.99999
299.99999
299.99999
299.99999
299.99999
299.99999
299.99999
299.99999
299.99999
299.99998
299.99998
299.99998
299.99997
299.99998
300.00001
300.00003
300.00003
341.21117
322.74814
307.97904
300.94296
299.45998
299.71968
299.95494
300.00376
300.00257
300.0003
299.99996
299.99998
299.99999
299.99999
299.99999
299.99999
299.99999
299.99999
299.99999
299.99999
299.99999
299.99999
299.99999
299.99999
299.99999
299.99999
299.99999
299.99999
299.99999
299.99999
299.99999
299.99998
299.99998
299.99998
299.99998
299.99997
299.99998
300.00001
300.00003
300.00003
341.38812
323.3775
308.6748
301.29798
299.51939
299.69502
299.9409
300.0018
300.00291
300.00044
299.99997
299.99998
299.99999
299.99999
299.99999
299.99999
299.99999
299.99999
299.99999
299.99999
299.99999
299.99999
299.99999
299.99999
299.99999
299.99999
299.99999
299.99999
299.99999
299.99999
299.99999
299.99998
299.99998
299.99998
299.99997
299.99997
299.99999
300.00001
300.00003
300.00003
341.55912
323.96086
309.34274
301.66314
299.59533
299.67538
299.92613
299.99913
300.00314
300.00061
299.99999
299.99997
299.99999
299.99999
299.99999
299.99999
299.99999
299.99999
299.99999
299.99999
299.99999
299.99999
299.99999
299.99999
299.99999
299.99999
299.99999
299.99999
299.99999
299.99999
299.99999
299.99998
299.99998
299.99998
299.99997
299.99997
299.99999
300.00001
300.00003
300.00003
341.72317
324.50427
309.98406
302.03562
299.68664
299.66131
299.91101
299.99577
300.00324
300.00079
300.00002
299.99997
299.99998
299.99999
299.99999
299.99999
299.99999
299.99999
299.99999
299.99999
299.99999
299.99999
299.99999
299.99999
299.99999
299.99999
299.99999
299.99999
299.99999
299.99999
299.99998
299.99998
299.99998
299.99998
299.99997
299.99998
299.99999
300.00002
300.00003
300.00003
341.87971
325.0125
310.59999
302.41311
299.79215
299.65324
299.89591
299.99173
300.00316
300.00097
300.00006
299.99997
299.99998
299.99999
299.99999
299.99999
299.99999
299.99999
299.99999
299.99999
299.99999
299.99999
299.99999
299.99999
299.99999
299.99999
299.99999
299.99999
299.99999
299.99999
299.99998
299.99998
299.99998
299.99998
299.99997
299.99998
299.99999
300.00002
300.00004
300.00003
342.02851
325.48937
311.19168
302.79366
299.91067
299.65145
299.88117
299.98708
300.00288
300.00115
300.0001
299.99997
299.99998
299.99999
299.99999
299.99999
299.99999
299.99999
299.99999
299.99999
299.99999
299.99999
299.99999
299.99999
299.99999
299.99999
299.99999
299.99999
299.99999
299.99999
299.99998
299.99998
299.99998
299.99998
299.99997
299.99998
299.99999
300.00002
300.00004
300.00003
342.16962
325.93803
311.76027
303.17561
300.04107
299.65612
299.86714
299.98187
300.00237
300.00131
300.00016
299.99998
299.99998
299.99999
299.99999
299.99999
299.99999
299.99999
299.99999
299.99999
299.99999
299.99999
299.99999
299.99999
299.99999
299.99999
299.99999
299.99999
299.99999
299.99998
299.99998
299.99998
299.99998
299.99998
299.99997
299.99998
300
300.00002
300.00004
300.00003
342.3033
326.36108
312.30683
303.55761
300.18226
299.66736
299.85411
299.97618
300.00163
300.00145
300.00022
299.99998
299.99998
299.99999
299.99999
299.99999
299.99999
299.99999
299.99999
299.99999
299.99999
299.99999
299.99999
299.99999
299.99999
299.99999
299.99999
299.99999
299.99999
299.99998
299.99998
299.99998
299.99998
299.99998
299.99997
299.99998
300
300.00002
300.00004
300.00003
342.4299
326.76078
312.83236
303.93849
300.33318
299.68519
299.84237
299.97011
300.00065
300.00154
300.00029
299.99999
299.99998
299.99998
299.99999
299.99999
299.99999
299.99999
299.99999
299.99999
299.99999
299.99999
299.99999
299.99999
299.99999
299.99999
299.99999
299.99999
299.99998
299.99998
299.99998
299.99998
299.99998
299.99997
299.99997
299.99998
300
300.00002
300.00004
300.00003
342.54986
327.1391
313.33782
304.31727
300.49285
299.70955
299.83218
299.96375
299.99941
300.00159
300.00036
300
299.99998
299.99998
299.99999
299.99999
299.99999
299.99999
299.99999
299.99999
299.99999
299.99999
299.99999
299.99999
299.99999
299.99999
299.99999
299.99999
299.99998
299.99998
299.99998
299.99998
299.99998
299.99997
299.99997
299.99998
300
300.00002
300.00004
300.00003
342.66363
327.49776
313.82414
304.69315
300.66033
299.74035
299.82377
299.9572
299.99792
300.00159
300.00043
300.00002
299.99998
299.99998
299.99999
299.99999
299.99999
299.99999
299.99999
299.99999
299.99999
299.99999
299.99999
299.99999
299.99999
299.99999
299.99999
299.99998
299.99998
299.99998
299.99998
299.99998
299.99998
299.99997
299.99997
299.99998
300
300.00003
300.00004
300.00003
342.77166
327.83832
314.2922
305.06542
300.83475
299.77746
299.81734
299.95058
299.99618
300.00151
300.0005
300.00004
299.99998
299.99998
299.99998
299.99999
299.99999
299.99999
299.99999
299.99999
299.99999
299.99999
299.99999
299.99999
299.99999
299.99999
299.99998
299.99998
299.99998
299.99998
299.99998
299.99998
299.99998
299.99997
299.99997
299.99998
300
300.00003
300.00004
300.00003
342.87436
328.16214
314.74285
305.43353
301.0153
299.8207
299.81306
299.94398
299.99421
300.00136
300.00057
300.00006
299.99998
299.99998
299.99998
299.99998
299.99999
299.99999
299.99999
299.99999
299.99999
299.99999
299.99999
299.99999
299.99999
299.99999
299.99998
299.99998
299.99998
299.99998
299.99998
299.99998
299.99998
299.99997
299.99997
299.99998
300
300.00003
300.00004
300.00003
342.97213
328.47048
315.17687
305.79699
301.20121
299.86987
299.81108
299.93752
299.99203
300.00113
300.00062
300.00008
299.99998
299.99998
299.99998
299.99998
299.99999
299.99999
299.99999
299.99999
299.99999
299.99999
299.99999
299.99999
299.99999
299.99998
299.99998
299.99998
299.99998
299.99998
299.99998
299.99998
299.99998
299.99997
299.99997
299.99998
300.00001
300.00003
300.00004
300.00003
343.06532
328.76445
315.59505
306.15543
301.39178
299.92474
299.81152
299.93131
299.98966
300.00081
300.00067
300.00011
299.99998
299.99998
299.99998
299.99998
299.99998
299.99998
299.99999
299.99999
299.99999
299.99999
299.99999
299.99999
299.99998
299.99998
299.99998
299.99998
299.99998
299.99998
299.99998
299.99998
299.99997
299.99997
299.99997
299.99999
300.00001
300.00003
300.00004
300.00003
343.15424
329.04506
315.9981
306.50851
301.58634
299.98508
299.81449
299.92543
299.98711
300.0004
300.0007
300.00013
299.99999
299.99998
299.99998
299.99998
299.99998
299.99998
299.99998
299.99998
299.99999
299.99998
299.99998
299.99998
299.99998
299.99998
299.99998
299.99998
299.99998
299.99998
299.99998
299.99998
299.99997
299.99997
299.99997
299.99999
300.00001
300.00003
300.00004
300.00003
343.23918
329.31321
316.38671
306.85599
301.78431
300.05064
299.82005
299.92
299.98442
299.99989
300.00072
300.00016
299.99999
299.99998
299.99998
299.99998
299.99998
299.99998
299.99998
299.99998
299.99998
299.99998
299.99998
299.99998
299.99998
299.99998
299.99998
299.99998
299.99998
299.99998
299.99998
299.99998
299.99997
299.99997
299.99998
299.99999
300.00001
300.00003
300.00004
300.00003
343.32039
329.56969
316.76153
307.19765
301.9851
300.12116
299.82827
299.91511
299.98163
299.99929
300.00071
300.00019
300
299.99998
299.99998
299.99998
299.99998
299.99998
299.99998
299.99998
299.99998
299.99998
299.99998
299.99998
299.99998
299.99998
299.99998
299.99998
299.99998
299.99998
299.99998
299.99998
299.99997
299.99997
299.99998
299.99999
300.00001
300.00003
300.00003
300.00003
343.39809
329.81525
317.12317
307.53333
302.18821
300.19637
299.83919
299.91084
299.97875
299.9986
300.00067
300.00021
300.00001
299.99998
299.99998
299.99998
299.99998
299.99998
299.99998
299.99998
299.99998
299.99998
299.99998
299.99998
299.99998
299.99998
299.99998
299.99998
299.99998
299.99998
299.99998
299.99998
299.99997
299.99997
299.99998
299.99999
300.00001
300.00003
300.00003
300.00003
343.47247
330.05051
317.47219
307.8629
302.39315
300.27601
299.85282
299.90729
299.97583
299.99782
300.00061
300.00024
300.00002
299.99998
299.99998
299.99998
299.99998
299.99998
299.99998
299.99998
299.99998
299.99998
299.99998
299.99998
299.99998
299.99998
299.99998
299.99998
299.99998
299.99998
299.99998
299.99998
299.99997
299.99997
299.99998
299.99999
300.00001
300.00003
300.00003
300.00003
343.5437
330.27605
317.80912
308.18625
302.59946
300.35981
299.86918
299.90452
299.9729
299.99694
300.00052
300.00026
300.00003
299.99998
299.99998
299.99998
299.99998
299.99998
299.99998
299.99998
299.99998
299.99998
299.99998
299.99998
299.99998
299.99998
299.99998
299.99998
299.99998
299.99998
299.99998
299.99997
299.99997
299.99997
299.99998
299.99999
300.00001
300.00003
300.00003
300.00004
343.61192
330.49237
318.13445
308.50331
302.80674
300.44751
299.88824
299.90262
299.97001
299.99599
300.0004
300.00027
300.00003
299.99998
299.99998
299.99998
299.99998
299.99998
299.99998
299.99998
299.99998
299.99998
299.99998
299.99998
299.99998
299.99998
299.99998
299.99998
299.99998
299.99998
299.99998
299.99997
299.99997
299.99997
299.99998
299.99999
300.00001
300.00003
300.00003
300.00004
343.67726
330.69992
318.44863
308.81401
303.0146
300.53883
299.91
299.90164
299.96718
299.99496
300.00024
300.00029
300.00004
299.99998
299.99998
299.99998
299.99998
299.99998
299.99998
299.99998
299.99998
299.99998
299.99998
299.99998
299.99998
299.99998
299.99998
299.99998
299.99998
299.99998
299.99998
299.99997
299.99997
299.99997
299.99998
299.99999
300.00002
300.00003
300.00004
300.00004
343.73981
330.8991
318.75206
309.11832
303.22268
300.63352
299.93442
299.90164
299.96446
299.99386
300.00005
300.00029
300.00005
299.99999
299.99998
299.99998
299.99998
299.99998
299.99998
299.99998
299.99998
299.99998
299.99998
299.99998
299.99998
299.99998
299.99998
299.99998
299.99998
299.99998
299.99998
299.99997
299.99997
299.99997
299.99998
299.99999
300.00002
300.00003
300.00004
300.00004
343.79968
331.09023
319.04512
309.41619
303.43064
300.73132
299.96145
299.90268
299.96188
299.9927
299.99982
300.00029
300.00006
299.99999
299.99998
299.99998
299.99998
299.99998
299.99998
299.99998
299.99998
299.99998
299.99998
299.99998
299.99998
299.99998
299.99998
299.99998
299.99998
299.99998
299.99998
299.99997
299.99997
299.99997
299.99998
300
300.00002
300.00003
300.00004
300.00004
343.85691
331.27361
319.32813
309.70759
303.63816
300.83197
299.99104
299.90481
299.95948
299.99149
299.99956
300.00027
300.00007
299.99999
299.99998
299.99998
299.99998
299.99998
299.99998
299.99998
299.99998
299.99998
299.99998
299.99998
299.99998
299.99998
299.99998
299.99998
299.99998
299.99998
299.99997
299.99997
299.99997
299.99997
299.99998
300
300.00002
300.00003
300.00004
300.00004
343.91157
331.4495
319.60141
309.99251
303.84495
300.93522
300.02312
299.90805
299.9573
299.99025
299.99926
300.00025
300.00008
299.99999
299.99998
299.99998
299.99998
299.99998
299.99998
299.99998
299.99998
299.99998
299.99998
299.99998
299.99998
299.99998
299.99998
299.99998
299.99998
299.99998
299.99997
299.99997
299.99997
299.99997
299.99998
300
300.00002
300.00003
300.00004
300.00004
343.9637
331.61808
319.86521
310.27092
304.05073
301.04082
300.05763
299.91244
299.95537
299.98898
299.99892
300.00022
300.00009
300
299.99998
299.99998
299.99998
299.99998
299.99998
299.99998
299.99998
299.99998
299.99998
299.99998
299.99998
299.99998
299.99998
299.99998
299.99998
299.99998
299.99997
299.99997
299.99997
299.99997
299.99998
300
300.00002
300.00003
300.00004
300.00004
344.0133
331.77953
320.11975
310.54278
304.25523
301.14852
300.09449
299.91801
299.95372
299.9877
299.99855
300.00017
300.0001
300
299.99998
299.99998
299.99998
299.99998
299.99998
299.99998
299.99998
299.99998
299.99998
299.99998
299.99998
299.99998
299.99998
299.99998
299.99998
299.99998
299.99997
299.99997
299.99997
299.99997
299.99998
300
300.00002
300.00003
300.00004
300.00004
344.06041
331.93397
320.36523
310.80808
304.45819
301.25809
300.13361
299.92478
299.95239
299.98642
299.99815
300.00012
300.0001
300
299.99998
299.99998
299.99998
299.99998
299.99998
299.99998
299.99998
299.99998
299.99998
299.99998
299.99998
299.99998
299.99998
299.99998
299.99998
299.99997
299.99997
299.99997
299.99997
299.99997
299.99998
300
300.00002
300.00003
300.00004
300.00004
344.105
332.08147
320.6018
311.06678
304.65938
301.36928
300.1749
299.93277
299.95142
299.98515
299.99771
300.00005
300.0001
300.00001
299.99998
299.99998
299.99998
299.99998
299.99998
299.99998
299.99998
299.99998
299.99998
299.99998
299.99998
299.99998
299.99998
299.99998
299.99998
299.99997
299.99997
299.99997
299.99997
299.99997
299.99998
300
300.00002
300.00003
300.00004
300.00004
344.14706
332.22209
320.82958
311.31884
304.85855
301.48186
300.21827
299.94197
299.95082
299.98392
299.99725
299.99996
300.0001
300.00001
299.99998
299.99998
299.99998
299.99998
299.99998
299.99998
299.99998
299.99998
299.99998
299.99998
299.99998
299.99998
299.99998
299.99998
299.99998
299.99997
299.99997
299.99997
299.99997
299.99997
299.99998
300
300.00002
300.00003
300.00004
300.00005
344.18656
332.35582
321.04864
311.5642
305.05547
301.5956
300.2636
299.95239
299.95063
299.98273
299.99677
299.99986
300.00009
300.00001
299.99998
299.99998
299.99998
299.99998
299.99998
299.99998
299.99998
299.99998
299.99998
299.99998
299.99998
299.99998
299.99998
299.99998
299.99998
299.99997
299.99997
299.99997
299.99997
299.99997
299.99998
300
300.00002
300.00003
300.00004
300.00005
344.22347
332.48265
321.25903
311.80279
305.24992
301.71027
300.31079
299.96404
299.95087
299.9816
299.99626
299.99975
300.00009
300.00002
299.99998
299.99998
299.99998
299.99998
299.99998
299.99998
299.99998
299.99998
299.99998
299.99998
299.99998
299.99998
299.99998
299.99998
299.99997
299.99997
299.99997
299.99997
299.99997
299.99997
299.99998
300
300.00002
300.00003
300.00004
300.00005
344.25773
332.60249
321.46077
312.03455
305.44168
301.82565
300.35974
299.97689
299.95156
299.98054
299.99574
299.99963
300.00007
300.00002
299.99998
299.99998
299.99998
299.99998
299.99998
299.99998
299.99998
299.99998
299.99998
299.99998
299.99998
299.99998
299.99998
299.99998
299.99997
299.99997
299.99997
299.99997
299.99997
299.99997
299.99998
300
300.00002
300.00003
300.00004
300.00005
344.28931
332.71527
321.6538
312.25938
305.63053
301.9415
300.41031
299.99093
299.95273
299.97957
299.9952
299.99949
300.00006
300.00002
299.99998
299.99998
299.99998
299.99998
299.99998
299.99998
299.99998
299.99998
299.99998
299.99998
299.99998
299.99998
299.99998
299.99998
299.99997
299.99997
299.99997
299.99997
299.99997
299.99997
299.99999
300
300.00002
300.00003
300.00004
300.00005
344.31816
332.82085
321.83806
312.47717
305.81625
302.0576
300.4624
300.00615
299.95438
299.9787
299.99466
299.99934
300.00004
300.00002
299.99999
299.99998
299.99998
299.99998
299.99998
299.99998
299.99998
299.99998
299.99998
299.99998
299.99998
299.99998
299.99998
299.99997
299.99997
299.99997
299.99997
299.99997
299.99997
299.99997
299.99999
300
300.00002
300.00004
300.00004
300.00005
344.34423
332.91908
322.01344
312.68777
305.99861
302.17372
300.51586
300.02252
299.95655
299.97795
299.99412
299.99917
300.00001
300.00002
299.99999
299.99998
299.99998
299.99998
299.99998
299.99998
299.99998
299.99998
299.99998
299.99998
299.99998
299.99998
299.99998
299.99997
299.99997
299.99997
299.99997
299.99997
299.99997
299.99997
299.99999
300
300.00002
300.00004
300.00004
300.00005
344.36749
333.00982
322.1798
312.89106
306.1774
302.28965
300.57059
300.04
299.95923
299.97733
299.99357
299.999
299.99998
300.00002
299.99999
299.99998
299.99998
299.99998
299.99998
299.99998
299.99998
299.99998
299.99998
299.99998
299.99998
299.99998
299.99998
299.99997
299.99997
299.99997
299.99997
299.99997
299.99997
299.99997
299.99999
300.00001
300.00002
300.00004
300.00005
300.00005
344.38794
333.09291
322.33695
313.08684
306.35238
302.40515
300.62643
300.05856
299.96245
299.97686
299.99304
299.99881
299.99995
300.00002
299.99999
299.99998
299.99998
299.99998
299.99998
299.99998
299.99998
299.99998
299.99998
299.99998
299.99998
299.99998
299.99997
299.99997
299.99997
299.99997
299.99997
299.99997
299.99997
299.99997
299.99999
300.00001
300.00002
300.00004
300.00005
300.00006
344.40557
333.16819
322.48469
313.27492
306.52332
302.52
300.68326
300.07816
299.96619
299.97654
299.99252
299.99861
299.99991
300.00002
299.99999
299.99998
299.99998
299.99998
299.99998
299.99998
299.99998
299.99998
299.99998
299.99998
299.99998
299.99998
299.99997
299.99997
299.99997
299.99997
299.99997
299.99997
299.99997
299.99997
299.99999
300.00001
300.00002
300.00004
300.00005
300.00006
344.42043
333.23556
322.6228
313.45508
306.68997
302.63398
300.74093
300.09876
299.97048
299.97639
299.99202
299.99841
299.99986
300.00001
299.99999
299.99998
299.99998
299.99998
299.99998
299.99998
299.99998
299.99998
299.99998
299.99998
299.99998
299.99997
299.99997
299.99997
299.99997
299.99997
299.99997
299.99997
299.99997
299.99998
299.99999
300.00001
300.00002
300.00004
300.00005
300.00006
344.43258
333.29495
322.75103
313.62709
306.85209
302.74686
300.7993
300.1203
299.97531
299.97642
299.99154
299.9982
299.99981
300
299.99999
299.99998
299.99998
299.99998
299.99998
299.99998
299.99998
299.99998
299.99998
299.99998
299.99998
299.99997
299.99997
299.99997
299.99997
299.99997
299.99997
299.99997
299.99997
299.99998
299.99999
300.00001
300.00003
300.00004
300.00005
300.00006
344.44214
333.34636
322.86918
313.79069
307.00942
302.85839
300.85823
300.14273
299.98068
299.97664
299.9911
299.99798
299.99975
300
299.99999
299.99998
299.99997
299.99997
299.99998
299.99998
299.99998
299.99998
299.99998
299.99998
299.99997
299.99997
299.99997
299.99997
299.99997
299.99997
299.99997
299.99997
299.99997
299.99998
299.99999
300.00001
300.00003
300.00004
300.00005
300.00006
344.44925
333.38988
322.97703
313.94561
307.1617
302.96837
300.91756
300.166
299.98658
299.97705
299.9907
299.99776
299.99969
299.99999
299.99999
299.99998
299.99997
299.99997
299.99997
299.99998
299.99998
299.99998
299.99998
299.99997
299.99997
299.99997
299.99997
299.99997
299.99997
299.99997
299.99997
299.99997
299.99997
299.99998
299.99999
300.00001
300.00003
300.00004
300.00005
300.00006
344.45409
333.4257
323.07443
314.09158
307.30867
303.07654
300.97713
300.19003
299.993
299.97768
299.99034
299.99754
299.99963
299.99998
299.99999
299.99998
299.99997
299.99997
299.99997
299.99997
299.99997
299.99997
299.99997
299.99997
299.99997
299.99997
299.99997
299.99997
299.99997
299.99997
299.99997
299.99997
299.99997
299.99998
299.99999
300.00001
300.00003
300.00004
300.00005
300.00006
344.45688
333.45413
323.1613
314.22835
307.45004
303.18269
301.03681
300.21476
299.99994
299.97851
299.99002
299.99732
299.99956
299.99996
299.99999
299.99998
299.99997
299.99997
299.99997
299.99997
299.99997
299.99997
299.99997
299.99997
299.99997
299.99997
299.99997
299.99997
299.99997
299.99997
299.99997
299.99997
299.99997
299.99998
299.99999
300.00001
300.00003
300.00004
300.00005
300.00006
344.45787
333.47558
323.23765
314.35568
307.58557
303.28658
301.09643
300.24013
300.00738
299.97956
299.98977
299.9971
299.99949
299.99995
299.99999
299.99998
299.99997
299.99997
299.99997
299.99997
299.99997
299.99997
299.99997
299.99997
299.99997
299.99997
299.99997
299.99997
299.99997
299.99997
299.99997
299.99997
299.99997
299.99998
299.99999
300.00001
300.00003
300.00004
300.00005
300.00006
344.45732
333.49059
323.30358
314.47337
307.71498
303.38798
301.15583
300.26605
300.0153
299.98084
299.98957
299.99689
299.99941
299.99993
299.99998
299.99998
299.99997
299.99997
299.99997
299.99997
299.99997
299.99997
299.99997
299.99997
299.99997
299.99997
299.99997
299.99997
299.99997
299.99997
299.99997
299.99997
299.99997
299.99998
299.99999
300.00001
300.00003
300.00004
300.00006
300.00007
344.45552
333.4998
323.35936
314.58129
307.83805
303.48668
301.21487
300.29247
300.02368
299.98233
299.98943
299.99669
299.99933
299.99991
299.99998
299.99998
299.99997
299.99997
299.99997
299.99997
299.99997
299.99997
299.99997
299.99997
299.99997
299.99997
299.99997
299.99997
299.99997
299.99997
299.99997
299.99997
299.99997
299.99998
299.99999
300.00001
300.00003
300.00004
300.00006
300.00007
344.45276
333.50395
323.40539
314.67937
307.95456
303.58246
301.27339
300.31929
300.03251
299.98406
299.98937
299.99649
299.99925
299.99989
299.99998
299.99998
299.99997
299.99997
299.99997
299.99997
299.99997
299.99997
299.99997
299.99997
299.99997
299.99997
299.99997
299.99997
299.99997
299.99997
299.99997
299.99997
299.99997
299.99998
299.99999
300.00001
300.00003
300.00004
300.00006
300.00007
344.44931
333.50383
323.44222
314.76764
308.06432
303.67512
301.33125
300.34645
300.04176
299.98601
299.98938
299.99631
299.99916
299.99987
299.99998
299.99998
299.99997
299.99997
299.99997
299.99997
299.99997
299.99997
299.99997
299.99997
299.99997
299.99997
299.99997
299.99997
299.99997
299.99997
299.99997
299.99997
299.99997
299.99998
299.99999
300.00001
300.00003
300.00004
300.00006
300.00007
344.44544
333.50029
323.47056
314.84626
308.16722
303.76449
301.3883
300.37387
300.0514
299.98818
299.98946
299.99614
299.99908
299.99985
299.99997
299.99998
299.99997
299.99997
299.99997
299.99997
299.99997
299.99997
299.99997
299.99997
299.99997
299.99997
299.99997
299.99997
299.99997
299.99997
299.99997
299.99997
299.99997
299.99998
299.99999
300.00001
300.00003
300.00005
300.00006
300.00007
344.44138
333.49418
323.49127
314.91551
308.26319
303.85041
301.44441
300.40146
300.06141
299.99057
299.98963
299.99598
299.99899
299.99982
299.99997
299.99998
299.99997
299.99997
299.99997
299.99997
299.99997
299.99997
299.99997
299.99997
299.99997
299.99997
299.99997
299.99997
299.99997
299.99997
299.99997
299.99997
299.99997
299.99998
299.99999
300.00001
300.00003
300.00005
300.00006
300.00007
344.43733
333.48633
323.50532
314.97579
308.35221
303.93275
301.49946
300.42916
300.07176
299.99318
299.98988
299.99585
299.99891
299.9998
299.99996
299.99998
299.99997
299.99997
299.99997
299.99997
299.99997
299.99997
299.99997
299.99997
299.99997
299.99997
299.99997
299.99997
299.99997
299.99997
299.99997
299.99997
299.99997
299.99998
299.99999
300.00001
300.00003
300.00005
300.00006
300.00007
344.43345
333.47751
323.5138
315.02766
308.43438
304.01141
301.55333
300.45689
300.08241
299.996
299.99021
299.99573
299.99883
299.99977
299.99996
299.99997
299.99997
299.99997
299.99997
299.99997
299.99997
299.99997
299.99997
299.99997
299.99997
299.99997
299.99997
299.99997
299.99997
299.99997
299.99997
299.99997
299.99997
299.99998
299.99999
300.00001
300.00003
300.00005
300.00006
300.00007
344.42985
333.46841
323.51784
315.07179
308.50985
304.08634
301.60593
300.48458
300.09334
299.99903
299.99063
299.99564
299.99875
299.99974
299.99995
299.99997
299.99997
299.99997
299.99997
299.99997
299.99997
299.99997
299.99997
299.99997
299.99997
299.99997
299.99997
299.99997
299.99997
299.99997
299.99997
299.99997
299.99997
299.99998
299.99999
300.00001
300.00003
300.00005
300.00006
300.00007
344.42659
333.45961
323.51858
315.10898
308.57887
304.15752
301.65717
300.51217
300.10452
300.00225
299.99113
299.99557
299.99867
299.99971
299.99994
299.99997
299.99997
299.99997
299.99997
299.99997
299.99997
299.99997
299.99997
299.99997
299.99997
299.99997
299.99997
299.99997
299.99997
299.99997
299.99997
299.99997
299.99997
299.99998
299.99999
300.00001
300.00003
300.00005
300.00006
300.00007
344.42368
333.45154
323.51715
315.14013
308.64179
304.22497
301.70698
300.53959
300.11592
300.00567
299.99172
299.99552
299.99859
299.99968
299.99993
299.99997
299.99997
299.99997
299.99997
299.99997
299.99997
299.99997
299.99997
299.99997
299.99997
299.99997
299.99997
299.99997
299.99997
299.99997
299.99996
299.99997
299.99997
299.99998
299.99999
300.00001
300.00003
300.00005
300.00006
300.00007
344.42109
333.44447
323.51457
315.1662
308.69902
304.28877
301.75533
300.5668
300.12751
300.00927
299.9924
299.99551
299.99852
299.99965
299.99992
299.99997
299.99997
299.99997
299.99997
299.99997
299.99997
299.99997
299.99997
299.99997
299.99997
299.99997
299.99997
299.99997
299.99997
299.99997
299.99996
299.99997
299.99997
299.99998
299.99999
300.00001
300.00003
300.00005
300.00006
300.00007
344.41875
333.43855
323.51175
315.18818
308.75105
304.34904
301.80217
300.59375
300.13925
300.01304
299.99317
299.99552
299.99845
299.99962
299.99992
299.99997
299.99997
299.99997
299.99997
299.99997
299.99997
299.99997
299.99997
299.99997
299.99997
299.99997
299.99997
299.99997
299.99997
299.99997
299.99996
299.99997
299.99997
299.99998
300
300.00001
300.00003
300.00005
300.00007
300.00008
344.41656
333.43374
323.5094
315.20705
308.79842
304.40591
301.84751
300.62038
300.15113
300.01697
299.99403
299.99556
299.99839
299.99959
299.99991
299.99996
299.99997
299.99997
299.99997
299.99997
299.99997
299.99997
299.99997
299.99997
299.99997
299.99997
299.99997
299.99997
299.99997
299.99996
299.99996
299.99997
299.99997
299.99998
300
300.00001
300.00003
300.00005
300.00007
300.00008
344.41439
333.42987
323.50806
315.22373
308.84173
304.45959
301.89134
300.64668
300.16312
300.02106
299.99497
299.99562
299.99834
299.99955
299.9999
299.99996
299.99997
299.99997
299.99997
299.99997
299.99997
299.99997
299.99997
299.99997
299.99997
299.99997
299.99997
299.99997
299.99997
299.99996
299.99996
299.99996
299.99997
299.99998
300
300.00001
300.00003
300.00005
300.00007
300.00008
344.4121
333.42664
323.50801
315.23905
308.88155
304.5103
301.9337
300.67261
300.17519
300.0253
299.99599
299.99572
299.99829
299.99952
299.99989
299.99996
299.99997
299.99997
299.99997
299.99997
299.99997
299.99997
299.99997
299.99997
299.99997
299.99997
299.99997
299.99997
299.99997
299.99996
299.99996
299.99996
299.99997
299.99998
300
300.00001
300.00003
300.00005
300.00007
300.00008
344.40956
333.42367
323.50932
315.25372
308.9185
304.55827
301.97462
300.69814
300.18732
300.02966
299.9971
299.99586
299.99825
299.99949
299.99987
299.99996
299.99997
299.99997
299.99997
299.99997
299.99997
299.99997
299.99997
299.99997
299.99997
299.99997
299.99997
299.99997
299.99996
299.99996
299.99996
299.99996
299.99997
299.99998
300
300.00002
300.00003
300.00005
300.00007
300.00008
344.40664
333.42053
323.51182
315.26826
308.95311
304.60377
302.01415
300.72326
300.1995
300.03415
299.99828
299.99602
299.99822
299.99946
299.99986
299.99995
299.99997
299.99997
299.99997
299.99997
299.99997
299.99997
299.99997
299.99997
299.99997
299.99997
299.99997
299.99997
299.99996
299.99996
299.99996
299.99996
299.99997
299.99998
300
300.00002
300.00004
300.00005
300.00007
300.00008
344.40324
333.41674
323.51517
315.28301
308.98589
304.64704
302.05236
300.74796
300.21169
300.03876
299.99955
299.99621
299.9982
299.99944
299.99985
299.99995
299.99997
299.99997
299.99997
299.99997
299.99997
299.99997
299.99997
299.99997
299.99997
299.99997
299.99997
299.99996
299.99996
299.99996
299.99996
299.99996
299.99997
299.99998
300
300.00002
300.00004
300.00005
300.00007
300.00008
344.39926
333.41185
323.51883
315.29812
309.01726
304.68835
302.08931
300.77224
300.22389
300.04348
300.00088
299.99644
299.99818
299.99941
299.99984
299.99995
299.99997
299.99997
299.99997
299.99997
299.99997
299.99997
299.99997
299.99997
299.99997
299.99997
299.99997
299.99996
299.99996
299.99996
299.99996
299.99996
299.99997
299.99998
300
300.00002
300.00004
300.00005
300.00007
300.00008
344.39467
333.40546
323.52216
315.31355
309.04754
304.72791
302.12507
300.79608
300.23608
300.04829
300.0023
299.9967
299.99818
299.99938
299.99983
299.99994
299.99996
299.99997
299.99997
299.99997
299.99997
299.99997
299.99997
299.99997
299.99997
299.99997
299.99996
299.99996
299.99996
299.99996
299.99996
299.99996
299.99997
299.99998
300
300.00002
300.00004
300.00006
300.00007
300.00008
344.38944
333.39724
323.52447
315.32905
309.07695
304.76594
302.15972
300.81949
300.24825
300.05319
300.00378
299.99699
299.99819
299.99936
299.99982
299.99994
299.99996
299.99997
299.99997
299.99997
299.99997
299.99997
299.99997
299.99997
299.99997
299.99997
299.99996
299.99996
299.99996
299.99996
299.99996
299.99996
299.99997
299.99998
300
300.00002
300.00004
300.00006
300.00007
300.00008
344.38358
333.38695
323.52504
315.34423
309.10559
304.80259
302.19331
300.84247
300.26037
300.05816
300.00533
299.99732
299.9982
299.99934
299.99981
299.99994
299.99996
299.99997
299.99997
299.99997
299.99997
299.99997
299.99997
299.99997
299.99997
299.99996
299.99996
299.99996
299.99996
299.99996
299.99996
299.99996
299.99997
299.99998
300
300.00002
300.00004
300.00006
300.00007
300.00008
344.37714
333.37446
323.52323
315.35858
309.13343
304.83798
302.22591
300.86502
300.27244
300.06321
300.00694
299.99767
299.99823
299.99932
299.99979
299.99993
299.99996
299.99996
299.99997
299.99997
299.99997
299.99997
299.99997
299.99996
299.99996
299.99996
299.99996
299.99996
299.99996
299.99996
299.99996
299.99996
299.99997
299.99998
300
300.00002
300.00004
300.00006
300.00007
300.00008
344.37019
333.35974
323.51845
315.37151
309.16036
304.8722
302.25755
300.88714
300.28445
300.06832
300.00862
299.99806
299.99827
299.9993
299.99978
299.99993
299.99996
299.99996
299.99996
299.99996
299.99996
299.99996
299.99996
299.99996
299.99996
299.99996
299.99996
299.99996
299.99996
299.99996
299.99996
299.99996
299.99997
299.99998
300
300.00002
300.00004
300.00006
300.00007
300.00008
344.36281
333.34289
323.51028
315.38239
309.18616
304.90527
302.28829
300.90883
300.29638
300.07349
300.01035
299.99848
299.99832
299.99929
299.99977
299.99992
299.99996
299.99996
299.99996
299.99996
299.99996
299.99996
299.99996
299.99996
299.99996
299.99996
299.99996
299.99996
299.99996
299.99996
299.99996
299.99996
299.99997
299.99998
300
300.00002
300.00004
300.00006
300.00007
300.00008
344.35512
333.32408
323.49845
315.39062
309.21053
304.93717
302.31812
300.93009
300.30822
300.0787
300.01214
299.99893
299.99838
299.99928
299.99976
299.99992
299.99996
299.99996
299.99996
299.99996
299.99996
299.99996
299.99996
299.99996
299.99996
299.99996
299.99996
299.99996
299.99996
299.99996
299.99996
299.99996
299.99997
299.99998
300
300.00002
300.00004
300.00006
300.00007
300.00008
344.34722
333.30356
323.48284
315.39564
309.23315
304.96783
302.34707
300.95091
300.31996
300.08395
300.01398
299.99941
299.99845
299.99927
299.99975
299.99991
299.99995
299.99996
299.99996
299.99996
299.99996
299.99996
299.99996
299.99996
299.99996
299.99996
299.99996
299.99996
299.99996
299.99996
299.99996
299.99996
299.99997
299.99998
300
300.00002
300.00004
300.00006
300.00007
300.00008
344.33923
333.28164
323.46351
315.397
309.25363
304.99717
302.37514
300.97129
300.33159
300.08923
300.01588
299.99992
299.99854
299.99927
299.99974
299.99991
299.99995
299.99996
299.99996
299.99996
299.99996
299.99996
299.99996
299.99996
299.99996
299.99996
299.99996
299.99996
299.99996
299.99996
299.99996
299.99996
299.99997
299.99998
300
300.00002
300.00004
300.00006
300.00007
300.00008
344.33127
333.25868
323.44066
315.39435
309.2716
305.02506
302.40232
300.99124
300.34311
300.09453
300.01781
300.00046
299.99863
299.99927
299.99973
299.9999
299.99995
299.99996
299.99996
299.99996
299.99996
299.99996
299.99996
299.99996
299.99996
299.99996
299.99996
299.99996
299.99996
299.99996
299.99996
299.99996
299.99997
299.99998
300
300.00002
300.00004
300.00006
300.00008
300.00008
344.32343
333.23501
323.41465
315.3876
309.28674
305.05129
302.42851
301.01069
300.35446
300.09983
300.01978
300.00102
299.99874
299.99927
299.99973
299.9999
299.99995
299.99996
299.99996
299.99996
299.99996
299.99996
299.99996
299.99996
299.99996
299.99996
299.99996
299.99996
299.99996
299.99996
299.99996
299.99996
299.99997
299.99998
300
300.00002
300.00004
300.00006
300.00008
300.00008
344.31591
333.21105
323.38552
315.37617
309.29862
305.07604
302.45419
301.03009
300.36594
300.10527
300.02184
300.00162
299.99886
299.99928
299.99972
299.9999
299.99995
299.99996
299.99996
299.99996
299.99996
299.99996
299.99996
299.99996
299.99996
299.99996
299.99996
299.99996
299.99996
299.99996
299.99996
299.99996
299.99997
299.99998
300
300.00002
300.00004
300.00006
300.00008
300.00008
344.30854
333.18775
323.35672
315.3632
309.30737
305.09697
302.47631
301.04689
300.37593
300.11003
300.02366
300.00216
299.99897
299.99928
299.99971
299.99989
299.99994
299.99996
299.99996
299.99996
299.99996
299.99996
299.99996
299.99996
299.99996
299.99996
299.99996
299.99996
299.99996
299.99996
299.99996
299.99996
299.99997
299.99998
300
300.00002
300.00004
300.00006
300.00008
300.00009
344.30141
333.15646
323.30799
315.33215
309.31241
305.12646
302.5111
301.07452
300.39283
300.1183
300.02692
300.00317
299.9992
299.99931
299.9997
299.99988
299.99994
299.99995
299.99996
299.99996
299.99996
299.99996
299.99996
299.99996
299.99996
299.99996
299.99996
299.99996
299.99996
299.99995
299.99996
299.99996
299.99997
299.99998
300
300.00002
300.00004
300.00006
300.00008
300.00009
)
;

boundaryField
{
    wall
    {
        type            fixedValue;
        value           uniform 350;
    }
    sides
    {
        type            zeroGradient;
    }
    frontAndBack
    {
        type            empty;
    }
    inlet
    {
        type            fixedValue;
        value           uniform 300;
    }
    outlet
    {
        type            zeroGradient;
    }
}


// ************************************************************************* //
