/*--------------------------------*- C++ -*----------------------------------*\
  =========                 |
  \\      /  F ield         | OpenFOAM: The Open Source CFD Toolbox
   \\    /   O peration     | Website:  https://openfoam.org
    \\  /    A nd           | Version:  10
     \\/     M anipulation  |
\*---------------------------------------------------------------------------*/
FoamFile
{
    format      ascii;
    class       volScalarField;
    location    "0.22";
    object      TporMedia;
}
// * * * * * * * * * * * * * * * * * * * * * * * * * * * * * * * * * * * * * //

dimensions      [0 0 0 1 0 0 0];

internalField   nonuniform List<scalar> 
4000
(
-0.0005207498
0.00013449799
0.00035694262
0.0004308396
0.00043627186
0.00035892971
0.00045270661
0.00042365625
0.00045943086
0.00052526638
0.00051582352
0.0004975987
0.00054084468
0.00043988032
0.00047033687
0.00039319143
0.00061781245
0.00040325997
0.00041568013
0.00039654214
0.00044052251
0.00033716689
0.00048489688
0.00039638566
0.00081977512
0.00042060827
0.00037562424
0.00042646305
0.00041763302
0.00045014751
0.00056283337
0.00045322092
0.00050451687
0.00049520953
0.00040787813
0.00043588301
0.00038348553
0.00054136067
0.00035931689
0.00052829022
-5.1655404e-05
1.1239335e-11
9.3729318e-11
2.7700053e-10
3.3782345e-10
3.0670096e-10
2.9757167e-10
2.7448867e-10
2.637435e-10
3.0950118e-10
2.8867336e-10
3.4935547e-10
3.998144e-10
5.3381596e-10
2.9618161e-10
5.148031e-10
4.0629965e-10
2.7789905e-10
3.9002873e-10
2.902125e-10
2.5801161e-10
3.2298586e-10
3.8669642e-10
2.0036585e-10
4.6056201e-10
1.9766496e-10
2.9844392e-10
2.5337895e-10
1.9746483e-10
2.5298146e-10
3.2643477e-10
2.8702328e-10
4.1366845e-10
3.372861e-10
2.9682122e-10
3.6259681e-10
2.5618454e-10
3.4749141e-10
3.0884802e-10
3.0214789e-10
-2.0176405e-05
-5.6867297e-12
1.0490483e-17
2.0152315e-16
3.1278285e-16
1.9495642e-16
2.6597162e-16
1.8843431e-16
1.7958962e-16
4.1463875e-16
2.0009639e-16
3.6540997e-16
2.0298996e-16
4.1077368e-16
2.5301703e-16
4.9807416e-16
3.2080122e-16
2.7833616e-16
2.9712429e-16
1.9518296e-16
2.1200418e-16
4.882352e-16
2.5188995e-16
1.2224165e-16
3.8590492e-16
1.3516068e-16
2.0883631e-16
1.570228e-16
1.3197575e-16
1.3223272e-16
1.7081523e-16
2.4661805e-16
2.4305475e-16
2.6611544e-16
2.4629979e-16
2.1310157e-16
1.7841036e-16
3.489812e-16
1.7531976e-16
2.1097184e-16
-1.0909753e-05
7.5099527e-13
4.9765636e-20
4.4945858e-23
2.2651267e-22
1.4473252e-22
2.1999982e-22
1.390281e-22
1.4828371e-22
4.0912773e-22
1.6701949e-22
3.0971889e-22
2.3198888e-22
3.4886966e-22
1.4543285e-22
3.6302679e-22
2.2061707e-22
2.2752301e-22
2.1585584e-22
1.3870535e-22
1.8593967e-22
4.6749359e-22
1.6919351e-22
9.4922421e-23
2.2354888e-22
9.6339179e-23
1.7511434e-22
8.9321184e-23
7.9658494e-23
8.2446383e-23
8.7135168e-23
2.2245751e-22
2.3376703e-22
2.3277084e-22
1.4516539e-22
1.575069e-22
8.5511114e-23
2.0714235e-22
1.0489299e-22
1.62077e-22
-6.8463191e-06
1.3800477e-13
6.8373924e-21
6.8404333e-28
1.4219293e-28
1.2745916e-28
1.5737139e-28
9.9880002e-29
1.0798855e-28
3.0998971e-28
1.1199098e-28
3.0843702e-28
1.3686094e-28
2.4189676e-28
1.4320473e-28
2.9589712e-28
4.1242031e-28
1.4922829e-28
1.1615182e-28
1.2813709e-28
1.5429178e-28
2.9263809e-28
1.7114408e-28
1.1182874e-28
1.4712086e-28
6.4856113e-29
1.2155166e-28
5.6323046e-29
6.8893883e-29
5.5808223e-29
4.6761924e-29
2.2574313e-28
1.3074172e-28
1.8274809e-28
1.2892894e-28
9.6568792e-29
6.2269232e-29
1.7014895e-28
6.7570938e-29
9.824276e-29
-4.7867551e-06
4.5600558e-14
2.7073844e-21
1.3309139e-28
9.2691706e-35
1.8114297e-34
1.6432681e-34
1.123142e-34
7.8517885e-35
2.8638953e-34
1.4977887e-34
1.8223507e-34
1.2060953e-34
2.0179053e-34
1.40779e-34
2.577067e-34
3.0465842e-34
1.1082668e-34
1.0161924e-34
9.3716901e-35
2.9526182e-34
2.7945639e-34
2.718409e-34
7.5151517e-35
1.0976018e-34
5.3275535e-35
8.626387e-35
4.5309989e-35
4.8152714e-35
5.19922e-35
2.7444178e-35
1.686229e-34
1.4333692e-34
1.0376902e-34
9.5191268e-35
7.4946661e-35
3.7508136e-35
1.9317001e-34
5.2052219e-35
6.4405995e-35
-3.614528e-06
1.9846256e-14
-3.5463011e-20
-1.1140292e-27
-1.6284531e-34
3.0791648e-41
2.7641233e-40
8.9455825e-41
5.1765243e-41
3.2692559e-40
1.0835501e-40
1.2073959e-40
7.3355654e-41
1.789893e-40
9.4604747e-41
1.7424675e-40
2.4813555e-40
6.0058853e-41
1.1260946e-40
7.7900884e-41
2.2574357e-40
1.7844302e-40
2.0846278e-40
5.2238487e-41
5.9929248e-41
5.7875774e-41
7.0851684e-41
2.6357662e-41
4.3459321e-41
4.6017819e-41
1.7777186e-41
1.216192e-40
1.6754938e-40
6.9784846e-41
8.2337952e-41
7.3561144e-41
5.1311758e-41
1.2017774e-40
2.9134205e-41
4.5475781e-41
-2.8689766e-06
1.0221617e-14
-2.8790149e-22
-6.5597228e-30
-4.8683306e-37
-6.2127136e-43
9.0302273e-46
7.5394267e-47
4.0361549e-47
3.3664525e-46
8.7111718e-47
6.6476224e-47
7.0589536e-47
1.2985516e-46
6.1981883e-47
9.420838e-47
2.0218912e-46
4.3076202e-47
9.0066813e-47
5.6850837e-47
1.3774309e-46
1.196676e-46
1.5278053e-46
3.6269571e-47
6.2968265e-47
6.0843859e-47
7.7359994e-47
2.2918199e-47
2.8679265e-47
4.2533691e-47
1.7572544e-47
1.2206763e-46
9.8465186e-47
5.2412759e-47
6.1296042e-47
5.2032474e-47
3.1953272e-47
6.99884e-47
2.3894012e-47
4.1689385e-47
-2.3650231e-06
5.9043521e-15
-6.3117669e-23
-1.1764313e-30
-4.7378924e-38
-2.5426428e-44
-5.864947e-50
6.5587397e-53
3.0527891e-53
2.6841474e-52
6.8876944e-53
6.0871113e-53
7.8461389e-53
8.3880074e-53
4.1868015e-53
5.1679956e-53
1.9129352e-52
3.9238041e-53
6.8431734e-53
6.5901853e-53
1.296408e-52
7.0337688e-53
1.3647683e-52
3.0289485e-53
4.3824658e-53
3.7238489e-53
5.5272777e-53
1.93812e-53
1.9985956e-53
3.0515486e-53
1.3302625e-53
1.0193628e-52
6.1111575e-53
6.0519498e-53
4.7087914e-53
3.5405817e-53
2.1724916e-53
7.2117645e-53
1.9277817e-53
2.901775e-53
-1.9871893e-06
3.660443e-15
-2.0554346e-23
-3.6512018e-31
-9.3123192e-39
-2.0151451e-45
3.7748016e-51
2.7417225e-57
2.2700805e-59
2.793541e-58
4.501994e-59
4.1923291e-59
6.5468025e-59
1.088727e-58
3.0342775e-59
3.7617743e-59
1.3799432e-58
2.6340028e-59
4.6417055e-59
4.3008127e-59
6.2602827e-59
4.3417867e-59
1.2529305e-58
1.8623206e-59
4.9732041e-59
2.6210045e-59
4.3120342e-59
1.7813284e-59
1.2358423e-59
3.4836952e-59
8.5050842e-60
9.0368375e-59
4.973609e-59
3.195783e-59
4.4252669e-59
2.0839951e-59
2.096454e-59
4.5458802e-59
2.2329961e-59
2.2175203e-59
-1.6846161e-06
2.3757665e-15
-8.1403254e-24
-1.6464498e-31
-2.8086752e-39
-2.8348346e-46
7.3512167e-52
1.149839e-57
8.5063665e-64
4.0457353e-64
3.9785414e-65
2.6097309e-65
4.5766718e-65
8.1196232e-65
2.1214897e-65
4.6400639e-65
1.9131759e-64
1.6547617e-65
4.9167241e-65
2.6439955e-65
5.2899178e-65
4.2600212e-65
1.0612385e-64
1.7839362e-65
2.7460083e-65
2.536601e-65
3.3287274e-65
1.2260188e-65
1.0684461e-65
2.311811e-65
6.6533369e-66
6.6435487e-65
3.2202488e-65
1.7887916e-65
2.80198e-65
1.4568646e-65
1.7578148e-65
3.3354569e-65
1.5831549e-65
1.7568138e-65
-1.4264085e-06
1.5788585e-15
-3.5882522e-24
-1.3479151e-31
-1.7041606e-39
-9.4243116e-47
1.0290424e-52
3.7842056e-58
2.8183729e-64
6.2045649e-70
3.7429035e-71
1.6365137e-71
3.5422633e-71
5.3150284e-71
1.0998522e-71
3.4320832e-71
1.2337835e-70
1.0161837e-71
4.4203016e-71
1.7728418e-71
4.5743453e-71
3.2520872e-71
9.3390403e-71
1.2603343e-71
2.543015e-71
1.2576149e-71
2.5194309e-71
8.7046737e-72
1.2660438e-71
2.2928158e-71
6.7570519e-72
4.9541581e-71
2.9009367e-71
2.1378658e-71
2.1298413e-71
9.7830471e-72
1.5673089e-71
3.869885e-71
1.1997371e-71
1.2050438e-71
-1.2040758e-06
1.0672406e-15
-1.7027665e-24
1.1054743e-31
1.0885137e-39
3.4660926e-47
1.6754729e-52
-5.4984726e-58
-7.411547e-64
-5.267182e-70
-2.9935652e-76
1.8528829e-77
4.4452317e-77
4.9048428e-77
8.6196158e-78
2.6478516e-77
8.7281309e-77
7.5932818e-78
5.4094044e-77
1.2459872e-77
3.4290733e-77
2.2729594e-77
1.3323118e-76
9.8041562e-78
2.7610942e-77
1.1519381e-77
2.2171403e-77
6.2316416e-78
1.3339564e-77
1.6333493e-77
4.3838774e-78
2.8334538e-77
4.3678388e-77
1.2533611e-77
1.1281041e-77
6.6407415e-78
1.3139776e-77
2.7770706e-77
7.5410132e-78
8.205526e-78
-1.012576e-06
7.2852168e-16
-8.5021157e-25
1.05283e-32
8.5366658e-41
1.817416e-48
7.9052267e-55
-8.7041684e-61
-9.3614727e-67
-7.0247006e-73
-5.9008017e-79
1.1063001e-83
4.1327083e-83
3.5272214e-83
5.5370816e-84
3.344593e-83
8.1867095e-83
6.6439843e-84
5.3542902e-83
8.3966687e-84
3.8168244e-83
1.2751054e-83
2.1240872e-82
8.0338118e-84
1.7397471e-83
1.0662436e-83
1.7403346e-83
4.7328949e-84
8.7427587e-84
2.7101133e-83
3.0783968e-84
2.4857641e-83
3.3058378e-83
7.6368497e-84
8.5193018e-84
6.2011963e-84
9.4835095e-84
2.2929489e-83
4.7603427e-84
5.5926885e-84
-8.4919271e-07
5.0208477e-16
-4.4207705e-25
2.4890079e-33
1.7656607e-41
2.5777177e-49
3.9459261e-56
-2.4533999e-62
-4.3859706e-68
-3.1201058e-74
-1.8437155e-80
-1.22848e-86
6.334395e-89
5.4944593e-89
3.6122246e-90
2.1333465e-89
5.8554717e-89
6.3534508e-90
5.6471118e-89
7.4131424e-90
2.2536715e-89
1.5137828e-89
1.6809281e-88
8.1545879e-90
1.2543902e-89
5.3528919e-90
1.315291e-89
3.5775518e-90
6.0477575e-90
2.7829304e-89
3.5211484e-90
1.8799487e-89
2.5619975e-89
7.1451661e-90
9.2598174e-90
3.1311182e-90
7.4070562e-90
2.514917e-89
3.4585693e-90
2.9172991e-90
-7.1293195e-07
3.4887922e-16
-2.3719529e-25
7.6639248e-34
4.9961615e-42
5.2972028e-50
4.1883294e-57
-1.7108909e-63
-5.2489023e-69
-5.5921924e-75
-4.9083139e-81
-4.6242391e-87
-2.3920468e-93
3.841609e-95
2.7463807e-96
1.9845417e-95
5.7665623e-95
5.9309692e-96
5.0802725e-95
4.4521851e-96
1.6692644e-95
9.8081718e-96
1.9066496e-94
6.5571658e-96
1.6204994e-95
4.4892826e-96
1.1742955e-95
3.4859655e-96
3.7640789e-96
2.1240012e-95
2.4183155e-96
1.2673453e-95
1.7764375e-95
5.8391423e-96
8.1226895e-96
2.9177853e-96
4.4471964e-96
2.8182156e-95
1.7999994e-96
1.6643641e-96
-5.99746e-07
2.4467047e-16
-1.3095055e-25
2.7061185e-34
1.7470747e-42
1.4015547e-50
6.2322044e-58
-2.4603872e-64
2.7675529e-70
2.4909643e-76
2.0353729e-82
1.578382e-88
1.0289139e-94
9.3399865e-101
3.8716231e-102
1.714685e-101
3.2409795e-101
4.2646593e-102
4.1556163e-101
2.6024788e-102
1.1652778e-101
7.0444707e-102
1.126229e-100
4.5079684e-102
1.2340668e-101
6.3269779e-102
1.5875347e-101
1.8668902e-102
2.5129904e-102
1.4885737e-101
1.3952205e-102
8.8394194e-102
1.5319785e-101
6.6006334e-102
5.9418723e-102
2.582194e-102
3.5443341e-102
2.0214789e-101
1.0776713e-102
1.0541312e-102
-5.0628551e-07
1.7316916e-16
-7.4032894e-26
1.0438134e-34
7.2810894e-43
4.5661164e-51
1.2897384e-58
-5.8151259e-65
6.805853e-71
4.8544321e-77
4.3959916e-83
4.0711066e-89
3.7773724e-95
2.5525789e-101
3.2231381e-107
1.6805294e-107
2.6200747e-107
3.0632933e-108
3.4293717e-107
2.4845635e-108
1.2851097e-107
6.0612199e-108
7.3828582e-107
2.5531037e-108
1.3270583e-107
5.3464698e-108
1.115713e-107
1.5588253e-108
2.0196194e-108
1.2211665e-107
7.5136089e-109
8.0404462e-108
1.0757534e-107
5.9530864e-108
3.4678942e-108
1.5756022e-108
2.5231398e-108
1.147981e-107
6.6667449e-109
7.0424101e-109
-4.2955002e-07
1.2379617e-16
-4.2794837e-26
4.3046453e-35
3.8590725e-43
1.9477979e-51
3.6620822e-59
-1.4040925e-64
5.6860433e-71
8.9030595e-77
6.1470175e-83
3.9782004e-89
3.9447136e-95
2.6457584e-101
3.034883e-107
5.4262288e-113
1.5891675e-113
1.8875203e-114
2.7044828e-113
1.7351561e-114
8.6377882e-114
5.0449944e-114
4.324231e-113
1.9468219e-114
1.1047445e-113
4.5037688e-114
1.0556294e-113
9.3867272e-115
1.1738573e-114
9.4121432e-114
4.5317485e-115
4.987371e-114
6.429253e-114
5.6372997e-114
1.9244957e-114
1.0102785e-114
1.1169215e-114
1.4122767e-113
3.9990672e-115
5.2300748e-115
-3.6571461e-07
8.9212353e-17
-2.5203075e-26
1.8700069e-35
3.3248012e-43
1.4007991e-51
1.8580045e-59
8.3537485e-66
-2.7400663e-72
-1.145596e-77
-1.1734607e-83
-1.0370873e-89
-9.8790626e-96
-6.6082299e-102
-3.5475034e-108
-2.5832557e-114
9.3261565e-120
1.2262368e-120
1.7977815e-119
1.0492771e-120
7.1570333e-120
3.8103164e-120
3.8933386e-119
1.1935284e-120
6.2704967e-120
2.62824e-120
7.9925073e-120
5.8370617e-121
1.1132614e-120
6.2336519e-120
4.4810736e-121
3.2076148e-120
6.249504e-120
2.9057132e-120
1.0824363e-120
5.467505e-121
6.6603612e-121
7.5999584e-120
3.2791855e-121
2.5019256e-121
-3.1277061e-07
6.4859542e-17
-1.5111893e-26
8.4861548e-36
-2.695049e-43
-9.6838196e-52
-9.3601503e-60
-1.3713203e-66
4.0947203e-73
1.7359947e-78
1.5992628e-84
1.1733248e-90
6.7729121e-97
4.9615472e-103
3.9494909e-109
3.8571582e-115
2.7823136e-121
1.0910051e-126
1.2517962e-125
8.9846483e-127
5.4637443e-126
2.7912145e-126
2.5098781e-125
1.1030141e-126
5.7203712e-126
1.6386249e-126
4.1856255e-126
3.4946323e-127
1.030569e-126
5.0853826e-126
3.562065e-127
1.6696004e-126
3.4610833e-126
2.9595211e-126
5.7385121e-127
2.4371878e-127
4.6995496e-127
5.2262013e-126
2.5747662e-127
1.4846185e-127
-2.6855188e-07
4.7517785e-17
-9.2031582e-27
3.9902023e-36
-2.5311068e-44
-7.9861654e-53
-5.811923e-61
-4.0531782e-68
8.2954008e-75
-4.1814013e-80
-3.9933662e-86
-5.1935862e-92
-5.3359708e-98
-3.3419914e-104
-2.4167979e-110
-1.3864939e-116
-8.9512698e-123
-5.7701838e-129
1.4547269e-131
6.7914119e-133
3.4767488e-132
2.3356293e-132
1.7669893e-131
8.4977439e-133
4.0618536e-132
1.3758817e-132
2.4590121e-132
1.9579696e-133
1.3620777e-132
3.1604237e-132
2.4956164e-133
1.0804663e-132
2.5830782e-132
1.9140349e-132
3.5472179e-133
2.631749e-133
3.3214942e-133
3.7814594e-132
1.5247427e-133
1.1428388e-133
-2.3135946e-07
3.5056388e-17
-5.6817068e-27
1.9352765e-36
-5.8503613e-45
-1.6660742e-53
-9.3604509e-62
-3.7728116e-69
7.923365e-76
-4.829831e-82
-4.5157972e-88
-3.9419763e-94
-2.8875483e-100
-4.0652002e-106
-2.7920412e-112
-1.7528616e-118
-1.4246377e-124
-1.1660583e-130
-8.0479707e-137
4.630796e-139
2.4903829e-138
1.5422531e-138
1.3065057e-137
4.7232532e-139
2.8011019e-138
8.1184912e-139
1.8800693e-138
1.5346773e-139
7.3073858e-139
2.2254944e-138
1.3499842e-139
1.0193043e-138
1.5219573e-138
2.3209056e-138
2.0930358e-139
1.5624442e-139
2.2833998e-139
2.8172583e-138
6.8506119e-140
6.6394961e-140
-1.9998147e-07
2.6036765e-17
-3.553125e-27
9.6394182e-37
-1.7171878e-45
-4.5521559e-54
-2.0244122e-62
-5.2644493e-70
1.1920596e-76
-6.2161075e-83
-6.666944e-89
-3.8284372e-95
-2.1378443e-101
-1.5223923e-107
-1.3171839e-113
-1.5647685e-119
-1.2840013e-125
-8.5444976e-132
-1.046042e-137
-7.5739823e-144
1.5891061e-144
1.6637328e-144
8.7497065e-144
3.8118742e-145
2.548086e-144
5.2360085e-145
1.4242393e-144
1.1495065e-145
5.0909934e-145
1.6663014e-144
1.7630513e-145
5.5983251e-145
1.6418325e-144
1.5296174e-144
1.574914e-145
1.1510377e-145
1.624927e-145
2.8889742e-144
4.3797373e-146
3.9755368e-146
-1.7329592e-07
1.9449622e-17
-2.2474595e-27
4.9135174e-37
-5.7045369e-46
-1.4614813e-54
-5.2714696e-63
-9.2849121e-71
2.199423e-77
-7.040717e-84
-7.6480818e-90
-5.5197269e-96
-3.3289111e-102
-1.6386135e-108
-1.0808956e-114
-1.1409482e-120
-9.6149348e-127
-1.0112603e-132
-7.0428191e-139
-4.6543558e-145
8.7654852e-151
1.3603476e-150
5.1880975e-150
2.1826993e-151
1.6792565e-150
4.9540055e-151
9.99006e-151
1.0714734e-151
3.192769e-151
9.5277701e-151
1.6700052e-151
5.8314925e-151
1.1756871e-150
1.1006407e-150
1.025127e-151
6.0875361e-152
9.3271377e-152
1.705917e-150
3.4385127e-152
4.8815354e-152
-1.5059622e-07
1.4612211e-17
-1.43663e-27
2.5584196e-37
-2.0607228e-46
-5.3406994e-55
-1.5887951e-63
-1.9739612e-71
1.559147e-77
-4.4486737e-84
-1.4132428e-89
-1.3204474e-95
-1.4636572e-101
-1.4540001e-107
-8.2514426e-114
-7.8515529e-120
-6.027856e-126
-3.567565e-132
-2.221634e-138
-1.3088629e-144
-1.4569431e-150
-5.6484883e-158
3.8310628e-156
1.8253836e-157
1.326579e-156
3.4866066e-157
6.4376762e-157
7.9893305e-158
1.6203334e-157
5.5572939e-157
9.39206e-158
2.7932635e-157
7.2983712e-157
7.9904904e-157
5.8114382e-158
3.698268e-158
4.6369024e-158
9.7320689e-157
1.9953037e-158
4.15568e-158
-1.3112941e-07
1.1032093e-17
-9.2704819e-28
1.3571895e-37
-7.9086454e-47
-2.2135748e-55
-5.534183e-64
-5.0431701e-72
-3.0832413e-78
5.3007371e-85
-3.1493254e-90
-2.5676471e-96
-1.5789365e-102
-1.230236e-108
-8.8313766e-115
-9.4173754e-121
-8.2437351e-127
-5.9410436e-133
-3.9678801e-139
-3.883168e-145
-4.3470452e-151
-2.4346088e-157
3.4598492e-162
1.6679337e-163
9.6848625e-163
2.0017138e-163
4.3400581e-163
8.0463353e-164
7.6521849e-164
3.0995902e-163
5.9717845e-164
2.4259526e-163
9.2733269e-163
7.2973619e-163
2.9490045e-164
2.402158e-164
3.236735e-164
6.6641386e-163
2.0068619e-164
5.5691145e-164
-1.1442373e-07
8.3672574e-18
-6.0348069e-28
7.3204092e-38
-3.1810999e-47
-1.0632026e-55
-2.2688384e-64
-1.5643666e-72
-1.9719461e-79
3.0182646e-86
-5.1056629e-92
-5.9364703e-98
-4.4025624e-104
-4.7888196e-110
-3.8045409e-116
-4.2842398e-122
-2.0973064e-128
-2.0436195e-134
-1.7982886e-140
-1.4094935e-146
-9.3191347e-153
-8.5744158e-159
-8.9708347e-165
1.2758533e-169
7.6027718e-169
1.2673395e-169
3.2586369e-169
7.3972775e-170
5.7246766e-170
2.4588093e-169
3.2581349e-170
1.9597729e-169
7.950245e-169
5.494349e-169
2.1293024e-170
1.9574712e-170
2.1197055e-170
3.8519631e-169
1.3976032e-170
7.0314529e-170
-1.0003555e-07
6.3747145e-18
-3.9610867e-28
4.0099797e-38
-1.3303258e-47
-6.6226257e-56
-1.2295207e-64
-6.5733053e-73
-3.8946728e-80
5.6570549e-87
-3.2282989e-93
-1.3800292e-98
-7.4356578e-105
-8.3549382e-111
-5.4860203e-117
-4.636236e-123
-5.5387803e-129
-4.1078332e-135
-4.2270104e-141
-2.6754351e-147
-1.805365e-153
-1.1917409e-159
-8.8628338e-166
-8.674232e-172
4.0124831e-175
8.7792998e-176
2.6461214e-175
6.7853007e-176
4.1510957e-176
2.7715128e-175
2.3152164e-176
1.1468812e-175
6.0775085e-175
3.0566026e-175
1.0454257e-176
1.2031489e-176
1.251113e-176
2.1126719e-175
1.2587401e-176
-1.3210368e-175
-8.7609782e-08
4.8759049e-18
-2.6194956e-28
2.2277691e-38
-5.7513872e-48
-1.0617607e-55
-1.7439093e-64
-7.3348173e-73
-2.7335294e-80
3.6288418e-87
-1.5577093e-93
-1.6289248e-99
-1.6742816e-105
-1.3055661e-111
-9.7593604e-118
-1.0508676e-123
-1.0520799e-129
-6.8805561e-136
-4.0360709e-142
-3.016485e-148
-3.5948715e-154
-5.5480347e-160
-3.9428652e-166
-3.493407e-172
-3.8331746e-178
6.6528352e-182
1.7343199e-181
5.3802956e-182
3.114154e-182
2.2311783e-181
1.4648632e-182
1.0014211e-181
4.0593203e-181
2.3429185e-181
7.710575e-183
6.6092688e-183
8.5265337e-183
1.4881824e-181
8.6189534e-183
9.6813843e-181
-7.683754e-08
3.7428955e-18
-1.7441703e-28
1.2533299e-38
-2.5579255e-48
1.686924e-56
2.4912627e-65
8.413758e-74
1.9794821e-81
-2.530629e-88
6.7295358e-95
7.1006575e-101
5.6291077e-107
4.2352884e-113
4.8156278e-119
3.7278005e-125
4.9037204e-131
4.3966136e-137
4.0153784e-143
2.8013422e-149
1.6216834e-155
9.2904977e-162
8.8653783e-168
4.9297629e-174
6.0867954e-180
7.5161832e-186
2.3449911e-187
3.4257362e-188
2.7441989e-188
1.7696554e-187
9.3649591e-189
5.4137992e-188
3.170082e-187
1.7510829e-187
4.6117314e-189
6.5792016e-189
5.8343083e-189
1.4355151e-187
6.4211231e-189
-1.1596323e-186
-6.7493659e-08
2.8831516e-18
-1.1689512e-28
7.135784e-39
-1.1663262e-48
2.7148985e-57
3.6777057e-66
1.0129963e-74
1.6480634e-82
-2.3950998e-89
4.862182e-96
8.9322716e-102
7.4798938e-108
4.9292973e-114
4.1763775e-120
5.4995697e-126
3.3036573e-132
2.4456593e-138
3.4293164e-144
3.3240068e-150
2.7550905e-156
5.6752404e-162
3.6208097e-168
4.1021808e-174
2.3605709e-180
2.0200598e-186
1.6801196e-192
2.551295e-194
2.4230577e-194
1.619953e-193
7.6736166e-195
3.5382681e-194
2.0241102e-193
1.7400249e-193
3.0046162e-195
4.213478e-195
5.3353504e-195
1.2932991e-193
4.6491256e-194
3.3511006e-192
-5.9358219e-08
2.2276037e-18
-7.8797933e-29
4.1065815e-39
-5.4372981e-49
6.8538305e-58
8.6853164e-67
1.9846636e-75
2.3205606e-83
-4.4179791e-90
8.103051e-97
-8.4591455e-102
-1.662211e-107
-1.2896158e-113
-1.4411666e-119
-1.2350244e-125
-8.5343846e-132
-5.0965582e-138
-6.1259165e-144
-4.6826279e-150
-4.2350624e-156
-3.801659e-162
-3.6548967e-168
-3.0002394e-174
-2.7877874e-180
-2.2855331e-186
-2.6108182e-192
-1.6780546e-198
1.8327553e-200
1.520999e-199
4.8612729e-201
2.3972415e-200
1.6958495e-199
1.6401497e-199
2.7711817e-201
4.6025729e-201
4.393042e-201
1.1083577e-199
7.5545511e-200
-5.1370442e-198
-5.2267327e-08
1.7261365e-18
-5.3411802e-29
2.3870019e-39
-2.5856873e-49
2.0543874e-58
2.4906717e-67
4.7729469e-76
4.0961314e-84
-3.2733292e-90
5.1249236e-97
-2.1695366e-102
-1.878705e-108
-1.1224262e-114
-9.2977099e-121
-6.7464691e-127
-4.5838029e-133
-4.071815e-139
-3.2357124e-145
-2.2081201e-151
-2.1515577e-157
-1.4352457e-163
-9.436888e-170
-5.2775067e-176
-4.0322531e-182
-2.8745715e-188
-2.314631e-194
-1.3987909e-200
3.6063275e-207
1.2299825e-205
2.8723117e-207
1.4666303e-206
1.2505652e-205
1.9126715e-205
1.7754424e-207
2.8559508e-207
3.7041311e-207
6.7086772e-206
7.3703015e-206
5.5340843e-204
-4.6071677e-08
1.3410335e-18
-3.6386916e-29
1.4002939e-39
-1.2517566e-49
6.7918956e-59
8.1119921e-68
1.3251813e-76
8.6733685e-85
2.8789361e-91
-3.6521631e-98
2.6726052e-104
3.0327662e-110
2.6667219e-116
1.4782857e-122
2.3428265e-128
2.5651425e-134
1.5400586e-140
9.1335516e-147
5.417616e-153
4.9962618e-159
3.6274631e-165
4.0231488e-171
3.1481382e-177
2.0599883e-183
2.5331424e-189
1.4427959e-195
9.8954913e-202
7.9685865e-208
9.2254246e-212
3.249663e-213
1.1604095e-212
9.70302e-212
1.6983055e-211
1.3566529e-213
2.2652589e-213
2.3737626e-213
5.5613464e-212
8.1648066e-210
3.653167e-209
-4.0652129e-08
1.0444426e-18
-2.4905709e-29
8.284975e-40
-6.1600675e-50
2.4007003e-59
2.9219547e-68
4.1103558e-77
2.0952606e-85
2.1454363e-92
-2.4676543e-99
1.1686031e-105
9.4470901e-112
6.9851908e-118
4.9396434e-124
4.3939264e-130
3.7285721e-136
2.5444127e-142
3.3977537e-148
3.1669289e-154
2.6287957e-160
2.1322494e-166
1.345079e-172
1.2749416e-178
8.2031207e-185
7.4403716e-191
6.5416102e-197
3.9961374e-203
3.4528252e-209
2.0340555e-215
2.3949594e-219
6.9538707e-219
6.41378e-218
1.0892895e-217
6.7641977e-220
1.4292459e-219
1.5049756e-219
4.9998735e-218
1.1061236e-215
5.473692e-215
-3.5901851e-08
8.1527007e-19
-1.712197e-29
4.941189e-40
-3.0768167e-50
8.9205422e-60
1.1629614e-68
1.428794e-77
5.755927e-86
2.815485e-93
-2.8502908e-100
1.1935574e-106
1.2744357e-112
8.9518451e-119
6.735358e-125
4.5194596e-131
5.4291761e-137
3.054848e-143
1.9181931e-149
1.5018001e-155
1.4152046e-161
8.7078431e-168
4.3691841e-174
2.9783845e-180
2.0288642e-186
1.0862868e-192
7.9548995e-199
5.93479e-205
4.2707379e-211
2.8262185e-217
1.6898496e-223
5.7922897e-225
3.0779084e-224
8.705743e-224
3.8675155e-226
2.0357806e-225
8.1600039e-226
7.4204531e-224
3.4418528e-220
4.3403874e-221
-3.1731104e-08
6.3762492e-19
-1.1816819e-29
2.9681868e-40
-1.5577287e-50
3.448786e-60
5.1895089e-69
5.6284219e-78
1.8216376e-86
5.5431872e-94
-5.6980571e-101
1.6296046e-107
1.322443e-112
1.4391782e-118
2.8596548e-124
2.4688747e-130
2.2272424e-136
2.4373134e-142
1.8484146e-148
1.1709066e-154
7.7888692e-161
7.8783162e-167
7.2190688e-173
4.9513089e-179
3.4587832e-185
2.7249626e-191
1.5538524e-197
2.0670893e-203
1.375511e-209
1.1954376e-215
2.1440494e-221
1.2459885e-227
2.0808525e-230
4.648121e-230
3.3892491e-232
1.4140913e-231
6.6306304e-232
5.1074083e-230
5.1567046e-226
2.0680213e-227
-2.8064964e-08
4.9962711e-19
-8.185845e-30
1.7951817e-40
-7.9858592e-51
1.3779148e-60
2.736506e-69
2.6534735e-78
7.0259792e-87
1.4242787e-94
-1.5664534e-101
3.5932076e-108
7.4481801e-114
4.766606e-120
1.1137633e-125
1.1202439e-131
2.3195458e-137
3.8902205e-143
2.4315497e-149
1.7243758e-155
1.826399e-161
1.376303e-167
1.4005558e-173
1.1048423e-179
1.0583301e-185
8.3955649e-192
1.8226863e-197
1.2730418e-203
6.994623e-210
4.4674348e-216
3.4279687e-222
3.040034e-228
1.5805772e-234
2.5611626e-236
2.4429566e-238
1.1800182e-237
4.8621373e-238
6.3831012e-236
8.1934294e-232
5.0888459e-234
-2.4836531e-08
3.9211711e-19
-5.6893274e-30
1.0924847e-40
-4.1411891e-51
5.6625908e-61
2.0951071e-69
1.8405376e-78
4.025838e-87
5.7191972e-95
-6.5577953e-102
1.2263456e-108
-9.9956923e-113
-7.2591802e-119
-5.8002332e-125
-4.1074136e-131
-2.9482566e-137
-1.9312213e-143
-1.9622928e-149
-1.4437985e-155
-8.0864032e-162
-4.9770409e-168
-5.8099732e-174
-4.4753961e-180
-2.7966586e-186
-3.5530383e-192
-2.6357616e-198
-1.803558e-204
-1.6009945e-210
-1.419975e-216
-1.0004893e-222
-6.8449568e-229
-4.2252884e-235
-2.5387546e-241
1.4697795e-244
8.9072514e-244
4.5629801e-244
8.1938628e-242
5.6634772e-238
1.3306221e-240
-2.199104e-08
3.0818692e-19
-3.9662752e-30
6.6870044e-41
-2.1704162e-51
2.3837177e-61
-4.7819725e-69
-3.852822e-78
-7.0638868e-87
-7.3402103e-95
1.1341468e-101
-1.7423432e-108
-1.0447963e-113
-1.3518869e-119
-1.439555e-125
-1.0718747e-131
-8.0150977e-138
-1.1527145e-143
-9.5087119e-150
-1.5387597e-155
-1.9195442e-161
-1.8167678e-167
-1.7321473e-173
-1.4817216e-179
-1.1649343e-185
-7.8428062e-192
-5.3697015e-198
-6.104597e-204
-3.4915865e-210
-2.643858e-216
-1.9724617e-222
-9.5139047e-229
-7.9353937e-235
-4.7321428e-241
-3.0099798e-247
8.4278434e-250
3.6408965e-250
5.6323422e-248
2.5264164e-244
2.6507896e-247
-1.94804e-08
2.4252858e-19
-2.7727559e-30
4.1148585e-41
-1.1486942e-51
1.0253795e-61
-2.1674226e-70
-1.6241095e-79
-2.519688e-88
-1.9685653e-96
7.5072766e-103
-1.0199295e-109
1.5584217e-115
9.5269127e-122
1.2610519e-127
8.3378855e-134
9.3909351e-140
7.7984593e-146
5.0839906e-152
3.0503268e-158
6.7310568e-164
1.1244305e-169
1.1645037e-175
7.9614667e-182
7.184991e-188
7.5989377e-194
7.0154199e-200
4.7306457e-206
3.9542754e-212
2.1998449e-218
1.4312855e-224
1.2139814e-230
7.5844703e-237
5.9175071e-243
4.8497669e-249
4.4206551e-255
2.3925228e-256
3.6194326e-254
1.2872512e-250
4.6519158e-254
-1.7263125e-08
1.9107161e-19
-1.9432224e-30
2.5445114e-41
-6.1348347e-52
4.4960329e-62
-4.4198529e-71
-3.1308965e-80
-4.1595087e-89
-2.5135577e-97
-1.4176767e-103
1.7341145e-110
-1.4681817e-116
-8.7241957e-121
-7.6162698e-127
-7.2720253e-133
-4.8043791e-139
-3.4794204e-145
-3.8650887e-151
-3.0580465e-157
-2.4323159e-163
-2.0172624e-169
-1.2585013e-175
-1.2689291e-181
-1.0173621e-187
-6.6567495e-194
-4.2109464e-200
-2.951248e-206
-1.6341578e-212
-6.8254212e-219
-4.4505134e-225
-2.6364607e-231
-1.325808e-237
-8.504902e-244
-5.6023356e-250
-5.2488374e-256
-3.4199728e-262
3.1366208e-260
4.743875e-257
7.4137089e-261
-1.5303911e-08
1.506795e-19
-1.3649486e-30
1.5805827e-41
-3.304107e-52
2.0056825e-62
-1.1782796e-71
-8.0232919e-81
-9.2240951e-90
-4.3827609e-98
-5.2819077e-105
5.4416033e-112
-3.2510956e-118
-1.5383384e-123
-1.5133559e-129
-1.7074722e-135
-1.2913872e-141
1.7723338e-145
1.4124318e-151
9.6029857e-158
9.4112314e-164
9.9902414e-170
8.3495959e-176
5.322519e-182
4.2909485e-188
4.9896551e-194
3.5237265e-200
3.4380598e-206
2.8350386e-212
3.287605e-218
2.2720127e-224
1.5185707e-230
1.0286382e-236
6.1125254e-243
9.5050439e-249
1.0455471e-254
1.0521895e-260
2.9945966e-266
1.6559045e-263
1.0089495e-267
-1.35722e-08
1.1893424e-19
-9.6076821e-31
9.8597384e-42
-1.7935401e-52
9.0891973e-63
-3.5614102e-72
-2.3788941e-81
-2.3889063e-90
-9.1096623e-99
-4.999383e-106
5.2392919e-113
-1.878298e-119
-6.5779648e-125
-5.358937e-131
-4.2799654e-137
-3.0987497e-143
-2.1823553e-149
-2.2253469e-155
-3.6034697e-161
-4.5246719e-167
-4.0211637e-173
-3.1798788e-179
-3.5378493e-185
-2.7666407e-191
-2.4226441e-197
-1.7835868e-203
-1.5315842e-209
-9.0892127e-216
-8.9242751e-222
-6.9522565e-228
-5.6893312e-234
-4.2765955e-240
-6.8593866e-246
-6.4859118e-252
-1.2075872e-257
-2.6661095e-263
-2.0902899e-269
4.2991189e-270
1.3334836e-274
-1.2041161e-08
9.3955004e-20
-6.7755723e-31
6.1745817e-42
-9.8070793e-53
4.1786604e-63
-1.164016e-72
-7.826291e-82
-6.9287658e-91
-2.142999e-99
-7.1828869e-107
6.7038544e-114
-1.8026288e-120
3.8990469e-126
7.1220831e-132
7.3368322e-138
7.7209873e-144
1.7774772e-149
1.4372266e-155
2.3409716e-161
7.1455634e-167
6.9241172e-173
4.8638847e-179
4.2091723e-185
6.5657061e-191
1.1243386e-196
8.0113565e-203
6.8237776e-209
5.0146103e-215
4.4504728e-221
6.4231517e-227
4.2494914e-233
3.3229736e-239
2.5759946e-245
2.0756532e-251
1.6927162e-257
1.4580872e-263
9.9087293e-270
3.8868128e-276
1.6445866e-281
-1.0688162e-08
7.428713e-20
-4.7871325e-31
3.8812088e-42
-5.3998638e-53
1.9468332e-63
-4.0186089e-73
-2.8104765e-82
-2.2144034e-91
-5.6307644e-100
-1.2729609e-107
1.287263e-114
-2.5439052e-121
5.9183617e-127
6.4444893e-133
6.3018783e-139
6.9359934e-145
9.1728689e-151
7.8663245e-157
6.4210786e-163
5.9542967e-169
8.3691574e-175
1.2017161e-180
1.4455242e-186
2.8054248e-192
4.7809667e-198
7.4129925e-204
9.5873155e-210
7.5356982e-216
5.5143201e-222
4.1450318e-228
4.4055857e-234
3.4558368e-240
4.0578466e-246
4.1601076e-252
4.0144688e-258
5.6561276e-264
3.0309421e-270
6.3331523e-277
7.8860312e-284
-9.4927686e-09
5.8790509e-20
-3.3882977e-31
2.4483259e-42
-2.9927701e-53
9.1834774e-64
-1.4475627e-73
-1.101572e-82
-7.805282e-92
-1.6556523e-100
-2.604936e-108
2.8184382e-115
-4.8877374e-122
5.3009165e-128
4.8999828e-134
1.4122658e-139
2.082247e-145
1.7745324e-151
2.8793689e-157
4.837481e-163
6.9742711e-169
6.8257325e-175
7.5700071e-181
9.5841448e-187
9.6393494e-193
9.8412387e-199
6.5171374e-205
8.8835543e-211
1.0277502e-216
1.6097621e-222
1.8183392e-228
2.0045236e-234
3.307625e-240
2.6211544e-246
2.0857813e-252
-3.6019461e-257
-7.1203119e-263
-3.4861432e-269
-6.8296965e-276
-7.4355798e-283
-8.4374671e-09
4.6575834e-20
-2.402613e-31
1.5498217e-42
-1.6692123e-53
4.3827541e-64
-5.3970043e-74
-4.7863394e-83
-3.0779936e-92
-5.4971171e-101
-6.3464939e-109
7.9952408e-116
-1.209162e-122
1.9072891e-128
2.8807095e-134
3.9504471e-140
4.2692726e-146
7.8830975e-152
8.0677569e-158
5.9349546e-164
2.5137691e-169
5.7251312e-175
1.0866776e-180
1.9765472e-186
3.8041791e-192
6.947757e-198
6.1271251e-203
8.6421729e-209
5.759406e-215
6.52547e-221
5.1718711e-227
2.9837136e-233
4.1940376e-239
4.3140218e-245
8.4755916e-251
9.9831528e-257
1.2321081e-262
6.0810185e-269
1.291344e-275
1.2376412e-282
-7.5068894e-09
3.6947274e-20
-1.7070746e-31
9.8452688e-43
-9.3679789e-54
2.1150771e-64
-2.0715911e-74
-2.4234715e-83
-1.4288463e-92
-2.1695143e-101
-1.8849166e-109
3.7756287e-116
-5.3717305e-123
4.9140517e-129
1.7018607e-134
1.2910329e-140
1.7185452e-146
2.8555397e-152
5.9314185e-158
6.9332502e-164
5.740012e-170
6.1375869e-176
6.9050487e-182
9.5350432e-188
2.1777768e-193
2.9748989e-199
3.1864591e-205
4.0628878e-211
1.3575641e-216
1.0627629e-222
7.1496047e-229
6.0113861e-235
3.697802e-241
3.6490593e-247
3.6698886e-253
1.0730288e-258
2.4973364e-264
1.110284e-270
1.8491046e-277
1.8028767e-284
-6.6872439e-09
2.9356216e-20
-1.2155674e-31
6.2769765e-43
-5.2899811e-54
1.0317403e-64
-8.1563884e-75
-1.694537e-83
-9.2527494e-93
-1.2078969e-101
-8.1790743e-110
8.8140385e-116
-1.0631021e-122
5.6018731e-129
1.5927234e-134
2.5758493e-140
5.1508221e-146
1.1800577e-151
3.7463657e-157
8.1745178e-163
5.0589967e-168
7.1274812e-174
6.7240671e-180
9.2777761e-186
7.0327224e-192
7.2575377e-198
7.5354292e-204
1.9455342e-209
1.6578222e-215
2.1798614e-221
1.6819551e-227
1.7058533e-233
2.6945164e-239
1.9204161e-245
2.6757031e-251
1.516304e-256
2.6303146e-262
8.9066836e-269
1.4077023e-275
1.3405247e-282
-5.9664358e-09
2.3372026e-20
-8.6779963e-32
4.0175147e-43
-3.0059863e-54
5.0861448e-65
-3.2859032e-75
2.9079021e-82
1.4875927e-91
1.6830148e-100
8.9975924e-109
2.065111e-115
-2.3495731e-122
1.191722e-128
3.52191e-134
5.8967912e-140
1.3012596e-145
5.1801768e-151
8.4753393e-157
2.1315556e-162
5.335237e-168
1.2468878e-173
2.3339111e-179
7.6663362e-185
1.1205436e-190
2.3732196e-196
6.1158162e-202
9.0579051e-208
1.5764319e-213
1.7158695e-219
1.9995058e-225
2.3080078e-231
1.9723362e-237
3.1102754e-243
4.154199e-249
1.5601803e-254
4.0583087e-260
2.2023933e-266
3.2360401e-273
3.0137589e-280
-5.3336864e-09
1.86552e-20
-6.2141978e-32
2.5823699e-43
-1.7192981e-54
2.5337775e-65
-1.3519627e-75
2.1077069e-84
1.0227891e-93
1.0119436e-102
4.3705585e-111
3.5009649e-118
-3.6462433e-125
1.0080994e-131
-6.6618643e-137
-1.395099e-142
-2.9271743e-148
-3.3865764e-154
-1.5670526e-159
-2.1570801e-165
-2.3075861e-171
-2.4611903e-177
-1.6836764e-182
-2.5809334e-188
-5.9811213e-193
-6.7364203e-199
-1.2128376e-204
-2.1825718e-210
-4.6107147e-216
-5.0930597e-222
-8.7545218e-228
-1.2174629e-233
-1.2084797e-239
-2.1990159e-245
-9.9093763e-251
-1.9236226e-256
-1.4994092e-262
-4.8122276e-269
-6.5784499e-276
-6.0966268e-283
-4.7794346e-09
1.4938036e-20
-4.4663156e-32
1.6678778e-43
-9.9019977e-55
1.2757767e-65
-5.6746993e-76
3.9651745e-85
1.849551e-94
1.6139421e-103
5.6792645e-112
2.6404216e-119
-2.7396972e-126
6.2489288e-133
-3.3668936e-138
-5.9298724e-144
-2.0475906e-149
-2.2339015e-154
-6.4046328e-160
-3.7446548e-165
-1.6759366e-170
-4.3126103e-176
-3.7681735e-182
-5.0016261e-188
-7.6608778e-194
-1.0403776e-199
-1.6958078e-205
-1.7945836e-211
-4.2634665e-217
-5.7116858e-223
-4.4214632e-229
-4.6244358e-235
-7.1326838e-241
-1.7656778e-246
7.3940544e-253
-2.8255827e-256
-1.4719e-262
-4.3630624e-269
-6.281393e-276
-5.6317037e-283
-4.2949944e-09
1.2008692e-20
-3.2243353e-32
1.0831379e-43
-5.745649e-55
6.4946006e-66
-2.4277659e-76
1.0109704e-85
4.603712e-95
3.5721565e-104
1.041439e-112
3.1726791e-120
-3.3748874e-127
7.2539289e-134
-4.1035128e-139
2.216688e-144
1.4572385e-149
1.1739693e-154
1.4022017e-160
7.5156303e-166
1.7416956e-171
-6.1608949e-176
-1.1077607e-181
-4.2000396e-187
-6.7434282e-192
-7.5034709e-196
-7.6377907e-202
-2.051514e-207
-2.207156e-213
-6.3290148e-219
-8.5262232e-225
-2.36239e-230
-4.532021e-236
-1.7362561e-241
1.710487e-246
-5.6371247e-252
-9.0629004e-258
-2.7567964e-264
-3.6521406e-271
-3.1414743e-278
-3.8726156e-09
9.7001684e-21
-2.3402216e-32
7.0786398e-44
-3.3614333e-55
3.3445162e-66
-1.0584347e-76
2.9575904e-86
1.3393448e-95
9.3170639e-105
2.2768924e-113
4.7269922e-121
-5.0848624e-128
9.7359446e-135
-9.1177227e-141
5.4066924e-146
-1.8415074e-151
-6.0671251e-157
2.093571e-161
-3.484543e-166
-1.5105781e-171
-4.1987735e-177
1.5641944e-182
2.5981178e-188
2.908449e-194
7.4116462e-200
9.5435437e-205
4.2625957e-210
4.9876255e-216
5.1821668e-222
6.2524754e-228
5.3036689e-234
1.2861351e-239
3.2207741e-244
1.8152446e-248
-1.5575485e-253
-1.9818813e-259
-5.9179931e-266
-7.2895754e-273
-6.5477037e-280
-3.5053542e-09
7.8805632e-21
-1.7094661e-32
4.6601257e-44
-1.984592e-55
1.7435895e-66
-4.7023501e-77
9.4299189e-87
4.3422942e-96
2.7309264e-105
5.6407142e-114
8.6276935e-122
-1.1099338e-128
1.8472038e-135
-1.0995665e-141
2.6600486e-146
-8.7208203e-152
3.4060913e-157
-4.3576948e-161
1.5933459e-166
-7.1308322e-172
-1.3777591e-176
-1.0157341e-181
-2.2135313e-185
-1.0812305e-190
-1.0048105e-195
-1.3912312e-201
-3.0776236e-207
-3.5111603e-213
-4.0779116e-219
-5.1335869e-225
-6.4667806e-231
-2.2311708e-236
9.37359e-242
-1.3695475e-247
1.725011e-253
2.2225106e-259
5.6199438e-266
6.0852581e-273
5.4174957e-280
-3.1870072e-09
6.4458563e-21
-1.2582882e-32
3.0941957e-44
-1.183752e-55
9.2105878e-67
-2.1297644e-77
3.2002773e-87
1.5412022e-96
8.8357273e-106
1.5602532e-114
1.7982874e-122
-3.1704548e-129
5.0466431e-136
-2.9180446e-142
3.7995369e-148
-1.1243627e-153
-1.8947515e-158
-1.032505e-163
-5.9089362e-169
3.0661564e-174
9.2212736e-178
2.5145063e-182
-1.339241e-187
-2.0929029e-193
6.9775353e-198
3.2549405e-203
-5.9938884e-208
-6.5673557e-214
-3.4757806e-219
-5.4637976e-225
-1.5458847e-230
-1.4433628e-235
3.7409779e-241
-4.3108341e-246
1.6292703e-251
2.0871021e-257
5.3999745e-264
6.4718109e-271
5.5035553e-278
-2.911978e-09
5.3139935e-21
-9.3452599e-33
2.0748152e-44
-7.1423168e-56
4.9357845e-67
-9.8396158e-78
1.1423983e-87
5.9804582e-97
3.1514176e-106
4.7999682e-115
4.2963236e-123
-1.4895345e-129
2.0649759e-136
-1.3904993e-142
4.5206503e-147
-4.0971536e-152
-1.4496997e-156
4.7264484e-162
-6.7275896e-168
-2.8887536e-172
3.0487825e-177
1.0752865e-182
1.5545209e-186
2.7527388e-191
1.6006551e-196
3.6436579e-202
1.1605743e-207
2.3879279e-213
7.1936956e-219
1.8622247e-224
3.0154752e-230
-7.7996307e-236
3.5917147e-241
-5.4275521e-247
9.8897769e-253
1.9002142e-258
5.0029856e-265
5.9801469e-272
5.0349473e-279
-2.6752524e-09
4.4203644e-21
-7.0131291e-33
1.407135e-44
-4.3654813e-56
2.6867368e-67
-4.6416188e-78
4.2620891e-88
2.5667938e-97
1.2544373e-106
1.6629638e-115
1.1815813e-123
9.9055119e-130
-1.2938595e-136
4.8142046e-143
-6.586861e-149
2.0910748e-152
-4.7937363e-158
1.7570098e-163
-4.3791635e-169
2.4469422e-174
-2.1031364e-179
6.7527885e-185
-2.3348653e-189
8.3132291e-195
-2.9694301e-200
-5.7846228e-206
-2.1787055e-211
-7.0583833e-217
-1.7187302e-222
-3.7396186e-228
-1.0608771e-233
-6.7852072e-239
1.3792603e-243
-1.6692527e-249
2.1118955e-255
4.2240526e-261
9.2475962e-268
1.0497554e-274
8.9234369e-282
-2.4724004e-09
3.7142424e-21
-5.3258338e-33
9.6673576e-45
-2.707192e-56
1.4877653e-67
-2.2382282e-78
1.6557666e-88
1.2603319e-97
5.7641308e-107
6.7137166e-116
3.8541928e-124
5.9389914e-131
-8.0518169e-138
2.6754534e-144
-3.1979137e-150
7.7458738e-156
-1.8421332e-160
-7.0178743e-166
1.2325152e-171
1.0754489e-176
2.5643637e-181
-4.7924706e-187
6.0570743e-193
-3.4778889e-198
-2.374722e-203
2.9593062e-207
7.7869605e-213
1.6345611e-217
2.3028847e-223
1.680182e-228
3.1078525e-234
-6.5155859e-240
9.2012325e-246
-8.0182629e-252
1.2608749e-257
2.5629324e-263
5.7289767e-270
6.9282786e-277
6.0384627e-284
-2.2994454e-09
3.1557639e-21
-4.0988598e-33
6.7392886e-45
-1.706167e-56
8.3940692e-68
-1.1047295e-78
6.6835251e-89
7.8037479e-98
3.3725154e-107
3.4777345e-116
1.6414704e-124
1.2065865e-131
-1.4406215e-138
4.2837801e-145
-5.267872e-151
2.243188e-156
-3.0198542e-162
6.0097192e-168
-1.7341076e-173
6.5819874e-179
-5.2158347e-184
2.6951218e-189
-3.3098794e-194
1.0324392e-199
-1.2762698e-204
4.7249114e-209
1.7771202e-214
1.4022068e-219
6.9158529e-225
1.7921919e-230
-7.0428324e-236
-1.0966071e-240
1.0386612e-246
-7.9693477e-253
7.7150659e-259
1.8769992e-264
4.1867467e-271
4.6401878e-278
4.0050832e-285
-2.1529023e-09
2.7137706e-21
-3.2016534e-33
4.7751867e-45
-1.0947108e-56
4.8338106e-68
-5.589503e-79
2.8010266e-89
1.0318606e-97
4.2597681e-107
3.9198869e-116
1.5406213e-124
7.3544121e-132
-9.8067072e-139
2.5151832e-145
-2.2739166e-151
3.110136e-157
-5.2026143e-163
6.0094013e-169
-1.5199711e-174
2.1354376e-180
-4.1792702e-186
8.6006151e-192
-1.3959899e-197
2.9994406e-203
-1.4343557e-208
1.2707886e-213
2.3024968e-218
-1.4085227e-223
5.7678087e-229
1.9883422e-234
-2.6059935e-240
4.593287e-246
-4.5945693e-252
4.675006e-258
-7.1937741e-264
-1.6324938e-269
-3.2904264e-276
-4.1029977e-283
-3.5232909e-290
-2.0296798e-09
2.36387e-21
-2.5416117e-33
3.4447206e-45
-7.1632704e-57
2.8460139e-68
-2.9036392e-79
1.2186126e-89
-2.679976e-98
-1.0688589e-107
-8.8488171e-117
-2.9324184e-125
-9.399234e-133
1.4204772e-139
-3.5744597e-146
2.6985083e-152
-3.2190938e-158
4.1054739e-164
-8.4661707e-170
1.9571863e-175
-1.0990465e-180
1.420562e-186
-1.816841e-192
-1.409305e-197
1.9831787e-203
-1.1099319e-208
3.683259e-214
-2.1949933e-219
6.9094327e-224
1.5395709e-229
-2.856129e-235
-5.4638608e-240
1.6662405e-245
-1.5817582e-251
7.5204408e-258
-5.8201234e-264
-1.8970231e-269
-4.2849726e-276
-5.1761075e-283
-4.543826e-290
-1.9270883e-09
2.0870839e-21
-2.05307e-33
2.533949e-45
-4.788647e-57
1.7162537e-68
-1.5512239e-79
5.5049088e-90
-4.1076153e-99
-1.6036932e-108
-1.2036044e-117
-3.4033434e-126
-7.9737835e-134
1.2392669e-140
-2.5085529e-147
1.2063691e-153
-8.8619398e-160
1.5875526e-165
-2.4156014e-171
2.4733254e-177
-5.7858114e-183
6.6042604e-189
-3.050559e-194
4.7168717e-200
-1.3800588e-205
1.5667759e-211
-3.3894057e-217
1.0069827e-222
-2.5075505e-228
1.0777595e-233
3.3747537e-238
-5.4890135e-244
9.8271576e-250
-6.5301568e-256
2.7249628e-262
-1.4261021e-268
-4.0431447e-274
-9.0553076e-281
-1.0381163e-287
-9.3602439e-295
-1.8427426e-09
1.8685943e-21
-1.6892955e-33
1.9034922e-45
-3.2758032e-57
1.0618496e-68
-8.5362264e-80
2.5840292e-90
-1.0763879e-99
-4.1741083e-109
-2.8629987e-118
-6.9794529e-127
-1.2323277e-134
2.5285252e-141
-4.9754135e-148
3.2541757e-154
-3.0758298e-160
2.6397285e-166
-6.5713386e-172
4.9326716e-178
-9.292044e-184
1.2837368e-189
-9.5997237e-196
1.0357006e-201
-9.9932283e-208
1.761281e-213
-2.1701011e-219
3.4976954e-225
-4.6096487e-230
-4.9770244e-235
1.1085638e-240
-1.9084885e-246
1.3704999e-252
-7.0191074e-259
4.1552949e-265
-2.2574624e-271
-3.6188056e-277
-7.1307289e-284
-8.1355551e-291
-7.2959483e-298
-1.7745707e-09
1.6969103e-21
-1.4170052e-33
1.4620788e-45
-2.296626e-57
6.7512658e-69
-4.8462037e-80
1.2613188e-90
-3.4551489e-100
-1.3542855e-109
-8.556183e-119
-1.8162282e-127
-2.4678194e-135
8.6035953e-142
-1.5499097e-148
6.8309479e-155
-4.9363978e-161
3.69551e-167
-3.8241515e-173
4.4495597e-179
-3.6830805e-185
4.337232e-191
-7.1476845e-197
6.4145334e-203
-1.1062963e-208
1.0508699e-214
-1.0287883e-220
1.464697e-226
-2.5434341e-232
-3.0600163e-237
1.3526583e-242
-4.1646985e-248
3.3671906e-254
-2.1096752e-260
8.6254496e-267
-4.4267369e-273
1.3564133e-278
2.5206775e-285
2.9523829e-292
2.5904612e-299
-1.7207417e-09
1.5630961e-21
-1.2124058e-33
1.1495259e-45
-1.6524111e-57
4.4176762e-69
-2.8426442e-80
6.4079352e-91
-1.2545697e-100
-5.0761288e-110
-2.9797298e-119
-5.5523749e-128
-6.0973825e-136
-3.5141503e-141
5.9617726e-148
-2.2189424e-154
1.863946e-160
-1.5247201e-166
1.5758688e-172
-1.4375221e-178
1.2423126e-184
-1.1432147e-190
1.4461135e-196
-1.5873484e-202
1.5222965e-208
-1.1502273e-214
1.6189545e-220
-1.6582128e-226
2.3205142e-232
-4.265493e-238
5.4883385e-244
-6.7777299e-250
5.0473964e-256
-2.2919268e-262
9.1740721e-269
-3.6312623e-275
1.0303781e-280
2.3806438e-287
2.8144541e-294
2.5679788e-301
-1.6796054e-09
1.4601863e-21
-1.0584188e-33
9.258438e-46
-1.2214829e-57
2.9787969e-69
-1.7249726e-80
3.3910786e-91
-4.9971261e-101
-2.1426385e-110
-1.1788917e-119
-1.9475233e-128
-1.7493585e-136
-6.2592408e-143
1.0730157e-149
-3.5790735e-156
2.7262309e-162
-1.7447366e-168
1.1538208e-174
-1.0129809e-180
1.2047649e-186
-1.1017055e-192
7.0466135e-199
-1.1582933e-204
1.7368648e-210
-1.3821237e-216
8.6589514e-223
-9.5433748e-229
1.219939e-234
-1.4638327e-240
2.1054767e-246
-2.4479857e-252
1.3814443e-258
-5.2747437e-265
1.6758252e-271
-7.7523614e-278
-1.8975281e-283
-3.9350232e-290
-4.4334684e-297
-4.077848e-304
-1.6496692e-09
1.3827411e-21
-9.4274511e-34
7.6425866e-46
-9.2846676e-58
2.0719469e-69
-1.0840406e-80
1.8705974e-91
-2.1509275e-101
-1.0122405e-110
-5.2629619e-120
-7.7769251e-129
-5.7916027e-137
-7.7100852e-144
1.3205022e-150
-3.8854997e-157
2.6493353e-163
-1.894396e-169
1.0241393e-175
-5.3640704e-182
4.2426568e-188
-3.4147926e-194
5.0289937e-200
-5.5779594e-206
4.5638224e-212
-2.441082e-218
3.3756208e-224
-2.2827309e-230
5.0483541e-236
-7.0133593e-242
8.4908052e-248
-7.0665921e-254
5.4863387e-260
-2.6224383e-266
7.5862322e-273
-2.6291086e-279
7.9139027e-285
1.6121421e-291
1.9082419e-298
1.8001702e-305
-1.6295064e-09
1.3264426e-21
-8.5646062e-34
6.4667349e-46
-7.2606383e-58
1.487702e-69
-7.0607535e-81
1.0761459e-91
-9.9167881e-102
-5.3863004e-111
-2.6709865e-120
-3.5587864e-129
-2.2284475e-137
-1.905884e-144
3.2914677e-151
-9.6850542e-158
5.7449049e-164
-3.7391031e-170
2.2865142e-176
-1.5549859e-182
8.8567094e-189
-6.1985662e-195
4.3612631e-201
-3.1899681e-207
2.3909217e-213
-1.9535714e-219
2.0644889e-225
-2.2456657e-231
1.8173874e-237
-2.0631194e-243
1.3155955e-249
-1.2225031e-255
5.7062346e-262
-2.7495962e-268
9.9891518e-275
-5.0632505e-281
6.9903851e-285
-2.2701305e-291
-2.4817251e-298
-2.3126289e-305
-1.6177311e-09
1.2878061e-21
-7.9305007e-34
5.6074809e-46
-5.8421487e-58
1.103084e-69
-4.7684995e-81
6.4575355e-92
-4.8701061e-102
-3.3046563e-111
-1.5793336e-120
-1.9141514e-129
-1.0248545e-137
-5.8567795e-145
1.1418334e-151
-2.9795403e-158
1.1685725e-164
-6.2825383e-171
3.5189351e-177
-1.7120335e-183
9.148067e-190
-1.0554416e-195
-3.2747588e-201
-3.0026844e-207
-3.6492911e-213
-1.4677191e-218
-6.0863561e-224
-7.3752204e-230
-8.6840665e-236
-1.4879725e-241
-1.0952397e-246
-7.9708739e-253
-4.7270542e-258
1.152177e-263
-7.0004742e-270
4.1960242e-276
1.2739133e-280
-1.0136579e-287
-1.2728765e-294
-1.2444799e-301
-1.6129144e-09
1.2638867e-21
-7.4767443e-34
4.9796069e-46
-4.8353034e-58
8.4453788e-70
-3.3391431e-81
4.0411821e-92
-2.5376001e-102
-2.4963739e-111
-1.161338e-120
-1.2910016e-129
-5.9785586e-138
-2.4673123e-145
5.0102649e-152
-1.2957316e-158
4.1425715e-165
-1.8532396e-171
9.2565589e-178
-4.4369533e-184
2.0559233e-190
1.3885894e-196
1.2900623e-201
-2.0705724e-206
-6.4776114e-212
1.978268e-217
-3.9989501e-223
-5.084001e-229
-1.9486803e-233
-1.0436653e-238
-5.3748813e-244
7.8323074e-249
-1.5304397e-254
1.7394341e-260
-1.2815267e-266
8.4033836e-273
-2.4689038e-278
2.6145332e-285
1.9635536e-292
1.4685516e-299
-1.6135642e-09
1.2520807e-21
-7.1667217e-34
4.5235696e-46
-4.1132851e-58
6.672741e-70
-2.4232666e-81
2.6357034e-92
-1.3981295e-102
-3.0262617e-111
-1.3860494e-120
-1.4240998e-129
-5.7567767e-138
-1.8312657e-145
4.9614377e-152
-9.9387487e-159
3.8500132e-165
-1.2502517e-171
5.8054466e-178
-2.5770433e-184
1.1081966e-190
-7.1054043e-197
-3.6725868e-202
2.9776395e-207
-2.0597118e-212
-3.2735811e-217
5.7745166e-223
-1.6607698e-228
9.5883036e-234
3.7769286e-239
4.1623607e-244
1.2848917e-249
-2.0373188e-255
9.9489371e-262
-4.5929726e-268
1.769839e-274
4.9906467e-279
-2.0596356e-286
-2.8112991e-293
-2.8576724e-300
-1.6180949e-09
1.2499257e-21
-6.9716277e-34
4.1969869e-46
-3.5917664e-58
5.4349272e-70
-1.8207139e-81
1.7895429e-92
-8.1210094e-103
4.1748151e-111
1.9068051e-120
1.8254171e-129
6.5151495e-138
1.6089847e-145
-6.5174868e-152
1.3198151e-158
-3.7863222e-165
1.3656447e-171
-4.5695581e-178
1.7393127e-184
-6.7329155e-191
2.3345026e-197
-1.2807041e-203
3.9525276e-210
3.301648e-215
-2.033643e-220
5.5769334e-226
1.0438163e-230
-5.3425181e-236
-3.3810084e-241
-2.667809e-246
7.9431755e-252
-8.2508522e-258
3.9942842e-264
-1.4951745e-270
6.281775e-277
-2.4387118e-282
1.1390875e-289
8.1820607e-297
4.7400774e-304
-1.62482e-09
1.254945e-21
-6.8675142e-34
3.9688956e-46
-3.2136093e-58
4.5559314e-70
-1.4140859e-81
1.2627074e-92
-4.9565616e-103
5.1697307e-112
2.3876375e-121
2.1471768e-130
6.8439339e-139
1.3794163e-146
-6.7733575e-153
1.4347324e-159
-4.4951891e-166
2.0307281e-172
-7.995168e-179
2.9656057e-185
-1.3362005e-191
5.037994e-198
-1.705374e-204
6.3985277e-211
-2.6974051e-217
1.1996094e-223
-4.2048624e-230
-7.8704089e-237
1.411824e-241
1.0458501e-246
2.1115903e-251
1.2826492e-254
-1.4967065e-260
6.8992794e-267
-2.0614103e-273
9.3984767e-280
-2.7031752e-285
-8.3886046e-293
-1.7635057e-299
-2.2025145e-306
-1.6320035e-09
1.2645629e-21
-6.8330809e-34
3.8158333e-46
-2.9392291e-58
3.9220146e-70
-1.1328558e-81
9.2384821e-93
-3.1681097e-103
1.7290456e-112
8.2066802e-122
6.9964695e-131
2.0037912e-139
3.3119257e-147
5.7634861e-153
-1.1462102e-159
3.5587566e-166
-1.0626484e-172
3.2486952e-179
-1.1596275e-185
3.8618266e-192
-1.4380266e-198
5.2599966e-205
-2.0094464e-211
8.0827439e-218
-3.2698712e-224
1.4338284e-230
-5.9470088e-237
2.8704411e-243
-1.1556546e-249
-2.1644973e-256
-2.6056877e-260
2.3956334e-266
-1.0610933e-272
3.0867705e-279
-1.2091965e-285
4.3503175e-290
7.536337e-297
9.7533331e-304
1.0038002e-310
-1.6379392e-09
1.2760777e-21
-6.8480562e-34
3.7191059e-46
-2.7404204e-58
3.4579887e-70
-9.3364841e-82
6.9890109e-93
-2.1126574e-103
7.4961689e-113
3.7270494e-122
3.0338183e-131
7.888814e-140
1.0922975e-147
4.2553993e-154
-8.034907e-161
1.9753005e-167
-5.4118262e-174
1.7892775e-180
-5.9087735e-187
1.9390393e-193
-5.4491684e-200
1.5973671e-206
-5.4209563e-213
1.7885296e-219
-5.5460498e-226
2.2131256e-232
-7.2128487e-239
3.1614243e-245
-1.2012672e-251
5.3657795e-258
-1.7905164e-264
4.4211376e-271
-9.6876047e-278
1.558821e-284
-2.9678915e-291
-4.3063023e-296
7.3226291e-303
6.5157472e-310
-3.4208448e-313
-1.6410693e-09
1.2867262e-21
-6.8922089e-34
3.6629013e-46
-2.5963461e-58
3.1128829e-70
-7.8911198e-82
5.4491567e-93
-1.4640046e-103
3.7364634e-113
1.9910601e-122
1.5628801e-131
3.7162011e-140
4.4112693e-148
8.7642851e-155
-1.8547511e-161
4.285501e-168
-1.2461459e-174
3.4529382e-181
-1.0557026e-187
3.2070767e-194
-1.1812749e-200
3.2647138e-207
-1.0564973e-213
2.7861781e-220
-9.236735e-227
3.4130058e-233
-1.1897163e-239
3.9899753e-246
-1.6460906e-252
5.673314e-259
-1.7123675e-265
4.4119877e-272
-8.3718197e-279
1.4877205e-285
-3.7672562e-292
6.3470007e-298
2.4022837e-304
2.8317249e-311
1.3588364e-312
-1.6401216e-09
1.2938499e-21
-6.9450974e-34
3.6330881e-46
-2.4909551e-58
2.8511758e-70
-6.8158609e-82
4.3626189e-93
-1.0496189e-103
2.0459528e-113
1.2037581e-122
9.1825101e-132
2.0156788e-140
2.0718272e-148
2.680881e-155
-5.8265137e-162
1.3794001e-168
-3.489493e-175
8.3290547e-182
-2.3646535e-188
6.824365e-195
-1.9572672e-201
5.164175e-208
-1.428741e-214
4.483354e-221
-1.2903476e-227
3.840029e-234
-1.216087e-240
3.5975812e-247
-1.1777255e-253
4.7925208e-260
-1.3994384e-266
3.7479498e-273
-7.0862502e-280
1.2492106e-286
-3.5168319e-293
2.9852405e-299
7.3836454e-306
3.7371999e-312
1.2487531e-313
-1.6342391e-09
1.2951202e-21
-6.986542e-34
3.6165555e-46
-2.4113363e-58
2.6473526e-70
-5.993747e-82
3.5724608e-93
-7.750336e-104
1.2009029e-113
8.1242427e-123
6.078193e-132
1.2399373e-140
1.1182606e-148
1.0299217e-155
-2.196684e-162
4.7453461e-169
-1.0686693e-175
2.6555025e-182
-6.5179592e-189
1.8133401e-195
-4.7430213e-202
1.3505566e-208
-4.7095592e-215
1.1951898e-221
-3.3433906e-228
9.5405991e-235
-3.0483232e-241
1.0804129e-247
-3.859562e-254
1.1051258e-260
-3.1321798e-267
7.3561867e-274
-1.4477782e-280
2.4915481e-287
-5.5227518e-294
6.7482902e-300
2.1732478e-306
-1.7204799e-312
-1.4289045e-312
-1.6230686e-09
1.2888143e-21
-6.9979034e-34
3.60113e-46
-2.346793e-58
2.4826195e-70
-5.3457202e-82
2.9801469e-93
-5.867555e-104
7.4404086e-114
6.1417022e-123
4.5495989e-132
8.7028149e-141
6.9381408e-149
4.6833178e-156
-1.132474e-162
2.2058899e-169
-4.6557757e-176
1.1005345e-182
-2.8845291e-189
7.2037897e-196
-1.6781059e-202
4.7568026e-209
-1.2077438e-215
3.3398284e-222
-8.2626764e-229
2.7526644e-235
-8.0672645e-242
2.4179022e-248
-7.5617465e-255
2.2922555e-261
-6.9315839e-268
1.5540088e-274
-3.0395839e-281
4.8493222e-288
-1.0115569e-294
1.6254044e-300
3.8945156e-307
-1.8131152e-312
1.3543949e-312
-1.6067912e-09
1.2740364e-21
-6.9638023e-34
3.5758903e-46
-2.2883668e-58
2.3428531e-70
-4.8172953e-82
2.5224761e-93
-4.5340603e-104
4.8105234e-114
5.3575637e-123
3.9692589e-132
7.1597923e-141
5.118693e-149
2.7719617e-156
-8.1336762e-163
1.5162897e-169
-2.9879125e-176
6.3963774e-183
-1.4510106e-189
3.3693103e-196
-7.9845626e-203
1.8158355e-209
-4.471057e-216
1.1000478e-222
-3.2960535e-229
8.4167499e-236
-2.711602e-242
6.4836282e-249
-2.0254313e-255
6.0058665e-262
-1.5642881e-268
3.2616423e-275
-5.5204551e-282
9.182985e-289
-1.8967278e-295
2.0162219e-301
4.7261317e-308
6.2972337e-313
-1.3675164e-312
-1.5860512e-09
1.2508158e-21
-6.8738246e-34
3.5317633e-46
-2.2286929e-58
2.2174005e-70
-4.3705279e-82
2.1581649e-93
-3.5608536e-104
3.2179436e-114
5.9881883e-123
4.4843447e-132
7.6948393e-141
4.9603357e-149
2.1142263e-156
-8.2331425e-163
1.5217202e-169
-3.2539067e-176
7.3917383e-183
-1.6378924e-189
3.4443462e-196
-7.8986446e-203
1.7470955e-209
-4.0786978e-216
9.3431435e-223
-2.2473782e-229
5.2849695e-236
-1.1454589e-242
3.4635507e-249
-9.8951781e-256
2.5118638e-262
-5.9281248e-269
1.1973965e-275
-2.0112762e-282
2.0232468e-289
3.0862158e-296
-2.6414374e-301
-4.0780645e-304
8.5120493e-310
-1.1077728e-312
-1.5618606e-09
1.2200778e-21
-6.7239305e-34
3.4622998e-46
-2.1621283e-58
2.0984399e-70
-3.9791452e-82
1.8599292e-93
-2.8312598e-104
2.2109137e-114
1.7147134e-122
1.3147246e-131
2.1622219e-140
1.270603e-148
4.5449754e-156
-1.810209e-162
3.0950606e-169
-5.4944673e-176
1.0158179e-182
-2.1143065e-189
3.9973923e-196
-7.8114778e-203
1.5065955e-209
-3.2340214e-216
7.7167306e-223
-1.5485669e-229
3.011923e-236
-6.9329381e-243
1.5183567e-249
-4.3746868e-256
1.1020087e-262
-2.4526128e-269
4.5888461e-276
-7.7176588e-283
1.2039934e-289
-2.6350977e-296
1.8041611e-302
5.6957762e-309
7.5158529e-313
-2.5364445e-312
-1.5354423e-09
1.1834506e-21
-6.5168528e-34
3.3642642e-46
-2.0849037e-58
1.9805828e-70
-3.6253092e-82
1.6096516e-93
-2.2711413e-104
1.5511529e-114
-4.7273546e-123
-3.7609516e-132
-5.9741842e-141
-3.2353091e-149
-9.8382986e-157
7.3166817e-163
-1.3164904e-169
2.4574266e-176
-4.2268803e-183
7.8724874e-190
-1.620301e-196
2.8943913e-203
-5.4891419e-210
1.0937973e-216
-2.2330818e-223
4.6029017e-230
-9.7496946e-237
2.1626385e-243
-4.6135954e-250
9.4716786e-257
-1.8878245e-263
3.6937404e-270
-6.360967e-277
9.6640526e-284
-1.3853783e-290
2.7174053e-297
-2.1054475e-303
-5.2198671e-310
-1.2128065e-312
2.0143975e-312
-1.5080848e-09
1.1429918e-21
-6.2614776e-34
3.2379219e-46
-1.9952683e-58
1.8606486e-70
-3.2975891e-82
1.3952969e-93
-1.8325656e-104
1.1060969e-114
-1.325367e-123
-1.1122107e-132
-1.7146694e-141
-8.5763131e-150
-2.24752e-157
-2.140143e-162
3.7754963e-169
-6.2791262e-176
1.1763079e-182
-2.0525891e-189
3.6339357e-196
-6.2578537e-203
1.0555605e-209
-1.9740638e-216
3.9034657e-223
-7.2281895e-230
1.3292843e-236
-2.6239346e-243
5.6031529e-250
-1.137492e-256
2.587122e-263
-5.5040137e-270
9.1986922e-277
-1.3160672e-283
1.7825608e-290
-3.4270205e-297
1.8789732e-303
5.1416126e-310
1.7221521e-312
-1.9447423e-312
-1.4810101e-09
1.1008682e-21
-5.9711255e-34
3.0867755e-46
-1.8934257e-58
1.737377e-70
-2.9893319e-82
1.2089306e-93
-1.4837474e-104
7.9843036e-115
-5.7455571e-124
-5.1820181e-133
-7.8264986e-142
-3.6377901e-150
-8.3953227e-158
-1.0077202e-163
1.6123234e-170
-2.9076025e-177
4.7781396e-184
-7.4089292e-191
1.2427849e-197
-2.1565751e-204
3.4512307e-211
-6.3555125e-218
1.141656e-224
-2.0498126e-231
3.8907096e-238
-7.4810612e-245
1.4599669e-251
-3.0352149e-258
5.9500169e-265
-1.2090188e-271
1.9201141e-278
-2.8006242e-285
3.9461378e-292
-6.671679e-299
3.2994849e-305
1.9612292e-311
-6.8459871e-313
2.037168e-312
-1.4552791e-09
1.059103e-21
-5.6613534e-34
2.9168791e-46
-1.7812984e-58
1.6111408e-70
-2.6974839e-82
1.0453875e-93
-1.2031503e-104
5.8166153e-115
-2.9186767e-124
-2.8943354e-133
-4.3105638e-142
-1.8844147e-150
-3.8128468e-158
-2.9147444e-164
5.3262388e-171
-8.667075e-178
1.4222114e-184
-2.4339648e-191
3.9260859e-198
-6.6864593e-205
1.2676497e-211
-2.0244814e-218
3.3956282e-225
-6.5294693e-232
1.1763076e-238
-2.1356847e-245
3.9810015e-252
-6.8808284e-259
1.2740517e-265
-2.2346533e-272
3.1483683e-279
-4.1850208e-286
5.2314657e-293
-9.3110708e-300
4.9593888e-306
2.5955987e-312
8.4949358e-313
1.8758219e-312
-1.431753e-09
1.0193991e-21
-5.3477108e-34
2.7358022e-46
-1.6620877e-58
1.4835432e-70
-2.4215177e-82
9.0133154e-94
-9.7579218e-105
4.266548e-115
-1.6148042e-124
-1.813517e-133
-2.6770496e-142
-1.1030289e-150
-2.0007622e-158
-4.9615155e-165
8.6545772e-172
-1.3633451e-178
2.5442934e-185
-4.5018317e-192
6.9201057e-199
-1.0679613e-205
1.7876675e-212
-3.0279289e-219
4.8934634e-226
-8.0510694e-233
1.387972e-239
-2.4707802e-246
4.5656139e-253
-8.3592512e-260
1.5145648e-266
-2.6765848e-273
3.8242664e-280
-4.6761548e-287
5.9371289e-294
-9.1801299e-301
3.8001665e-307
4.4265323e-312
-7.1895155e-313
-1.3986207e-312
-1.4110633e-09
9.830509e-22
-5.0439027e-34
2.551473e-46
-1.5396925e-58
1.3569441e-70
-2.1624672e-82
7.7459175e-94
-7.9099165e-105
3.146363e-115
-9.4243511e-125
-1.2490593e-133
-1.8405397e-142
-7.1812458e-151
-1.1545157e-158
-2.0075891e-165
4.0535154e-172
-6.0363693e-179
9.310248e-186
-1.3683048e-192
2.0321371e-199
-3.3895287e-206
5.7353928e-213
-8.9326872e-220
1.373587e-226
-2.4815043e-233
4.4882396e-240
-8.6121832e-247
1.6767302e-253
-2.9654945e-260
5.3611703e-267
-8.6844706e-274
1.1738041e-280
-1.4225624e-287
1.7927913e-294
-2.7183707e-301
1.0745653e-307
7.633282e-312
2.1352342e-313
-7.4256388e-313
-1.3936278e-09
9.509401e-22
-4.7606945e-34
2.3711798e-46
-1.4181128e-58
1.2339718e-70
-1.9220751e-82
6.6366936e-94
-6.4084102e-105
2.3309852e-115
-5.7141595e-125
-9.4925099e-134
-1.4075073e-142
-5.2211439e-151
-7.6801266e-159
-9.5956088e-166
1.846061e-172
-2.6543723e-179
4.0067777e-186
-5.7546018e-193
8.724269e-200
-1.2813107e-206
1.7948728e-213
-2.6629181e-220
4.0195758e-227
-6.2456126e-234
9.3285491e-241
-1.4625881e-247
2.7525968e-254
-4.8817663e-261
8.8515147e-268
-1.3192551e-274
1.6681499e-281
-1.9553687e-288
2.1642095e-295
-3.2093248e-302
1.1325009e-308
-8.2555134e-312
-7.1594387e-314
-1.9775855e-312
-1.3796852e-09
9.2358473e-22
-4.5055789e-34
2.2008992e-46
-1.3009618e-58
1.1171047e-70
-1.7020945e-82
5.6738674e-94
-5.1926242e-105
1.7352974e-115
-3.5647621e-125
-8.3006891e-134
-1.2484824e-142
-4.4441025e-151
-5.9019303e-159
-6.4262925e-166
1.1983693e-172
-1.5965287e-179
2.0548302e-186
-2.6813392e-193
3.3846642e-200
-4.4168699e-207
6.3027022e-214
-8.6382989e-221
1.2509123e-227
-1.748528e-234
2.5963416e-241
-3.8197965e-248
6.0225041e-255
-1.0027368e-261
1.5445224e-268
-2.2894264e-275
3.1038345e-282
-3.5765387e-289
4.2472075e-296
-5.4912827e-303
1.4152283e-309
4.5675392e-312
-1.1512855e-312
1.5930813e-313
-1.3692952e-09
9.0119099e-22
-4.2828758e-34
2.0449199e-46
-1.1910915e-58
1.0083033e-70
-1.5036689e-82
4.8461039e-94
-4.2132172e-105
1.2991987e-115
-2.2772939e-125
-9.7706923e-134
-1.5095932e-142
-5.196272e-151
-6.4650759e-159
-6.2849414e-166
1.1176395e-172
-1.2996817e-179
1.4479835e-186
-1.5386104e-193
1.7213799e-200
-1.7599067e-207
1.8743004e-214
-2.012391e-221
2.530867e-228
-3.0846959e-235
3.9875787e-242
-5.3948191e-249
7.6939553e-256
-1.1433016e-262
1.8232044e-269
-2.5737719e-276
3.1717808e-283
-3.6470929e-290
3.8856434e-297
-5.0455602e-304
1.2764135e-310
-3.8621881e-312
2.4577492e-313
1.9161509e-312
-1.3624132e-09
8.8375074e-22
-4.0943994e-34
1.9059117e-46
-1.0904983e-58
9.0888983e-71
-1.3271036e-82
4.1412546e-94
-3.428592e-105
9.796525e-116
-1.4855061e-125
-1.6197533e-132
-2.622002e-141
-8.8463762e-150
-1.0427666e-157
-9.2997693e-165
1.3802218e-171
-1.3761743e-178
1.1956561e-185
-1.117447e-192
1.0063676e-199
-9.020362e-207
8.3553391e-214
-7.7697338e-221
7.6152788e-228
-7.7507704e-235
7.9197383e-242
-9.0112782e-249
1.0568108e-255
-1.3269172e-262
1.7279686e-269
-2.1924451e-276
2.4749625e-283
-2.4323346e-290
2.5539786e-297
-3.0039863e-304
6.1586034e-311
-2.4104426e-312
-4.8670258e-313
-1.1468251e-312
-1.3588922e-09
8.7109168e-22
-3.9399856e-34
1.7850454e-46
-1.0002531e-58
8.194021e-71
-1.1715478e-82
3.5447141e-94
-2.8014769e-105
7.4465e-116
-9.8743239e-126
4.0043246e-134
6.9624029e-143
2.3415766e-151
2.6454092e-159
2.447876e-166
-2.7927304e-173
2.2836225e-180
-1.698469e-187
1.2878986e-194
-1.0050895e-201
7.7891487e-209
-5.9736709e-216
4.7821253e-223
-3.7951665e-230
3.0868628e-237
-2.6601606e-244
2.5011098e-251
-2.5277428e-258
2.678771e-265
-2.9323377e-272
3.1224709e-279
-3.2042634e-286
2.9269889e-293
-2.4845751e-300
2.5689781e-307
3.9555214e-312
5.4442998e-313
-1.4761696e-314
2.4615145e-313
-1.3585146e-09
8.6293669e-22
-3.818263e-34
1.6825973e-46
-9.2098817e-59
7.4016992e-71
-1.0361327e-82
3.044106e-94
-2.3029111e-105
5.7191353e-116
-6.7017997e-126
1.2528184e-134
2.4139907e-143
8.1775571e-152
9.0347051e-160
7.9371181e-167
-7.9248683e-174
5.5532931e-181
-3.8153761e-188
2.6304273e-195
-1.7243341e-202
1.1831108e-209
-7.7706677e-217
5.1890569e-224
-3.7664458e-231
2.6623363e-238
-2.025373e-245
1.469309e-252
-1.2109521e-259
1.0747449e-266
-9.7543995e-274
9.1160287e-281
-7.662661e-288
6.459907e-295
-5.2387091e-302
4.9817576e-309
-2.1372355e-312
2.2632891e-312
1.2061105e-312
-2.5509514e-312
-1.3609853e-09
8.5890954e-22
-3.7261752e-34
1.5967008e-46
-8.5128892e-59
6.6916912e-71
-9.1557082e-83
2.6107381e-94
-1.8912429e-105
4.3926554e-116
-4.5696864e-126
5.3081554e-135
1.1772986e-143
4.0487773e-152
4.2877039e-160
3.323248e-167
-3.3471397e-174
2.2188385e-181
-1.4221098e-188
9.1784782e-196
-5.7995418e-203
3.8755064e-210
-2.6118989e-217
1.6823677e-224
-1.1439498e-231
7.882194e-239
-5.3307197e-246
3.6480817e-253
-2.5576019e-260
1.874455e-267
-1.401904e-274
1.0661063e-281
-7.8722761e-289
5.8561245e-296
-4.1748335e-303
3.9203524e-310
-1.8653509e-312
2.5097516e-312
1.1764489e-312
2.6089764e-312
-1.3661795e-09
8.588092e-22
-3.6657977e-34
1.5326438e-46
-7.9738151e-59
6.138991e-71
-8.2315773e-83
2.2895461e-94
-1.60108e-105
3.5226219e-116
-3.3325164e-126
2.8613546e-135
7.4924966e-144
2.6405073e-152
2.7319914e-160
1.8678433e-167
-2.0384819e-174
1.3802836e-181
-9.4409938e-189
6.2804928e-196
-4.24682e-203
2.8829577e-210
-1.9456216e-217
1.3214157e-224
-8.7255517e-232
5.9163348e-239
-3.9895156e-246
2.5891356e-253
-1.7776583e-260
1.1713105e-267
-8.0853989e-275
5.4768323e-282
-3.5797353e-289
2.2844756e-296
-1.5900995e-303
1.4654086e-310
-1.1964259e-312
1.7787918e-312
1.2587858e-312
2.8798893e-312
-1.3739864e-09
8.6217582e-22
-3.6067103e-34
1.4529371e-46
-7.240855e-59
5.3461158e-71
-6.8694339e-83
1.8165415e-94
-1.1868715e-105
2.3654451e-116
-1.909392e-126
1.1279662e-135
3.8621682e-144
1.3090196e-152
1.1464729e-160
4.5013969e-168
-2.2025567e-174
2.7840937e-181
-2.9168006e-188
3.2150778e-195
-3.5606231e-202
3.9587342e-209
-4.8557809e-216
5.5839102e-223
-6.2433755e-230
6.1759033e-237
-5.8381986e-244
5.4203965e-251
-4.4833127e-258
3.50737e-265
-2.5403561e-272
1.7422348e-279
-1.1325694e-286
7.1890515e-294
-5.0310546e-301
4.9513859e-308
3.8159103e-312
-1.5270756e-313
-7.532356e-313
-2.8243417e-312
)
;

boundaryField
{
    wall
    {
        type            fixedValue;
        value           uniform 350;
    }
    sides
    {
        type            zeroGradient;
    }
    frontAndBack
    {
        type            empty;
    }
    inlet
    {
        type            fixedValue;
        value           uniform 300;
    }
    outlet
    {
        type            zeroGradient;
    }
}


// ************************************************************************* //
