/*--------------------------------*- C++ -*----------------------------------*\
  =========                 |
  \\      /  F ield         | OpenFOAM: The Open Source CFD Toolbox
   \\    /   O peration     | Website:  https://openfoam.org
    \\  /    A nd           | Version:  10
     \\/     M anipulation  |
\*---------------------------------------------------------------------------*/
FoamFile
{
    format      ascii;
    class       volScalarField;
    location    "0.22";
    object      TporMedia_0;
}
// * * * * * * * * * * * * * * * * * * * * * * * * * * * * * * * * * * * * * //

dimensions      [0 0 0 1 0 0 0];

internalField   nonuniform List<scalar> 
4000
(
-0.00049298479
0.00014857093
0.0003932903
0.00051200213
0.00038545753
0.00047463511
0.00046501976
0.00041603304
0.00042813805
0.00038558033
0.00057473735
0.00050542794
0.00040359347
0.00046213387
0.00042636826
0.00036687017
0.00046236221
0.00044949078
0.00041936021
0.00040626984
0.00058306552
0.00054516044
0.00051931676
0.00044930042
0.00043693939
0.00040383846
0.00039348864
0.00044135204
0.00062691452
0.00058322699
0.00045717078
0.00051104451
0.00058754389
0.00049509035
0.00047029905
0.00043512159
0.00053454287
0.00045700641
0.00055464654
0.00044449795
-4.9106026e-05
1.4684165e-11
1.0620248e-10
3.9751216e-10
2.8320272e-10
2.6229644e-10
3.2055277e-10
2.3267856e-10
2.4512763e-10
3.4053376e-10
3.1913804e-10
3.5363845e-10
1.9573641e-10
3.4361295e-10
3.2590871e-10
2.2798628e-10
5.0713783e-10
2.7372909e-10
2.9674742e-10
3.3126137e-10
3.5105961e-10
3.5857551e-10
4.5030798e-10
2.5162816e-10
5.1498272e-10
3.2216603e-10
2.9022596e-10
2.513706e-10
3.8200206e-10
3.3548304e-10
2.7181629e-10
3.9937137e-10
3.9720019e-10
2.9325966e-10
3.051559e-10
2.3609772e-10
5.7418819e-10
2.9633635e-10
4.2600669e-10
2.939405e-10
-1.9214413e-05
-6.5010886e-12
1.0845951e-17
1.8570322e-16
2.4513777e-16
1.5588272e-16
2.7148324e-16
3.1070996e-16
1.5025577e-16
3.2294249e-16
7.7268956e-16
2.4454649e-16
1.4720243e-16
4.0751552e-16
2.0121308e-16
1.4361316e-16
4.487093e-16
2.1361043e-16
1.8477483e-16
2.3245808e-16
6.1966603e-16
3.4612839e-16
3.6453852e-16
2.1154721e-16
2.8291872e-16
3.0052475e-16
2.2718218e-16
2.2234145e-16
4.3282525e-16
1.9082439e-16
1.6534912e-16
2.8127873e-16
2.5516713e-16
1.8966109e-16
1.7666897e-16
1.6540199e-16
4.2326537e-16
2.2606618e-16
3.9329503e-16
2.2491749e-16
-1.0329826e-05
6.7536304e-13
4.0301595e-20
3.9281063e-23
1.9474811e-22
1.126369e-22
1.8234389e-22
1.8854034e-22
1.0399901e-22
2.1675223e-22
4.3825784e-22
1.8456888e-22
1.3291419e-22
3.1008227e-22
1.2370212e-22
8.3726983e-23
3.1938023e-22
1.4151559e-22
1.759248e-22
1.5705081e-22
5.3983765e-22
3.0128585e-22
2.1732039e-22
2.2075292e-22
2.0521669e-22
1.5415102e-22
1.6062878e-22
1.0261753e-22
4.9226858e-22
1.2174373e-22
8.3015474e-23
3.2547731e-22
1.6624421e-22
1.4009681e-22
2.0683453e-22
1.1309397e-22
2.5682391e-22
1.6083756e-22
2.3607527e-22
1.8661614e-22
-6.5065262e-06
1.24114e-13
5.8880653e-21
5.4400589e-28
1.1910915e-28
1.8735533e-28
2.8643013e-28
1.4703571e-28
7.4057481e-29
1.2463372e-28
3.8408536e-28
1.751039e-28
8.5386184e-29
2.6340834e-28
1.8704108e-28
7.032461e-29
2.0693965e-28
1.222597e-28
1.0818573e-28
1.2604767e-28
3.6693068e-28
2.1004021e-28
2.1939889e-28
1.460005e-28
2.051111e-28
1.0848404e-28
1.6826176e-28
6.6623398e-29
4.0811477e-28
6.977312e-29
7.9679626e-29
2.2882659e-28
1.3512412e-28
1.1681622e-28
2.6770396e-28
6.9416397e-29
2.0493493e-28
9.5271136e-29
1.608646e-28
1.3544842e-28
-4.553121e-06
4.1125487e-14
2.389816e-21
1.1575332e-28
7.8981139e-35
2.2320122e-34
2.4035477e-34
9.0648451e-35
5.9441502e-35
8.2112039e-35
2.5138908e-34
1.0478015e-34
8.9630776e-35
2.029134e-34
1.4231545e-34
4.0664092e-35
1.607018e-34
8.617609e-35
7.2396482e-35
2.2199117e-34
2.8370201e-34
1.4416317e-34
1.4539554e-34
1.1760243e-34
2.0227446e-34
8.6885703e-35
1.9792858e-34
1.1393673e-34
2.3708537e-34
7.0718418e-35
6.638104e-35
1.3560605e-34
8.3034718e-35
5.633788e-35
2.0913713e-34
6.2102505e-35
1.3397864e-34
8.1436147e-35
1.3962152e-34
1.0326035e-34
-3.4366591e-06
1.7967212e-14
-2.2221014e-20
-6.561935e-28
-9.3554616e-35
8.9285841e-40
2.1965956e-40
4.9322663e-41
5.2403612e-41
4.3798981e-41
2.1255504e-40
1.7408891e-40
6.3057242e-41
1.2020835e-40
1.783842e-40
2.9240515e-41
1.6997814e-40
7.3810464e-41
9.7152377e-41
1.6023368e-40
1.745645e-40
1.7804685e-40
1.2934524e-40
9.0181457e-41
1.4880205e-40
4.7658374e-41
1.9083792e-40
8.2949875e-41
2.0451279e-40
4.4439893e-41
4.2308474e-41
8.7029316e-41
5.826178e-41
4.6465407e-41
1.393577e-40
5.1617646e-41
1.1912793e-40
6.4449059e-41
1.302595e-40
9.2873102e-41
-2.7342266e-06
9.2868424e-15
-2.4814127e-22
-5.3771553e-30
-3.7285218e-37
-5.2415085e-43
2.5042596e-46
4.2373062e-47
4.6808547e-47
4.7652645e-47
2.0280544e-46
1.3618207e-46
4.1354126e-47
8.2488614e-47
1.241717e-46
2.3038483e-47
1.3970439e-46
5.9454702e-47
9.683932e-47
9.5594187e-47
1.9873894e-46
1.0223904e-46
7.0159115e-47
1.3417664e-46
1.2563879e-46
6.5498911e-47
2.0514721e-46
4.7284306e-47
1.5948436e-46
3.1655413e-47
3.0024833e-47
1.0316585e-46
3.5393782e-47
2.5664314e-47
1.1280599e-46
3.5183409e-47
1.0853833e-46
5.0966535e-47
1.0964358e-46
6.7461967e-47
-2.2565942e-06
5.3658338e-15
-5.4608776e-23
-9.6228411e-31
-3.6333363e-38
-2.846478e-44
-6.329195e-50
3.5701284e-53
3.0451986e-53
4.1131995e-53
2.029739e-52
1.4830309e-52
2.5628154e-53
5.5947944e-53
9.9802236e-53
2.863225e-53
1.3843344e-52
4.8644327e-53
7.2016193e-53
5.8030054e-53
1.3370757e-52
7.8214665e-53
1.4408311e-52
2.1086443e-52
1.1173983e-52
5.2746653e-53
1.7559617e-52
3.3271761e-53
1.1912081e-52
2.1020069e-53
2.3435932e-53
1.2251794e-52
2.2013422e-53
2.3700416e-53
1.1565181e-52
2.9269343e-53
6.7118222e-53
3.9204289e-53
1.0496554e-52
4.9495319e-53
-1.8956284e-06
3.3277994e-15
-1.7875108e-23
-3.0258833e-31
-7.2546228e-39
-1.6526274e-45
4.4316285e-51
4.8833539e-57
3.011133e-59
3.9089925e-59
3.5556824e-58
1.3665767e-58
1.4837297e-59
5.7198397e-59
1.0214423e-58
3.1670747e-59
7.352599e-59
3.6142183e-59
3.685407e-59
7.4567002e-59
9.6217021e-59
4.376432e-59
1.1473705e-58
1.7567292e-58
8.1776455e-59
3.8843184e-59
1.4052555e-58
3.0395562e-59
7.5565145e-59
1.816401e-59
1.5184574e-59
1.1626751e-58
1.3852492e-59
1.8442752e-59
8.8757818e-59
1.8401504e-59
4.3592943e-59
2.8543186e-59
7.8345164e-59
2.9960002e-59
-1.607244e-06
2.159621e-15
-7.0432947e-24
-1.3670938e-31
-2.2380023e-39
-2.1033513e-46
4.8929465e-52
1.5082384e-57
1.2835296e-63
3.5497587e-65
2.4116608e-64
8.893863e-65
1.2476047e-65
4.9488119e-65
1.0175652e-64
2.3110647e-65
5.5920769e-65
3.3126766e-65
3.1563378e-65
7.115398e-65
8.0835464e-65
4.6541422e-65
6.9773524e-65
1.1518638e-64
5.8183954e-65
4.3054067e-65
8.3476453e-65
1.9096376e-65
6.7976279e-65
1.5896457e-65
1.414349e-65
8.6783249e-65
9.7237697e-66
1.4031232e-65
5.2187637e-65
2.1859524e-65
2.723915e-65
4.3423231e-65
5.4968986e-65
3.3973432e-65
-1.3631074e-06
1.4396072e-15
-3.1187685e-24
-1.1204102e-31
-1.3448633e-39
-6.8706876e-47
4.0942533e-53
7.0696235e-59
4.7225024e-65
8.3682341e-71
3.6270994e-70
1.0693504e-70
1.4348913e-71
3.3341427e-71
6.7038692e-71
1.7874396e-71
1.2123123e-70
8.0327991e-71
2.51457e-71
4.2605483e-71
5.6821451e-71
2.934637e-71
6.9367588e-71
7.1540873e-71
3.1764714e-71
3.6163834e-71
8.4383035e-71
1.663074e-71
7.4638221e-71
1.5726045e-71
1.1474194e-71
6.6480533e-71
5.8108723e-72
6.0889023e-72
3.901478e-71
1.6958399e-71
2.8777137e-71
3.440581e-71
4.5156278e-71
2.4287754e-71
-1.1511938e-06
9.7375206e-16
-1.4822098e-24
9.5292556e-32
8.9290144e-40
2.7992346e-47
4.7070566e-53
-6.6061979e-59
-3.8378727e-65
-3.5705885e-71
1.9337342e-76
9.8504451e-77
1.2616352e-77
2.6882089e-77
4.7597479e-77
1.6237947e-77
7.2351708e-77
5.3772962e-77
4.9309385e-77
2.4601758e-77
5.2346408e-77
2.4911992e-77
5.365383e-77
7.1123157e-77
4.2155128e-77
2.0343957e-77
6.6137019e-77
1.2059679e-77
5.9532431e-77
1.1268109e-77
6.3614061e-78
4.62532e-77
3.2976733e-78
5.0307933e-78
2.4538135e-77
1.2654911e-77
1.8207405e-77
2.5005898e-77
3.5703066e-77
1.6450275e-77
-9.6781975e-07
6.6500248e-16
-7.4122037e-25
8.7564779e-33
6.7750239e-41
1.3827255e-48
5.6772689e-55
-4.412222e-61
-4.790743e-67
-4.1674462e-73
-4.3737275e-79
5.8871022e-83
1.007588e-83
3.3245678e-83
4.0534462e-83
1.3038742e-83
6.0304553e-83
3.2774303e-83
3.8573979e-83
1.7768656e-83
4.5785226e-83
4.3054352e-83
3.8282204e-83
4.3180161e-83
2.0508152e-83
1.9135975e-83
9.991344e-83
7.7853161e-84
5.7641393e-83
9.6150161e-84
5.5602076e-84
4.4153085e-83
3.0976062e-84
3.5679203e-84
1.7410279e-83
6.0871197e-84
1.1579847e-83
1.2329675e-83
1.9155377e-83
9.47748e-84
-8.1265483e-07
4.5871237e-16
-3.858527e-25
2.0810768e-33
1.4052415e-41
1.9516825e-49
2.9196009e-56
-1.4027838e-62
-2.0929263e-68
-3.9549852e-74
-2.1809295e-80
-2.3500775e-86
6.4147083e-90
1.8197096e-89
2.3728437e-89
1.4488008e-89
4.1174519e-89
9.7244889e-89
3.527361e-89
1.7825162e-89
3.4541992e-89
3.8809505e-89
3.3316291e-89
4.0850436e-89
1.531912e-89
1.2407647e-89
8.6113655e-89
8.0996039e-90
4.6624319e-89
6.8888593e-90
4.9745323e-90
2.7401483e-89
2.3170788e-90
3.4789318e-90
1.3482328e-89
4.2803468e-90
7.7323172e-90
1.6838544e-89
1.3327287e-89
8.784269e-90
-6.81893e-07
3.1896874e-16
-2.0716523e-25
6.3938045e-34
3.9933533e-42
4.0511606e-50
3.0434919e-57
-1.3774936e-63
-1.7925193e-69
-1.4065454e-75
-1.1917637e-81
-1.1128163e-87
-1.0233176e-93
2.2248331e-95
1.7578002e-95
8.8326963e-96
3.8707795e-95
7.1276886e-95
2.6633937e-95
1.1191861e-95
3.3773182e-95
3.585056e-95
2.8471612e-95
2.134031e-95
1.0823302e-95
9.2599984e-96
8.659893e-95
6.281368e-96
4.5780557e-95
4.6957831e-96
3.8305933e-96
1.9965544e-95
1.6269163e-96
2.3464667e-96
1.405309e-95
2.7066161e-96
7.1393368e-96
1.0691424e-95
9.2210104e-96
4.9060134e-96
-5.7364471e-07
2.2372953e-16
-1.1441751e-25
2.2584852e-34
1.3917225e-42
1.0655945e-50
4.6203516e-58
-1.5896293e-64
2.0373038e-69
1.9421212e-75
1.6330289e-81
1.2919285e-87
7.5477589e-94
7.1210824e-100
1.4376041e-101
8.8946676e-102
3.6201808e-101
4.580393e-101
2.361332e-101
9.692011e-102
2.4396118e-101
1.8911232e-101
1.9527203e-101
1.6382562e-101
1.1696951e-101
7.0140205e-102
6.111246e-101
5.5833343e-102
2.920722e-101
3.954727e-102
1.7689125e-102
1.9041819e-101
1.1884245e-102
2.1711642e-102
9.987109e-102
4.0064472e-102
4.2862322e-102
7.7858294e-102
7.4685044e-102
3.7779374e-102
-4.846798e-07
1.5855239e-16
-6.4802339e-26
8.7291187e-35
5.8386093e-43
3.4887254e-51
9.4010744e-59
-6.2832355e-65
5.6753557e-71
5.9315546e-77
4.1041954e-83
2.8533533e-89
2.8867357e-95
2.6901547e-101
2.7455911e-107
4.9340703e-108
2.4956469e-107
3.4136835e-107
1.7749655e-107
6.1086445e-108
1.9126026e-107
1.1239888e-107
1.3876076e-107
1.4170774e-107
7.8384551e-108
7.221645e-108
7.8239539e-107
4.1737421e-108
2.8252538e-107
2.3650484e-108
7.8825657e-109
1.5712932e-107
6.6934823e-109
2.2017849e-108
6.4192497e-108
2.3837799e-108
4.480157e-108
4.0054906e-108
6.6903058e-108
2.0830602e-108
-4.1115196e-07
1.1337966e-16
-3.7488248e-26
3.6048818e-35
3.0828152e-43
1.4851777e-51
2.7075624e-59
-5.5275452e-65
3.1440443e-71
6.0030684e-77
4.1588819e-83
3.603307e-89
2.1170168e-95
1.3994045e-101
8.0553738e-108
8.4731921e-114
2.0220812e-113
3.8043055e-113
8.7749859e-114
4.4924745e-114
1.5151254e-113
1.058582e-113
1.3180563e-113
7.4474978e-114
4.1640228e-114
3.689437e-114
7.2711429e-113
2.5164859e-114
2.5663977e-113
1.4043908e-114
7.5254967e-115
1.0569249e-113
4.8314823e-115
1.2668231e-114
4.7057641e-114
1.3715082e-114
3.1220503e-114
2.7714898e-114
5.9155644e-114
1.586058e-114
-3.5020403e-07
8.1771453e-17
-2.2104214e-26
1.5686865e-35
2.6494257e-43
1.067111e-51
1.3444186e-59
4.8317734e-66
-1.3781608e-72
-9.3628412e-78
-5.3699309e-84
-4.2872944e-90
-2.3782273e-96
-2.4789301e-102
-1.6752868e-108
-1.2017409e-114
1.2188939e-119
2.0525263e-119
5.5421031e-120
2.4601134e-120
9.4620108e-120
7.0124283e-120
8.3651485e-120
5.0545153e-120
2.5351903e-120
2.3636287e-120
7.3142246e-119
2.3279246e-120
1.5585892e-119
8.5299329e-121
5.6623032e-121
5.1237083e-120
2.7570249e-121
6.882903e-121
3.5017021e-120
8.4521956e-121
2.4056131e-120
1.9420372e-120
2.6478903e-120
1.3466075e-120
-2.9956997e-07
5.947507e-17
-1.3263437e-26
7.125663e-36
-2.1526724e-43
-7.4050856e-52
-6.8648986e-60
-8.8347259e-67
2.3194841e-73
-1.053271e-78
-6.3873554e-85
-5.5422275e-91
-3.7933464e-97
-2.1818488e-103
-1.2264178e-109
-6.9746444e-116
-5.5024136e-122
1.4514849e-125
4.6455908e-126
1.9519223e-126
1.0116847e-125
4.1151448e-126
8.0625083e-126
4.2236387e-126
2.1848645e-126
2.7412534e-126
5.2984471e-125
1.5775986e-126
1.0289823e-125
5.8487007e-127
3.4193386e-127
3.3355888e-126
1.6345785e-127
5.748637e-127
3.1341164e-126
7.090441e-127
2.2667392e-126
1.0497094e-126
1.9297475e-126
9.1927988e-127
-2.5726998e-07
4.3591909e-17
-8.0827837e-27
3.3540561e-36
-2.048627e-44
-6.1873584e-53
-4.3163564e-61
-2.9283548e-68
5.576802e-75
-1.0862374e-80
-7.4509787e-87
-4.6965975e-93
-2.4263263e-99
-3.4175013e-105
-1.9730848e-111
-1.0487961e-117
-7.0088126e-124
-5.0045072e-130
3.3972515e-132
1.5144476e-132
5.3717978e-132
5.1431252e-132
5.3435094e-132
2.3552615e-132
1.6061554e-132
1.3840838e-132
3.2960317e-131
1.8948302e-132
7.6001643e-132
3.5278321e-133
2.6603421e-133
4.744346e-132
9.538228e-134
4.651508e-133
2.1841307e-132
4.9384306e-133
2.2782169e-132
7.6125347e-133
1.0543462e-132
3.8446015e-133
-2.2165919e-07
3.2173357e-17
-4.9941159e-27
1.6283419e-36
-4.7064484e-45
-1.282352e-53
-6.9133277e-62
-2.6629128e-69
5.0642131e-76
-4.1998019e-82
-3.4529644e-88
-3.1860657e-94
-2.2553e-100
-1.4091211e-106
-1.578068e-112
-1.074112e-118
-6.1518165e-125
-6.2190464e-131
-6.4772367e-137
1.0978389e-138
3.4296649e-138
4.7998299e-138
3.5753108e-138
1.6556952e-138
1.4539388e-138
8.5488177e-139
2.2388335e-137
9.737902e-139
7.68603e-138
2.0940368e-139
2.3403039e-139
2.5881692e-138
8.1123712e-140
2.6717182e-139
1.5504361e-138
2.6491737e-139
1.1953278e-138
3.761894e-139
8.1410114e-139
3.9888689e-139
-1.9163577e-07
2.3906269e-17
-3.1258058e-27
8.1190912e-37
-1.3848555e-45
-3.5136332e-54
-1.4998428e-62
-3.7342102e-70
6.8677066e-77
-2.4049247e-83
-6.6950282e-89
-4.6643807e-95
-2.6314404e-101
-2.7245809e-107
-1.590037e-113
-1.0504368e-119
-5.7898166e-126
-3.0564603e-132
-2.2960088e-138
-9.6764102e-145
2.4471865e-144
3.9806523e-144
2.6871042e-144
1.1268212e-144
9.7081249e-145
5.9866785e-145
1.6141821e-143
6.8407996e-145
5.0871547e-144
1.5106934e-145
1.7033559e-145
2.8307831e-144
5.531353e-146
2.1225496e-145
1.3130984e-144
1.368951e-145
5.4796259e-145
2.1779612e-145
5.6217681e-145
2.7947683e-145
-1.6611611e-07
1.7868296e-17
-1.9784293e-27
4.1443421e-37
-4.6107074e-46
-1.1307809e-54
-3.8959815e-63
-6.5716335e-71
1.578577e-77
-4.4345115e-84
-4.1107707e-90
-4.0778666e-96
-3.485378e-102
-2.9984625e-108
-1.5459866e-114
-1.1886579e-120
-9.0827279e-127
-8.6704763e-133
-6.7958001e-139
-7.7056896e-145
1.2507356e-150
3.1221144e-150
2.1869182e-150
5.5407043e-151
6.8693139e-151
3.9415778e-151
1.3671558e-149
5.7619054e-151
4.3351035e-150
9.5422729e-152
1.1448539e-151
2.1021239e-150
6.232337e-152
1.2158617e-151
8.6919504e-151
1.8557615e-151
4.0884648e-151
1.19229e-151
5.5392026e-151
4.8913451e-151
-1.4434461e-07
1.3425372e-17
-1.2652055e-27
2.1594345e-37
-1.6670086e-46
-4.1354098e-55
-1.1766486e-63
-1.4018621e-71
1.0571463e-77
-2.2576308e-84
-3.4331602e-90
-2.5151399e-96
-1.6595875e-102
-1.0845678e-108
-9.3630831e-115
-6.1260292e-121
-4.0261988e-127
-2.0643241e-133
-1.4394016e-139
-8.2257471e-146
-4.741136e-152
2.1779907e-156
1.5425637e-156
3.8484968e-157
4.8404162e-157
3.3943702e-157
7.0132151e-156
5.1755296e-157
3.036861e-156
9.6012593e-158
6.9342788e-158
1.4229676e-156
3.1594023e-158
1.207846e-157
4.6768431e-157
1.0988346e-157
2.4201017e-157
7.6385087e-158
3.8377001e-157
6.2316338e-157
-1.2573011e-07
1.0141683e-17
-8.1705293e-28
1.1466045e-37
-6.4029573e-47
-1.7176035e-55
-4.1119297e-64
-3.6079258e-72
-1.7550661e-78
3.1859263e-85
-4.3745025e-91
-2.7501952e-97
-2.0320701e-103
-2.102835e-109
-2.0245342e-115
-1.331608e-121
-1.4243308e-127
-2.2226743e-133
-2.1609152e-139
-1.5025297e-145
-1.0490519e-151
-5.7403845e-158
1.9022204e-162
1.8350104e-163
4.0867235e-163
3.0955251e-163
5.8542787e-162
3.0303069e-163
1.7317663e-162
1.0849959e-163
5.0545389e-164
9.7299435e-163
1.7480991e-164
8.1817841e-164
2.7940949e-163
1.1593171e-163
1.9746198e-163
4.9598038e-164
2.9311114e-163
7.3451034e-163
-1.0972794e-07
7.6948086e-18
-5.3219098e-28
6.1898797e-38
-2.5785206e-47
-8.2743555e-56
-1.6934276e-64
-1.1168963e-72
-1.3315274e-79
2.1701925e-86
-3.4510807e-92
-2.5829815e-98
-1.8095638e-104
-1.4341807e-110
-1.5711116e-116
-1.7013218e-122
-1.5450114e-128
-1.0876179e-134
-8.3549648e-141
-8.9486342e-147
-7.8041943e-153
-1.041641e-158
-5.7602151e-165
1.172104e-169
3.1403669e-169
2.762896e-169
3.2535897e-168
1.9272825e-169
1.1043141e-168
7.2857402e-170
3.9343248e-170
7.6363178e-169
1.1173411e-170
6.3131421e-170
2.76241e-169
9.6954036e-170
1.5825743e-169
3.8315025e-170
2.2265429e-169
6.6435184e-169
-9.593613e-08
5.863801e-18
-3.4946894e-28
3.3930556e-38
-1.0795456e-47
-5.1383646e-56
-9.148333e-65
-4.6582266e-73
-2.8075985e-80
3.800851e-87
-2.5783234e-93
-2.2825939e-99
-1.9930136e-105
-1.2328674e-111
-1.1471724e-117
-1.278426e-123
-8.4506913e-130
-4.2667612e-136
-2.9882754e-142
-2.1086776e-148
-1.4442341e-154
-1.0333951e-160
-1.2727453e-166
-9.8595494e-173
2.4554006e-175
2.1960118e-175
2.6609512e-174
1.2489317e-175
9.5947191e-175
5.6017252e-176
2.4695766e-176
5.959363e-175
6.6510666e-177
5.3830634e-176
1.3657989e-175
8.5640693e-176
1.21557e-175
3.1909014e-176
1.1628281e-175
3.1974688e-174
-8.4017023e-08
4.4856375e-18
-2.3117958e-28
1.8859444e-38
-4.6715065e-48
-8.2914498e-56
-1.3054645e-64
-5.2614675e-73
-1.8808832e-80
2.1805726e-87
-7.6530831e-94
-1.0408611e-99
-6.2172456e-106
-3.9064286e-112
-3.2474401e-118
-2.4775261e-124
-2.793658e-130
-2.1092335e-136
-2.6419124e-142
-2.1580852e-148
-1.6412545e-154
-1.5876072e-160
-1.3194714e-166
-1.321149e-172
-1.0341028e-178
1.5076116e-181
1.9629069e-180
8.3365236e-182
6.4097288e-181
3.7922609e-182
1.8458387e-182
5.8074326e-181
4.3426963e-183
3.9166566e-182
6.4416349e-182
9.9105126e-182
9.194547e-182
2.263196e-182
9.8543193e-182
1.8951977e-179
-7.3688439e-08
3.443784e-18
-1.5398159e-28
1.0617512e-38
-2.0790086e-48
1.3184921e-56
1.8692077e-65
6.0425104e-74
1.3782847e-81
-1.7392837e-88
5.1056733e-95
7.8183335e-101
5.7516076e-107
6.2522919e-113
6.055327e-119
1.0692029e-124
1.2877116e-130
7.2442302e-137
7.4057812e-143
7.1496522e-149
9.2137645e-155
5.0325602e-161
5.2481218e-167
3.2937571e-173
2.7284127e-179
2.5213656e-185
1.3440384e-186
6.1540647e-188
6.1125139e-187
2.9546749e-188
2.2923901e-188
4.17744e-187
2.2974382e-189
3.1737854e-188
4.1103875e-188
7.9655832e-188
4.697915e-188
1.8890106e-188
1.1926217e-187
-4.3412901e-185
-6.4723883e-08
2.6527878e-18
-1.0321739e-28
6.0470855e-39
-9.4869002e-49
2.1200086e-57
2.7551799e-66
7.2786413e-75
1.1389067e-82
-1.5504564e-89
3.5543109e-96
-1.0002922e-100
-1.0718904e-106
-9.8521356e-113
-9.3217592e-119
-6.9251739e-125
-4.6638833e-131
-4.2111045e-137
-4.885107e-143
-3.6347501e-149
-6.3216162e-155
-1.0561114e-160
-1.0892591e-166
-7.3919305e-173
-6.706523e-179
-6.1468179e-185
-3.502137e-191
6.4320585e-194
4.1429926e-193
2.0305613e-194
1.4720024e-194
5.056171e-193
1.5247025e-195
2.2015693e-194
2.96383e-194
4.9336515e-194
3.8403698e-194
1.3683012e-194
-1.2994568e-192
7.8709293e-191
-5.6917883e-08
2.0496599e-18
-6.9592429e-29
3.481308e-39
-4.4248077e-49
5.3541476e-58
6.5097141e-67
1.4251861e-75
1.5951284e-83
-3.0813621e-90
5.1305375e-97
9.4644276e-102
7.4002284e-108
8.0126815e-114
6.7969265e-120
5.6038372e-126
3.8221591e-132
5.2799432e-138
3.6152594e-144
2.0238374e-150
2.2137263e-156
2.3747435e-162
1.591259e-168
1.3450432e-174
1.2293719e-180
6.5834339e-187
4.9357406e-193
5.1698028e-199
5.5658459e-199
1.3406678e-200
1.0630887e-200
3.5038349e-199
6.9448672e-202
1.7225037e-200
3.186971e-200
4.3431898e-200
2.6440982e-200
1.0001771e-200
-1.0967731e-197
-1.110889e-196
-5.0117885e-08
1.5883028e-18
-4.7179201e-29
2.0242728e-39
-2.1054717e-49
1.6068487e-58
1.8701023e-67
3.4458129e-76
2.8562712e-84
-1.3627718e-90
1.859064e-97
-2.3926051e-103
-4.1573574e-109
-3.6579873e-115
-2.8958933e-121
-2.9594595e-127
-2.5424485e-133
-2.248928e-139
-2.0393438e-145
-4.1527839e-151
-2.7251701e-157
-2.3662136e-163
-2.0610497e-169
-1.5275995e-175
-1.8137241e-181
-1.4828132e-187
-1.0842403e-193
-8.3396382e-200
4.2320553e-205
1.0516245e-206
9.0097456e-207
1.973876e-205
4.6400284e-208
1.2572784e-206
1.5398139e-206
3.7855641e-206
1.4142344e-206
7.9478728e-207
-1.504296e-203
9.9501512e-203
-4.4173335e-08
1.2338945e-18
-3.2143811e-29
1.1878359e-39
-1.0197794e-49
5.3161127e-59
6.0945237e-68
9.5485325e-77
5.9956068e-85
1.5513674e-91
-1.8293603e-98
1.1632987e-104
1.1924832e-110
1.0455035e-116
7.1081913e-123
5.5205348e-129
5.7113704e-135
5.0588983e-141
4.3584184e-147
3.4938792e-153
3.0178774e-159
2.0130397e-165
1.6906705e-171
1.9726247e-177
1.2029486e-183
9.1951318e-190
8.7821818e-196
6.5995073e-202
4.6430448e-208
6.3012539e-213
8.1881234e-213
1.3338663e-211
3.2584156e-214
9.2005216e-213
1.3974696e-212
2.2771523e-212
1.1869577e-212
4.8638781e-213
6.4274556e-209
2.269053e-208
-3.8971885e-08
9.6086633e-19
-2.2001172e-29
7.029228e-40
-5.0201287e-50
1.8800268e-59
2.1985467e-68
2.974314e-77
1.4512457e-85
1.468186e-92
-1.6417184e-99
9.6268102e-106
6.9561603e-112
5.3306089e-118
4.0228415e-124
2.9675988e-130
2.1240359e-136
1.424722e-142
9.8231054e-149
6.316308e-155
3.9928648e-161
2.5032651e-167
1.9657542e-173
1.3901418e-179
1.1371661e-185
1.195968e-191
7.5638046e-198
6.3855557e-204
3.8200445e-210
2.4609807e-216
5.2841757e-219
7.3506441e-218
3.8248156e-220
5.859126e-219
1.662563e-218
2.019678e-218
6.8463389e-219
4.3990828e-219
7.4367291e-214
5.3529313e-214
-3.4412121e-08
7.4988366e-19
-1.5123293e-29
4.1923031e-40
-2.5079354e-50
6.9885675e-60
8.7517573e-69
1.032047e-77
3.9913854e-86
1.9125432e-93
-1.8950762e-100
7.0388398e-107
2.2663612e-112
1.7865488e-118
1.8096831e-124
1.8030548e-130
1.4896086e-136
2.1464366e-142
2.089802e-148
2.020225e-154
2.4556306e-160
1.3269226e-166
1.4571043e-172
9.9703015e-179
5.3797129e-185
2.9672821e-191
2.5715821e-197
1.4093065e-203
1.5321011e-209
1.5676474e-215
9.7662369e-222
5.1616467e-224
2.1043952e-226
3.2265282e-225
1.1073764e-224
1.3215399e-224
6.1533034e-225
4.7289101e-225
1.2438846e-219
2.7433444e-220
-3.0409366e-08
5.8639406e-19
-1.0436592e-29
2.5185254e-40
-1.2700396e-50
2.7026384e-60
3.9038807e-69
4.0675222e-78
1.265697e-86
3.7045916e-94
-3.5504933e-101
1.0636428e-107
1.2918637e-113
1.0443509e-119
1.6297769e-125
1.1709281e-131
7.1889847e-138
5.2846408e-144
3.7139925e-150
4.6674858e-156
3.1442378e-162
3.8191458e-168
3.6761237e-174
3.4117199e-180
2.5453744e-186
2.908641e-192
2.9206045e-198
2.3606584e-204
1.1114941e-210
7.9781181e-217
6.7684422e-223
4.1406266e-229
1.8183775e-232
2.7312262e-231
7.6018438e-231
1.2336305e-230
5.3907423e-231
9.3425334e-231
4.1129027e-225
1.0162413e-226
-2.6889609e-08
4.5934649e-19
-7.2280757e-30
1.5230917e-40
-6.5116199e-51
1.0802613e-60
2.0591879e-69
1.9191276e-78
4.8769293e-87
9.4791542e-95
-9.7058866e-102
2.0470962e-108
7.3955664e-114
5.2896254e-120
3.3106823e-126
4.1227078e-132
2.9723625e-138
2.7664717e-144
2.6728999e-150
1.6825707e-156
1.5485782e-162
9.4267049e-169
9.0309725e-175
6.5737227e-181
4.9270618e-187
3.8432449e-193
2.8907432e-199
2.8566309e-205
2.0559759e-211
1.3441634e-217
7.0470764e-224
3.6978874e-230
2.1055244e-236
1.4211785e-237
7.1811383e-237
7.8090009e-237
4.0274223e-237
7.1100877e-237
3.4658344e-231
2.9240296e-233
-2.3790645e-08
3.6038698e-19
-5.0222883e-30
9.2676899e-41
-3.3768964e-51
4.4393098e-61
1.5764937e-69
1.3304823e-78
2.7981941e-87
3.8123925e-95
-4.0839212e-102
7.0955638e-109
1.3870398e-114
1.1789832e-120
7.6869431e-127
4.2564576e-133
3.2228434e-139
3.2156306e-145
3.0153562e-151
3.2827915e-157
2.6130855e-163
1.7702182e-169
3.3625131e-175
2.7464919e-181
2.3521509e-187
1.5387109e-193
8.3464333e-200
4.4183131e-206
3.7977952e-212
4.2399252e-218
2.7897352e-224
1.7381498e-230
1.0381166e-236
8.3642133e-243
8.8306494e-243
5.3342943e-243
3.6183644e-243
4.712674e-243
3.0947303e-237
6.8731452e-240
-2.1059305e-08
2.8313862e-19
-3.5000735e-30
5.6713618e-41
-1.7697148e-51
1.8691286e-61
-3.6414728e-69
-2.8209937e-78
-4.9689181e-87
-4.9773713e-95
7.608429e-102
-1.0578335e-108
2.6213339e-114
2.5083661e-120
1.8261121e-126
1.0158181e-132
8.0355107e-139
6.2518496e-145
4.8742114e-151
3.8286538e-157
2.1317476e-163
1.931056e-169
1.2321081e-175
9.3403728e-182
8.1113592e-188
5.1631917e-194
6.024278e-200
3.8168086e-206
4.6094504e-212
3.6050666e-218
1.7150553e-224
9.5063872e-231
4.9003502e-237
2.9067358e-243
7.28852e-249
5.480938e-249
2.4381144e-249
4.9456314e-249
1.4655017e-243
1.1722233e-246
-1.8649662e-08
2.227229e-19
-2.4458244e-30
3.4888197e-41
-9.3649297e-52
8.0411223e-62
-1.6381299e-70
-1.180899e-79
-1.7630512e-88
-1.3294982e-96
3.6283577e-103
-4.7431242e-110
8.1464499e-116
8.8030253e-122
8.4130315e-128
9.2623751e-134
1.0898668e-139
1.2726463e-145
1.6210976e-151
1.0013249e-157
9.2509891e-164
9.4243933e-170
8.5316262e-176
8.3565506e-182
8.0423031e-188
4.7552621e-194
3.3571773e-200
2.9351423e-206
2.1553458e-212
1.9268955e-218
1.7376598e-224
1.856707e-230
1.0623035e-236
6.3152132e-243
4.9602577e-249
1.0771148e-254
3.0260955e-255
2.944553e-255
7.7725312e-250
2.1050462e-253
-1.6521898e-08
1.7538534e-19
-1.7133124e-30
2.1566361e-41
-5.0005669e-52
3.5256293e-62
-3.3404876e-71
-2.2753367e-80
-2.9071909e-89
-1.6878801e-97
-9.9649343e-104
1.0616651e-110
-6.4053561e-117
-5.4635591e-123
-3.8155548e-129
-3.54371e-135
-4.026818e-141
-2.9008948e-147
-2.6457567e-153
-2.6134006e-159
-2.2364323e-165
-2.3334799e-171
-2.3505361e-177
-2.2851865e-183
-2.1055479e-189
-1.5615766e-195
-9.8722785e-202
-9.8604983e-208
-6.8896603e-214
-5.9213778e-220
-5.5787229e-226
-3.4895499e-232
-2.5377891e-238
-1.233865e-244
-7.8187108e-251
-5.6755278e-257
2.5281203e-261
2.8063337e-261
3.6359033e-256
3.2999857e-260
-1.4642202e-08
1.382397e-19
-1.2028322e-30
1.3390798e-41
-2.6924656e-52
1.5726487e-62
-8.8967888e-72
-5.8261931e-81
-6.4466796e-90
-2.9470595e-98
-3.3431924e-105
3.3284814e-112
-1.3692904e-118
4.7226791e-124
8.5678141e-130
1.0493228e-135
1.4960271e-141
1.8177547e-147
1.2629127e-153
1.1347115e-159
1.357196e-165
1.0899009e-171
1.0502863e-177
6.6153572e-184
7.495333e-190
4.6648192e-196
3.2283269e-202
2.6968387e-208
1.9442131e-214
1.7024904e-220
9.9200707e-227
5.6179347e-233
3.6860201e-239
2.8318812e-245
2.1945351e-251
2.5716414e-257
2.1974962e-263
1.8445543e-267
1.0293943e-262
4.8476016e-267
-1.2981269e-08
1.0905598e-19
-8.4616591e-31
8.3491235e-42
-1.4610166e-52
7.1258979e-63
-2.6893455e-72
-1.728046e-81
-1.6699432e-90
-6.1084828e-99
-3.2571879e-106
3.1018141e-113
-8.8756801e-120
-2.4851552e-125
-3.0432107e-131
-2.1731824e-137
-1.5233269e-143
-1.6498393e-149
-1.2443118e-155
-9.9577919e-162
-9.8416244e-168
-1.1288009e-173
-7.9597298e-180
-7.7088006e-186
-8.220005e-192
-5.2872266e-198
-5.3323881e-204
-7.921082e-210
-1.0791541e-215
-1.1098729e-221
-1.3001931e-227
-1.0457624e-233
-7.0069631e-240
-5.8138754e-246
-5.7905768e-252
-6.8337541e-258
-1.4246384e-263
-7.6415762e-270
2.5303549e-269
6.0814616e-274
-1.1513685e-08
8.6106452e-20
-5.9638833e-31
5.2258992e-42
-7.9860892e-53
3.2754381e-63
-8.7868439e-73
-5.6836795e-82
-4.8462352e-91
-1.4443296e-99
-4.7264096e-107
4.3887025e-114
-1.1307165e-120
-3.4777321e-126
-2.3368749e-132
-1.8031349e-138
-1.6903204e-144
-5.8142139e-150
-5.9698578e-156
-6.6972656e-162
-6.2856791e-168
-1.0184084e-173
-7.5399855e-180
-4.7078053e-186
-4.2937517e-192
-5.903911e-198
-5.8124692e-204
-8.0493766e-210
-6.0524738e-216
-5.0427187e-222
-4.644186e-228
-5.0397061e-234
-4.9818314e-240
-3.9633461e-246
-3.3002529e-252
-4.0852654e-258
-1.2434375e-263
-8.1529931e-270
4.4661415e-276
7.1905176e-281
-1.0217015e-08
6.804319e-20
-4.2109033e-31
3.2829522e-42
-4.3951863e-53
1.525585e-63
-3.0343712e-73
-2.0409518e-82
-1.5477444e-91
-3.7892922e-100
-8.0600581e-108
7.6049892e-115
-1.5466459e-121
3.2559715e-127
1.1572008e-132
1.2197619e-138
1.2151475e-144
1.3634927e-150
1.8689452e-156
1.8322557e-162
2.0572208e-168
3.3722786e-174
3.0896433e-180
1.9965271e-186
1.5160271e-192
1.8085066e-198
1.2344309e-204
1.2083389e-210
1.0910617e-216
1.2410787e-222
9.9798698e-229
7.2139894e-235
7.0143778e-241
9.0279397e-247
1.2922645e-252
1.6495137e-258
3.4118141e-264
2.0548883e-270
4.9486701e-277
5.6177562e-284
-9.0722138e-09
5.3821263e-20
-2.978606e-31
2.0697644e-42
-2.4349229e-53
7.1946788e-64
-1.0928159e-73
-7.9951445e-83
-5.4547101e-92
-1.1142596e-100
-1.6787031e-108
1.7291901e-115
-2.8029852e-122
5.6727188e-128
5.3148677e-134
1.6825969e-139
1.2619836e-145
2.6744956e-151
2.3963212e-157
2.5150387e-163
2.3983981e-169
1.7297228e-175
2.8362181e-181
3.495493e-187
3.5667449e-193
5.2827773e-199
4.8402429e-205
3.9193603e-211
6.9585721e-217
7.7463792e-223
5.5425827e-229
4.8764257e-235
5.0447957e-241
5.3291501e-247
7.8800903e-253
1.179578e-258
2.3346566e-264
1.2901503e-270
2.6188396e-277
2.9609746e-284
-8.0622272e-09
4.2618959e-20
-2.1108238e-31
1.3094362e-42
-1.3574758e-53
3.4327482e-64
-4.074311e-74
-3.476001e-83
-2.1530149e-92
-3.7047081e-101
-4.1329316e-109
4.9422508e-116
-7.2278429e-123
5.5302022e-129
4.1634934e-134
1.1699812e-139
1.5598502e-145
3.165268e-151
3.5091055e-157
7.9296092e-163
1.5030416e-168
1.3979366e-174
1.2266489e-180
5.582051e-186
6.4687129e-192
6.6791344e-198
5.3439072e-204
4.5404182e-210
5.2678112e-216
8.2176082e-222
9.6252756e-228
1.0193238e-233
7.7882131e-240
1.2411337e-245
1.6341726e-251
2.3751441e-257
2.4876129e-263
1.1562133e-269
1.954963e-276
2.0119408e-283
-7.1723934e-09
3.3795411e-20
-1.4989444e-31
8.3138265e-43
-7.6153348e-54
1.6562602e-64
-1.5637602e-74
-1.7555679e-83
-9.9725897e-93
-1.4599305e-101
-1.2294956e-109
2.2024816e-116
-2.8698596e-123
1.782753e-129
3.613215e-135
1.2270891e-140
1.8595859e-146
2.2266506e-152
4.0302419e-158
5.2079328e-164
4.7149774e-170
5.6216774e-176
1.052797e-181
7.8176707e-188
3.6123078e-193
5.8494978e-199
5.7867093e-205
8.6194259e-211
8.2524914e-217
5.9767136e-223
4.6054138e-229
4.5797866e-235
5.7221375e-241
6.7782649e-247
7.2200022e-253
8.5715212e-258
1.8075307e-263
8.4826371e-270
1.4111061e-276
1.4433159e-283
-6.3892337e-09
2.6844357e-20
-1.0668733e-31
5.2981595e-43
-4.298857e-54
8.0780468e-65
-6.1575331e-75
-1.2236921e-83
-6.4413389e-93
-8.1067674e-102
-5.2795099e-110
3.8926802e-116
-4.4764637e-123
2.3754817e-129
-1.9860736e-134
-2.9273791e-140
-4.9559764e-146
-4.8745782e-152
-7.7202277e-158
-1.0377856e-162
-9.6660752e-169
-1.0454096e-174
-2.7412562e-180
-4.7907225e-186
-6.8373994e-192
-9.9134163e-198
-1.6885852e-203
-1.6622356e-209
-1.6022488e-215
-2.2901789e-221
-2.0290268e-227
-1.8233843e-233
-1.4956713e-239
-1.5906556e-245
-2.8243597e-251
-6.286844e-257
1.0892794e-261
4.3883406e-268
7.0980422e-275
6.6638432e-282
-5.7012167e-09
2.1369452e-20
-7.6139948e-32
3.3898649e-43
-2.4421963e-54
3.9820156e-65
-2.4811514e-75
3.3514777e-82
1.6533844e-91
1.803172e-100
9.2912642e-109
2.0767567e-115
-2.1589905e-122
7.3496855e-129
1.2345944e-134
3.2203302e-140
2.2999369e-145
2.5537972e-151
2.66887e-156
4.8960633e-162
2.3527241e-167
3.3240807e-173
2.3037516e-178
4.0038571e-184
7.2598475e-190
1.5283381e-195
3.0210798e-201
2.9622298e-207
9.5017279e-213
9.57739e-219
1.0686242e-224
9.7626917e-231
2.4302253e-236
2.6042243e-242
2.1394746e-247
-2.1351759e-252
-6.3128151e-258
-2.2490804e-264
-3.4077447e-271
-3.0567097e-278
-5.0979825e-09
1.7058106e-20
-5.451565e-32
2.1785502e-43
-1.3967301e-54
1.9839467e-65
-1.0212074e-75
1.5454344e-84
7.2305128e-94
6.9009394e-103
2.8771244e-111
2.3243143e-118
-2.3689807e-125
7.3734689e-132
-1.378312e-137
1.4108087e-142
2.2433008e-148
-8.5389437e-153
-1.432636e-158
-5.4754574e-164
-1.1961981e-169
-2.5706254e-175
-7.9628022e-181
5.6729899e-186
4.572998e-192
1.7736887e-197
3.0310488e-203
3.8739387e-209
4.9181933e-215
1.5140971e-220
1.7510942e-226
1.3862717e-232
3.4966597e-238
-6.0140902e-243
-1.2420866e-248
4.9931828e-254
7.8115549e-260
2.8316117e-266
4.0783647e-273
3.7242305e-280
-4.5701294e-09
1.3663158e-20
-3.9185205e-32
1.4070967e-43
-8.0451398e-55
9.9922957e-66
-4.2883338e-76
2.9043366e-85
1.3068431e-94
1.1002505e-103
3.7398174e-112
1.6665034e-119
-1.594472e-126
3.8344006e-133
-2.9592364e-139
-2.6445446e-144
-3.8638757e-150
-1.7157449e-155
-4.4305559e-161
-7.1773342e-167
-2.1383895e-172
-4.8694493e-178
-1.3787517e-183
-5.7697978e-189
-6.2936554e-194
-1.8209742e-199
-3.0455433e-205
-1.9666928e-210
-3.7297069e-216
-5.5682724e-222
-5.7348642e-228
-5.8831771e-234
-7.0171891e-240
-2.9559905e-245
-6.2984081e-251
2.5904189e-255
5.4021626e-261
1.8402465e-267
2.6418593e-274
2.3678041e-281
-4.1093321e-09
1.0990092e-20
-2.8299186e-32
9.1405794e-44
-4.6699503e-55
5.0895881e-66
-1.8361815e-76
7.3991275e-86
3.2496515e-95
2.4341606e-104
6.8593502e-113
1.9867762e-120
-1.9956872e-127
3.8668606e-134
-3.2429488e-140
-1.0424042e-145
-1.5794707e-151
-3.9845396e-157
-4.7821639e-163
-9.3757612e-169
-4.2115842e-174
-1.4802276e-179
5.7431744e-185
7.6930005e-191
1.730583e-196
3.4547356e-202
5.2102611e-208
3.6177169e-214
1.4171269e-219
2.4930666e-225
3.1746366e-231
6.6748283e-237
8.5908495e-243
2.9448698e-248
-6.5406128e-254
2.431886e-259
4.5816545e-265
1.439594e-271
1.6480477e-278
1.4340206e-285
-3.7081305e-09
8.8852501e-21
-2.0554134e-32
5.9773667e-44
-2.733991e-55
2.6232775e-66
-8.0141066e-77
2.1667972e-86
9.464199e-96
6.3595798e-105
1.4992704e-113
3.053641e-121
-3.397883e-128
6.689062e-135
-5.8349159e-141
-1.557309e-146
4.8686158e-152
-2.0471149e-156
-7.3060588e-161
-2.6557943e-166
-2.6158692e-171
-8.6678193e-177
-3.3054319e-181
-7.0993377e-187
-1.9859376e-191
-2.6065949e-197
-4.8088982e-203
-1.1671393e-208
-1.223163e-214
-1.2766039e-220
-1.8320504e-226
-3.437054e-232
-4.6129044e-238
1.2851471e-243
3.529667e-249
-8.3988462e-255
-9.3213182e-261
-3.2873263e-267
-3.9285885e-274
-3.465627e-281
-3.3598267e-09
7.2275687e-21
-1.503109e-32
3.9391784e-44
-1.6159154e-55
1.369329e-66
-3.5659714e-77
6.9183237e-87
3.0728944e-96
1.8667309e-105
3.7258306e-114
5.4568907e-122
-6.9214431e-129
1.2169045e-135
-9.2090331e-142
7.4162557e-147
-1.8916551e-151
-2.513405e-156
-8.5562642e-162
-7.3154092e-167
-4.7441587e-172
-2.8364446e-177
4.5332265e-183
2.6917529e-187
3.5572572e-193
-1.1209115e-197
-4.764815e-203
-6.9867586e-209
-1.6026091e-214
1.3023992e-219
6.5341017e-225
1.3591186e-230
2.7463594e-236
-2.2158336e-241
-1.7146938e-246
2.4246093e-252
5.9967295e-258
1.7070024e-264
2.1420505e-271
1.8592761e-278
-3.0583932e-09
5.9214887e-21
-1.1081449e-32
2.6194087e-44
-9.6533542e-56
7.2460867e-67
-1.6183002e-77
2.3529931e-87
1.0931879e-96
6.0565136e-106
1.0347133e-114
1.1503759e-122
-1.8887762e-129
2.9759903e-136
-1.594514e-142
9.8962141e-148
-3.3811237e-152
7.5069237e-158
-3.0047396e-163
-7.5519775e-168
1.1779289e-172
-1.2228504e-177
1.3994978e-182
3.5649967e-188
3.8505482e-193
-2.345294e-198
-2.6946386e-204
-6.9005943e-210
1.4493942e-215
2.9454206e-221
1.3277274e-226
2.2944875e-232
2.4745056e-238
7.8738445e-242
-1.5513346e-247
1.5434605e-253
3.7630631e-258
9.0075903e-265
1.0516621e-271
8.9869863e-279
-2.7984159e-09
4.8917439e-21
-8.247306e-33
1.759986e-44
-5.8365681e-56
3.8918422e-67
-7.4957489e-78
8.423036e-88
4.2528618e-97
2.1669822e-106
3.1950648e-115
2.7578659e-123
-1.0514903e-129
1.5144706e-136
-5.3408074e-143
1.1836274e-148
2.1729865e-153
-6.2342882e-159
7.8868407e-164
-1.6591434e-169
4.9714591e-174
-1.9481812e-179
-4.1100078e-184
-1.2253862e-189
1.4047128e-194
5.5359145e-200
2.1664837e-205
-5.3728956e-210
-1.126398e-215
-6.3740054e-221
-7.6594335e-227
-8.3615206e-233
-5.3920063e-238
4.2530525e-243
-4.1201055e-249
2.8169436e-255
4.2181246e-261
1.1195505e-267
1.2458513e-274
1.071833e-281
-2.5751127e-09
4.0793061e-21
-6.2055762e-33
1.1967355e-44
-3.5769253e-56
2.1245603e-67
-3.5472074e-78
3.1534815e-88
1.8310808e-97
8.6562602e-107
1.1110471e-115
7.673465e-124
5.6630544e-130
-7.3345942e-137
2.8097945e-143
-2.9869318e-149
9.0795288e-155
-8.9748458e-159
-1.9761361e-164
9.8747337e-170
-1.3215657e-174
6.6878115e-180
-2.0172628e-185
4.2504184e-191
-8.8046295e-197
-1.7983246e-202
-3.3081211e-208
1.0973814e-213
5.7787363e-218
-8.1309956e-223
4.6551143e-228
1.5588085e-233
8.975513e-239
-2.9463961e-244
3.9521249e-250
-5.205978e-256
-4.3273928e-262
-1.1240402e-268
-1.2555593e-275
-1.1249759e-282
-2.3841912e-09
3.4377321e-21
-4.7278033e-33
8.2485822e-45
-2.2255675e-56
1.1806378e-67
-1.7171092e-78
1.2301087e-88
9.0128549e-98
3.9892489e-107
4.5005465e-116
2.4947682e-124
3.639299e-131
-4.6910422e-138
2.0719366e-144
-2.5165175e-150
1.1034208e-155
-2.3971172e-161
3.2265991e-167
-9.7155676e-173
2.2334831e-178
-5.3812107e-184
6.9196412e-190
5.4707878e-195
3.4848944e-199
-7.1968786e-205
1.86991e-210
-6.7683206e-216
9.43851e-221
-4.063123e-226
2.110556e-231
1.1646318e-236
2.1881332e-241
-4.7129548e-247
2.5197501e-253
-1.6618054e-259
-1.8904038e-265
-3.9376726e-272
-4.3552944e-279
-3.8305067e-286
-2.2218624e-09
2.9306811e-21
-3.6526026e-33
5.7728958e-45
-1.4083194e-56
6.6898825e-68
-8.5146363e-79
4.9907585e-89
5.5957582e-98
2.3420384e-107
2.3389926e-116
1.0700295e-124
7.9541108e-132
-9.8431898e-139
2.802405e-145
-1.1100761e-150
9.6808041e-156
-5.3808344e-161
1.8009424e-166
-5.4467286e-172
-1.6908077e-176
3.6444093e-182
-1.044717e-187
1.9882802e-193
-1.8710137e-198
-5.0324991e-204
2.9329331e-209
-2.2376279e-214
1.7360192e-219
-3.8247316e-225
5.1570558e-231
-4.5181824e-236
3.4664116e-241
-3.3631431e-247
1.8188545e-253
-1.4315362e-259
9.8883789e-264
2.456876e-270
2.5239464e-277
2.190189e-284
-2.0847667e-09
2.5297192e-21
-2.8657618e-33
4.1094242e-45
-9.0794287e-57
3.8719785e-68
-4.3316281e-79
2.1037916e-89
7.2672454e-98
2.906476e-107
2.5936431e-116
9.9039677e-125
4.5615161e-132
-5.8806437e-139
1.4723406e-145
-1.274178e-151
2.5193555e-157
-3.195365e-163
9.9611768e-169
-2.8673048e-174
7.0872566e-180
-9.4759417e-186
1.5558352e-191
-1.6751408e-197
2.7475415e-203
-1.1383005e-208
-2.8843572e-213
-5.1525553e-218
3.5138916e-223
9.1748036e-229
1.781945e-233
6.3391371e-239
-1.93566e-244
1.5433724e-250
-8.7781522e-257
5.3420382e-263
1.0518258e-268
2.4484237e-275
2.6601413e-282
2.3351568e-289
-1.9699595e-09
2.2126764e-21
-2.2864209e-33
2.9803441e-45
-5.9743148e-57
2.2931641e-68
-2.2644259e-79
9.2146207e-90
-2.0065969e-98
-7.7598394e-108
-6.2323534e-117
-2.0055896e-125
-6.2368088e-133
8.8171684e-140
-1.9407376e-146
1.1349489e-152
-9.4370874e-159
8.7164576e-165
-1.0394736e-170
1.6238287e-176
-1.6490181e-182
2.0275052e-188
-3.7600539e-193
1.008132e-198
-6.4832451e-204
1.2686337e-208
-3.2376489e-214
5.5047509e-220
-1.2477865e-225
2.9522945e-231
-3.8545062e-237
6.6919419e-243
-1.1214492e-248
1.300964e-254
-5.4040181e-261
3.7296077e-267
2.293085e-272
5.252495e-279
5.9070985e-286
5.1916165e-293
-1.8748515e-09
1.9622796e-21
-1.8572259e-33
2.2056225e-45
-4.0192283e-57
1.3921661e-68
-1.2184355e-79
4.1948941e-90
-3.0619127e-99
-1.159257e-108
-8.4476516e-118
-2.320763e-126
-5.2361441e-134
8.5845081e-141
-1.8895164e-147
1.0500246e-153
-5.2221476e-159
1.5313842e-164
-1.7748922e-170
3.6982419e-176
-2.9915266e-182
3.3546601e-188
-4.8439543e-194
1.0770358e-199
-1.4121397e-205
1.6691323e-211
-5.9346388e-217
1.4936952e-222
-1.8165579e-228
2.4873349e-234
2.2067649e-239
2.5559608e-244
-3.6210574e-250
2.4643464e-256
-1.4003339e-262
7.9277415e-269
-2.6780276e-274
-6.0652395e-281
-7.1295602e-288
-6.623538e-295
-1.7971889e-09
1.7651156e-21
-1.5374242e-33
1.6679953e-45
-2.7690685e-57
8.6785248e-69
-6.7592053e-80
1.9861e-90
-8.0733313e-100
-3.0382667e-109
-2.0246742e-118
-4.800448e-127
-8.2800221e-135
1.704635e-141
-3.265845e-148
1.2003949e-154
-1.7758738e-160
3.0418776e-166
-2.5428766e-172
3.7218407e-178
-4.2957906e-184
2.9432744e-190
-4.0113621e-196
4.204201e-202
-5.9664741e-208
7.9993079e-214
-8.4593512e-220
1.0752306e-225
-3.4257007e-231
3.8900463e-237
-3.1631866e-242
9.893156e-248
-1.5195638e-253
7.0079121e-260
-2.7731404e-266
1.2158555e-272
1.9094848e-278
4.183922e-285
4.754608e-292
4.1755341e-299
-1.7349726e-09
1.6107518e-21
-1.2979686e-33
1.2905855e-45
-1.9566273e-57
5.5640499e-69
-3.8717516e-80
9.7875229e-91
-2.6142439e-100
-9.9508672e-110
-6.1141395e-119
-1.2628351e-127
-1.6812947e-135
5.0229465e-142
-9.3099772e-149
4.0842994e-155
-2.7952945e-161
3.0358706e-167
-5.8396902e-173
4.8028008e-179
-6.8116747e-185
1.0008231e-190
-9.5259628e-197
8.9259682e-203
-1.9326721e-208
2.0529853e-214
-3.674785e-220
5.086017e-226
-5.8972404e-232
1.4771083e-237
-1.3826406e-243
2.9059871e-249
-2.0447021e-255
1.0093854e-261
-4.0316525e-268
1.8236563e-274
8.0158054e-280
1.8151903e-286
2.009358e-293
1.8011342e-300
-1.6864476e-09
1.491096e-21
-1.1181051e-33
1.0226686e-45
-1.4197943e-57
3.6740721e-69
-2.2932815e-80
5.024588e-91
-9.5927626e-101
-3.7716739e-110
-2.1562368e-119
-3.9126576e-128
-4.1895622e-136
8.0993315e-142
-1.3963813e-148
5.772194e-155
-4.2313307e-161
3.1551365e-167
-2.6325273e-173
2.0253774e-179
-1.2496672e-185
9.4904208e-192
-1.2977213e-197
9.0069871e-204
-9.977572e-210
8.2994838e-216
-7.1494776e-222
1.1169689e-227
-1.8767634e-233
2.2673381e-239
-2.8328395e-245
3.4749359e-251
-2.824669e-257
1.3600448e-263
-3.9629859e-270
1.7810597e-276
-2.960631e-282
-6.5559117e-289
-8.0591703e-296
-7.5758138e-303
-1.6500226e-09
1.3998389e-21
-9.8293722e-34
8.304978e-46
-1.0590966e-57
2.501728e-69
-1.4062839e-80
2.6890498e-91
-3.8652401e-101
-1.611752e-110
-8.6364217e-120
-1.390848e-128
-1.2134955e-136
-3.6858224e-143
6.1987454e-150
-1.9044477e-156
8.7346435e-163
-6.0388682e-169
3.9594253e-175
-2.5679477e-181
1.5807774e-187
-1.0180307e-193
6.3173132e-200
-7.5599137e-206
7.2582489e-212
-4.9840323e-218
5.8185182e-224
-3.7099093e-230
5.385563e-236
-4.7773099e-242
3.5872674e-248
-3.6317086e-254
2.1459224e-260
-9.4381744e-267
2.7360507e-273
-9.2249716e-280
2.9035343e-285
6.9160059e-292
8.3584339e-299
7.9314034e-306
-1.62423e-09
1.332039e-21
-8.8172753e-34
6.9144491e-46
-8.1275334e-58
1.7582189e-69
-8.9367292e-81
1.5011829e-91
-1.6845614e-101
-7.71324e-111
-3.91184e-120
-5.6409681e-129
-4.0772165e-137
-5.4686933e-144
8.5492902e-151
-2.1299601e-157
8.9308229e-164
-5.6324566e-170
3.4446657e-176
-2.3017263e-182
1.3288908e-188
-7.7574043e-195
4.4013734e-201
-2.7339845e-207
2.1644595e-213
-2.5556354e-219
1.4177886e-225
-2.2456074e-231
2.479849e-237
-2.0065808e-243
1.3047381e-249
-1.0153448e-255
5.6754583e-262
-2.234174e-268
7.0415451e-275
-2.8382187e-281
1.5242515e-286
2.6008641e-293
3.0665369e-300
2.9494054e-307
-1.6076632e-09
1.283754e-21
-8.0667764e-34
5.9018713e-46
-6.418844e-58
1.2761503e-69
-5.8892385e-81
8.745238e-92
-7.8696645e-102
-4.1627053e-111
-2.0154331e-120
-2.6237092e-129
-1.6071665e-137
-1.3213234e-144
2.3458264e-151
-6.9695405e-158
2.5488252e-164
-1.4907411e-170
1.0145125e-176
-4.1665803e-183
2.5906891e-189
-1.4391657e-195
8.0424678e-202
-4.2338399e-208
2.308035e-214
-1.3183043e-220
6.3882697e-227
-7.5585299e-233
-2.9345297e-239
-6.5203562e-244
-3.6930072e-250
-1.1932226e-255
-1.0598855e-260
2.8329203e-266
-1.3160557e-272
9.239105e-279
-4.5015471e-284
-2.5840776e-291
-3.5732787e-298
-3.6678493e-305
-1.598922e-09
1.2517575e-21
-7.5207086e-34
5.1624636e-46
-5.2169397e-58
9.5677852e-70
-4.025549e-81
5.3163963e-92
-3.9182349e-102
-2.588478e-111
-1.2087895e-120
-1.4325039e-129
-7.5096636e-138
-4.2473109e-145
7.4526339e-152
-1.8017381e-158
8.1335783e-165
-4.8283679e-171
2.5535013e-177
-1.4263951e-183
9.3155634e-190
-4.4979016e-196
2.9623052e-202
-8.5962654e-209
-4.1107849e-214
-6.1154518e-220
-1.0255321e-225
-3.2111212e-231
-3.1626629e-237
-3.0549667e-242
-1.8755271e-248
9.2252653e-253
-1.6373317e-257
1.0985854e-263
-4.9448843e-270
1.8865114e-276
-7.2460073e-282
6.7459381e-289
5.4517039e-296
4.1712293e-303
-1.5965584e-09
1.2332874e-21
-7.1364462e-34
4.6237026e-46
-4.3613502e-58
7.4077275e-70
-2.8536171e-81
3.3713244e-92
-2.0705528e-102
-1.9842868e-111
-9.0331485e-121
-9.8255703e-130
-4.452385e-138
-1.7806316e-145
4.0109329e-152
-9.0108185e-159
3.173075e-165
-1.1135568e-171
5.1279155e-178
-2.2332005e-184
8.5736069e-191
-6.7830821e-197
-1.1102541e-202
2.1100526e-207
4.7195466e-213
-2.1036046e-218
7.7977309e-224
2.6178132e-229
-5.8853724e-234
-1.8810053e-238
1.8153735e-242
1.0456918e-248
-9.687108e-254
8.9641235e-260
-3.7712964e-266
1.9493918e-272
-9.8941975e-278
-8.8699311e-285
-1.0703639e-291
-1.0416915e-298
-1.5990401e-09
1.2258322e-21
-6.8813191e-34
4.2346356e-46
-3.7466412e-58
5.9181504e-70
-2.0963672e-81
2.2282034e-92
-1.1571196e-102
-2.435832e-111
-1.0932004e-120
-1.1007068e-129
-4.3456285e-138
-1.3574693e-145
3.0927065e-152
-6.4441076e-159
1.8220214e-165
-6.3023739e-172
2.5409595e-178
-9.6690373e-185
1.7489759e-191
1.1043045e-196
-4.7898293e-202
1.3960508e-207
-2.1650894e-213
1.0086253e-218
-3.2454071e-224
7.0331573e-230
-5.0980716e-235
-6.1109533e-240
8.9711272e-245
-7.7576556e-250
-1.2434807e-255
1.0637237e-261
-4.0015072e-268
2.0075686e-274
-4.7511429e-280
5.8102749e-287
4.6782638e-294
3.238057e-301
-1.6047313e-09
1.2269584e-21
-6.7291669e-34
3.958724e-46
-3.3023291e-58
4.8723882e-70
-1.5940343e-81
1.5327415e-92
-6.8157121e-103
3.4833489e-111
1.5606788e-120
1.4669585e-129
5.1295167e-138
1.267272e-145
-4.4881659e-152
9.6492267e-159
-2.6001881e-165
9.1262474e-172
-3.2930624e-178
1.4223101e-184
-5.2816584e-191
2.2413429e-197
-8.0558595e-204
3.1521494e-210
-1.4196437e-216
8.1920101e-223
-6.1311685e-229
7.7306611e-235
-8.3889291e-241
2.7603291e-245
9.8314691e-249
-9.1834626e-253
1.222865e-258
-7.9987436e-265
3.0861513e-271
-1.2132984e-277
2.5408981e-283
-4.9033941e-290
-4.2169998e-297
-3.0861409e-304
-1.6119274e-09
1.234185e-21
-6.6577353e-34
3.7689932e-46
-2.9803656e-58
4.1261081e-70
-1.2522696e-81
1.0952112e-92
-4.2168974e-103
4.3251031e-112
1.9627622e-121
1.73509e-130
5.4287845e-139
1.0702955e-146
-6.2131155e-153
1.1703366e-159
-3.1445201e-166
1.1708006e-172
-4.3488637e-179
1.2076152e-185
-4.2713638e-192
1.5643421e-198
-7.0990494e-205
2.3257691e-211
-8.5560876e-218
3.4375273e-224
-1.5658364e-230
7.9566514e-237
-5.1053038e-243
4.098446e-249
-2.7705566e-254
2.5192443e-258
-6.0785486e-264
2.8069762e-270
-1.0268806e-276
4.2550584e-283
-1.6765369e-288
-1.5734974e-295
-2.4663075e-302
-2.6665848e-309
-1.6188767e-09
1.2449024e-21
-6.6466401e-34
3.6446349e-46
-2.7471609e-58
3.5853696e-70
-1.0139914e-81
8.1085309e-93
-2.7302452e-103
1.4643764e-112
6.8375536e-122
5.7329239e-131
1.6151126e-139
2.6186355e-147
5.2717751e-153
-9.8070016e-160
2.6168291e-166
-7.6841093e-173
1.9935466e-179
-6.9374705e-186
2.0886282e-192
-6.9828265e-199
1.9696442e-205
-7.1419854e-212
2.2896128e-218
-1.0744281e-224
3.8445117e-231
-1.2932969e-237
5.1604729e-244
-1.8196879e-250
6.8211665e-257
-1.9429647e-263
7.6491718e-270
-3.0718273e-276
1.0381523e-282
-4.7578957e-289
2.3372624e-294
3.0390308e-301
4.6720575e-308
1.6529399e-312
-1.6239244e-09
1.2563944e-21
-6.6760678e-34
3.5686992e-46
-2.5784858e-58
3.187573e-70
-8.4381997e-82
6.2013606e-93
-1.8426319e-103
6.4265976e-113
3.1484016e-122
2.5268632e-131
6.4669209e-140
8.8247497e-148
3.2888199e-154
-5.6991596e-161
1.266096e-167
-3.5442712e-174
1.0932241e-180
-3.2371074e-187
1.1806184e-193
-3.7697402e-200
1.0766999e-206
-3.7178593e-213
1.2799218e-219
-4.573709e-226
1.8658951e-232
-7.0295011e-239
2.5635593e-245
-1.0783299e-251
4.6090391e-258
-1.5791364e-264
4.2526364e-271
-7.9941717e-278
1.5936509e-284
-3.7799473e-291
2.8330481e-296
7.9419779e-303
9.8780712e-310
3.1660641e-312
-1.6256013e-09
1.2659347e-21
-6.72603e-34
3.5265155e-46
-2.4561689e-58
2.8898824e-70
-7.19272e-82
4.8821815e-93
-1.2906716e-103
3.2411792e-113
1.7050041e-122
1.319798e-131
3.092595e-140
3.6019202e-148
7.0708459e-155
-1.3184319e-161
2.6151831e-168
-6.8378453e-175
1.7113495e-181
-6.5104912e-188
1.5151015e-194
-4.2909768e-201
1.1274415e-207
-2.8524761e-214
8.8574777e-221
-2.5742506e-227
8.6501134e-234
-2.9716263e-240
9.5773586e-247
-2.7246151e-253
9.9329793e-260
-3.3225888e-266
7.5308729e-273
-1.5822294e-279
2.863487e-286
-6.2962746e-293
9.219073e-299
2.8528635e-305
1.6388439e-312
7.9991818e-313
-1.6227967e-09
1.2709879e-21
-6.7764455e-34
3.5047425e-46
-2.3659832e-58
2.6621436e-70
-6.257142e-82
3.9414939e-93
-9.3409291e-104
1.7929416e-113
1.0432805e-122
7.8609734e-132
1.7028663e-140
1.7239695e-148
2.1404657e-155
-4.4022807e-162
8.4935296e-169
-2.2091549e-175
5.7341706e-182
-1.5961507e-188
4.4367599e-195
-1.1914531e-201
3.3777003e-208
-7.4200504e-215
2.1022125e-221
-5.9599309e-228
1.861033e-234
-5.9031046e-241
1.6032916e-247
-5.7886387e-254
1.7859823e-260
-4.5619417e-267
1.0499091e-273
-1.9964295e-280
3.6102936e-287
-7.5525795e-294
2.1388216e-299
6.0443143e-306
-3.9930427e-313
5.0775335e-314
-1.6148543e-09
1.2694614e-21
-6.8079247e-34
3.4909509e-46
-2.2963342e-58
2.4824857e-70
-5.5338932e-82
3.2499203e-93
-6.9522905e-104
1.0618146e-113
7.1173271e-123
5.2629846e-132
1.0605089e-140
9.4241174e-149
8.1980926e-156
-1.8207976e-162
3.1340329e-169
-7.5602193e-176
1.8863878e-182
-4.6523751e-189
1.0878587e-195
-2.9298906e-202
6.9376873e-209
-1.8313708e-215
4.8360309e-222
-1.2138116e-228
3.2093139e-235
-1.0064436e-241
3.2114432e-248
-9.6776141e-255
2.5398267e-261
-6.748696e-268
1.4437397e-274
-2.5333358e-281
4.3835931e-288
-9.611605e-295
1.1809961e-300
3.1652017e-307
5.4975661e-312
-1.429404e-312
-1.6016392e-09
1.2599531e-21
-6.8031842e-34
3.4736804e-46
-2.2375299e-58
2.3346387e-70
-4.9564539e-82
2.7257281e-93
-5.2971391e-104
6.6269701e-114
5.4343754e-123
3.9844389e-132
7.5269211e-141
5.9548228e-149
3.9894796e-156
-9.4011801e-163
1.7305276e-169
-3.7825766e-176
8.1013697e-183
-1.9591325e-189
4.2300193e-196
-1.0306736e-202
2.8160965e-209
-6.7831762e-216
1.5652456e-222
-3.7047123e-229
9.2461738e-236
-2.5295301e-242
7.3333662e-249
-1.8865483e-255
5.8011854e-262
-1.5086996e-268
3.6040482e-275
-5.6327436e-282
8.7909484e-289
-1.8064677e-295
1.3901835e-301
2.533758e-308
-6.8185531e-313
1.3543756e-312
-1.5835392e-09
1.2419504e-21
-6.7488999e-34
3.442919e-46
-2.1814907e-58
2.2063581e-70
-4.4788734e-82
2.3161173e-93
-4.1131162e-104
4.3092738e-114
4.7876791e-123
3.514731e-132
6.278999e-141
4.4253189e-149
2.3316968e-156
-6.2520837e-163
1.068106e-169
-2.0070363e-176
4.0063172e-183
-8.7517149e-190
1.7291309e-196
-3.4302e-203
8.4465103e-210
-2.2983485e-216
5.8655183e-223
-1.3934723e-229
3.3245504e-236
-8.5339963e-243
2.2958595e-249
-6.0649521e-256
1.7231381e-262
-4.5220924e-269
8.8371184e-276
-6.9554859e-284
-3.409509e-288
2.9231006e-294
-1.2176505e-299
-4.0285152e-303
1.0582761e-309
-1.3670293e-312
-1.5613723e-09
1.2158685e-21
-6.6373007e-34
3.3907759e-46
-2.121732e-58
2.0884802e-70
-4.0691996e-82
1.9865343e-93
-3.2413745e-104
2.8947288e-114
5.420003e-123
4.0306309e-132
6.8577132e-141
4.3795632e-149
1.8727572e-156
-5.2735177e-163
1.012068e-169
-1.9572156e-176
4.3238364e-183
-8.7388302e-190
1.8068733e-196
-3.5692851e-203
7.7259499e-210
-1.5518213e-216
2.9046083e-223
-6.2799682e-230
1.6648209e-236
-3.6243912e-243
9.3442412e-250
-2.2606771e-256
5.7500825e-263
-1.4175567e-269
2.6629603e-276
-4.3967693e-283
6.385494e-290
-1.3752083e-296
9.7120024e-303
1.3412371e-308
1.7329261e-312
3.7430215e-312
-1.5362692e-09
1.1829562e-21
-6.4672199e-34
3.312217e-46
-2.053513e-58
1.9744309e-70
-3.7054692e-82
1.7140695e-93
-2.5825597e-104
1.9946422e-114
1.6896743e-122
1.2883243e-131
2.102327e-140
1.2257876e-148
4.399426e-156
-1.9280938e-162
3.396156e-169
-6.2666783e-176
1.1652992e-182
-2.3665723e-189
4.0645823e-196
-8.107471e-203
1.6343631e-209
-3.6273912e-216
7.3091305e-223
-1.4499724e-229
2.9837671e-236
-6.9475429e-243
1.5293746e-249
-3.3075798e-256
7.8711263e-263
-1.742902e-269
3.1434226e-276
-4.6554531e-283
7.1469985e-290
-1.4415511e-296
1.4965151e-302
4.6158552e-309
2.192639e-312
1.1765706e-312
-1.5094931e-09
1.1450449e-21
-6.2440053e-34
3.2054956e-46
-1.9739772e-58
1.8598858e-70
-3.3730367e-82
1.4835305e-93
-2.0734666e-104
1.4017045e-114
-4.0639553e-123
-3.2203796e-132
-5.0783443e-141
-2.7228412e-149
-8.2422874e-157
6.1203321e-163
-9.5764971e-170
1.5769094e-176
-2.9037642e-183
4.8959603e-190
-8.8370367e-197
1.5301991e-203
-2.7494016e-210
4.9536626e-217
-9.811684e-224
1.9316131e-230
-3.6716975e-237
7.3792663e-244
-1.6610811e-250
3.8564659e-257
-9.2544687e-264
1.8518314e-270
-3.254637e-277
4.3269291e-284
-6.3009783e-291
1.2013646e-297
-7.970148e-304
-2.3066471e-310
-3.0173418e-312
2.1901029e-312
-1.4823273e-09
1.1042643e-21
-5.9785035e-34
3.0722676e-46
-1.8822465e-58
1.742584e-70
-3.0628693e-82
1.2848628e-93
-1.6728695e-104
1.0000458e-114
-1.1664234e-123
-9.7589432e-133
-1.49564e-141
-7.4278311e-150
-1.9368531e-157
3.7698694e-163
-5.784055e-170
9.821667e-177
-1.7463773e-183
2.7878103e-190
-5.0376336e-197
8.7089048e-204
-1.4905059e-210
2.5235267e-217
-4.2211745e-224
8.1661062e-231
-1.5181422e-237
3.1953045e-244
-6.0663962e-251
1.1697588e-257
-2.2014587e-264
3.9450333e-271
-6.0544757e-278
8.4755504e-285
-1.1573092e-291
2.0265698e-298
-1.2317228e-304
-3.7395491e-311
2.6553587e-312
-1.9482332e-312
-1.4559324e-09
1.0627326e-21
-5.6850423e-34
2.9171207e-46
-1.779275e-58
1.6220222e-70
-2.7700941e-82
1.1114797e-93
-1.3531713e-104
7.2164564e-115
-5.0908669e-124
-4.5839122e-133
-6.8904786e-142
-3.1915726e-150
-7.3358079e-158
-5.5363006e-164
9.1496645e-171
-1.4166288e-177
2.2160233e-184
-3.808981e-191
6.8899639e-198
-1.2074296e-204
2.1840146e-211
-3.7313897e-218
6.6753969e-225
-1.1450044e-231
2.2984521e-238
-4.1975648e-245
8.4846168e-252
-1.7419458e-258
3.3323264e-265
-6.4780623e-272
9.3864999e-279
-1.2775263e-285
1.6097475e-292
-2.8618693e-299
1.7959525e-305
1.9399672e-312
8.1844046e-313
1.1084923e-312
-1.43129e-09
1.0223381e-21
-5.3791945e-34
2.7467413e-46
-1.6675346e-58
1.4991384e-70
-2.4929104e-82
9.5912164e-94
-1.0955599e-104
5.251583e-115
-2.5939334e-124
-2.5723622e-133
-3.812019e-142
-1.6577231e-150
-3.3100639e-158
-1.7943815e-164
3.5668156e-171
-5.3070705e-178
7.64413e-185
-1.218027e-191
1.8370231e-198
-3.1405095e-205
5.2390687e-212
-8.0554978e-219
1.3095855e-225
-2.449858e-232
4.0075294e-239
-7.0396342e-246
1.2001198e-252
-2.258304e-259
4.4658607e-266
-6.8793902e-273
9.518671e-280
-1.1708479e-286
1.5331275e-293
-2.4782652e-300
1.1527558e-306
4.5067388e-312
8.661517e-313
1.7309152e-312
-1.4091624e-09
9.846039e-22
-5.0756896e-34
2.5688206e-46
-1.5505166e-58
1.3758876e-70
-2.2316108e-82
8.2504337e-94
-8.8686504e-105
3.8468469e-115
-1.4363094e-124
-1.6153503e-133
-2.3719956e-142
-9.7087212e-151
-1.7231336e-158
-4.3466521e-165
7.9867832e-172
-1.2210394e-178
2.0216334e-185
-3.3051055e-192
4.9951867e-199
-8.29489e-206
1.2748486e-212
-1.9754419e-219
3.3200543e-226
-5.449434e-233
8.9450713e-240
-1.54053e-246
2.5448661e-253
-4.2877314e-260
7.9486154e-267
-1.2304066e-273
1.7105128e-280
-2.1255636e-287
2.6107371e-294
-4.1429467e-301
1.4047102e-307
-7.2416324e-312
2.036493e-312
-1.3986228e-312
-1.3900821e-09
9.5062629e-22
-4.7868236e-34
2.3909243e-46
-1.4321126e-58
1.254729e-70
-1.9876026e-82
7.0742999e-94
-7.1753758e-105
2.832501e-115
-8.3895551e-125
-1.1124733e-133
-1.6322195e-142
-6.3336877e-151
-1.0109551e-158
-1.9323096e-165
3.5409679e-172
-5.355528e-179
7.6715798e-186
-1.1868045e-192
1.7467995e-199
-2.585377e-206
3.5853727e-213
-5.1211063e-220
8.0723429e-227
-1.3335273e-233
2.1970275e-240
-3.8698825e-247
7.1808757e-254
-1.2866138e-260
2.2070241e-267
-3.3252745e-274
4.4459989e-281
-5.435309e-288
6.6148935e-295
-1.0397799e-301
3.4272881e-308
-8.7736935e-312
1.5676888e-313
-7.4256389e-313
-1.3743849e-09
9.2111805e-22
-4.5218163e-34
2.2196899e-46
-1.316109e-58
1.1382122e-70
-1.7626922e-82
6.0497395e-94
-5.8043043e-105
2.0962058e-115
-5.0862584e-125
-8.4810965e-134
-1.251653e-142
-4.6150778e-151
-6.6935394e-159
-9.0079999e-166
1.7294854e-172
-2.291614e-179
3.1463254e-186
-4.3777171e-193
6.217845e-200
-8.5127983e-207
1.1823715e-213
-1.6560527e-220
2.3906628e-227
-3.5748249e-234
5.4512722e-241
-8.6061223e-248
1.4911484e-254
-2.7571925e-261
4.721231e-268
-7.1522555e-275
1.0105136e-281
-1.164154e-288
1.3016639e-295
-1.9576822e-302
4.9348234e-309
9.385924e-312
-7.0528608e-314
-1.9775855e-312
-1.3622257e-09
8.9644501e-22
-4.286617e-34
2.0602524e-46
-1.2057164e-58
1.0285434e-70
-1.5583547e-82
5.1653764e-94
-4.6990713e-105
1.5598577e-115
-3.1747671e-125
-7.4884015e-134
-1.1235154e-142
-3.9918141e-151
-5.3228711e-159
-6.5139661e-166
1.1906894e-172
-1.5603109e-179
1.7479875e-186
-2.0294449e-193
2.3162838e-200
-2.6803779e-207
3.1774803e-214
-3.6109236e-221
4.2355792e-228
-5.4278327e-235
7.0659968e-242
-1.0036028e-248
1.4933861e-255
-2.3699483e-262
3.7778411e-269
-5.9852189e-276
7.8263064e-283
-8.4553936e-290
8.7522218e-297
-1.1062907e-303
2.8653724e-310
-4.2648652e-312
-1.1512858e-312
1.5930813e-313
-1.3536161e-09
8.7671019e-22
-4.0843225e-34
1.9160939e-46
-1.1033418e-58
9.2734613e-71
-1.3753068e-82
4.4093577e-94
-3.8128139e-105
1.1685183e-115
-2.0291639e-125
-9.1430757e-134
-1.4176304e-142
-4.8868388e-151
-6.1266523e-159
-6.7870487e-166
9.8027929e-173
-9.5237116e-180
9.5050393e-187
-9.7277282e-194
9.5343356e-201
-9.7149475e-208
9.4802707e-215
-9.490723e-222
1.0010149e-228
-1.0347991e-235
1.1056295e-242
-1.3523806e-249
1.6985449e-256
-2.2156275e-263
3.0255306e-270
-3.97172e-277
4.9136462e-284
-4.9622375e-291
4.9869072e-298
-5.7642661e-305
8.4326098e-312
-3.7217049e-312
2.4577494e-313
1.9161509e-312
-1.348458e-09
8.6182218e-22
-3.9157643e-34
1.7891557e-46
-1.0105351e-58
8.3557063e-71
-1.2133345e-82
3.7684498e-94
-3.1053518e-105
8.8243296e-116
-1.3256792e-125
1.2376223e-132
2.023578e-141
6.8853571e-150
8.213341e-158
8.0952218e-165
-9.773044e-172
8.3275146e-179
-6.9138134e-186
5.406154e-193
-4.3614954e-200
3.5069968e-207
-2.8585719e-214
2.4260825e-221
-2.0838153e-228
1.827335e-235
-1.5888111e-242
1.6088848e-249
-1.7308818e-256
1.8413766e-263
-2.0908871e-270
2.4124922e-277
-2.4697474e-284
2.4244851e-291
-2.3161899e-298
2.4479835e-305
-3.2004161e-312
-2.4080595e-312
-4.8670258e-313
-1.1468251e-312
-1.3465685e-09
8.515568e-22
-3.7801322e-34
1.6800593e-46
-9.2800997e-59
7.5345895e-71
-1.0711671e-82
3.2272538e-94
-2.540599e-105
6.720548e-116
-8.8271582e-126
3.1861215e-134
5.6548351e-143
1.9252538e-151
2.2284319e-159
2.2103081e-166
-2.295421e-173
1.7218558e-180
-1.2074993e-187
8.6411755e-195
-6.0343961e-202
4.2675531e-209
-2.972475e-216
2.2669767e-223
-1.6434337e-230
1.2064408e-237
-9.5812447e-245
7.8647717e-252
-6.5943046e-259
6.1889263e-266
-5.9775983e-273
5.6525969e-280
-5.1850191e-287
4.2198081e-294
-3.4451162e-301
3.5259847e-308
-4.3555663e-312
5.4442331e-313
-1.4761696e-314
2.4615145e-313
-1.3477104e-09
8.4560832e-22
-3.6756546e-34
1.5886797e-46
-8.5611816e-59
6.8109982e-71
-9.4758469e-83
2.7726533e-94
-2.0904847e-105
5.1692588e-116
-5.9996379e-126
1.0468986e-134
2.0777333e-143
7.1609244e-152
8.0564219e-160
7.6617876e-167
-7.5743626e-174
5.1023755e-181
-3.3466863e-188
2.1494389e-195
-1.3614032e-202
8.7911781e-210
-5.8579928e-217
3.8416996e-224
-2.6233883e-231
1.7852264e-238
-1.2422785e-245
8.508873e-253
-6.3763961e-260
5.0047462e-267
-3.94318e-274
3.1541155e-281
-2.3301397e-288
1.635165e-295
-1.1820976e-302
1.1083682e-309
-1.9938106e-312
2.2632891e-312
1.2061105e-312
-2.550952e-312
-1.3515764e-09
8.4359482e-22
-3.5991964e-34
1.513035e-46
-7.93431e-59
6.1658032e-71
-8.3766356e-83
2.3780189e-94
-1.7168162e-105
3.9705957e-116
-4.0924975e-126
4.5416608e-135
1.0391094e-143
3.6170738e-152
3.8516859e-160
3.0832316e-167
-3.1210067e-174
2.182549e-181
-1.4417e-188
9.6958926e-196
-6.2527296e-203
4.2407152e-210
-2.8416046e-217
1.9366829e-224
-1.3240052e-231
8.6708888e-239
-5.4592496e-246
3.6411624e-253
-2.4218861e-260
1.6589944e-267
-1.1971087e-274
8.5951706e-282
-5.8844567e-289
4.0264002e-296
-2.9168759e-303
2.528102e-310
-1.8649174e-312
2.5097516e-312
1.1764484e-312
-2.8275858e-312
-1.3580122e-09
8.4525543e-22
-3.5520294e-34
1.4575657e-46
-7.453618e-59
5.6651108e-71
-7.5324875e-83
2.0839035e-94
-1.4514845e-105
3.1788184e-116
-2.9813112e-126
2.486538e-135
6.6532747e-144
2.339057e-152
2.3573062e-160
1.4426724e-167
-1.8882538e-174
1.5140503e-181
-1.1695194e-188
8.8372386e-196
-6.9219879e-203
5.493123e-210
-4.3904549e-217
3.4222833e-224
-2.5333102e-231
1.8689169e-238
-1.3390214e-245
9.4926057e-253
-6.3070713e-260
4.2466332e-267
-2.733436e-274
1.7584523e-281
-1.0977927e-288
6.823479e-296
-4.7127429e-303
4.5249783e-310
-1.1960118e-312
1.7787918e-312
1.2587852e-312
-3.067783e-312
-1.367156e-09
8.5071039e-22
-3.509292e-34
1.3891146e-46
-6.8055252e-59
4.9540609e-71
-6.2973852e-83
1.6514329e-94
-1.0711792e-105
2.1191e-116
-1.6973357e-126
1.0014877e-135
3.2315434e-144
1.0466216e-152
8.5429271e-161
2.7990258e-168
1.9483855e-174
-3.9676348e-181
6.7560276e-188
-1.1399929e-194
2.003672e-201
-4.0343098e-208
6.9727545e-215
-1.1414175e-221
1.9421074e-228
-2.6446648e-235
3.3398331e-242
-4.1478244e-249
4.6437173e-256
-4.5493904e-263
3.8204003e-270
-2.8370144e-277
1.8965761e-284
-1.2473558e-291
9.3471983e-299
-9.3765205e-306
-3.0270923e-312
-1.5270813e-313
-7.5323506e-313
3.1732764e-312
)
;

boundaryField
{
    wall
    {
        type            fixedValue;
        value           uniform 350;
    }
    sides
    {
        type            zeroGradient;
    }
    frontAndBack
    {
        type            empty;
    }
    inlet
    {
        type            fixedValue;
        value           uniform 300;
    }
    outlet
    {
        type            zeroGradient;
    }
}


// ************************************************************************* //
