/*--------------------------------*- C++ -*----------------------------------*\
  =========                 |
  \\      /  F ield         | OpenFOAM: The Open Source CFD Toolbox
   \\    /   O peration     | Website:  https://openfoam.org
    \\  /    A nd           | Version:  10
     \\/     M anipulation  |
\*---------------------------------------------------------------------------*/
FoamFile
{
    format      ascii;
    class       volScalarField;
    location    "0.05";
    object      TporMedia_0;
}
// * * * * * * * * * * * * * * * * * * * * * * * * * * * * * * * * * * * * * //

dimensions      [0 0 0 1 0 0 0];

internalField   nonuniform List<scalar> 
4000
(
-3.9108253e-07
2.0076253e-07
-1.2383117e-05
-1.566935e-05
-3.2202094e-05
-2.6479943e-05
-2.6336347e-05
-2.592373e-05
-2.5709559e-05
-2.52829e-05
-2.4949615e-05
-2.5093339e-05
-2.4035236e-05
-2.4325275e-05
-2.4270384e-05
-2.4324405e-05
-2.3805113e-05
-2.3916531e-05
-2.3893205e-05
-2.360708e-05
-2.4005226e-05
-2.3867529e-05
-2.3811514e-05
-2.3575933e-05
-2.3980103e-05
-2.4238729e-05
-2.4202524e-05
-2.4100554e-05
-2.4149416e-05
-2.5320222e-05
-2.4806788e-05
-2.5347661e-05
-2.5388144e-05
-2.6333668e-05
-2.6519193e-05
-2.7998448e-05
-2.8045078e-05
-2.8923844e-05
-2.9557306e-05
-2.9901351e-05
-3.4255366e-08
2.0500926e-17
-4.3090421e-15
1.2650131e-13
6.2149361e-13
1.1988355e-12
1.1120879e-12
1.0698733e-12
1.0568834e-12
1.0372002e-12
1.0241338e-12
1.0162894e-12
9.565866e-13
9.708285e-13
9.1492946e-13
9.2922189e-13
9.1857915e-13
9.3286896e-13
9.1442073e-13
8.9766653e-13
9.2062597e-13
9.3125966e-13
8.9824234e-13
9.0781807e-13
9.3665424e-13
9.2115452e-13
9.5017509e-13
9.5480563e-13
9.4815777e-13
1.0178358e-12
1.0106783e-12
1.0203902e-12
1.0549111e-12
1.1228163e-12
1.1560073e-12
1.2411935e-12
1.2730005e-12
1.3397784e-12
1.3894945e-12
1.4438822e-12
-1.3341528e-08
-4.6405227e-18
-4.0617818e-25
1.7666355e-22
-2.8224718e-21
-3.1333194e-20
-4.9097664e-20
-4.3100854e-20
-4.1317336e-20
-4.1222956e-20
-3.9348361e-20
-3.9593531e-20
-3.6882404e-20
-3.7247054e-20
-3.450474e-20
-3.518356e-20
-3.4869233e-20
-3.5235635e-20
-3.4084016e-20
-3.3782307e-20
-3.4737554e-20
-3.4349003e-20
-3.3897022e-20
-3.395715e-20
-3.4763221e-20
-3.4670515e-20
-3.5598314e-20
-3.6169616e-20
-3.6912539e-20
-3.8813798e-20
-3.930944e-20
-4.1226326e-20
-4.2902578e-20
-4.5604907e-20
-4.9042429e-20
-5.3509092e-20
-5.6430443e-20
-6.0310381e-20
-6.4685783e-20
-6.8955479e-20
-6.8691413e-09
2.991087e-19
1.4051005e-29
4.0073759e-32
6.9570111e-30
2.3656522e-28
2.0625775e-27
1.7529118e-27
1.6283697e-27
1.5808896e-27
1.5041501e-27
1.5195174e-27
1.3992107e-27
1.4112176e-27
1.2741475e-27
1.28646e-27
1.265662e-27
1.2973226e-27
1.2345216e-27
1.2447318e-27
1.2646045e-27
1.2445128e-27
1.2216897e-27
1.22684e-27
1.2682901e-27
1.2602372e-27
1.3052586e-27
1.3513901e-27
1.3761912e-27
1.4762934e-27
1.4978424e-27
1.565714e-27
1.6836053e-27
1.8147292e-27
2.0027681e-27
2.259361e-27
2.4106465e-27
2.666072e-27
2.9795691e-27
3.1792169e-27
-4.1135394e-09
5.251845e-20
1.8049388e-30
1.4293118e-40
2.3702492e-36
-6.1982054e-37
-4.4230442e-35
-7.5840317e-35
-6.1191206e-35
-5.8278634e-35
-5.4712078e-35
-5.4558475e-35
-5.1239645e-35
-5.0928115e-35
-4.4890352e-35
-4.544939e-35
-4.5051049e-35
-4.5365713e-35
-4.2832552e-35
-4.3334545e-35
-4.4731369e-35
-4.3429344e-35
-4.2282831e-35
-4.3273426e-35
-4.4076565e-35
-4.4778743e-35
-4.5850336e-35
-4.8127162e-35
-4.9426932e-35
-5.286186e-35
-5.5753786e-35
-5.7930672e-35
-6.3027111e-35
-7.0330194e-35
-7.7645239e-35
-9.0156929e-35
-1.0101546e-34
-1.1659968e-34
-1.3031236e-34
-1.420008e-34
-2.6822512e-09
1.5653485e-20
6.1112305e-31
2.2545577e-41
1.0849716e-45
8.0021293e-46
3.2884457e-43
3.5300633e-42
2.3199917e-42
2.075232e-42
1.930645e-42
1.908963e-42
1.7781267e-42
1.7414188e-42
1.548527e-42
1.531049e-42
1.5243573e-42
1.5698428e-42
1.4363958e-42
1.4325651e-42
1.5006559e-42
1.4678477e-42
1.4528762e-42
1.4563832e-42
1.4645229e-42
1.5333791e-42
1.5400425e-42
1.6463417e-42
1.6911657e-42
1.7970482e-42
1.9734253e-42
2.0302803e-42
2.2361675e-42
2.5949534e-42
2.9577932e-42
3.5022757e-42
4.0156113e-42
4.8507449e-42
5.5858917e-42
6.0864937e-42
-1.83866e-09
5.9133176e-21
6.1684187e-30
1.3375864e-40
1.7396171e-50
-7.3414345e-55
-9.5138374e-52
-1.152922e-49
-9.5166016e-50
-7.0867241e-50
-6.5171995e-50
-6.3710151e-50
-5.8353158e-50
-5.6636754e-50
-5.1641782e-50
-5.0068022e-50
-5.0080502e-50
-5.1031836e-50
-4.6775932e-50
-4.6575503e-50
-4.8411399e-50
-4.6883984e-50
-4.6286081e-50
-4.728443e-50
-4.7038408e-50
-5.0220322e-50
-5.1071563e-50
-5.3475316e-50
-5.4938129e-50
-6.0144627e-50
-6.5824933e-50
-6.7919739e-50
-7.6889051e-50
-9.2058735e-50
-1.0574002e-49
-1.2988459e-49
-1.5365922e-49
-1.9265382e-49
-2.2388767e-49
-2.3997651e-49
-1.3124617e-09
2.5920974e-21
-4.6725682e-32
-6.9539712e-43
-3.8460118e-53
4.6903113e-62
1.3094443e-60
1.6197313e-57
4.4285363e-57
2.3676764e-57
2.1523026e-57
2.0346163e-57
1.8449556e-57
1.7910562e-57
1.5681216e-57
1.5971237e-57
1.5678973e-57
1.5658579e-57
1.4490277e-57
1.4145859e-57
1.4667156e-57
1.4400947e-57
1.4069993e-57
1.4744316e-57
1.4369359e-57
1.5757722e-57
1.5809778e-57
1.6875708e-57
1.7378394e-57
1.9264233e-57
2.0954857e-57
2.1951941e-57
2.5127741e-57
3.0068259e-57
3.5862613e-57
4.5967231e-57
5.675536e-57
7.3706209e-57
8.5531469e-57
9.0735943e-57
-9.5867857e-10
1.251766e-21
-8.1383061e-33
-9.454898e-44
-2.7363107e-54
-3.722917e-63
-1.0295792e-69
-9.1563257e-66
-2.3523865e-64
-8.0642106e-65
-6.6301157e-65
-6.1932384e-65
-5.6686369e-65
-5.5115308e-65
-4.7837516e-65
-4.7591506e-65
-4.6921698e-65
-4.6724454e-65
-4.3106423e-65
-4.1805555e-65
-4.3669676e-65
-4.3054307e-65
-4.1107811e-65
-4.3610773e-65
-4.2195307e-65
-4.6513477e-65
-4.7047009e-65
-5.0601024e-65
-5.2209248e-65
-5.8762505e-65
-6.5130355e-65
-6.6935381e-65
-7.9304842e-65
-9.4178565e-65
-1.1605725e-64
-1.5467593e-64
-1.9824895e-64
-2.5825337e-64
-3.0305745e-64
-3.6996425e-64
-6.7257874e-10
6.0857639e-22
-2.0103891e-33
-2.061304e-44
-3.5832197e-55
-7.9693788e-65
4.2572449e-74
2.3967354e-74
9.9930129e-72
3.0315866e-72
1.9966756e-72
1.8513896e-72
1.6915418e-72
1.6333022e-72
1.419694e-72
1.3847356e-72
1.371416e-72
1.3594115e-72
1.2429641e-72
1.1886591e-72
1.2634918e-72
1.2361347e-72
1.2019324e-72
1.2345346e-72
1.2175597e-72
1.345322e-72
1.3765064e-72
1.468256e-72
1.5012015e-72
1.6980236e-72
1.9491805e-72
2.0199639e-72
2.3838082e-72
2.8871184e-72
3.6837709e-72
4.9979882e-72
6.5192414e-72
8.4591163e-72
9.8638868e-72
1.1256443e-71
-4.3550034e-10
2.7823254e-22
-5.4301302e-34
-5.6776929e-45
-6.5735058e-56
-5.8213876e-66
2.5170187e-75
-3.7398538e-83
-2.1030572e-79
-1.3250009e-79
-5.8631208e-80
-5.1870799e-80
-4.8023907e-80
-4.5570374e-80
-3.9527682e-80
-3.8826996e-80
-3.7507895e-80
-3.6957962e-80
-3.3464933e-80
-3.2532925e-80
-3.4915236e-80
-3.3898393e-80
-3.3012593e-80
-3.3673699e-80
-3.3458169e-80
-3.699695e-80
-3.7382979e-80
-3.9919001e-80
-4.1326056e-80
-4.6998143e-80
-5.4601905e-80
-5.6672749e-80
-6.8722121e-80
-8.39439e-80
-1.081401e-79
-1.5605427e-79
-2.0532452e-79
-2.6056391e-79
-2.7955738e-79
-1.7139508e-79
-2.7813841e-10
1.2558961e-22
-1.5672014e-34
-2.1318791e-45
-1.7822094e-56
-8.1595138e-67
3.6137055e-76
-3.1484267e-85
1.9673767e-87
5.5871672e-87
1.5374389e-87
1.2657755e-87
1.1500671e-87
1.0862125e-87
9.4130431e-88
9.3244727e-88
8.9062605e-88
8.8005888e-88
8.0146518e-88
7.764564e-88
8.280642e-88
8.0223855e-88
7.7371377e-88
7.9486056e-88
7.8449266e-88
8.740648e-88
8.7936347e-88
9.5198649e-88
9.8622536e-88
1.1319447e-87
1.3215152e-87
1.3962403e-87
1.7377351e-87
2.1437208e-87
2.8876156e-87
4.3302323e-87
5.9235368e-87
7.2175233e-87
6.0636142e-87
1.6016199e-87
-1.9165674e-10
6.1483952e-23
-5.1321349e-35
-2.1864031e-45
-1.4018547e-56
-3.8013344e-67
2.8879177e-76
-1.724467e-85
7.8523608e-94
-1.8473206e-94
-3.4591828e-95
-2.6030956e-95
-2.3116735e-95
-2.193692e-95
-1.9004071e-95
-1.8785027e-95
-1.8012716e-95
-1.7592687e-95
-1.63637e-95
-1.5544392e-95
-1.6597195e-95
-1.6300583e-95
-1.5369789e-95
-1.604196e-95
-1.5562945e-95
-1.752536e-95
-1.7513954e-95
-1.9181596e-95
-1.9943732e-95
-2.2686804e-95
-2.6913955e-95
-2.8518159e-95
-3.6070193e-95
-4.5520896e-95
-6.3656152e-95
-9.9020289e-95
-1.4052455e-94
-1.6168842e-94
-1.0165081e-94
-1.5674828e-95
-1.4762267e-10
3.4424228e-23
-1.9902916e-35
3.2548764e-46
1.6656964e-57
2.9040301e-68
3.2697238e-77
-1.4417223e-86
3.6842789e-95
3.7337501e-102
7.8606821e-103
4.9977228e-103
4.3928844e-103
4.2186288e-103
3.6307114e-103
3.5998551e-103
3.4320891e-103
3.3861321e-103
3.163403e-103
2.9776651e-103
3.2175348e-103
3.1334282e-103
2.9441176e-103
3.114885e-103
3.0049017e-103
3.3681415e-103
3.3665554e-103
3.6704514e-103
3.7658664e-103
4.3070897e-103
5.1011482e-103
5.4057073e-103
6.8460217e-103
8.6169395e-103
1.206341e-102
1.9303439e-102
2.7282425e-102
2.9759313e-102
1.5768716e-102
4.3759185e-103
-1.2601027e-10
2.2160953e-23
-9.2064764e-36
4.9906484e-47
2.0931716e-58
2.487511e-69
5.326979e-79
-1.8415055e-88
2.9092986e-97
-6.7518329e-105
-2.7334834e-110
-1.3215402e-110
-1.1328286e-110
-1.1199863e-110
-9.5841747e-111
-9.5344046e-111
-9.2142568e-111
-9.2234294e-111
-8.6025074e-111
-8.1252175e-111
-8.8516384e-111
-8.4609738e-111
-7.8528174e-111
-8.2768295e-111
-7.9383363e-111
-8.674017e-111
-8.6314248e-111
-9.2809516e-111
-9.3712466e-111
-1.0552121e-110
-1.2193094e-110
-1.2783055e-110
-1.5439274e-110
-1.906731e-110
-2.541335e-110
-3.8129431e-110
-4.8321417e-110
-4.8802799e-110
-2.8590748e-110
8.4785721e-111
-1.1611293e-10
1.602947e-23
-4.9757674e-36
1.4196952e-47
5.040997e-59
4.3299571e-70
4.2497541e-80
-1.2386193e-89
1.3401874e-98
-3.2728775e-106
-4.8966492e-113
2.0713576e-117
1.4510346e-117
1.495349e-117
1.5002147e-117
1.5231059e-117
1.3826964e-117
1.3882855e-117
1.3554665e-117
1.2136804e-117
1.3049895e-117
1.2239983e-117
1.1002724e-117
1.0579113e-117
9.4279631e-118
9.6938974e-118
9.1116353e-118
8.7861111e-118
8.1827298e-118
8.1672098e-118
8.5419859e-118
8.1917533e-118
9.0084301e-118
9.3967846e-118
1.0789333e-117
1.2335125e-117
1.1146332e-117
9.1115436e-118
7.6068804e-118
7.9587663e-119
-1.1239126e-10
1.2633014e-23
-3.0416713e-36
5.3522162e-48
1.7132548e-59
1.1466021e-70
6.6715658e-81
-1.8578706e-90
1.5420083e-99
-2.9793133e-107
-7.9669739e-115
-3.6785456e-122
8.0013942e-125
8.7347008e-125
8.7356483e-125
9.2821676e-125
8.7040988e-125
8.8099193e-125
9.2666429e-125
8.1810224e-125
9.0960956e-125
8.9396751e-125
8.4777429e-125
8.2087084e-125
7.5672916e-125
8.1826051e-125
7.6999452e-125
7.874503e-125
7.7719924e-125
7.8312602e-125
8.3407728e-125
8.226863e-125
9.9779552e-125
1.1135695e-124
1.5830559e-124
1.6122297e-123
-7.4609099e-125
-2.6155902e-125
-2.348097e-125
7.2715275e-127
-1.1203814e-10
1.0609308e-23
-2.0484807e-36
2.4028342e-48
7.7616112e-60
4.4554223e-71
1.801645e-81
-6.0784527e-91
4.4648784e-100
-4.1814465e-108
-2.3117868e-115
-1.1326681e-121
2.478455e-128
-1.2909861e-131
-1.0735036e-131
-8.4118734e-132
-7.1912599e-132
-6.901821e-132
-6.8055737e-132
-5.7070805e-132
-6.1128104e-132
-5.6660166e-132
-5.3718148e-132
-5.2804596e-132
-4.7563148e-132
-5.3855093e-132
-5.2592034e-132
-6.0023872e-132
-6.1873345e-132
-7.0750439e-132
-9.5373203e-132
-1.3473523e-131
-7.2055215e-131
3.1617158e-131
1.5207106e-131
1.0736246e-130
-1.4853455e-131
9.1510102e-133
3.7883786e-133
8.6460452e-135
-1.1381705e-10
9.4207602e-24
-1.5046385e-36
1.2417713e-48
4.8612239e-60
2.6679021e-71
8.4586841e-82
-6.7832564e-91
5.3358008e-100
-2.3660057e-108
2.6857104e-116
-2.7417333e-124
2.6141517e-132
9.4378144e-140
9.4803636e-140
7.2883703e-140
6.1272069e-140
5.7904684e-140
5.6526867e-140
4.7154758e-140
5.0380608e-140
4.6773736e-140
4.4267143e-140
4.4091276e-140
3.9661595e-140
4.5790774e-140
4.529092e-140
5.2973988e-140
5.6235854e-140
6.6966515e-140
9.5603393e-140
1.45054e-139
8.5981177e-139
-4.4798347e-139
-2.9519068e-139
-3.5788257e-138
5.8580186e-139
-1.3281851e-140
-3.2232576e-141
1.5196837e-142
-1.1725677e-10
8.8578216e-24
-1.2090237e-36
7.4201399e-49
4.8115302e-60
2.7700613e-71
7.422946e-82
4.8976199e-91
-5.4122873e-100
1.3640403e-108
-4.9450111e-117
1.8499011e-125
-6.821664e-134
2.470107e-142
-3.4118925e-148
-2.5899688e-148
-2.167818e-148
-2.0433329e-148
-1.9874075e-148
-1.6566138e-148
-1.770772e-148
-1.6494746e-148
-1.5702419e-148
-1.5661151e-148
-1.4188736e-148
-1.6510406e-148
-1.6519473e-148
-1.9555338e-148
-2.1155466e-148
-2.5703248e-148
-3.7675625e-148
-5.9283604e-148
-3.6904021e-147
2.0783768e-147
1.5609474e-147
2.3237855e-146
-4.3645414e-147
7.8513349e-149
1.9565274e-149
3.2274362e-150
-1.2194e-10
8.8189791e-24
-1.0677324e-36
5.2006653e-49
1.2254048e-59
7.4689273e-71
1.6798571e-81
3.3932067e-91
-7.9058872e-100
1.350093e-108
-2.8361236e-117
6.4424448e-126
-1.4786087e-134
3.3897839e-143
-7.7611009e-152
5.9219039e-157
4.9585241e-157
4.6845001e-157
4.5666559e-157
3.8101907e-157
4.0924358e-157
3.8216422e-157
3.6530536e-157
3.6518646e-157
3.3278088e-157
3.8915297e-157
3.9170339e-157
4.6674312e-157
5.0871431e-157
6.2369657e-157
9.2479193e-157
1.4782803e-156
9.4111629e-156
-5.478456e-156
-4.3677112e-156
-7.1582897e-155
1.4660855e-155
-2.6999507e-157
-1.2427013e-157
5.9596793e-158
-1.2710491e-10
9.2153288e-24
-1.0319519e-36
4.2925461e-49
-1.9563931e-59
-1.0833228e-70
-1.852406e-81
-2.1289778e-91
1.0347575e-99
-1.3308305e-108
2.2350092e-117
-4.3025617e-126
8.5366172e-135
-1.7056384e-143
3.4305729e-152
-6.9575586e-161
-1.01223e-165
-9.6485008e-166
-9.4422823e-166
-7.9225805e-166
-8.5524863e-166
-8.0090831e-166
-7.6850036e-166
-7.7153514e-166
-7.0348371e-166
-8.2389066e-166
-8.3079985e-166
-9.8997151e-166
-1.0786973e-165
-1.3185564e-165
-1.9544848e-165
-3.1190952e-165
-1.9836741e-164
1.1575713e-164
9.3196957e-165
1.5641408e-163
-3.383844e-164
7.5341004e-166
1.6390371e-165
9.2902805e-166
-1.3177096e-10
9.9282573e-24
-1.0734277e-36
4.1135262e-49
4.3146489e-59
1.7436519e-70
2.0410505e-81
1.5974934e-91
-2.6329137e-100
2.6223215e-109
-4.6540154e-118
1.0677008e-126
-2.5795776e-135
6.3753169e-144
-1.6026597e-152
4.1051118e-161
-1.0689919e-169
2.5438972e-174
2.5223547e-174
2.135236e-174
2.3200393e-174
2.1816253e-174
2.1018817e-174
2.1107649e-174
1.9244493e-174
2.2470549e-174
2.2535392e-174
2.6622322e-174
2.8668316e-174
3.4466756e-174
5.0123415e-174
7.8103134e-174
4.8332373e-173
-2.7286041e-173
-2.109759e-173
-3.4032804e-172
7.5987838e-173
-2.471852e-174
3.0275079e-173
1.3921389e-173
-1.3516689e-10
1.0788804e-23
-1.1699482e-36
4.4290062e-49
3.0955474e-60
8.438134e-72
6.6510867e-83
3.8003266e-93
-2.2034549e-102
1.6783792e-111
-4.3584102e-120
2.286333e-128
-1.3536415e-136
8.4040502e-145
-5.5567487e-153
3.8870617e-161
-2.8489367e-169
2.1869556e-177
-2.0044182e-182
-1.7386841e-182
-1.9245305e-182
-1.8316686e-182
-1.7616887e-182
-1.7626496e-182
-1.5910834e-182
-1.8095973e-182
-1.759043e-182
-1.9847204e-182
-2.0432282e-182
-2.3100915e-182
-3.1054587e-182
-4.4453744e-182
-2.4908875e-181
1.2493788e-181
8.3837107e-182
1.1634952e-180
-2.6249756e-181
1.9668505e-182
1.7050855e-181
2.4200869e-181
-1.3710214e-10
1.1600732e-23
-1.2961812e-36
5.1061096e-49
1.5431577e-60
3.0241312e-72
1.7191319e-83
7.4966338e-94
-2.3432413e-103
1.3816478e-112
-1.0290132e-120
-7.3718944e-129
-4.9108532e-137
-3.20245e-145
-1.994694e-153
-1.1928239e-161
-6.9100422e-170
-3.9064821e-178
-2.171904e-186
-9.5654725e-191
-1.0523854e-190
-9.9989354e-191
-9.6307767e-191
-9.7053048e-191
-8.8595358e-191
-1.0254194e-190
-1.022189e-190
-1.1852417e-190
-1.2764354e-190
-1.5320749e-190
-2.2278335e-190
-3.5451544e-190
-2.3098379e-189
1.4784973e-189
1.7145328e-189
5.0930578e-187
3.5867519e-188
1.6939216e-190
6.8997351e-190
6.2449238e-189
-1.3796914e-10
1.2219557e-23
-1.4238628e-36
5.959766e-49
1.2132997e-60
1.9290487e-72
8.8288594e-84
3.1191368e-94
-7.1297628e-104
3.4826481e-113
3.8881911e-121
8.8435429e-130
2.0226701e-138
4.6959416e-147
1.0848765e-155
2.4940671e-164
5.7054738e-173
1.3023567e-181
2.9700523e-190
4.5909152e-199
-2.405249e-199
-2.2839402e-199
-2.20599e-199
-2.2288552e-199
-2.0452006e-199
-2.3769034e-199
-2.3842856e-199
-2.7842659e-199
-3.0290232e-199
-3.6833401e-199
-5.4315389e-199
-8.8232374e-199
-5.9016018e-198
3.9157777e-198
4.8393834e-198
1.6045056e-195
1.2295912e-196
5.2682528e-199
2.8198685e-198
3.8353256e-196
-1.3838696e-10
1.2621279e-23
-1.5318474e-36
6.6991749e-49
1.2195113e-60
1.7974572e-72
7.4827469e-84
2.3256791e-94
-4.9468841e-104
2.2283179e-113
1.0262038e-121
1.6681176e-130
2.7695157e-139
4.7207435e-148
8.1010772e-157
1.3944735e-165
2.4122238e-174
4.1900174e-183
7.3065821e-192
1.277144e-200
-3.9985799e-208
-4.0140624e-208
-3.8838356e-208
-3.9327419e-208
-3.6115431e-208
-4.20571e-208
-4.2186845e-208
-4.93176e-208
-5.3559516e-208
-6.5121142e-208
-9.6016477e-208
-1.5581494e-207
-1.0409312e-206
6.9128679e-207
8.6206363e-207
2.9655877e-204
2.4706561e-205
1.2537201e-207
1.5185679e-206
-1.3808778e-202
-1.3882858e-10
1.2882013e-23
-1.6152426e-36
7.0771257e-49
1.4935408e-60
2.3303482e-72
9.9585776e-84
2.9974307e-94
-7.3644696e-104
3.4622221e-113
1.4991964e-121
2.36982e-130
3.8512852e-139
6.4727763e-148
1.1064074e-156
1.9097307e-165
3.3257167e-174
5.8411323e-183
1.0323897e-191
1.8355661e-200
3.274328e-209
-6.6061947e-217
-6.9670393e-217
-7.0641503e-217
-6.4775005e-217
-7.5320487e-217
-7.5283335e-217
-8.7596664e-217
-9.4455264e-217
-1.1390102e-216
-1.6619833e-216
-2.6600483e-216
-1.7472902e-215
1.1372436e-215
1.3953065e-215
4.8615204e-213
4.4703324e-214
3.1668031e-216
1.4712948e-214
8.2316079e-210
-1.3947095e-10
1.3094766e-23
-1.6825736e-36
7.100637e-49
2.479646e-60
4.67302e-72
2.3006052e-83
7.4050143e-94
-2.6326588e-103
1.4641833e-112
9.0680341e-121
1.7446726e-129
3.4449638e-138
7.1073826e-147
1.502185e-155
3.228893e-164
7.0327879e-173
1.5501425e-181
3.450444e-190
7.7423946e-199
1.7465548e-207
3.9575737e-216
7.3977363e-225
-1.5988154e-225
-1.4655017e-225
-1.6928052e-225
-1.6829171e-225
-1.938967e-225
-2.0623896e-225
-2.4453551e-225
-3.5016173e-225
-5.4725684e-225
-3.4986277e-224
2.1954302e-224
2.6077139e-224
9.0948802e-222
9.5057328e-223
1.1122952e-224
5.4468295e-222
-3.404628e-217
-1.4025337e-10
1.330936e-23
-1.7447867e-36
6.9737962e-49
1.6170943e-59
4.2275111e-71
2.6742018e-82
1.0126483e-92
-7.0413389e-102
5.2200749e-111
8.7710238e-119
2.5511694e-127
7.5810001e-136
2.3821368e-144
7.7289674e-153
2.5659083e-161
8.7014477e-170
2.998091e-178
1.0451198e-186
3.6918348e-195
1.3099268e-203
4.6794822e-212
1.6717117e-220
5.9285019e-229
-5.2096434e-234
-5.9579279e-234
-5.8644885e-234
-6.6506003e-234
-6.9368291e-234
-8.0213358e-234
-1.1147292e-233
-1.6850629e-233
-1.0316853e-232
6.1482281e-233
6.9778324e-233
2.4350972e-230
3.0477505e-231
7.5844436e-233
-2.1326036e-229
1.2517902e-224
-1.4101957e-10
1.3526571e-23
-1.8070758e-36
6.8806592e-49
-3.5249833e-60
-1.5089537e-71
-1.3617199e-82
-6.6256847e-93
1.9400843e-101
-2.1431042e-110
7.0202811e-118
4.1300741e-126
2.4399027e-134
1.5547958e-142
1.0410624e-150
7.2157806e-159
5.1622522e-167
3.771836e-175
2.8150077e-183
2.1105218e-191
1.5239649e-199
7.3207096e-208
-1.3534761e-215
-9.3139459e-223
-4.1570597e-230
-1.7105724e-237
-4.3416749e-242
-4.7779498e-242
-4.8330896e-242
-5.3799776e-242
-7.1522884e-242
-1.0239118e-241
-5.8920501e-241
3.2721774e-241
3.4885468e-241
1.2311717e-238
2.079503e-239
2.7380836e-240
4.082717e-237
-4.5989486e-232
-1.4163972e-10
1.3722907e-23
-1.8678466e-36
6.8953963e-49
-1.7822918e-60
-1.6276435e-71
-2.3259804e-82
-1.5739049e-92
-4.8918073e-101
8.9449808e-110
-1.0489658e-117
-2.5055698e-125
-5.4953892e-133
-1.4160778e-140
-4.1134969e-148
-1.3251303e-155
-4.7137263e-163
-1.7343266e-170
-6.8403874e-178
-2.8174397e-185
-1.2015364e-192
-5.2409901e-200
-2.2194045e-207
-9.505799e-215
-3.9077909e-222
-1.5732126e-229
-5.8329461e-237
-2.0261205e-244
-1.5295939e-249
-1.5377776e-249
-1.8244872e-249
-2.3672672e-249
-1.1604606e-248
5.6317692e-249
5.436492e-249
2.0773011e-246
9.5506886e-247
-5.8801994e-248
-6.8349351e-245
1.7679116e-239
-1.4206411e-10
1.3876991e-23
-1.9222216e-36
7.0110737e-49
-1.3568936e-60
-6.6705942e-71
-1.6913877e-81
-1.7033985e-91
-2.8488729e-100
9.5645329e-109
-9.454569e-117
3.2099605e-124
-1.3167245e-131
4.8755307e-139
-1.6906895e-146
5.6300506e-154
-1.8322023e-161
5.7994683e-169
-1.8055214e-176
5.5934084e-184
-1.6921677e-191
5.1855152e-199
-1.6016239e-206
4.9240783e-214
-1.5291919e-221
4.8719386e-229
-1.5731597e-236
5.1375827e-244
-1.7514759e-251
5.5505943e-257
7.0843927e-257
1.0094743e-256
5.3553915e-256
-3.1496429e-256
-3.1758899e-256
-8.6676187e-254
-1.9290262e-254
7.3346111e-256
1.2015961e-252
-7.2641611e-247
-1.4231449e-10
1.3982679e-23
-1.9661442e-36
7.1862809e-49
-1.2171597e-60
3.3923103e-71
1.7727764e-81
2.8041644e-91
4.4914095e-100
-3.1112458e-108
3.4310425e-116
-6.2940886e-124
1.2739415e-131
-2.5666403e-139
5.1177148e-147
-1.0330315e-154
2.0669539e-162
-4.1596608e-170
8.329364e-178
-1.6619934e-185
3.3463626e-193
-6.6706968e-201
1.3359338e-208
-2.6699467e-216
5.3983676e-224
-1.0742182e-231
2.1413654e-239
-4.35334e-247
8.9001468e-255
-1.8284985e-262
-1.4456091e-264
-2.0814389e-264
-1.1110833e-263
6.5033042e-264
6.3484868e-264
1.5169901e-261
2.5912477e-262
-8.6315026e-264
-2.3495921e-260
3.2761812e-254
-1.4244643e-10
1.4047942e-23
-1.9985438e-36
7.3761966e-49
-1.1819496e-60
1.7566229e-71
2.5422595e-81
6.5405763e-91
1.2236282e-99
-2.0448709e-107
2.992443e-115
-5.8057036e-123
1.2063134e-130
-2.5514746e-138
5.448833e-146
-1.173699e-153
2.5303944e-161
-5.4862458e-169
1.1950725e-176
-2.6234527e-184
5.7786534e-192
-1.260662e-199
2.7445339e-207
-6.0184425e-215
1.3143831e-222
-2.8839603e-230
6.250982e-238
-1.3385531e-245
2.8393852e-253
-6.0950538e-261
1.2694333e-268
4.291307e-272
2.3015681e-271
-1.2962086e-271
-1.1920682e-271
-2.5327692e-269
-3.5197057e-270
1.1105772e-271
5.1544669e-268
-1.4977191e-261
-1.4251489e-10
1.4086727e-23
-2.0211092e-36
7.5488277e-49
-1.1894561e-60
1.4331107e-71
1.6016062e-79
6.785768e-89
1.6223752e-97
-8.9983637e-105
1.9475695e-112
-4.9142232e-120
1.3490507e-127
-3.7433514e-135
1.0480213e-142
-2.9739313e-150
8.5761428e-158
-2.4415715e-165
7.1603268e-173
-2.0968169e-180
6.1219039e-188
-1.7883131e-195
5.108905e-203
-1.5024113e-210
4.3320815e-218
-1.2436724e-225
3.5522681e-233
-9.9877244e-241
2.7612429e-248
-7.6251178e-256
2.0913606e-263
-5.51655e-271
8.4366696e-279
3.2592706e-279
2.8373434e-279
5.0375012e-277
5.6400694e-278
-1.6435675e-279
-1.2515835e-275
7.2235789e-269
-1.4255727e-10
1.4111578e-23
-2.0367623e-36
7.6897556e-49
-1.2111194e-60
1.3411446e-71
-3.7455308e-81
-2.5950456e-90
-8.1938471e-99
1.8492159e-104
-6.2517474e-112
2.2687987e-119
-8.6899764e-127
3.4232062e-134
-1.3523793e-141
5.487739e-149
-2.2183846e-156
9.224514e-164
-3.6714867e-171
1.5269449e-178
-6.3303925e-186
2.6323484e-193
-1.053537e-200
4.3211279e-208
-1.7627938e-215
7.1381675e-223
-2.9062144e-230
1.1366611e-237
-4.4060873e-245
1.7064684e-252
-6.440298e-260
2.3959899e-267
-8.6517284e-275
2.9899091e-282
-9.2003517e-287
-1.2752662e-284
-1.0991145e-285
2.7083577e-287
3.4481694e-283
-3.6331961e-276
-1.4259222e-10
1.4130436e-23
-2.0482212e-36
7.7985832e-49
-1.2332549e-60
1.313992e-71
-2.3311085e-81
-2.6235518e-90
-1.0862372e-98
-2.5629251e-105
1.2724616e-112
-6.4057888e-120
3.4146055e-127
-1.7896501e-134
9.8432248e-142
-5.3548337e-149
2.9603869e-156
-1.5904922e-163
8.8761342e-171
-4.7663967e-178
2.6164396e-185
-1.4730967e-192
8.1395893e-200
-4.5235834e-207
2.4164035e-214
-1.295556e-221
6.9876344e-229
-3.7605955e-236
2.0280321e-243
-1.0349431e-250
5.1415706e-258
-2.5204564e-265
1.2187933e-272
-5.6465347e-280
2.3569555e-287
4.0853496e-292
2.4475248e-293
-4.7796752e-295
-1.0798582e-290
1.7887191e-283
-1.4262568e-10
1.4146897e-23
-2.0573208e-36
7.8819416e-49
-1.2508312e-60
1.3021435e-71
-1.8730408e-81
-3.5225429e-90
-1.8755447e-98
-3.830638e-105
2.2735465e-112
-1.4005937e-119
8.9752868e-127
-5.5174731e-134
3.5920779e-141
-2.3261194e-148
1.4901207e-155
-9.6014147e-163
6.2360505e-170
-4.0513615e-177
2.640643e-184
-1.6672187e-191
1.0368732e-198
-6.5954394e-206
4.1232433e-213
-2.5742751e-220
1.5844234e-227
-9.4566635e-235
5.6585765e-242
-3.4317064e-249
2.0385415e-256
-1.198248e-263
6.992458e-271
-3.842604e-278
1.846087e-285
-6.7837076e-293
1.0292285e-300
8.6805379e-303
4.0212586e-298
-9.2562346e-291
-1.426578e-10
1.4161932e-23
-2.0650189e-36
7.947547e-49
-1.2635043e-60
1.2908242e-71
-1.624863e-81
-5.9173676e-90
-3.9100671e-98
-1.1231421e-104
7.3582994e-112
-4.9421483e-119
3.1800781e-126
-2.1705985e-133
1.4472118e-140
-9.5065986e-148
6.1651431e-155
-4.0333184e-162
2.6559888e-169
-1.7700234e-176
1.1659218e-183
-7.7448977e-191
4.9952587e-198
-3.3207862e-205
2.1728822e-212
-1.3915989e-219
8.8172441e-227
-5.605648e-234
3.4973386e-241
-2.1801632e-248
1.3569031e-255
-8.3829058e-263
5.0766062e-270
-2.9489217e-277
1.5402182e-284
-5.8659316e-292
1.4561849e-299
-2.6561751e-307
-1.6931906e-305
4.7837574e-298
-1.4268724e-10
1.4175472e-23
-2.0717028e-36
8.0012501e-49
-1.2726585e-60
1.2781791e-71
-1.4568272e-81
-2.0736465e-89
-1.6992514e-97
-9.6167015e-104
6.3374187e-111
-3.9908031e-118
2.5864398e-125
-1.6705044e-132
1.0868271e-139
-6.9153991e-147
4.358937e-154
-2.7462593e-161
1.830347e-168
-1.1596972e-175
7.2523588e-183
-4.7104968e-190
3.0095738e-197
-1.9681279e-204
1.2450236e-211
-7.8951477e-219
4.9973969e-226
-3.0907974e-233
1.914884e-240
-1.1230692e-247
6.7836199e-255
-4.2039959e-262
2.6191459e-269
-1.485759e-276
7.7439851e-284
-2.9596554e-291
7.0919688e-299
-1.2912775e-306
6.18702e-313
-2.6478156e-305
-1.4271317e-10
1.4187324e-23
-2.0775048e-36
8.0465848e-49
-1.2797329e-60
1.2658591e-71
-1.3344393e-81
1.3482337e-89
1.3471043e-97
-1.0295694e-102
6.959825e-110
-4.3371461e-117
2.7011401e-124
-1.706432e-131
1.0876287e-138
-6.7541478e-146
4.3407873e-153
-2.800477e-160
1.7531582e-167
-1.1018128e-174
6.8111514e-182
-4.210822e-189
2.6916994e-196
-1.6532848e-203
9.9941648e-211
-6.3349829e-218
3.9238524e-225
-2.430276e-232
1.5165183e-239
-9.1612249e-247
5.6799091e-254
-3.3969835e-261
1.9864603e-268
-1.1512348e-275
5.9112179e-283
-2.2629641e-290
5.4840074e-298
-1.0105614e-305
6.422111e-314
6.0827957e-313
-1.4273543e-10
1.4197475e-23
-2.0824922e-36
8.0854272e-49
-1.2856433e-60
1.255334e-71
-1.2439832e-81
5.1337948e-90
6.3224874e-98
-6.6250692e-104
4.4351161e-111
-2.7608368e-118
1.7479996e-125
-1.1158286e-132
7.2593793e-140
-4.5556974e-147
2.9230363e-154
-1.844819e-161
1.169437e-168
-7.328681e-176
4.6268873e-183
-2.9410245e-190
1.8622809e-197
-1.1619656e-204
7.3834509e-212
-4.6835863e-219
2.774788e-226
-1.7337615e-233
1.0439571e-240
-6.419692e-248
3.890258e-255
-2.3971164e-262
1.4163607e-269
-8.044336e-277
4.1685265e-284
-1.5942285e-291
3.8571756e-299
-7.0925121e-307
3.4841673e-313
-1.1336684e-312
-1.4275431e-10
1.4206077e-23
-2.0867423e-36
8.118811e-49
-1.2908174e-60
1.2470659e-71
-1.1769548e-81
3.2528706e-90
5.0017204e-98
-4.6302156e-104
3.1656019e-111
-1.9895545e-118
1.2750184e-125
-8.2337422e-133
5.3526982e-140
-3.3636265e-147
2.1661353e-154
-1.3735026e-161
8.6323004e-169
-5.6500295e-176
3.5693018e-183
-2.2775223e-190
1.4217725e-197
-9.1208609e-205
5.8407548e-212
-3.7140709e-219
2.3415783e-226
-1.4483115e-233
8.8242952e-241
-5.4357548e-248
3.3393095e-255
-1.987705e-262
1.2371191e-269
-7.1581762e-277
3.8229443e-284
-1.4590964e-291
3.6372606e-299
-6.6989127e-307
-4.106841e-313
-4.7060969e-314
-1.427704e-10
1.4213366e-23
-2.0903523e-36
8.1474635e-49
-1.2954115e-60
1.2408724e-71
-1.1268956e-81
2.4354652e-90
4.6802305e-98
-2.6608402e-104
1.9291128e-111
-1.2570671e-118
8.4145599e-126
-5.2483171e-133
3.4731367e-140
-2.2448514e-147
1.4553048e-154
-9.4508718e-162
5.9833165e-169
-3.8752581e-176
2.4872245e-183
-1.6306983e-190
1.0867417e-197
-7.0145281e-205
4.6695395e-212
-2.9579166e-219
1.8976772e-226
-1.1562017e-233
7.6196893e-241
-4.7424984e-248
2.982032e-255
-1.8249687e-262
1.1192268e-269
-6.707527e-277
3.562258e-284
-1.3743582e-291
3.4814718e-299
-6.5333126e-307
-1.6926202e-313
1.4497915e-313
-1.427841e-10
1.4219559e-23
-2.0934197e-36
8.1720077e-49
-1.2994727e-60
1.2362624e-71
-1.0888561e-81
1.9934322e-90
4.9817668e-98
-2.4926306e-104
1.7861947e-111
-1.1953372e-118
8.0568948e-126
-5.3167092e-133
3.5317208e-140
-2.3542419e-147
1.5141552e-154
-1.0335418e-161
6.9901118e-169
-4.8397978e-176
3.1376807e-183
-2.0537536e-190
1.3842263e-197
-9.120294e-205
5.9089539e-212
-3.8930616e-219
2.5169406e-226
-1.6461216e-233
1.0520506e-240
-6.6685796e-248
4.1884367e-255
-2.6745453e-262
1.7285843e-269
-1.0876771e-276
5.9704923e-284
-2.415652e-291
6.1614246e-299
-1.1696882e-306
-2.4473077e-313
-3.4112292e-313
-1.4279582e-10
1.4224848e-23
-2.096035e-36
8.1930344e-49
-1.3030334e-60
1.232776e-71
-1.0594674e-81
1.7213954e-90
5.880427e-98
-2.5171547e-104
1.8654352e-111
-1.2344206e-118
8.701358e-126
-5.9734589e-133
4.0028553e-140
-2.6763955e-147
1.883835e-154
-1.2793037e-161
8.4288371e-169
-5.6896183e-176
3.9138983e-183
-2.6735388e-190
1.8383552e-197
-1.2214167e-204
7.8774035e-212
-5.4469768e-219
3.5459988e-226
-2.3946538e-233
1.6068698e-240
-1.0745548e-247
7.159025e-255
-4.7357375e-262
3.0283789e-269
-1.8837035e-276
1.0494449e-283
-4.2627557e-291
1.0799608e-298
-2.0571837e-306
2.7528517e-313
-2.2054667e-313
-1.4280592e-10
1.4229386e-23
-2.0982742e-36
8.2110771e-49
-1.306139e-60
1.2301006e-71
-1.0362263e-81
1.5370798e-90
7.2867809e-98
-2.0521629e-104
1.5475797e-111
-1.0658256e-118
7.5588077e-126
-5.1790409e-133
3.5645415e-140
-2.5071238e-147
1.8430847e-154
-1.2728628e-161
8.9375383e-169
-6.1646849e-176
4.3651896e-183
-3.0412313e-190
2.0655322e-197
-1.418323e-204
9.8249083e-212
-6.7892114e-219
4.5653367e-226
-3.0844472e-233
2.05594e-240
-1.3616946e-247
8.7821635e-255
-5.8061922e-262
3.8856583e-269
-2.4933362e-276
1.3889478e-283
-5.6227877e-291
1.4425804e-298
-2.7689418e-306
-4.8207605e-313
-3.3410328e-313
-1.4281461e-10
1.4233289e-23
-2.1001975e-36
8.2265991e-49
-1.3088388e-60
1.2279963e-71
-1.017563e-81
1.4079723e-90
9.6580954e-98
-3.6493779e-104
2.7675408e-111
-2.0468987e-118
1.4255464e-125
-9.7812847e-133
6.9307092e-140
-4.9145928e-147
3.5234047e-154
-2.5397669e-161
1.8096571e-168
-1.3157125e-175
9.3774836e-183
-6.3754107e-190
4.6531813e-197
-3.2592674e-204
2.3224704e-211
-1.5963097e-218
1.10878e-225
-7.4173319e-233
5.2303916e-240
-3.5915747e-247
2.5401118e-254
-1.735596e-261
1.1473683e-268
-7.4411893e-276
4.2476445e-283
-1.7569695e-290
4.5702533e-298
-8.7759004e-306
-3.8305545e-313
4.1538416e-313
-1.4282211e-10
1.4236652e-23
-2.1018541e-36
8.2399895e-49
-1.3111887e-60
1.2263185e-71
-1.0023491e-81
1.31112e-90
1.6477895e-97
-4.6510453e-104
3.5517047e-111
-2.541803e-118
1.8768755e-125
-1.3775614e-132
1.0066148e-139
-7.5587686e-147
5.322189e-154
-3.9204779e-161
2.8192931e-168
-2.0531388e-175
1.4481198e-182
-1.0561613e-189
7.5237238e-197
-5.6199613e-204
3.9645964e-211
-2.8526555e-218
2.0666491e-225
-1.4520277e-232
1.0111493e-239
-7.2150659e-247
4.9130447e-254
-3.4731124e-261
2.3150902e-268
-1.5909274e-275
9.3148947e-283
-3.9883595e-290
1.0531337e-297
-2.0367094e-305
5.0340135e-313
4.8258506e-313
-1.428286e-10
1.4239561e-23
-2.1032852e-36
8.2515682e-49
-1.313239e-60
1.2249671e-71
-9.8983924e-82
1.2371507e-90
3.1862053e-97
-9.8874405e-104
8.4141199e-111
-6.3502031e-118
4.7863627e-125
-3.7176432e-132
2.6688941e-139
-1.9636989e-146
1.4254895e-153
-1.0525299e-160
7.9470393e-168
-5.7556393e-175
4.1691008e-182
-3.0252667e-189
2.1741871e-196
-1.6032522e-203
1.1532605e-210
-8.478015e-218
6.1744194e-225
-4.5395683e-232
3.2652255e-239
-2.3044315e-246
1.6743004e-253
-1.197863e-260
8.7225555e-268
-5.9493245e-275
3.5418101e-282
-1.5304884e-289
4.0368155e-297
-7.9348713e-305
1.0772213e-312
-1.3787002e-312
-1.4283419e-10
1.4242075e-23
-2.1045234e-36
8.2616049e-49
-1.3150297e-60
1.2238769e-71
-9.7945192e-82
1.1803262e-90
-7.0241507e-97
2.1531274e-103
-1.809706e-110
1.4009056e-117
-1.0710227e-124
8.3187427e-132
-6.6058679e-139
4.9671112e-146
-3.9594361e-153
3.1032552e-160
-2.4746899e-167
1.8395943e-174
-1.3793579e-181
1.0462763e-188
-8.1477176e-196
6.0942601e-203
-4.6424823e-210
3.4243688e-217
-2.4729343e-224
1.8002243e-231
-1.3265738e-238
9.8943904e-246
-7.404839e-253
5.4594237e-260
-3.9178427e-267
2.825001e-274
-1.7134653e-281
7.3189828e-289
-1.9595048e-296
3.8414865e-304
-1.0389188e-311
1.5827793e-312
-1.4283906e-10
1.4244256e-23
-2.1055973e-36
8.2703233e-49
-1.3165966e-60
1.2230079e-71
-9.7080557e-82
1.1342988e-90
-2.297698e-97
6.6802258e-104
-5.9611863e-111
4.651066e-118
-3.5198953e-125
2.8376506e-132
-2.2633311e-139
1.7616558e-146
-1.4309703e-153
1.044362e-160
-8.2585016e-168
6.5078784e-175
-4.8739317e-182
3.8794177e-189
-2.9470964e-196
2.2712475e-203
-1.7233496e-210
1.3311368e-217
-1.0151674e-224
7.7257384e-232
-5.9158765e-239
4.4243776e-246
-3.4515656e-253
2.6332842e-260
-1.9110826e-267
1.3740412e-274
-8.284514e-282
3.6996448e-289
-9.9678485e-297
1.9913443e-304
-5.0297625e-312
-6.4813346e-313
-1.4284325e-10
1.4246147e-23
-2.10653e-36
8.2779157e-49
-1.317971e-60
1.2222954e-71
-9.6340772e-82
1.0976477e-90
-1.3638129e-97
3.4525298e-104
-2.9809825e-111
2.3302338e-118
-1.8192086e-125
1.4479485e-132
-1.1462594e-139
9.0328411e-147
-7.0322967e-154
5.4138426e-161
-4.4306338e-168
3.5481888e-175
-2.7204415e-182
2.1219058e-189
-1.662463e-196
1.3327223e-203
-1.0677521e-210
8.3638412e-218
-6.7253186e-225
5.1015327e-232
-3.8774072e-239
2.8721789e-246
-2.2740994e-253
1.6864445e-260
-1.2967539e-267
9.5119394e-275
-6.0168868e-282
2.7133553e-289
-7.4502018e-297
1.4981316e-304
-3.6005545e-312
-1.5133929e-312
-1.4284688e-10
1.4247794e-23
-2.1073422e-36
8.2845336e-49
-1.31918e-60
1.2217245e-71
-9.5725386e-82
1.06679e-90
-1.0320318e-97
3.0828743e-104
-2.7718598e-111
2.3767049e-118
-2.0167946e-125
1.671942e-132
-1.413399e-139
1.1978189e-146
-9.888353e-154
7.7631333e-161
-6.3925163e-168
5.1362265e-175
-4.2576762e-182
3.4149703e-189
-2.7941393e-196
2.2644916e-203
-1.8073089e-210
1.4662906e-217
-1.1558967e-224
9.1063662e-232
-6.9232772e-239
5.4169875e-246
-4.2929305e-253
3.2775603e-260
-2.5820972e-267
1.9486777e-274
-1.288433e-281
5.9096953e-289
-1.6220954e-296
3.2816769e-304
-9.7565305e-312
-1.1315398e-312
-1.4285e-10
1.4249224e-23
-2.1080495e-36
8.2903119e-49
-1.3202411e-60
1.2212546e-71
-9.5205699e-82
1.041459e-90
-7.7353308e-98
2.115486e-104
-2.0068092e-111
1.6299692e-118
-1.4333253e-125
1.2202792e-132
-1.0441713e-139
9.3214937e-147
-7.4573976e-154
6.3174991e-161
-5.4024978e-168
4.4486749e-175
-3.6999733e-182
2.982818e-189
-2.5408054e-196
2.1187406e-203
-1.768998e-210
1.5085941e-217
-1.2031929e-224
9.8804103e-232
-8.239057e-239
7.021225e-246
-5.94067e-253
4.6538069e-260
-3.8503937e-267
2.910083e-274
-1.9964701e-281
9.4164728e-289
-2.6262449e-296
5.3186793e-304
-1.4762232e-311
2.5821731e-313
-1.4285268e-10
1.4250465e-23
-2.1086666e-36
8.2953668e-49
-1.3211765e-60
1.2208742e-71
-9.4755732e-82
1.0218426e-90
-6.6372243e-98
2.3749325e-104
-2.1383439e-111
1.8575165e-118
-1.5363445e-125
1.3562061e-132
-1.1964036e-139
1.0588974e-146
-8.9147229e-154
7.9304609e-161
-6.6782176e-168
5.8740784e-175
-5.0287498e-182
4.5932237e-189
-3.9074838e-196
3.312376e-203
-2.6920407e-210
2.2568018e-217
-1.8591183e-224
1.5109466e-231
-1.2639769e-238
1.0222246e-245
-8.5260231e-253
7.1459756e-260
-5.8293952e-267
4.5058171e-274
-3.0890248e-281
1.4538654e-288
-4.0457618e-296
8.2768397e-304
-2.41671e-311
-3.5964155e-313
-1.4285497e-10
1.4251544e-23
-2.1092051e-36
8.299789e-49
-1.3219987e-60
1.2205572e-71
-9.4372361e-82
1.0036855e-90
-5.8018258e-98
1.726947e-104
-1.5929244e-111
1.4811376e-118
-1.2631363e-125
1.1095707e-132
-1.0097207e-139
8.7229101e-147
-7.7436974e-154
7.1983195e-161
-6.0903497e-168
5.5037653e-175
-5.0428502e-182
4.4861164e-189
-4.0916761e-196
3.5130893e-203
-2.9546478e-210
2.6130017e-217
-2.1355003e-224
1.8097842e-231
-1.5004812e-238
1.2947706e-245
-1.1040654e-252
9.5872587e-260
-8.2072045e-267
6.7446408e-274
-4.8549406e-281
2.2659231e-288
-6.5056756e-296
1.3140985e-303
-3.7608569e-311
-1.2253065e-312
-1.4285691e-10
1.4252477e-23
-2.109675e-36
8.3036634e-49
-1.3227224e-60
1.2203019e-71
-9.4047268e-82
9.8886231e-91
-5.3807908e-98
1.719215e-104
-1.749796e-111
1.7094078e-118
-1.6160099e-125
1.4403678e-132
-1.2835753e-139
1.1592058e-146
-1.0675963e-153
9.5716879e-161
-8.4459244e-168
7.598583e-175
-6.7526024e-182
6.1173899e-189
-5.538683e-196
5.1560723e-203
-4.5754448e-210
4.0170784e-217
-3.4411159e-224
3.1365448e-231
-2.7106617e-238
2.409003e-245
-2.1905924e-252
1.9377689e-259
-1.6718464e-266
1.3998438e-273
-9.9614698e-281
4.7949688e-288
-1.3607226e-295
2.812567e-303
-7.9448457e-311
-1.1447916e-312
-1.4285853e-10
1.4253284e-23
-2.1100849e-36
8.3070563e-49
-1.3233609e-60
1.2200875e-71
-9.376146e-82
9.7678133e-91
-4.9691811e-98
2.1902215e-104
-2.4242592e-111
2.3462519e-118
-2.2409603e-125
2.1292555e-132
-2.0910589e-139
1.9900994e-146
-1.866258e-153
1.7784884e-160
-1.7417854e-167
1.7002282e-174
-1.4649543e-181
1.3216421e-188
-1.1710637e-195
1.0583583e-202
-9.692879e-210
8.9671401e-217
-7.8908588e-224
7.1900026e-231
-6.6944412e-238
6.3101179e-245
-5.5455563e-252
5.0363015e-259
-4.4966604e-266
3.8026354e-273
-2.7056745e-280
1.353564e-287
-3.860546e-295
8.0300006e-303
-2.2737496e-310
-4.8078402e-313
-1.4285983e-10
1.4253974e-23
-2.1104416e-36
8.3100232e-49
-1.323924e-60
1.2199178e-71
-9.3514935e-82
9.6581277e-91
-4.7519729e-98
1.4797522e-104
-1.5783943e-111
1.5398293e-118
-1.4217495e-125
1.4384539e-132
-1.3455683e-139
1.2893365e-146
-1.2500721e-153
1.191927e-160
-1.155651e-167
1.0558228e-174
-1.0190926e-181
9.6068242e-189
-8.9625789e-196
8.6241862e-203
-7.8954491e-210
7.6750439e-217
-7.1680756e-224
6.7033274e-231
-5.9994872e-238
5.3886869e-245
-4.8632444e-252
4.5138851e-259
-4.1867225e-266
3.5279081e-273
-2.6153036e-280
1.2987406e-287
-3.7573253e-295
7.795839e-303
-2.2781688e-310
-3.0710479e-313
-1.4286091e-10
1.4254566e-23
-2.1107517e-36
8.3126201e-49
-1.3244163e-60
1.2197693e-71
-9.3308109e-82
9.5652178e-91
-4.5170783e-98
2.1950694e-104
-2.5487482e-111
2.7116716e-118
-2.7799521e-125
2.590781e-132
-2.7102855e-139
2.6594627e-146
-2.5663051e-153
2.4908314e-160
-2.4800716e-167
2.4130294e-174
-2.3656777e-181
2.3341247e-188
-2.3462022e-195
2.3550226e-202
-2.3184452e-209
2.2072982e-216
-2.1057253e-223
2.0240787e-230
-1.9347992e-237
1.8971712e-244
-1.762392e-251
1.7261665e-258
-1.6706618e-265
1.5091942e-272
-1.1292348e-279
5.6954133e-287
-1.6577789e-294
3.4837352e-302
-1.0188696e-309
-4.7166853e-313
-1.4286169e-10
1.425506e-23
-2.1110194e-36
8.3148837e-49
-1.3248512e-60
1.2196332e-71
-9.3120839e-82
9.4848032e-91
-4.3071386e-98
2.0196529e-104
-2.2336429e-111
2.2739543e-118
-2.2675885e-125
2.363985e-132
-2.3878183e-139
2.4575156e-146
-2.4269527e-153
2.4209903e-160
-2.5929641e-167
2.5829721e-174
-2.6046021e-181
2.6292205e-188
-2.602736e-195
2.6410697e-202
-2.6524665e-209
2.7057174e-216
-2.6520019e-223
2.7254986e-230
-2.7029598e-237
2.5917608e-244
-2.5336014e-251
2.6060826e-258
-2.5915425e-265
2.426096e-272
-1.8240517e-279
9.3043289e-287
-2.7846692e-294
5.947537e-302
-1.7107295e-309
-2.1272059e-312
-1.4286224e-10
1.4255469e-23
-2.1112496e-36
8.316852e-49
-1.3252277e-60
1.219533e-71
-9.2959822e-82
9.4170475e-91
-4.1983275e-98
2.3166376e-104
-2.7460114e-111
3.0522889e-118
-3.27207e-125
3.4894285e-132
-3.8094729e-139
4.1316906e-146
-4.516314e-153
4.5897862e-160
-4.7500785e-167
4.7152666e-174
-5.164279e-181
5.2893214e-188
-5.408057e-195
5.7614401e-202
-6.0284734e-209
5.9435737e-216
-5.8174138e-223
5.6918782e-230
-5.6459747e-237
5.7406835e-244
-5.5504694e-251
5.6121221e-258
-5.4736996e-265
5.1430837e-272
-4.2318809e-279
2.1793913e-286
-6.4913281e-294
1.3858008e-301
-4.1510581e-309
-1.6019949e-312
-1.4286255e-10
1.4255799e-23
-2.1114456e-36
8.3185541e-49
-1.3255561e-60
1.2194202e-71
-9.2818296e-82
9.3590338e-91
-4.0123866e-98
1.7680025e-104
-2.2347299e-111
2.6365489e-118
-2.7781728e-125
3.1042708e-132
-3.4169151e-139
4.0505889e-146
-4.4359802e-153
4.9700161e-160
-5.5866397e-167
6.1995005e-174
-6.8333581e-181
6.9859037e-188
-7.2186039e-195
8.0788178e-202
-8.3011501e-209
8.4699004e-216
-8.4019212e-223
9.0417209e-230
-9.3467625e-237
9.4137233e-244
-9.8258736e-251
1.0069436e-257
-1.0786546e-264
1.0487054e-271
-8.7075799e-279
4.5148329e-286
-1.3536472e-293
2.8998619e-301
-8.5516637e-309
-1.6911077e-312
-1.4286263e-10
1.4256053e-23
-2.1116102e-36
8.3200116e-49
-1.3258398e-60
1.2193425e-71
-9.2695339e-82
9.3133303e-91
-3.8713262e-98
2.297476e-104
-3.0661405e-111
3.400563e-118
-3.8638424e-125
4.4673095e-132
-5.0969798e-139
5.6565795e-146
-6.2778504e-153
6.8473478e-160
-7.3975644e-167
8.2630926e-174
-9.4491672e-181
1.0575735e-187
-1.1687795e-194
1.2501956e-201
-1.3217599e-208
1.4646087e-215
-1.5779862e-222
1.661475e-229
-1.8351988e-236
2.0040655e-243
-2.094647e-250
2.1462109e-257
-2.2820133e-264
2.3050934e-271
-1.8814525e-278
1.0054416e-285
-3.0120078e-293
6.480705e-301
-1.9596528e-308
-2.2404351e-312
-1.4286252e-10
1.4256241e-23
-2.1117469e-36
8.3212546e-49
-1.3260817e-60
1.2192527e-71
-9.2581661e-82
9.2600688e-91
-3.8956048e-98
3.1525484e-104
-4.4747772e-111
5.3830436e-118
-6.4342786e-125
7.8126332e-132
-9.1342984e-139
1.0120843e-145
-1.2154653e-152
1.4742055e-159
-1.6502252e-166
1.8811809e-173
-2.1136151e-180
2.3129517e-187
-2.5395464e-194
2.8717261e-201
-3.3313566e-208
3.6690074e-215
-3.9133918e-222
4.3496702e-229
-4.8558117e-236
5.3421254e-243
-5.9958553e-250
6.8040841e-257
-7.0610802e-264
6.7735628e-271
-6.0728362e-278
3.1936888e-285
-9.6352565e-293
2.0790312e-300
-6.3140857e-308
-1.759947e-312
-1.4286218e-10
1.4256362e-23
-2.111857e-36
8.3222947e-49
-1.3262844e-60
1.2191731e-71
-9.2490664e-82
9.2223575e-91
-3.784571e-98
3.8918621e-104
-5.7348354e-111
7.6480268e-118
-9.6461217e-125
1.1485374e-131
-1.3321e-138
1.5778965e-145
-1.8114695e-152
2.3337209e-159
-2.7738458e-166
3.611016e-173
-4.1115995e-180
4.5700952e-187
-5.7454139e-194
7.2055343e-201
-8.6104407e-208
9.9142034e-215
-1.1351102e-221
1.3236347e-228
-1.557802e-235
1.7924219e-242
-1.9724409e-249
2.2055839e-256
-2.4932676e-263
2.6829232e-270
-2.3378943e-277
1.2649979e-284
-3.8560765e-292
8.2977948e-300
-2.5624933e-307
2.374338e-312
-1.4286163e-10
1.4256419e-23
-2.1119422e-36
8.3231474e-49
-1.3264522e-60
1.2190947e-71
-9.2407902e-82
9.1856801e-91
-3.8008577e-98
2.5815857e-104
-3.5820535e-111
4.8125122e-118
-5.9705575e-125
7.003245e-132
-9.5847314e-139
1.2496926e-145
-1.6184988e-152
1.9033321e-159
-2.2919133e-166
2.8967411e-173
-3.4914989e-180
4.7232226e-187
-5.5354168e-194
6.7423278e-201
-7.8250103e-208
9.3402196e-215
-1.1033068e-221
1.2950101e-228
-1.4774914e-235
1.8708178e-242
-2.1267368e-249
2.574948e-256
-3.0588701e-263
3.3875369e-270
-3.0262477e-277
1.7245268e-284
-5.3213137e-292
1.1587547e-299
-3.5869453e-307
-2.577963e-312
-1.4286083e-10
1.4256412e-23
-2.1120039e-36
8.3238266e-49
-1.3265865e-60
1.2190039e-71
-9.2335658e-82
9.1608548e-91
-3.6621768e-98
9.5694414e-104
-1.4661316e-110
2.1446484e-117
-2.7229796e-124
3.5436544e-131
-4.7493362e-138
6.2641121e-145
-8.4832721e-152
1.1221703e-158
-1.4252424e-165
1.7658031e-172
-2.2981275e-179
3.0421954e-186
-3.8791234e-193
4.9557568e-200
-6.0658236e-207
7.6247415e-214
-9.7582217e-221
1.2208687e-227
-1.6241878e-234
1.8926721e-241
-2.3270498e-248
2.797172e-255
-3.2881701e-262
3.7023711e-269
-3.5894068e-276
2.0526016e-283
-6.446822e-291
1.422645e-298
-4.4316146e-306
2.7641635e-313
-1.4285985e-10
1.425635e-23
-2.112044e-36
8.3243422e-49
-1.3266897e-60
1.2189181e-71
-9.2261088e-82
9.1339615e-91
-3.7950214e-98
5.5348276e-104
-9.2876897e-111
1.2470917e-117
-1.592471e-124
2.1263483e-131
-2.8440973e-138
3.8516885e-145
-5.254628e-152
6.6926276e-159
-8.711002e-166
1.1036457e-172
-1.3872827e-179
1.7332014e-186
-2.347137e-193
2.9058724e-200
-3.7752802e-207
4.8326093e-214
-5.9362492e-221
7.4315558e-228
-9.9150063e-235
1.2566321e-241
-1.6583307e-248
1.9972459e-255
-2.6537432e-262
3.2238857e-269
-3.0801159e-276
1.8174686e-283
-5.6862471e-291
1.2588015e-298
-3.9969984e-306
1.5033378e-312
-1.4285863e-10
1.4256222e-23
-2.112062e-36
8.3247023e-49
-1.3267615e-60
1.2188263e-71
-9.2212421e-82
9.1163904e-91
-3.7471092e-98
9.7604423e-104
-1.6304654e-110
2.4000183e-117
-3.4792967e-124
4.6965351e-131
-6.6778815e-138
9.2439301e-145
-1.2841444e-151
1.6422034e-158
-2.1983284e-165
2.8161391e-172
-3.8460283e-179
5.3440019e-186
-6.8657236e-193
8.4904691e-200
-1.1351664e-206
1.5733249e-213
-2.1447974e-220
2.7359992e-227
-3.7336824e-234
4.8497348e-241
-6.5322082e-248
8.6337383e-255
-1.1119514e-261
1.4099092e-268
-1.3946135e-275
8.2352737e-283
-2.6472421e-290
5.8644796e-298
-1.8501348e-305
6.316284e-312
-1.4285716e-10
1.4256035e-23
-2.1120589e-36
8.3249081e-49
-1.3268022e-60
1.218728e-71
-9.2157674e-82
9.0965095e-91
-3.6717908e-98
1.5774415e-103
-2.8413646e-110
4.0144236e-117
-5.9908876e-124
8.6738363e-131
-1.3385954e-137
1.8021542e-144
-2.6031544e-151
3.7549843e-158
-5.5463644e-165
8.2124569e-172
-1.1690026e-178
1.5821797e-185
-2.1547864e-192
2.8340699e-199
-3.904939e-206
5.5922172e-213
-7.9489567e-220
1.0749516e-226
-1.5785595e-233
1.9952828e-240
-2.659608e-247
3.7555536e-254
-4.9602419e-261
6.3566376e-268
-6.5780995e-275
3.9581339e-282
-1.2690665e-289
2.8442335e-297
-9.2639323e-305
7.787082e-312
-1.4285548e-10
1.4255789e-23
-2.1120357e-36
8.3249718e-49
-1.3268157e-60
1.2186096e-71
-9.2110689e-82
9.0831743e-91
-3.6462005e-98
-4.8640929e-104
9.840478e-111
-1.6115733e-117
2.4780172e-124
-3.7350491e-131
6.011358e-138
-9.8290936e-145
1.5439816e-151
-2.4391482e-158
3.8021248e-165
-5.7225651e-172
8.2542499e-179
-1.2592644e-185
1.7678208e-192
-2.4568999e-199
3.5041174e-206
-5.4143405e-213
7.6153978e-220
-1.0069027e-226
1.4247996e-233
-2.0337526e-240
3.0406243e-247
-4.2101186e-254
5.6428684e-261
-7.1646427e-268
7.4038852e-275
-4.5995736e-282
1.4583276e-289
-3.30159e-297
1.0814683e-304
-1.2774379e-311
-1.4285352e-10
1.425548e-23
-2.1119915e-36
8.3248881e-49
-1.3267984e-60
1.2184944e-71
-9.2069063e-82
9.0683548e-91
-3.6030043e-98
-7.8109063e-104
1.614462e-110
-2.7175526e-117
4.143403e-124
-6.4243011e-131
1.0588461e-137
-1.5891681e-144
2.775355e-151
-4.3836666e-158
6.7719801e-165
-1.0700315e-171
1.6428081e-178
-2.4728887e-185
3.7929455e-192
-5.9115841e-199
8.5872654e-206
-1.2794689e-212
1.8736725e-219
-2.9417461e-226
4.2174988e-233
-6.6775817e-240
1.025759e-246
-1.3805596e-253
1.964943e-260
-3.0214203e-267
3.1838502e-274
-1.99276e-281
6.52291e-289
-1.45936e-296
4.777945e-304
-6.6664148e-311
-1.4285131e-10
1.4255108e-23
-2.1119269e-36
8.3246619e-49
-1.3267543e-60
1.2183593e-71
-9.2033405e-82
9.0567322e-91
-3.679409e-98
-3.394761e-104
6.7348657e-111
-1.0619482e-117
2.0152545e-124
-3.2504758e-131
5.4248461e-138
-8.7292765e-145
1.4066812e-151
-2.2460463e-158
3.5216174e-165
-5.1357126e-172
8.1983679e-179
-1.3240139e-185
2.2110006e-192
-3.249435e-199
5.411615e-206
-9.0781072e-213
1.4494136e-219
-2.2954322e-226
3.7454977e-233
-5.9866433e-240
9.4123613e-247
-1.3998572e-253
2.1332463e-260
-3.0939977e-267
3.4437348e-274
-2.2019219e-281
7.187758e-289
-1.6344576e-296
5.5000449e-304
-7.939366e-311
-1.4284881e-10
1.425467e-23
-2.111841e-36
8.3242911e-49
-1.326678e-60
1.2182032e-71
-9.2000523e-82
9.0446925e-91
-3.7432809e-98
-3.3050268e-104
7.1893519e-111
-1.322141e-117
2.5885764e-124
-4.5759084e-131
8.4715524e-138
-1.4074057e-144
2.324774e-151
-4.0863294e-158
6.6641389e-165
-1.2610287e-171
2.1033186e-178
-3.3101668e-185
5.6096041e-192
-9.9362513e-199
1.5061004e-205
-2.386928e-212
3.5990207e-219
-5.4331244e-226
8.6446048e-233
-1.4251368e-239
2.3969823e-246
-3.7064182e-253
5.9519573e-260
-8.5484231e-267
9.2175571e-274
-5.8099604e-281
1.9592681e-288
-4.4807885e-296
1.4912706e-303
-2.2308114e-310
-1.4284607e-10
1.4254168e-23
-2.1117349e-36
8.3237768e-49
-1.3265737e-60
1.2180376e-71
-9.1967451e-82
9.0421397e-91
-3.6924077e-98
-2.6863691e-104
5.8904928e-111
-1.1569428e-117
2.349245e-124
-4.3335809e-131
7.3522518e-138
-1.2973899e-144
2.2867106e-151
-4.5278419e-158
7.6834e-165
-1.3846093e-171
2.3799475e-178
-4.1784181e-185
6.7132985e-192
-1.2019719e-198
2.1381874e-205
-3.7036794e-212
6.305593e-219
-1.1198946e-225
1.9685115e-232
-3.322361e-239
5.3142109e-246
-8.9648304e-253
1.4982634e-259
-2.1981533e-266
2.5447486e-273
-1.6530311e-280
5.5716175e-288
-1.273045e-295
4.2800835e-303
-7.0211963e-310
-1.4284296e-10
1.4253594e-23
-2.1116059e-36
8.3231084e-49
-1.3264403e-60
1.2178478e-71
-9.1942817e-82
9.0416932e-91
-3.8620227e-98
-2.4166906e-104
5.8848118e-111
-1.2737538e-117
2.5898025e-124
-4.8856527e-131
8.7111989e-138
-1.630004e-144
3.0883968e-151
-5.3145784e-158
1.0567756e-164
-1.8539497e-171
3.6032746e-178
-6.8242973e-185
1.2680775e-191
-2.1409406e-198
4.0420643e-205
-7.2509221e-212
1.2213086e-218
-2.2822325e-225
4.2167454e-232
-7.3762289e-239
1.3543634e-245
-2.4660477e-252
4.5263869e-259
-7.2680162e-266
8.9559043e-273
-5.8164412e-280
1.9921644e-287
-4.680269e-295
1.5959281e-302
-2.4166443e-309
-1.4283958e-10
1.4252948e-23
-2.1114546e-36
8.3222868e-49
-1.3262708e-60
1.217647e-71
-9.1921789e-82
9.0323974e-91
-3.7794959e-98
-1.822892e-104
4.4593797e-111
-9.2117738e-118
2.0770575e-124
-4.4964933e-131
8.3827864e-138
-1.5254871e-144
3.2844754e-151
-7.4277397e-158
1.4307112e-164
-2.831792e-171
6.2560217e-178
-1.1936412e-184
2.1933344e-191
-4.2382007e-198
7.2540421e-205
-1.3373817e-211
2.3627405e-218
-4.5455804e-225
7.9049365e-232
-1.5115233e-238
2.7491387e-245
-5.1593472e-252
9.6643726e-259
-1.6220357e-265
1.9693458e-272
-1.3566905e-279
4.6579215e-287
-1.085058e-294
3.6947084e-302
-6.4081878e-309
-1.4283585e-10
1.4252226e-23
-2.1112796e-36
8.3213007e-49
-1.3260691e-60
1.2174091e-71
-9.1894033e-82
9.0368019e-91
-3.821411e-98
-1.3978324e-104
4.4391899e-111
-1.0147556e-117
2.1075757e-124
-4.3912612e-131
9.2856637e-138
-1.8360496e-144
3.7748048e-151
-8.3278918e-158
1.656489e-164
-3.3373749e-171
7.3593264e-178
-1.4675312e-184
3.0670332e-191
-6.2366749e-198
1.2472955e-204
-2.4592919e-211
4.7774269e-218
-8.8833212e-225
1.7427102e-231
-3.5318389e-238
7.3663539e-245
-1.4716559e-251
2.6402944e-258
-4.4209575e-265
5.7136901e-272
-4.0634952e-279
1.3845213e-286
-3.2604776e-294
1.1163547e-301
-1.9466516e-308
-1.428318e-10
1.425143e-23
-2.1110802e-36
8.3201492e-49
-1.325832e-60
1.2171627e-71
-9.1875911e-82
9.0252534e-91
-3.8896947e-98
-2.2523956e-104
5.5152291e-111
-1.3441614e-117
2.9791257e-124
-7.9294119e-131
1.7316241e-137
-4.2269872e-144
1.045494e-150
-2.4105945e-157
5.4903444e-164
-1.1059945e-170
2.539974e-177
-5.3175563e-184
1.2451554e-190
-2.5969941e-197
5.1778383e-204
-1.1367381e-210
2.2343281e-217
-4.376862e-224
9.1447203e-231
-1.6876803e-237
3.8405539e-244
-7.0443008e-251
1.2943552e-257
-2.4609722e-264
3.4071996e-271
-2.4314262e-278
8.5552589e-286
-2.0272665e-293
7.043887e-301
-1.2700942e-307
-1.4282738e-10
1.425055e-23
-2.1108544e-36
8.3188119e-49
-1.3255528e-60
1.2168738e-71
-9.18588e-82
9.0368079e-91
-3.9079584e-98
-2.2257054e-104
7.3322535e-111
-1.9104017e-117
5.1020235e-124
-1.2315016e-130
2.9912978e-137
-6.3632612e-144
1.484323e-150
-3.4967312e-157
8.9145603e-164
-1.8536298e-170
4.0571604e-177
-9.3907498e-184
2.177089e-190
-5.2588737e-197
1.3380847e-203
-2.9648872e-210
6.4383489e-217
-1.4639977e-223
2.9477493e-230
-6.9768025e-237
1.5224609e-243
-3.2786957e-250
6.8889982e-257
-1.5159739e-263
2.3105624e-270
-1.6866651e-277
5.8965337e-285
-1.3953475e-292
5.0212741e-300
-9.2550976e-307
-1.4282262e-10
1.424959e-23
-2.1106024e-36
8.3172871e-49
-1.3252346e-60
1.216546e-71
-9.1837818e-82
9.0351022e-91
-4.0293969e-98
-1.3600862e-104
5.3741565e-111
-1.379933e-117
3.5365243e-124
-8.8687704e-131
2.1835687e-137
-5.3715554e-144
1.3099516e-150
-3.2053954e-157
8.9391012e-164
-2.1730574e-170
5.2659378e-177
-1.3032876e-183
3.2580307e-190
-7.406913e-197
1.9036124e-203
-4.1705774e-210
9.2632862e-217
-2.2784767e-223
5.0608909e-230
-1.2631963e-236
3.5799965e-243
-8.9558323e-250
2.0323305e-256
-3.8896374e-263
5.4734454e-270
-4.0072112e-277
1.3952544e-284
-3.3787504e-292
1.2003313e-299
-2.4336401e-306
-1.4281749e-10
1.4248548e-23
-2.1103217e-36
8.3155588e-49
-1.3248708e-60
1.216191e-71
-9.1816964e-82
9.0413327e-91
-4.0895967e-98
-1.2995369e-104
5.0319219e-111
-1.3482813e-117
3.6733839e-124
-9.4398409e-131
2.201523e-137
-5.0360503e-144
1.4170985e-150
-4.0865038e-157
9.8782109e-164
-2.956253e-170
7.6632459e-177
-2.3899129e-183
5.4985865e-190
-1.5617206e-196
3.9083847e-203
-1.2161035e-209
3.0801275e-216
-7.2272937e-223
1.8694684e-229
-4.2191275e-236
9.965892e-243
-2.1869047e-249
5.9444504e-256
-1.3432262e-262
1.9153578e-269
-1.4401546e-276
5.1735481e-284
-1.2440568e-291
4.3961509e-299
-8.8629652e-306
-1.4281204e-10
1.4247426e-23
-2.1100121e-36
8.3136125e-49
-1.3244573e-60
1.2157984e-71
-9.1806324e-82
9.0473901e-91
-3.9779696e-98
-1.0934127e-104
4.8275152e-111
-1.7398523e-117
5.3239345e-124
-1.5453583e-130
3.9773989e-137
-1.1550609e-143
3.3801245e-150
-8.6912912e-157
2.1281256e-163
-5.9910682e-170
1.6566943e-176
-5.2117625e-183
1.5943244e-189
-4.0808321e-196
1.2748927e-202
-3.5507126e-209
1.0403132e-215
-2.5522938e-222
6.3960177e-229
-1.8318914e-235
4.5378104e-242
-1.1255356e-248
3.3859863e-255
-7.965079e-262
1.1214594e-268
-8.1144917e-276
2.9229691e-283
-7.0424118e-291
2.5668705e-298
-6.0524024e-305
-1.428063e-10
1.4246227e-23
-2.1096729e-36
8.3114344e-49
-1.3239912e-60
1.2153445e-71
-9.1791494e-82
9.0535794e-91
-4.0707986e-98
-9.7759587e-105
3.746721e-111
-1.2683774e-117
4.1676956e-124
-1.2556436e-130
3.7146692e-137
-1.292974e-143
4.6459763e-150
-1.257136e-156
3.6899065e-163
-1.183958e-169
3.5521521e-176
-8.9312744e-183
3.0247107e-189
-1.0226604e-195
2.6567958e-202
-8.4311451e-209
2.2079249e-215
-6.8636463e-222
2.2540597e-228
-7.2090232e-235
2.2468263e-241
-6.4545984e-248
1.686868e-254
-4.734084e-261
6.7725713e-268
-5.3671912e-275
1.9404256e-282
-4.8162923e-290
1.7875285e-297
-4.3138663e-304
-1.4280033e-10
1.4244963e-23
-2.1093036e-36
8.3090153e-49
-1.3234671e-60
1.2148489e-71
-9.1775736e-82
9.0600454e-91
-4.1521294e-98
-1.1035542e-104
6.1184258e-111
-1.9096508e-117
6.0044894e-124
-2.2876233e-130
8.6297185e-137
-3.2087857e-143
1.0001771e-149
-3.0659442e-156
1.0841801e-162
-3.190522e-169
1.1098745e-175
-4.2134788e-182
1.1328079e-188
-3.6011126e-195
1.0685575e-201
-3.7762632e-208
1.2893196e-214
-3.9426814e-221
1.1562357e-227
-3.572075e-234
1.009164e-240
-3.3972185e-247
1.057103e-253
-2.8198231e-260
5.5299484e-267
-4.3309863e-274
1.561348e-281
-3.8688378e-289
1.4237684e-296
-3.8420164e-303
-1.4279422e-10
1.4243645e-23
-2.108904e-36
8.3063299e-49
-1.3228784e-60
1.2142909e-71
-9.1762464e-82
9.0701417e-91
-4.3865379e-98
-1.1871802e-104
8.9004363e-111
-3.6849724e-117
1.5125348e-123
-4.9632769e-130
1.9083587e-136
-6.940729e-143
2.2255578e-149
-7.3022682e-156
2.3690873e-162
-8.3746281e-169
2.8093321e-175
-1.0070274e-181
4.8772734e-188
-1.4675709e-194
5.248935e-201
-1.7552296e-207
6.149337e-214
-2.1458277e-220
6.8060835e-227
-2.0508825e-233
6.7895733e-240
-2.0340615e-246
5.4431067e-253
-1.8653767e-259
3.3697526e-266
-2.7586856e-273
1.0165981e-280
-2.4951052e-288
9.4332766e-296
-2.9651968e-302
-1.427882e-10
1.4242305e-23
-2.1084774e-36
8.3033783e-49
-1.3222231e-60
1.2136683e-71
-9.1747985e-82
9.090715e-91
-4.2976196e-98
-9.9880252e-105
5.4219348e-111
-3.1243882e-117
1.2537289e-123
-4.3982791e-130
1.9204741e-136
-9.1403917e-143
3.5956667e-149
-1.3582016e-155
5.5053624e-162
-2.1666756e-168
7.972001e-175
-2.6981432e-181
1.1091608e-187
-4.369071e-194
1.5745545e-200
-4.9724483e-207
1.5407751e-213
-5.5607129e-220
2.1109428e-226
-7.4348555e-233
3.0099825e-239
-1.3049323e-245
5.0167187e-252
-1.5115999e-258
2.7864978e-265
-2.390585e-272
8.8647657e-280
-2.1893753e-287
8.184575e-295
-2.8847652e-301
-1.4278246e-10
1.4240976e-23
-2.1080264e-36
8.3001415e-49
-1.32149e-60
1.2129678e-71
-9.1734979e-82
9.1056319e-91
-4.5752619e-98
-1.0542361e-104
7.3151517e-111
-3.1581451e-117
1.3827026e-123
-5.9724873e-130
3.7129807e-136
-1.3623028e-142
6.3324669e-149
-3.1744696e-155
1.5318826e-161
-5.4507665e-168
2.6890542e-174
-1.1352051e-180
4.6590712e-187
-2.5693675e-193
8.2278199e-200
-4.0847609e-206
2.1004252e-212
-7.0037059e-219
2.7688079e-225
-1.1177569e-231
4.6169366e-238
-1.7022456e-244
5.9071775e-251
-1.8378288e-257
3.4116601e-264
-2.8938783e-271
1.0833516e-278
-2.7270795e-286
1.0464777e-293
-3.4355283e-300
-1.4277741e-10
1.4239719e-23
-2.1075578e-36
8.2966251e-49
-1.3206777e-60
1.2121968e-71
-9.171869e-82
9.12099e-91
-4.7447467e-98
-8.8872224e-105
8.8968873e-111
-4.4824496e-117
2.1344217e-123
-1.2369474e-129
7.4289635e-136
-3.7397385e-142
2.3699122e-148
-1.1418377e-154
4.6825942e-161
-2.1210285e-167
1.1592543e-173
-5.5324938e-180
2.4849156e-186
-1.2041954e-192
7.4317044e-199
-3.1200573e-205
1.4684255e-211
-6.5308015e-218
3.6463545e-224
-1.3625208e-230
5.8178046e-237
-2.6260658e-243
1.4647057e-249
-6.3075035e-256
1.3097502e-262
-1.0827351e-269
4.1958806e-277
-1.0468085e-284
4.0848343e-292
-1.4715753e-298
-1.4277367e-10
1.4238627e-23
-2.1070828e-36
8.292831e-49
-1.3197797e-60
1.2113292e-71
-9.1700136e-82
9.1426933e-91
-4.8189497e-98
-1.0825406e-104
2.1465796e-110
-1.3795858e-116
9.0127884e-123
-4.1406628e-129
2.553233e-135
-1.3854346e-141
5.9787955e-148
-2.9531598e-154
1.4984597e-160
-8.6984464e-167
4.7721665e-173
-3.3311099e-179
2.1249408e-185
-1.0429415e-191
5.2926911e-198
-2.2358032e-204
1.0183076e-210
-4.934783e-217
2.0011047e-223
-1.5058874e-229
9.2033629e-236
-3.8664054e-242
1.6162588e-248
-6.9040098e-255
1.6580854e-261
-1.4972777e-268
5.7721421e-276
-1.4529698e-283
5.6786446e-291
-2.1628486e-297
-1.427721e-10
1.4237836e-23
-2.1066195e-36
8.288795e-49
-1.3187916e-60
1.2103674e-71
-9.168972e-82
9.1699995e-91
-5.0796807e-98
-1.042202e-104
4.2346148e-110
-2.7726953e-116
1.7929984e-122
-1.1694949e-128
7.8379077e-135
-6.6397416e-141
3.9285896e-147
-2.2721954e-153
1.3976122e-159
-1.085729e-165
5.4525958e-172
-4.7689045e-178
3.3359604e-184
-1.7600337e-190
1.1084979e-196
-7.6563622e-203
5.59021e-209
-5.1818923e-215
3.1828526e-221
-2.2649692e-227
1.1746334e-233
-7.840493e-240
5.2908135e-246
-2.5593261e-252
6.4408277e-259
-5.6662795e-266
2.2048354e-273
-5.5936713e-281
2.1605884e-288
-1.3133055e-294
-1.4277402e-10
1.4237547e-23
-2.1061954e-36
8.2845752e-49
-1.3177129e-60
1.2093008e-71
-9.1670602e-82
9.2008373e-91
-5.4518958e-98
-9.3249658e-105
-1.5067266e-109
1.473286e-115
-1.3442799e-121
1.2908469e-127
-8.2225232e-134
6.6026049e-140
-3.4248601e-146
3.2279267e-152
-2.8727368e-158
2.2759327e-164
-1.4406395e-170
8.8841829e-177
-8.6870038e-183
7.2347119e-189
-6.4009889e-195
6.086989e-201
-4.9986464e-207
3.4612895e-213
-2.4832793e-219
1.7322024e-225
-1.0131226e-231
9.9586492e-238
-5.3085521e-244
2.4499401e-250
-6.6639616e-257
6.1428006e-264
-2.4560221e-271
6.3223138e-279
-2.5281097e-286
1.671488e-292
-1.4278161e-10
1.4238086e-23
-2.105856e-36
8.2802802e-49
-1.3165464e-60
1.2081264e-71
-9.1654965e-82
9.2320522e-91
-5.645753e-98
-9.400673e-105
1.1785659e-109
-1.4243477e-115
3.1130321e-121
-1.8306064e-127
2.3954801e-133
-2.7779117e-139
3.2555519e-145
-4.5562117e-151
5.3749488e-157
-5.6675231e-163
4.3355688e-169
-6.0350858e-175
4.339494e-181
-1.7296783e-186
1.4471214e-192
-1.0778453e-198
8.378375e-205
-6.4184744e-211
5.004404e-217
-4.7459313e-223
4.5350812e-229
-3.1745665e-235
2.2588578e-241
-1.56981e-247
3.6656054e-254
-3.3917596e-261
1.3569033e-268
-3.5399145e-276
1.4218915e-283
-8.0072986e-290
-1.4279772e-10
1.4239861e-23
-2.1056623e-36
8.276113e-49
-1.3153231e-60
1.2068669e-71
-9.164465e-82
9.2640527e-91
-5.9391946e-98
-9.282551e-105
-1.3188121e-110
2.1026984e-116
-2.3370201e-122
2.7967138e-128
-3.790477e-134
3.3952052e-140
-3.8457282e-146
2.8952398e-152
-2.1082903e-158
1.6912909e-164
-1.6411633e-170
1.7095298e-176
-4.3838313e-183
-3.7071745e-188
1.0998004e-192
-3.1711309e-198
3.2924017e-204
-3.5742516e-210
4.9047073e-216
-1.010646e-221
1.7475821e-227
-6.351365e-233
2.0838787e-240
4.5140578e-245
-2.7196247e-251
4.1712379e-258
-1.9643633e-265
5.490127e-273
-2.2575975e-280
1.3267831e-286
-1.4283103e-10
1.4244187e-23
-2.105792e-36
8.2724807e-49
-1.3140417e-60
1.2055011e-71
-9.1634018e-82
9.3167988e-91
-6.4024935e-98
-9.4189162e-105
-3.9396877e-110
4.4881939e-116
-3.1081991e-121
7.4931263e-127
-1.2936023e-132
1.8563968e-138
-1.7156196e-144
2.0130338e-150
-2.2023923e-156
1.2569528e-161
-1.5974068e-167
2.5296656e-173
-3.4183462e-179
9.2596469e-185
-1.8514635e-190
2.6342043e-195
-4.6619673e-201
3.4303547e-207
-3.0712812e-213
4.2454324e-218
-7.0695434e-224
9.5950371e-229
-3.013766e-235
5.4874687e-241
-6.7242941e-248
2.8797371e-255
-7.8553035e-263
1.8035975e-270
-8.4184273e-278
1.6632456e-282
-1.4287502e-10
1.4249702e-23
-2.1061221e-36
8.2698228e-49
-1.3129568e-60
1.2043122e-71
-9.1634607e-82
9.3592276e-91
-6.8783127e-98
-1.0843036e-104
-1.0113924e-110
2.0603597e-115
-2.2340945e-121
3.4471226e-127
-1.3098945e-132
1.2390183e-137
-1.4740238e-143
3.4226673e-149
-4.618851e-155
-3.1063471e-160
6.1983273e-166
4.2655732e-170
-2.5984771e-175
-1.1555433e-180
6.0977391e-186
-9.4653855e-192
4.2251175e-197
-1.2254177e-202
2.3767612e-208
-2.2250418e-212
5.5367659e-218
-1.396647e-223
3.1608315e-229
-4.3742059e-235
1.5571802e-241
-1.6294682e-248
6.7305144e-256
-1.7797334e-263
7.3810563e-271
-1.4280414e-276
-1.4306131e-10
1.4275071e-23
-2.1089569e-36
8.2719588e-49
-1.3116829e-60
1.2025793e-71
-9.1692933e-82
9.4570684e-91
-8.0973689e-98
-1.1831518e-104
-7.6545636e-111
3.2479912e-116
6.5963855e-122
-5.8247786e-126
2.63409e-131
-4.8941324e-137
-1.8856224e-142
2.3754117e-148
7.2162654e-154
-1.2727735e-159
2.8882621e-165
-7.7552088e-171
2.3463663e-176
-4.1616288e-182
5.5682625e-188
-2.5845545e-193
-2.4720933e-198
-1.5048583e-203
5.0732187e-209
1.8250015e-213
-3.3376393e-219
1.3447206e-224
3.4344767e-230
-4.33857e-236
1.4559778e-242
-1.5253806e-249
6.3273025e-257
-1.6815351e-264
7.0113816e-272
-5.0349744e-277
)
;

boundaryField
{
    wall
    {
        type            fixedValue;
        value           uniform 350;
    }
    sides
    {
        type            zeroGradient;
    }
    frontAndBack
    {
        type            empty;
    }
    inlet
    {
        type            fixedValue;
        value           uniform 300;
    }
    outlet
    {
        type            zeroGradient;
    }
}


// ************************************************************************* //
