/*--------------------------------*- C++ -*----------------------------------*\
  =========                 |
  \\      /  F ield         | OpenFOAM: The Open Source CFD Toolbox
   \\    /   O peration     | Website:  https://openfoam.org
    \\  /    A nd           | Version:  10
     \\/     M anipulation  |
\*---------------------------------------------------------------------------*/
FoamFile
{
    format      ascii;
    class       volScalarField;
    location    "0.28";
    object      rho;
}
// * * * * * * * * * * * * * * * * * * * * * * * * * * * * * * * * * * * * * //

dimensions      [1 -3 0 0 0 0 0];

internalField   nonuniform List<scalar> 
4000
(
1.1257779
1.1399124
1.1374518
1.1374123
1.1374156
1.1374153
1.1374153
1.1374153
1.1374152
1.1374152
1.1374152
1.1374152
1.1374152
1.1374152
1.1374152
1.1374151
1.1374151
1.1374151
1.1374151
1.1374151
1.1374151
1.1374151
1.1374151
1.1374151
1.1374151
1.1374151
1.1374152
1.1374152
1.1374152
1.1374152
1.1374152
1.1374152
1.1374152
1.1374153
1.1374153
1.1374153
1.1374154
1.1374154
1.1374155
1.1374158
1.1019211
1.1431582
1.1382532
1.1374084
1.1374123
1.1374154
1.1374153
1.1374153
1.1374152
1.1374152
1.1374152
1.1374152
1.1374152
1.1374152
1.1374152
1.1374151
1.1374151
1.1374151
1.1374151
1.1374151
1.1374151
1.1374151
1.1374151
1.1374151
1.1374151
1.1374151
1.1374152
1.1374152
1.1374152
1.1374152
1.1374152
1.1374152
1.1374152
1.1374152
1.1374153
1.1374153
1.1374154
1.1374154
1.1374155
1.1374156
1.07981
1.1424247
1.1397246
1.1375075
1.1373999
1.1374144
1.1374153
1.1374152
1.1374152
1.1374152
1.1374152
1.1374152
1.1374152
1.1374152
1.1374152
1.1374151
1.1374151
1.1374151
1.1374151
1.1374151
1.1374151
1.1374151
1.1374151
1.1374151
1.1374151
1.1374151
1.1374151
1.1374152
1.1374152
1.1374152
1.1374152
1.1374152
1.1374152
1.1374152
1.1374153
1.1374153
1.1374153
1.1374154
1.1374154
1.1374154
1.060552
1.1379998
1.1412776
1.1378139
1.1373882
1.13741
1.1374152
1.1374153
1.1374152
1.1374152
1.1374152
1.1374152
1.1374152
1.1374152
1.1374151
1.1374151
1.1374151
1.1374151
1.1374151
1.1374151
1.1374151
1.1374151
1.1374151
1.1374151
1.1374151
1.1374151
1.1374151
1.1374152
1.1374152
1.1374152
1.1374152
1.1374152
1.1374152
1.1374152
1.1374153
1.1374153
1.1374153
1.1374154
1.1374154
1.1374152
1.0445501
1.131004
1.1423275
1.1383521
1.1374031
1.1374009
1.1374146
1.1374153
1.1374152
1.1374152
1.1374152
1.1374152
1.1374152
1.1374152
1.1374151
1.1374151
1.1374151
1.1374151
1.1374151
1.1374151
1.1374151
1.1374151
1.1374151
1.1374151
1.1374151
1.1374151
1.1374151
1.1374151
1.1374152
1.1374152
1.1374152
1.1374152
1.1374152
1.1374152
1.1374152
1.1374153
1.1374153
1.1374153
1.1374153
1.1374151
1.0318707
1.1226404
1.1425062
1.1390545
1.1374749
1.1373888
1.1374125
1.1374153
1.1374152
1.1374152
1.1374152
1.1374152
1.1374152
1.1374151
1.1374151
1.1374151
1.1374151
1.1374151
1.1374151
1.1374151
1.1374151
1.1374151
1.1374151
1.1374151
1.1374151
1.1374151
1.1374151
1.1374151
1.1374151
1.1374152
1.1374152
1.1374152
1.1374152
1.1374152
1.1374152
1.1374152
1.1374153
1.1374153
1.1374152
1.1374151
1.0223196
1.1139074
1.1417123
1.139795
1.1376232
1.1373796
1.1374083
1.1374152
1.1374152
1.1374152
1.1374152
1.1374152
1.1374151
1.1374151
1.1374151
1.1374151
1.1374151
1.1374151
1.1374151
1.1374151
1.1374151
1.1374151
1.1374151
1.1374151
1.1374151
1.1374151
1.1374151
1.1374151
1.1374151
1.1374151
1.1374152
1.1374152
1.1374152
1.1374152
1.1374152
1.1374152
1.1374152
1.1374153
1.1374152
1.137415
1.0154815
1.1054857
1.1400456
1.1404422
1.1378485
1.1373814
1.1374021
1.1374146
1.1374153
1.1374152
1.1374152
1.1374151
1.1374151
1.1374151
1.1374151
1.1374151
1.1374151
1.1374151
1.1374151
1.1374151
1.1374151
1.1374151
1.1374151
1.1374151
1.1374151
1.1374151
1.1374151
1.1374151
1.1374151
1.1374151
1.1374151
1.1374152
1.1374152
1.1374152
1.1374152
1.1374152
1.1374152
1.1374152
1.1374151
1.137415
1.0108119
1.0977555
1.1377022
1.1408967
1.1381343
1.1374018
1.1373946
1.1374134
1.1374153
1.1374152
1.1374151
1.1374151
1.1374151
1.1374151
1.1374151
1.1374151
1.1374151
1.1374151
1.1374151
1.1374151
1.1374151
1.1374151
1.1374151
1.1374151
1.1374151
1.1374151
1.1374151
1.1374151
1.1374151
1.1374151
1.1374151
1.1374151
1.1374152
1.1374152
1.1374152
1.1374152
1.1374152
1.1374152
1.1374151
1.1374149
1.0077421
1.0908745
1.1348963
1.141103
1.1384539
1.1374458
1.1373877
1.1374114
1.1374153
1.1374152
1.1374151
1.1374151
1.1374151
1.1374151
1.1374151
1.1374151
1.1374151
1.1374151
1.1374151
1.1374151
1.1374151
1.1374151
1.1374151
1.1374151
1.1374151
1.1374151
1.1374151
1.1374151
1.1374151
1.1374151
1.1374151
1.1374151
1.1374151
1.1374152
1.1374152
1.1374152
1.1374152
1.1374152
1.137415
1.1374149
1.0057606
1.0848571
1.1318173
1.1410438
1.1387781
1.137515
1.1373833
1.1374085
1.1374151
1.1374152
1.1374151
1.1374151
1.1374151
1.1374151
1.1374151
1.1374151
1.1374151
1.1374151
1.1374151
1.1374151
1.1374151
1.1374151
1.1374151
1.1374151
1.1374151
1.1374151
1.1374151
1.1374151
1.1374151
1.1374151
1.1374151
1.1374151
1.1374151
1.1374151
1.1374151
1.1374152
1.1374152
1.1374151
1.137415
1.1374149
1.0044604
1.0796379
1.1286131
1.1407294
1.1390801
1.1376076
1.1373835
1.1374049
1.1374147
1.1374153
1.1374151
1.1374151
1.1374151
1.1374151
1.1374151
1.1374151
1.1374151
1.1374151
1.1374151
1.1374151
1.1374151
1.1374151
1.1374151
1.1374151
1.1374151
1.1374151
1.1374151
1.1374151
1.1374151
1.1374151
1.1374151
1.1374151
1.1374151
1.1374151
1.1374151
1.1374152
1.1374152
1.1374151
1.1374149
1.1374149
1.0035508
1.0751153
1.1253884
1.1401857
1.1393386
1.1377197
1.13739
1.1374012
1.137414
1.1374153
1.1374151
1.1374151
1.1374151
1.1374151
1.1374151
1.1374151
1.1374151
1.1374151
1.1374151
1.1374151
1.1374151
1.1374151
1.1374151
1.1374151
1.1374151
1.1374151
1.1374151
1.1374151
1.1374151
1.1374151
1.1374151
1.1374151
1.1374151
1.1374151
1.1374151
1.1374151
1.1374151
1.1374151
1.1374149
1.1374149
1.0028452
1.07118
1.1222115
1.1394453
1.1395385
1.1378455
1.137404
1.1373976
1.137413
1.1374152
1.1374152
1.1374151
1.1374151
1.1374151
1.1374151
1.1374151
1.1374151
1.1374151
1.1374151
1.1374151
1.1374151
1.1374151
1.1374151
1.1374151
1.1374151
1.1374151
1.1374151
1.1374151
1.1374151
1.1374151
1.1374151
1.1374151
1.1374151
1.1374151
1.1374151
1.1374151
1.1374151
1.137415
1.1374149
1.1374149
1.0022352
1.0677298
1.1191236
1.1385415
1.1396703
1.1379792
1.1374259
1.1373948
1.1374117
1.1374152
1.1374152
1.1374151
1.1374151
1.1374151
1.1374151
1.1374151
1.1374151
1.1374151
1.1374151
1.1374151
1.1374151
1.1374151
1.1374151
1.1374151
1.1374151
1.1374151
1.1374151
1.1374151
1.1374151
1.1374151
1.1374151
1.1374151
1.1374151
1.1374151
1.1374151
1.1374151
1.1374151
1.137415
1.1374149
1.1374149
1.0016655
1.0646763
1.1161464
1.137505
1.1397293
1.1381146
1.1374558
1.1373933
1.1374102
1.137415
1.1374152
1.1374151
1.1374151
1.1374151
1.1374151
1.1374151
1.1374151
1.1374151
1.1374151
1.1374151
1.1374151
1.1374151
1.1374151
1.1374151
1.1374151
1.1374151
1.1374151
1.1374151
1.1374151
1.1374151
1.1374151
1.1374151
1.1374151
1.1374151
1.1374151
1.1374151
1.1374151
1.137415
1.1374149
1.1374149
1.0011122
1.0619468
1.1132896
1.1363627
1.139714
1.1382462
1.137493
1.1373935
1.1374085
1.1374147
1.1374152
1.1374151
1.1374151
1.1374151
1.1374151
1.1374151
1.1374151
1.1374151
1.1374151
1.1374151
1.1374151
1.1374151
1.1374151
1.1374151
1.1374151
1.1374151
1.1374151
1.1374151
1.1374151
1.1374151
1.1374151
1.1374151
1.1374151
1.1374151
1.1374151
1.1374151
1.1374151
1.137415
1.1374149
1.1374149
1.0005685
1.059483
1.1105552
1.1351377
1.1396255
1.1383692
1.1375368
1.1373959
1.1374068
1.1374144
1.1374152
1.1374151
1.1374151
1.1374151
1.1374151
1.1374151
1.1374151
1.1374151
1.1374151
1.1374151
1.1374151
1.1374151
1.1374151
1.1374151
1.1374151
1.1374151
1.1374151
1.1374151
1.1374151
1.1374151
1.1374151
1.1374151
1.1374151
1.1374151
1.1374151
1.1374151
1.1374151
1.137415
1.1374149
1.1374148
1.0000353
1.0572392
1.1079407
1.1338489
1.1394663
1.1384792
1.137586
1.1374008
1.1374053
1.1374139
1.1374152
1.1374151
1.1374151
1.1374151
1.1374151
1.1374151
1.1374151
1.1374151
1.1374151
1.1374151
1.1374151
1.1374151
1.1374151
1.1374151
1.1374151
1.1374151
1.1374151
1.1374151
1.1374151
1.1374151
1.1374151
1.1374151
1.1374151
1.1374151
1.1374151
1.1374151
1.137415
1.1374149
1.1374148
1.1374148
0.99951627
1.0551801
1.1054419
1.1325121
1.1392402
1.138573
1.1376393
1.1374082
1.137404
1.1374133
1.1374151
1.1374151
1.1374151
1.1374151
1.1374151
1.137415
1.137415
1.137415
1.137415
1.137415
1.137415
1.137415
1.137415
1.137415
1.137415
1.137415
1.137415
1.1374151
1.1374151
1.1374151
1.1374151
1.1374151
1.1374151
1.1374151
1.1374151
1.1374151
1.137415
1.1374149
1.1374148
1.1374148
0.9990151
1.0532783
1.1030532
1.1311402
1.1389512
1.1386477
1.1376953
1.1374183
1.1374031
1.1374127
1.137415
1.1374151
1.1374151
1.137415
1.137415
1.137415
1.137415
1.137415
1.137415
1.137415
1.137415
1.137415
1.137415
1.137415
1.137415
1.137415
1.137415
1.137415
1.137415
1.137415
1.1374151
1.1374151
1.1374151
1.1374151
1.1374151
1.1374151
1.137415
1.1374149
1.1374148
1.1374148
0.99853458
1.0515124
1.100769
1.1297439
1.1386039
1.1387012
1.1377528
1.1374311
1.1374027
1.137412
1.1374149
1.1374151
1.1374151
1.137415
1.137415
1.137415
1.137415
1.137415
1.137415
1.137415
1.137415
1.137415
1.137415
1.137415
1.137415
1.137415
1.137415
1.137415
1.137415
1.137415
1.137415
1.1374151
1.1374151
1.1374151
1.1374151
1.1374151
1.137415
1.1374149
1.1374148
1.1374148
0.99807634
1.0498658
1.0985837
1.1283322
1.1382028
1.138732
1.1378101
1.1374464
1.137403
1.1374113
1.1374148
1.1374151
1.1374151
1.137415
1.137415
1.137415
1.137415
1.137415
1.137415
1.137415
1.137415
1.137415
1.137415
1.137415
1.137415
1.137415
1.137415
1.137415
1.137415
1.137415
1.137415
1.137415
1.1374151
1.1374151
1.1374151
1.1374151
1.137415
1.1374149
1.1374148
1.1374148
0.99764097
1.048325
1.0964921
1.1269124
1.1377525
1.1387388
1.1378662
1.1374641
1.1374041
1.1374106
1.1374146
1.1374151
1.1374151
1.137415
1.137415
1.137415
1.137415
1.137415
1.137415
1.137415
1.137415
1.137415
1.137415
1.137415
1.137415
1.137415
1.137415
1.137415
1.137415
1.137415
1.137415
1.137415
1.137415
1.1374151
1.1374151
1.137415
1.137415
1.1374149
1.1374148
1.1374148
0.99722821
1.046879
1.094489
1.1254905
1.1372573
1.1387211
1.1379195
1.1374838
1.137406
1.13741
1.1374144
1.1374151
1.137415
1.137415
1.137415
1.137415
1.137415
1.137415
1.137415
1.137415
1.137415
1.137415
1.137415
1.137415
1.137415
1.137415
1.137415
1.137415
1.137415
1.137415
1.137415
1.137415
1.137415
1.1374151
1.1374151
1.137415
1.137415
1.1374149
1.1374148
1.1374148
0.99683728
1.0455185
1.0925699
1.1240717
1.1367215
1.1386784
1.1379691
1.1375054
1.1374088
1.1374095
1.1374141
1.137415
1.137415
1.137415
1.137415
1.137415
1.137415
1.137415
1.137415
1.137415
1.137415
1.137415
1.137415
1.137415
1.137415
1.137415
1.137415
1.137415
1.137415
1.137415
1.137415
1.137415
1.137415
1.137415
1.1374151
1.137415
1.137415
1.1374149
1.1374148
1.1374148
0.99646702
1.0442356
1.0907302
1.1226601
1.1361491
1.1386106
1.1380138
1.1375285
1.1374125
1.1374091
1.1374139
1.137415
1.137415
1.137415
1.137415
1.137415
1.137415
1.137415
1.137415
1.137415
1.137415
1.137415
1.137415
1.137415
1.137415
1.137415
1.137415
1.137415
1.137415
1.137415
1.137415
1.137415
1.137415
1.137415
1.137415
1.137415
1.1374149
1.1374148
1.1374148
1.1374148
0.99611612
1.0430236
1.0889658
1.1212592
1.135544
1.1385179
1.1380527
1.1375527
1.1374172
1.1374089
1.1374136
1.1374149
1.137415
1.137415
1.137415
1.137415
1.137415
1.137415
1.137415
1.137415
1.137415
1.137415
1.137415
1.137415
1.137415
1.137415
1.137415
1.137415
1.137415
1.137415
1.137415
1.137415
1.137415
1.137415
1.137415
1.137415
1.1374149
1.1374148
1.1374148
1.1374148
0.99578321
1.0418762
1.0872727
1.119872
1.1349097
1.1384007
1.1380847
1.1375776
1.1374229
1.1374089
1.1374133
1.1374149
1.137415
1.137415
1.137415
1.137415
1.137415
1.137415
1.137415
1.137415
1.137415
1.137415
1.137415
1.137415
1.137415
1.137415
1.137415
1.137415
1.137415
1.137415
1.137415
1.137415
1.137415
1.137415
1.137415
1.137415
1.1374149
1.1374148
1.1374148
1.1374148
0.99546691
1.0407883
1.0856471
1.1185007
1.1342496
1.1382594
1.1381093
1.1376029
1.1374295
1.1374092
1.137413
1.1374148
1.137415
1.137415
1.137415
1.137415
1.137415
1.137415
1.137415
1.137415
1.137415
1.137415
1.137415
1.137415
1.137415
1.137415
1.137415
1.137415
1.137415
1.137415
1.137415
1.137415
1.137415
1.137415
1.137415
1.137415
1.1374149
1.1374148
1.1374148
1.1374148
0.99516596
1.0397548
1.0840856
1.1171474
1.1335668
1.1380947
1.1381257
1.137628
1.137437
1.1374097
1.1374128
1.1374147
1.137415
1.137415
1.137415
1.137415
1.137415
1.137415
1.137415
1.137415
1.137415
1.137415
1.137415
1.137415
1.137415
1.137415
1.137415
1.137415
1.137415
1.137415
1.137415
1.137415
1.137415
1.137415
1.137415
1.137415
1.1374149
1.1374148
1.1374148
1.1374148
0.99487916
1.0387715
1.0825846
1.1158134
1.1328641
1.1379075
1.1381334
1.1376527
1.1374453
1.1374106
1.1374125
1.1374146
1.137415
1.137415
1.137415
1.137415
1.137415
1.137415
1.137415
1.137415
1.137415
1.137415
1.137415
1.137415
1.137415
1.137415
1.137415
1.137415
1.137415
1.137415
1.137415
1.137415
1.137415
1.137415
1.137415
1.137415
1.1374149
1.1374148
1.1374148
1.1374148
0.99460541
1.0378346
1.081141
1.1144999
1.1321442
1.1376984
1.1381318
1.1376765
1.1374543
1.1374118
1.1374124
1.1374145
1.137415
1.137415
1.137415
1.137415
1.137415
1.137415
1.137415
1.137415
1.137415
1.137415
1.137415
1.137415
1.137415
1.137415
1.137415
1.137415
1.137415
1.137415
1.137415
1.137415
1.137415
1.137415
1.137415
1.137415
1.1374149
1.1374148
1.1374148
1.1374148
0.99434372
1.0369404
1.0797518
1.113208
1.1314096
1.1374684
1.1381207
1.1376989
1.1374641
1.1374134
1.1374122
1.1374144
1.137415
1.137415
1.137415
1.137415
1.137415
1.137415
1.137415
1.137415
1.137415
1.137415
1.137415
1.137415
1.137415
1.137415
1.137415
1.137415
1.137415
1.137415
1.137415
1.137415
1.137415
1.137415
1.137415
1.137415
1.1374149
1.1374148
1.1374148
1.1374148
0.99409322
1.0360858
1.078414
1.1119383
1.1306625
1.1372184
1.1380996
1.1377198
1.1374743
1.1374153
1.1374122
1.1374143
1.1374149
1.137415
1.137415
1.137415
1.137415
1.137415
1.137415
1.137415
1.137415
1.137415
1.137415
1.137415
1.137415
1.137415
1.137415
1.137415
1.137415
1.137415
1.137415
1.137415
1.137415
1.137415
1.137415
1.1374149
1.1374149
1.1374148
1.1374148
1.1374148
0.99385309
1.035268
1.077125
1.1106912
1.129905
1.1369494
1.1380683
1.1377386
1.137485
1.1374176
1.1374122
1.1374142
1.1374149
1.137415
1.137415
1.137415
1.137415
1.137415
1.137415
1.137415
1.137415
1.137415
1.137415
1.137415
1.137415
1.137415
1.137415
1.137415
1.137415
1.137415
1.137415
1.137415
1.137415
1.137415
1.137415
1.1374149
1.1374149
1.1374148
1.1374148
1.1374148
0.99362264
1.0344843
1.0758822
1.1094672
1.129139
1.1366623
1.1380268
1.137755
1.1374961
1.1374202
1.1374123
1.1374141
1.1374149
1.137415
1.137415
1.137415
1.137415
1.137415
1.137415
1.137415
1.137415
1.137415
1.137415
1.137415
1.137415
1.137415
1.137415
1.137415
1.137415
1.137415
1.137415
1.137415
1.137415
1.137415
1.137415
1.1374149
1.1374148
1.1374148
1.1374148
1.1374147
0.99340121
1.0337326
1.0746832
1.1082663
1.1283661
1.1363582
1.1379748
1.1377688
1.1375073
1.1374232
1.1374125
1.137414
1.1374148
1.137415
1.137415
1.137415
1.137415
1.137415
1.137415
1.137415
1.137415
1.137415
1.137415
1.137415
1.137415
1.137415
1.137415
1.137415
1.137415
1.137415
1.137415
1.137415
1.137415
1.137415
1.137415
1.1374149
1.1374148
1.1374148
1.1374147
1.1374147
0.99318824
1.0330106
1.0735257
1.1070886
1.127588
1.1360379
1.1379123
1.1377795
1.1375185
1.1374266
1.1374129
1.1374139
1.1374148
1.137415
1.137415
1.137415
1.137415
1.137415
1.137415
1.137415
1.137415
1.137415
1.137415
1.137415
1.137415
1.137415
1.137415
1.137415
1.137415
1.137415
1.137415
1.137415
1.137415
1.137415
1.137415
1.1374149
1.1374148
1.1374148
1.1374147
1.1374147
0.99298321
1.0323165
1.0724077
1.1059341
1.1268061
1.1357024
1.1378394
1.137787
1.1375297
1.1374303
1.1374133
1.1374138
1.1374147
1.1374149
1.137415
1.137415
1.137415
1.137415
1.137415
1.137415
1.137415
1.137415
1.137415
1.137415
1.137415
1.137415
1.137415
1.137415
1.137415
1.137415
1.137415
1.137415
1.137415
1.137415
1.137415
1.1374149
1.1374148
1.1374148
1.1374147
1.1374147
0.99278566
1.0316486
1.0713273
1.1048027
1.1260217
1.1353527
1.137756
1.137791
1.1375407
1.1374342
1.1374139
1.1374138
1.1374147
1.1374149
1.137415
1.137415
1.1374149
1.1374149
1.1374149
1.1374149
1.1374149
1.1374149
1.1374149
1.1374149
1.1374149
1.1374149
1.137415
1.137415
1.137415
1.137415
1.137415
1.137415
1.137415
1.137415
1.137415
1.1374149
1.1374148
1.1374147
1.1374147
1.1374147
0.99259517
1.0310054
1.0702824
1.1036942
1.1252361
1.1349897
1.1376623
1.1377912
1.1375512
1.1374385
1.1374147
1.1374138
1.1374147
1.1374149
1.137415
1.1374149
1.1374149
1.1374149
1.1374149
1.1374149
1.1374149
1.1374149
1.1374149
1.1374149
1.1374149
1.1374149
1.1374149
1.137415
1.137415
1.137415
1.137415
1.137415
1.137415
1.137415
1.1374149
1.1374149
1.1374148
1.1374147
1.1374147
1.1374147
0.99241135
1.0303853
1.0692715
1.1026084
1.1244502
1.1346143
1.1375584
1.1377875
1.1375613
1.137443
1.1374155
1.1374138
1.1374146
1.1374149
1.1374149
1.1374149
1.1374149
1.1374149
1.1374149
1.1374149
1.1374149
1.1374149
1.1374149
1.1374149
1.1374149
1.1374149
1.1374149
1.1374149
1.1374149
1.137415
1.137415
1.137415
1.137415
1.137415
1.1374149
1.1374149
1.1374148
1.1374147
1.1374147
1.1374147
0.99223388
1.0297873
1.068293
1.101545
1.1236651
1.1342274
1.1374445
1.1377796
1.1375707
1.1374476
1.1374166
1.1374138
1.1374146
1.1374149
1.1374149
1.1374149
1.1374149
1.1374149
1.1374149
1.1374149
1.1374149
1.1374149
1.1374149
1.1374149
1.1374149
1.1374149
1.1374149
1.1374149
1.1374149
1.137415
1.137415
1.137415
1.137415
1.137415
1.1374149
1.1374149
1.1374148
1.1374147
1.1374147
1.1374147
0.99206244
1.02921
1.0673453
1.1005037
1.1228817
1.1338297
1.1373206
1.1377674
1.1375793
1.1374525
1.1374177
1.1374139
1.1374145
1.1374149
1.1374149
1.1374149
1.1374149
1.1374149
1.1374149
1.1374149
1.1374149
1.1374149
1.1374149
1.1374149
1.1374149
1.1374149
1.1374149
1.1374149
1.1374149
1.1374149
1.137415
1.137415
1.137415
1.137415
1.1374149
1.1374149
1.1374148
1.1374147
1.1374147
1.1374147
0.99189674
1.0286524
1.0664272
1.0994841
1.1221008
1.1334222
1.1371871
1.1377507
1.137587
1.1374575
1.137419
1.137414
1.1374145
1.1374149
1.1374149
1.1374149
1.1374149
1.1374149
1.1374149
1.1374149
1.1374149
1.1374149
1.1374149
1.1374149
1.1374149
1.1374149
1.1374149
1.1374149
1.1374149
1.1374149
1.1374149
1.137415
1.137415
1.137415
1.1374149
1.1374149
1.1374148
1.1374147
1.1374147
1.1374147
0.99173654
1.0281137
1.0655372
1.098486
1.1213231
1.1330056
1.1370441
1.1377294
1.1375936
1.1374625
1.1374205
1.1374142
1.1374145
1.1374148
1.1374149
1.1374149
1.1374149
1.1374149
1.1374149
1.1374149
1.1374149
1.1374149
1.1374149
1.1374149
1.1374149
1.1374149
1.1374149
1.1374149
1.1374149
1.1374149
1.1374149
1.137415
1.137415
1.1374149
1.1374149
1.1374148
1.1374148
1.1374147
1.1374147
1.1374147
0.9915816
1.0275928
1.0646742
1.0975091
1.1205494
1.1325807
1.136892
1.1377034
1.137599
1.1374675
1.137422
1.1374144
1.1374144
1.1374148
1.1374149
1.1374149
1.1374149
1.1374149
1.1374149
1.1374149
1.1374149
1.1374149
1.1374149
1.1374149
1.1374149
1.1374149
1.1374149
1.1374149
1.1374149
1.1374149
1.1374149
1.1374149
1.137415
1.1374149
1.1374149
1.1374148
1.1374148
1.1374147
1.1374147
1.1374147
0.99143171
1.027089
1.0638371
1.0965528
1.1197802
1.1321483
1.1367309
1.1376727
1.1376031
1.1374726
1.1374237
1.1374146
1.1374144
1.1374148
1.1374149
1.1374149
1.1374149
1.1374149
1.1374149
1.1374149
1.1374149
1.1374149
1.1374149
1.1374149
1.1374149
1.1374149
1.1374149
1.1374149
1.1374149
1.1374149
1.1374149
1.1374149
1.1374149
1.1374149
1.1374149
1.1374148
1.1374148
1.1374147
1.1374147
1.1374147
0.99128668
1.0266016
1.0630248
1.095617
1.1190161
1.1317089
1.1365611
1.137637
1.1376057
1.1374775
1.1374255
1.137415
1.1374144
1.1374148
1.1374149
1.1374149
1.1374149
1.1374149
1.1374149
1.1374149
1.1374149
1.1374149
1.1374149
1.1374149
1.1374149
1.1374149
1.1374149
1.1374149
1.1374149
1.1374149
1.1374149
1.1374149
1.1374149
1.1374149
1.1374149
1.1374148
1.1374147
1.1374147
1.1374147
1.1374147
0.99114635
1.0261299
1.0622365
1.0947012
1.1182576
1.1312634
1.136383
1.1375965
1.1376068
1.1374823
1.1374275
1.1374153
1.1374144
1.1374148
1.1374149
1.1374149
1.1374149
1.1374149
1.1374149
1.1374149
1.1374149
1.1374149
1.1374149
1.1374149
1.1374149
1.1374149
1.1374149
1.1374149
1.1374149
1.1374149
1.1374149
1.1374149
1.1374149
1.1374149
1.1374149
1.1374148
1.1374147
1.1374147
1.1374147
1.1374147
0.99101057
1.0256734
1.0614713
1.0938051
1.1175052
1.1308124
1.1361968
1.137551
1.1376062
1.1374869
1.1374295
1.1374158
1.1374145
1.1374148
1.1374149
1.1374149
1.1374149
1.1374149
1.1374149
1.1374149
1.1374149
1.1374149
1.1374149
1.1374149
1.1374149
1.1374149
1.1374149
1.1374149
1.1374149
1.1374149
1.1374149
1.1374149
1.1374149
1.1374149
1.1374149
1.1374148
1.1374147
1.1374147
1.1374147
1.1374147
0.99087919
1.0252314
1.0607282
1.0929284
1.1167594
1.1303565
1.1360029
1.1375006
1.1376039
1.1374913
1.1374316
1.1374163
1.1374145
1.1374147
1.1374149
1.1374149
1.1374149
1.1374149
1.1374149
1.1374149
1.1374149
1.1374149
1.1374149
1.1374149
1.1374149
1.1374149
1.1374149
1.1374149
1.1374149
1.1374149
1.1374149
1.1374149
1.1374149
1.1374149
1.1374149
1.1374148
1.1374147
1.1374147
1.1374147
1.1374147
0.99075211
1.0248034
1.0600067
1.0920707
1.1160205
1.1298964
1.1358014
1.1374452
1.1375997
1.1374953
1.1374337
1.1374168
1.1374146
1.1374147
1.1374149
1.1374149
1.1374149
1.1374149
1.1374149
1.1374149
1.1374149
1.1374149
1.1374149
1.1374149
1.1374149
1.1374149
1.1374149
1.1374149
1.1374149
1.1374149
1.1374149
1.1374149
1.1374149
1.1374149
1.1374149
1.1374148
1.1374147
1.1374147
1.1374147
1.1374147
0.99062921
1.0243891
1.059306
1.0912318
1.1152888
1.1294326
1.1355929
1.1373849
1.1375936
1.137499
1.137436
1.1374174
1.1374146
1.1374147
1.1374149
1.1374149
1.1374149
1.1374149
1.1374149
1.1374149
1.1374149
1.1374149
1.1374149
1.1374149
1.1374149
1.1374149
1.1374149
1.1374149
1.1374149
1.1374149
1.1374149
1.1374149
1.1374149
1.1374149
1.1374149
1.1374148
1.1374147
1.1374147
1.1374147
1.1374146
0.99051042
1.0239881
1.0586254
1.0904114
1.1145648
1.1289656
1.1353775
1.1373196
1.1375854
1.1375023
1.1374382
1.1374181
1.1374147
1.1374147
1.1374149
1.1374149
1.1374149
1.1374149
1.1374149
1.1374149
1.1374149
1.1374149
1.1374149
1.1374149
1.1374149
1.1374149
1.1374149
1.1374149
1.1374149
1.1374149
1.1374149
1.1374149
1.1374149
1.1374149
1.1374148
1.1374148
1.1374147
1.1374147
1.1374147
1.1374146
0.99039566
1.0236
1.0579645
1.0896091
1.1138488
1.1284962
1.1351556
1.1372494
1.1375752
1.137505
1.1374405
1.1374188
1.1374148
1.1374147
1.1374148
1.1374149
1.1374149
1.1374149
1.1374149
1.1374149
1.1374149
1.1374149
1.1374149
1.1374149
1.1374149
1.1374149
1.1374149
1.1374149
1.1374149
1.1374149
1.1374149
1.1374149
1.1374149
1.1374149
1.1374148
1.1374148
1.1374147
1.1374147
1.1374146
1.1374146
0.99028488
1.0232245
1.0573227
1.0888248
1.113141
1.1280246
1.1349276
1.1371744
1.1375627
1.1375073
1.1374427
1.1374195
1.137415
1.1374147
1.1374148
1.1374149
1.1374149
1.1374149
1.1374149
1.1374149
1.1374149
1.1374149
1.1374149
1.1374149
1.1374149
1.1374149
1.1374149
1.1374149
1.1374149
1.1374149
1.1374149
1.1374149
1.1374149
1.1374149
1.1374148
1.1374148
1.1374147
1.1374147
1.1374146
1.1374146
0.99017804
1.0228613
1.0566996
1.0880582
1.1124418
1.1275516
1.1346937
1.1370946
1.1375481
1.1375089
1.137445
1.1374204
1.1374151
1.1374147
1.1374148
1.1374149
1.1374149
1.1374149
1.1374149
1.1374149
1.1374149
1.1374149
1.1374149
1.1374149
1.1374149
1.1374149
1.1374149
1.1374149
1.1374149
1.1374149
1.1374149
1.1374149
1.1374149
1.1374149
1.1374148
1.1374148
1.1374147
1.1374147
1.1374146
1.1374146
0.9900751
1.0225103
1.0560948
1.0873091
1.1117514
1.1270776
1.1344544
1.1370102
1.1375311
1.1375099
1.1374471
1.1374212
1.1374153
1.1374147
1.1374148
1.1374149
1.1374149
1.1374149
1.1374149
1.1374149
1.1374149
1.1374149
1.1374149
1.1374149
1.1374149
1.1374149
1.1374149
1.1374149
1.1374149
1.1374149
1.1374149
1.1374149
1.1374149
1.1374149
1.1374148
1.1374148
1.1374147
1.1374147
1.1374146
1.1374146
0.98997607
1.0221713
1.0555079
1.0865773
1.1110701
1.1266031
1.1342099
1.136921
1.1375118
1.1375102
1.1374492
1.1374221
1.1374155
1.1374147
1.1374148
1.1374149
1.1374149
1.1374149
1.1374149
1.1374149
1.1374149
1.1374149
1.1374149
1.1374149
1.1374149
1.1374149
1.1374149
1.1374149
1.1374149
1.1374149
1.1374149
1.1374149
1.1374149
1.1374149
1.1374148
1.1374147
1.1374147
1.1374146
1.1374146
1.1374146
0.98988093
1.0218442
1.0549386
1.0858626
1.110398
1.1261284
1.1339605
1.1368274
1.1374902
1.1375098
1.1374512
1.137423
1.1374157
1.1374148
1.1374148
1.1374149
1.1374149
1.1374149
1.1374149
1.1374149
1.1374149
1.1374149
1.1374149
1.1374149
1.1374149
1.1374149
1.1374149
1.1374149
1.1374149
1.1374149
1.1374149
1.1374149
1.1374149
1.1374149
1.1374148
1.1374147
1.1374147
1.1374146
1.1374146
1.1374146
0.9897897
1.0215289
1.0543867
1.085165
1.1097356
1.1256543
1.1337067
1.1367293
1.1374661
1.1375086
1.1374531
1.137424
1.137416
1.1374148
1.1374148
1.1374149
1.1374149
1.1374149
1.1374149
1.1374149
1.1374149
1.1374149
1.1374149
1.1374149
1.1374149
1.1374149
1.1374149
1.1374149
1.1374149
1.1374149
1.1374149
1.1374149
1.1374149
1.1374149
1.1374148
1.1374147
1.1374147
1.1374146
1.1374146
1.1374146
0.98970242
1.0212253
1.053852
1.0844844
1.109083
1.1251809
1.1334488
1.136627
1.1374397
1.1375065
1.1374549
1.137425
1.1374163
1.1374148
1.1374148
1.1374149
1.1374149
1.1374149
1.1374149
1.1374149
1.1374149
1.1374149
1.1374149
1.1374149
1.1374149
1.1374149
1.1374149
1.1374149
1.1374149
1.1374149
1.1374149
1.1374149
1.1374149
1.1374149
1.1374148
1.1374147
1.1374147
1.1374146
1.1374146
1.1374146
0.98961911
1.0209335
1.0533344
1.0838206
1.1084404
1.1247089
1.1331871
1.1365204
1.1374108
1.1375035
1.1374564
1.1374259
1.1374166
1.1374149
1.1374148
1.1374148
1.1374149
1.1374149
1.1374149
1.1374149
1.1374149
1.1374149
1.1374149
1.1374149
1.1374149
1.1374149
1.1374149
1.1374149
1.1374149
1.1374149
1.1374149
1.1374149
1.1374149
1.1374148
1.1374148
1.1374147
1.1374147
1.1374146
1.1374146
1.1374146
0.98953983
1.0206535
1.0528338
1.0831736
1.1078082
1.1242386
1.1329219
1.1364098
1.1373794
1.1374996
1.1374578
1.1374269
1.1374169
1.1374149
1.1374148
1.1374148
1.1374149
1.1374149
1.1374149
1.1374149
1.1374149
1.1374149
1.1374149
1.1374149
1.1374149
1.1374149
1.1374149
1.1374149
1.1374149
1.1374149
1.1374149
1.1374149
1.1374149
1.1374148
1.1374148
1.1374147
1.1374147
1.1374146
1.1374146
1.1374146
0.98946463
1.0203854
1.0523501
1.0825434
1.1071865
1.1237704
1.1326536
1.1362953
1.1373456
1.1374948
1.137459
1.1374279
1.1374172
1.137415
1.1374148
1.1374148
1.1374149
1.1374149
1.1374149
1.1374149
1.1374149
1.1374149
1.1374149
1.1374149
1.1374149
1.1374149
1.1374149
1.1374149
1.1374149
1.1374149
1.1374149
1.1374149
1.1374149
1.1374148
1.1374148
1.1374147
1.1374147
1.1374146
1.1374146
1.1374146
0.98939356
1.0201293
1.0518833
1.0819301
1.1065756
1.1233049
1.1323826
1.136177
1.1373094
1.1374889
1.1374599
1.1374289
1.1374176
1.1374151
1.1374148
1.1374148
1.1374149
1.1374149
1.1374149
1.1374149
1.1374149
1.1374149
1.1374149
1.1374149
1.1374149
1.1374149
1.1374149
1.1374149
1.1374149
1.1374149
1.1374149
1.1374149
1.1374149
1.1374148
1.1374148
1.1374147
1.1374146
1.1374146
1.1374146
1.1374146
0.98932671
1.0198853
1.0514336
1.0813336
1.1059758
1.1228423
1.1321091
1.136055
1.1372707
1.137482
1.1374605
1.1374299
1.1374179
1.1374152
1.1374148
1.1374148
1.1374148
1.1374149
1.1374149
1.1374149
1.1374149
1.1374149
1.1374149
1.1374149
1.1374149
1.1374149
1.1374149
1.1374149
1.1374149
1.1374149
1.1374149
1.1374149
1.1374149
1.1374148
1.1374148
1.1374147
1.1374146
1.1374146
1.1374146
1.1374145
0.98926411
1.0196536
1.0510011
1.0807542
1.1053873
1.1223832
1.1318337
1.1359297
1.1372296
1.1374741
1.1374609
1.1374308
1.1374183
1.1374153
1.1374148
1.1374148
1.1374148
1.1374148
1.1374148
1.1374148
1.1374148
1.1374148
1.1374148
1.1374148
1.1374149
1.1374149
1.1374149
1.1374149
1.1374149
1.1374149
1.1374149
1.1374149
1.1374149
1.1374148
1.1374148
1.1374147
1.1374146
1.1374146
1.1374146
1.1374145
0.98920584
1.0194345
1.0505858
1.0801919
1.1048105
1.1219279
1.1315565
1.1358011
1.1371861
1.137465
1.1374609
1.1374317
1.1374187
1.1374154
1.1374148
1.1374148
1.1374148
1.1374148
1.1374148
1.1374148
1.1374148
1.1374148
1.1374148
1.1374148
1.1374148
1.1374149
1.1374149
1.1374149
1.1374149
1.1374149
1.1374149
1.1374149
1.1374149
1.1374148
1.1374148
1.1374147
1.1374146
1.1374146
1.1374146
1.1374145
0.98915193
1.019228
1.0501881
1.079647
1.1042456
1.1214768
1.1312779
1.1356693
1.1371402
1.1374548
1.1374606
1.1374326
1.1374191
1.1374155
1.1374149
1.1374148
1.1374148
1.1374148
1.1374148
1.1374148
1.1374148
1.1374148
1.1374148
1.1374148
1.1374148
1.1374148
1.1374148
1.1374149
1.1374149
1.1374149
1.1374149
1.1374149
1.1374148
1.1374148
1.1374148
1.1374147
1.1374146
1.1374146
1.1374145
1.1374145
0.98910242
1.0190344
1.0498081
1.0791196
1.1036929
1.1210305
1.1309984
1.1355347
1.1370921
1.1374435
1.1374599
1.1374334
1.1374196
1.1374156
1.1374149
1.1374148
1.1374148
1.1374148
1.1374148
1.1374148
1.1374148
1.1374148
1.1374148
1.1374148
1.1374148
1.1374148
1.1374148
1.1374149
1.1374149
1.1374149
1.1374149
1.1374149
1.1374148
1.1374148
1.1374147
1.1374147
1.1374146
1.1374146
1.1374145
1.1374145
0.98905732
1.0188539
1.0494461
1.0786099
1.1031528
1.1205892
1.1307183
1.1353973
1.1370417
1.1374311
1.1374589
1.1374341
1.13742
1.1374157
1.1374149
1.1374148
1.1374148
1.1374148
1.1374148
1.1374148
1.1374148
1.1374148
1.1374148
1.1374148
1.1374148
1.1374148
1.1374148
1.1374148
1.1374149
1.1374149
1.1374149
1.1374149
1.1374148
1.1374148
1.1374147
1.1374147
1.1374146
1.1374146
1.1374145
1.1374145
0.98901662
1.0186867
1.0491025
1.0781183
1.1026257
1.1201534
1.1304379
1.1352575
1.136989
1.1374175
1.1374575
1.1374347
1.1374204
1.1374158
1.1374149
1.1374148
1.1374148
1.1374148
1.1374148
1.1374148
1.1374148
1.1374148
1.1374148
1.1374148
1.1374148
1.1374148
1.1374148
1.1374148
1.1374148
1.1374149
1.1374149
1.1374149
1.1374148
1.1374148
1.1374147
1.1374147
1.1374146
1.1374146
1.1374145
1.1374145
0.98898029
1.0185327
1.0487775
1.0776452
1.1021119
1.1197236
1.1301576
1.1351153
1.1369342
1.1374027
1.1374556
1.1374353
1.1374208
1.137416
1.1374149
1.1374148
1.1374148
1.1374148
1.1374148
1.1374148
1.1374148
1.1374148
1.1374148
1.1374148
1.1374148
1.1374148
1.1374148
1.1374148
1.1374148
1.1374149
1.1374149
1.1374149
1.1374148
1.1374148
1.1374147
1.1374147
1.1374146
1.1374146
1.1374145
1.1374145
0.98894825
1.0183921
1.0484714
1.0771908
1.1016117
1.1193002
1.1298779
1.134971
1.1368774
1.1373868
1.1374533
1.1374357
1.1374213
1.1374161
1.137415
1.1374148
1.1374148
1.1374148
1.1374148
1.1374148
1.1374148
1.1374148
1.1374148
1.1374148
1.1374148
1.1374148
1.1374148
1.1374148
1.1374148
1.1374148
1.1374149
1.1374148
1.1374148
1.1374148
1.1374147
1.1374147
1.1374146
1.1374146
1.1374145
1.1374145
0.98892039
1.018265
1.0481846
1.0767555
1.1011256
1.1188836
1.1295989
1.1348248
1.1368185
1.1373696
1.1374505
1.1374361
1.1374217
1.1374163
1.137415
1.1374148
1.1374148
1.1374148
1.1374148
1.1374148
1.1374148
1.1374148
1.1374148
1.1374148
1.1374148
1.1374148
1.1374148
1.1374148
1.1374148
1.1374148
1.1374148
1.1374148
1.1374148
1.1374148
1.1374147
1.1374147
1.1374146
1.1374146
1.1374145
1.1374145
0.98889659
1.018151
1.0479172
1.0763398
1.1006541
1.1184742
1.1293212
1.134677
1.1367577
1.1373514
1.1374473
1.1374363
1.1374221
1.1374165
1.1374151
1.1374148
1.1374148
1.1374148
1.1374148
1.1374148
1.1374148
1.1374148
1.1374148
1.1374148
1.1374148
1.1374148
1.1374148
1.1374148
1.1374148
1.1374148
1.1374148
1.1374148
1.1374148
1.1374148
1.1374147
1.1374146
1.1374146
1.1374145
1.1374145
1.1374145
0.98887665
1.0180502
1.0476695
1.075944
1.1001975
1.1180726
1.1290451
1.1345278
1.136695
1.1373319
1.1374436
1.1374364
1.1374225
1.1374166
1.1374151
1.1374148
1.1374148
1.1374148
1.1374148
1.1374148
1.1374148
1.1374148
1.1374148
1.1374148
1.1374148
1.1374148
1.1374148
1.1374148
1.1374148
1.1374148
1.1374148
1.1374148
1.1374148
1.1374148
1.1374147
1.1374146
1.1374146
1.1374145
1.1374145
1.1374145
0.98886036
1.0179622
1.0474415
1.0755685
1.0997563
1.117679
1.128771
1.1343774
1.1366307
1.1373113
1.1374393
1.1374363
1.1374228
1.1374168
1.1374151
1.1374148
1.1374148
1.1374148
1.1374148
1.1374148
1.1374148
1.1374148
1.1374148
1.1374148
1.1374148
1.1374148
1.1374148
1.1374148
1.1374148
1.1374148
1.1374148
1.1374148
1.1374148
1.1374148
1.1374147
1.1374146
1.1374146
1.1374145
1.1374145
1.1374145
0.98884746
1.0178865
1.0472334
1.0752136
1.0993309
1.1172941
1.1284993
1.1342261
1.1365646
1.1372896
1.1374346
1.1374361
1.1374232
1.137417
1.1374152
1.1374148
1.1374148
1.1374148
1.1374148
1.1374148
1.1374148
1.1374148
1.1374148
1.1374148
1.1374148
1.1374148
1.1374148
1.1374148
1.1374148
1.1374148
1.1374148
1.1374148
1.1374148
1.1374148
1.1374147
1.1374146
1.1374146
1.1374145
1.1374145
1.1374145
0.98883768
1.0178226
1.047045
1.0748798
1.0989218
1.1169183
1.1282303
1.134074
1.1364971
1.1372667
1.1374294
1.1374357
1.1374235
1.1374172
1.1374152
1.1374149
1.1374148
1.1374148
1.1374148
1.1374148
1.1374148
1.1374148
1.1374148
1.1374148
1.1374148
1.1374148
1.1374148
1.1374148
1.1374148
1.1374148
1.1374148
1.1374148
1.1374148
1.1374148
1.1374147
1.1374146
1.1374146
1.1374145
1.1374145
1.1374145
0.98883068
1.0177698
1.046876
1.0745671
1.0985295
1.1165519
1.1279644
1.1339215
1.1364281
1.1372428
1.1374236
1.1374352
1.1374237
1.1374173
1.1374153
1.1374149
1.1374148
1.1374148
1.1374148
1.1374148
1.1374148
1.1374148
1.1374148
1.1374148
1.1374148
1.1374148
1.1374148
1.1374148
1.1374148
1.1374148
1.1374148
1.1374148
1.1374148
1.1374148
1.1374147
1.1374146
1.1374146
1.1374145
1.1374145
1.1374144
0.98882614
1.0177275
1.046726
1.0742759
1.0981542
1.1161955
1.1277021
1.1337688
1.1363577
1.1372178
1.1374173
1.1374344
1.137424
1.1374175
1.1374154
1.1374149
1.1374148
1.1374148
1.1374148
1.1374148
1.1374148
1.1374148
1.1374148
1.1374148
1.1374148
1.1374148
1.1374148
1.1374148
1.1374148
1.1374148
1.1374148
1.1374148
1.1374148
1.1374148
1.1374147
1.1374146
1.1374146
1.1374145
1.1374145
1.1374144
0.98882369
1.0176945
1.0465945
1.0740062
1.0977964
1.1158494
1.1274436
1.1336161
1.1362862
1.1371918
1.1374105
1.1374335
1.1374242
1.1374177
1.1374154
1.1374149
1.1374148
1.1374148
1.1374148
1.1374148
1.1374148
1.1374148
1.1374148
1.1374148
1.1374148
1.1374148
1.1374148
1.1374148
1.1374148
1.1374148
1.1374148
1.1374148
1.1374148
1.1374147
1.1374147
1.1374146
1.1374146
1.1374145
1.1374145
1.1374144
0.98882298
1.0176701
1.0464807
1.0737578
1.0974564
1.1155141
1.1271893
1.1334636
1.1362136
1.1371648
1.1374031
1.1374324
1.1374243
1.1374178
1.1374155
1.1374149
1.1374148
1.1374148
1.1374148
1.1374148
1.1374148
1.1374148
1.1374148
1.1374148
1.1374148
1.1374148
1.1374148
1.1374148
1.1374148
1.1374148
1.1374148
1.1374148
1.1374148
1.1374147
1.1374147
1.1374146
1.1374146
1.1374145
1.1374145
1.1374144
0.98882364
1.0176531
1.0463835
1.0735305
1.0971344
1.1151899
1.1269396
1.1333117
1.13614
1.1371368
1.1373953
1.1374311
1.1374244
1.137418
1.1374156
1.1374149
1.1374148
1.1374148
1.1374148
1.1374148
1.1374148
1.1374148
1.1374148
1.1374148
1.1374148
1.1374148
1.1374148
1.1374148
1.1374148
1.1374148
1.1374148
1.1374148
1.1374148
1.1374147
1.1374147
1.1374146
1.1374145
1.1374145
1.1374145
1.1374144
0.98882533
1.0176423
1.0463019
1.0733238
1.0968304
1.1148771
1.1266948
1.1331606
1.1360656
1.137108
1.1373869
1.1374296
1.1374245
1.1374182
1.1374156
1.1374149
1.1374148
1.1374148
1.1374148
1.1374148
1.1374148
1.1374148
1.1374148
1.1374148
1.1374148
1.1374148
1.1374148
1.1374148
1.1374148
1.1374148
1.1374148
1.1374148
1.1374148
1.1374147
1.1374147
1.1374146
1.1374145
1.1374145
1.1374144
1.1374144
0.98882772
1.0176366
1.0462344
1.0731373
1.0965446
1.114576
1.1264552
1.1330104
1.1359905
1.1370782
1.1373779
1.1374278
1.1374244
1.1374183
1.1374157
1.137415
1.1374148
1.1374148
1.1374148
1.1374148
1.1374148
1.1374148
1.1374148
1.1374148
1.1374148
1.1374148
1.1374148
1.1374148
1.1374148
1.1374148
1.1374148
1.1374148
1.1374148
1.1374147
1.1374147
1.1374146
1.1374145
1.1374145
1.1374144
1.1374144
0.98883051
1.0176349
1.0461796
1.0729699
1.0962768
1.1142868
1.126221
1.1328614
1.1359148
1.1370476
1.1373685
1.1374259
1.1374244
1.1374184
1.1374158
1.137415
1.1374148
1.1374148
1.1374148
1.1374148
1.1374148
1.1374148
1.1374148
1.1374148
1.1374148
1.1374148
1.1374148
1.1374148
1.1374148
1.1374148
1.1374148
1.1374148
1.1374148
1.1374147
1.1374147
1.1374146
1.1374145
1.1374145
1.1374144
1.1374144
0.98883346
1.0176361
1.0461358
1.0728207
1.0960268
1.1140097
1.1259925
1.1327139
1.1358386
1.1370163
1.1373585
1.1374237
1.1374242
1.1374186
1.1374158
1.137415
1.1374148
1.1374148
1.1374148
1.1374148
1.1374148
1.1374148
1.1374148
1.1374148
1.1374148
1.1374148
1.1374148
1.1374148
1.1374148
1.1374148
1.1374148
1.1374148
1.1374148
1.1374147
1.1374147
1.1374146
1.1374145
1.1374145
1.1374144
1.1374144
0.98883634
1.017639
1.0461012
1.0726883
1.0957941
1.1137446
1.12577
1.1325679
1.135762
1.1369842
1.1373481
1.1374213
1.137424
1.1374187
1.1374159
1.137415
1.1374148
1.1374148
1.1374148
1.1374148
1.1374148
1.1374148
1.1374148
1.1374148
1.1374148
1.1374148
1.1374148
1.1374148
1.1374148
1.1374148
1.1374148
1.1374148
1.1374148
1.1374147
1.1374147
1.1374146
1.1374145
1.1374145
1.1374144
1.1374144
0.988839
1.0176429
1.0460742
1.0725715
1.0955781
1.1134917
1.1255535
1.1324237
1.1356852
1.1369514
1.1373371
1.1374187
1.1374237
1.1374188
1.137416
1.137415
1.1374148
1.1374148
1.1374148
1.1374148
1.1374148
1.1374148
1.1374148
1.1374148
1.1374148
1.1374148
1.1374148
1.1374148
1.1374148
1.1374148
1.1374148
1.1374148
1.1374148
1.1374147
1.1374146
1.1374146
1.1374145
1.1374145
1.1374144
1.1374144
0.98884133
1.0176468
1.0460529
1.0724685
1.0953781
1.1132506
1.1253432
1.1322814
1.1356083
1.136918
1.1373257
1.1374158
1.1374233
1.1374188
1.137416
1.1374151
1.1374148
1.1374148
1.1374148
1.1374148
1.1374148
1.1374148
1.1374148
1.1374148
1.1374148
1.1374148
1.1374148
1.1374148
1.1374148
1.1374148
1.1374148
1.1374148
1.1374148
1.1374147
1.1374146
1.1374146
1.1374145
1.1374145
1.1374144
1.1374144
0.98884324
1.0176501
1.0460356
1.0723775
1.0951931
1.1130211
1.1251391
1.132141
1.1355313
1.136884
1.1373138
1.1374127
1.1374229
1.1374189
1.1374161
1.1374151
1.1374148
1.1374148
1.1374148
1.1374148
1.1374148
1.1374148
1.1374148
1.1374148
1.1374148
1.1374148
1.1374148
1.1374148
1.1374148
1.1374148
1.1374148
1.1374148
1.1374148
1.1374147
1.1374146
1.1374146
1.1374145
1.1374145
1.1374144
1.1374144
0.98884478
1.0176525
1.0460209
1.0722971
1.0950226
1.1128037
1.1249419
1.1320034
1.1354547
1.1368496
1.1373016
1.1374094
1.1374223
1.1374189
1.1374162
1.1374151
1.1374148
1.1374148
1.1374148
1.1374148
1.1374148
1.1374148
1.1374148
1.1374148
1.1374148
1.1374148
1.1374148
1.1374148
1.1374148
1.1374148
1.1374148
1.1374148
1.1374148
1.1374147
1.1374146
1.1374146
1.1374145
1.1374145
1.1374144
1.1374144
0.98884562
1.0176528
1.0460063
1.0722237
1.0948623
1.1125934
1.124747
1.131865
1.1353763
1.1368138
1.1372885
1.1374058
1.1374217
1.137419
1.1374162
1.1374151
1.1374148
1.1374148
1.1374148
1.1374148
1.1374148
1.1374148
1.1374148
1.1374148
1.1374148
1.1374148
1.1374148
1.1374148
1.1374148
1.1374148
1.1374148
1.1374148
1.1374147
1.1374147
1.1374146
1.1374146
1.1374145
1.1374144
1.1374144
1.1374144
0.98884685
1.0176538
1.045995
1.0721639
1.0947278
1.1124141
1.1245793
1.131745
1.135308
1.1367824
1.1372769
1.1374025
1.1374211
1.137419
1.1374163
1.1374152
1.1374149
1.1374148
1.1374148
1.1374148
1.1374148
1.1374148
1.1374148
1.1374148
1.1374148
1.1374148
1.1374148
1.1374148
1.1374148
1.1374148
1.1374148
1.1374148
1.1374147
1.1374147
1.1374146
1.1374146
1.1374145
1.1374144
1.1374144
1.1374144
0.9888425
1.0176433
1.045967
1.0720715
1.0945239
1.1121322
1.1243058
1.1315433
1.1351897
1.1367263
1.1372555
1.1373961
1.1374198
1.1374189
1.1374164
1.1374152
1.1374149
1.1374148
1.1374148
1.1374148
1.1374148
1.1374148
1.1374148
1.1374148
1.1374148
1.1374148
1.1374148
1.1374148
1.1374148
1.1374148
1.1374148
1.1374148
1.1374147
1.1374147
1.1374146
1.1374146
1.1374145
1.1374144
1.1374144
1.1374144
)
;

boundaryField
{
    wall
    {
        type            calculated;
        value           nonuniform List<scalar> 
100
(
0.97492807
0.97492779
0.97492758
0.97492747
0.9749274
0.97492733
0.97492727
0.97492723
0.9749272
0.97492718
0.97492716
0.97492715
0.97492715
0.97492714
0.97492714
0.97492713
0.97492713
0.97492712
0.97492712
0.97492712
0.97492711
0.97492711
0.9749271
0.9749271
0.9749271
0.97492709
0.97492709
0.97492708
0.97492708
0.97492707
0.97492707
0.97492706
0.97492706
0.97492706
0.97492705
0.97492705
0.97492704
0.97492704
0.97492704
0.97492703
0.97492703
0.97492702
0.97492702
0.97492701
0.97492701
0.97492701
0.974927
0.974927
0.974927
0.97492699
0.97492699
0.97492698
0.97492698
0.97492698
0.97492697
0.97492697
0.97492697
0.97492696
0.97492696
0.97492695
0.97492695
0.97492695
0.97492694
0.97492694
0.97492694
0.97492693
0.97492693
0.97492693
0.97492692
0.97492692
0.97492692
0.97492691
0.97492691
0.97492691
0.9749269
0.9749269
0.9749269
0.9749269
0.97492689
0.97492689
0.97492689
0.97492688
0.97492688
0.97492688
0.97492688
0.97492687
0.97492687
0.97492687
0.97492686
0.97492686
0.97492686
0.97492686
0.97492685
0.97492685
0.97492685
0.97492685
0.97492684
0.97492684
0.97492684
0.97492684
)
;
    }
    sides
    {
        type            calculated;
        value           nonuniform List<scalar> 
100
(
1.1374158
1.1374156
1.1374154
1.1374152
1.1374151
1.1374151
1.137415
1.137415
1.1374149
1.1374149
1.1374149
1.1374149
1.1374149
1.1374149
1.1374149
1.1374149
1.1374149
1.1374148
1.1374148
1.1374148
1.1374148
1.1374148
1.1374148
1.1374148
1.1374148
1.1374148
1.1374148
1.1374148
1.1374148
1.1374148
1.1374148
1.1374148
1.1374148
1.1374148
1.1374148
1.1374148
1.1374147
1.1374147
1.1374147
1.1374147
1.1374147
1.1374147
1.1374147
1.1374147
1.1374147
1.1374147
1.1374147
1.1374147
1.1374147
1.1374147
1.1374147
1.1374147
1.1374147
1.1374147
1.1374146
1.1374146
1.1374146
1.1374146
1.1374146
1.1374146
1.1374146
1.1374146
1.1374146
1.1374146
1.1374146
1.1374146
1.1374146
1.1374146
1.1374145
1.1374145
1.1374145
1.1374145
1.1374145
1.1374145
1.1374145
1.1374145
1.1374145
1.1374145
1.1374145
1.1374145
1.1374145
1.1374145
1.1374145
1.1374144
1.1374144
1.1374144
1.1374144
1.1374144
1.1374144
1.1374144
1.1374144
1.1374144
1.1374144
1.1374144
1.1374144
1.1374144
1.1374144
1.1374144
1.1374144
1.1374144
)
;
    }
    frontAndBack
    {
        type            empty;
    }
    inlet
    {
        type            calculated;
        value           nonuniform List<scalar> 
40
(
1.1374161
1.1374156
1.1374155
1.1374154
1.1374154
1.1374153
1.1374153
1.1374153
1.1374152
1.1374152
1.1374152
1.1374152
1.1374152
1.1374152
1.1374152
1.1374151
1.1374151
1.1374151
1.1374151
1.1374151
1.1374151
1.1374151
1.1374151
1.1374151
1.1374151
1.1374151
1.1374152
1.1374152
1.1374152
1.1374152
1.1374152
1.1374152
1.1374152
1.1374153
1.1374153
1.1374153
1.1374154
1.1374154
1.1374155
1.1374159
)
;
    }
    outlet
    {
        type            calculated;
        value           nonuniform List<scalar> 
40
(
0.9888425
1.0176433
1.045967
1.0720715
1.0945239
1.1121322
1.1243058
1.1315433
1.1351897
1.1367263
1.1372555
1.1373961
1.1374198
1.1374189
1.1374164
1.1374152
1.1374149
1.1374148
1.1374148
1.1374148
1.1374148
1.1374148
1.1374148
1.1374148
1.1374148
1.1374148
1.1374148
1.1374148
1.1374148
1.1374148
1.1374148
1.1374148
1.1374147
1.1374147
1.1374146
1.1374146
1.1374145
1.1374144
1.1374144
1.1374144
)
;
    }
}


// ************************************************************************* //
