/*--------------------------------*- C++ -*----------------------------------*\
  =========                 |
  \\      /  F ield         | OpenFOAM: The Open Source CFD Toolbox
   \\    /   O peration     | Website:  https://openfoam.org
    \\  /    A nd           | Version:  10
     \\/     M anipulation  |
\*---------------------------------------------------------------------------*/
FoamFile
{
    format      ascii;
    class       volScalarField;
    location    "0.17";
    object      rho;
}
// * * * * * * * * * * * * * * * * * * * * * * * * * * * * * * * * * * * * * //

dimensions      [1 -3 0 0 0 0 0];

internalField   nonuniform List<scalar> 
4000
(
1.125778
1.1399123
1.1374518
1.1374123
1.1374156
1.1374153
1.1374153
1.1374152
1.1374152
1.1374152
1.1374152
1.1374152
1.1374151
1.1374151
1.1374151
1.1374151
1.1374151
1.1374151
1.1374151
1.1374151
1.1374151
1.1374151
1.1374151
1.1374151
1.1374151
1.1374151
1.1374151
1.1374151
1.1374151
1.1374152
1.1374152
1.1374152
1.1374152
1.1374152
1.1374153
1.1374153
1.1374153
1.1374154
1.1374155
1.1374158
1.1019213
1.143158
1.1382531
1.1374084
1.1374123
1.1374153
1.1374153
1.1374152
1.1374152
1.1374152
1.1374152
1.1374152
1.1374151
1.1374151
1.1374151
1.1374151
1.1374151
1.1374151
1.1374151
1.1374151
1.1374151
1.1374151
1.1374151
1.1374151
1.1374151
1.1374151
1.1374151
1.1374151
1.1374151
1.1374152
1.1374152
1.1374152
1.1374152
1.1374152
1.1374152
1.1374153
1.1374153
1.1374154
1.1374154
1.1374156
1.0798106
1.1424246
1.1397244
1.1375075
1.1373999
1.1374143
1.1374153
1.1374152
1.1374152
1.1374152
1.1374152
1.1374151
1.1374151
1.1374151
1.1374151
1.1374151
1.1374151
1.1374151
1.1374151
1.1374151
1.1374151
1.1374151
1.1374151
1.1374151
1.1374151
1.1374151
1.1374151
1.1374151
1.1374151
1.1374151
1.1374152
1.1374152
1.1374152
1.1374152
1.1374152
1.1374153
1.1374153
1.1374153
1.1374154
1.1374154
1.0605531
1.1379999
1.1412773
1.1378138
1.1373881
1.13741
1.1374152
1.1374152
1.1374152
1.1374152
1.1374152
1.1374151
1.1374151
1.1374151
1.1374151
1.1374151
1.1374151
1.1374151
1.1374151
1.1374151
1.1374151
1.1374151
1.1374151
1.1374151
1.1374151
1.1374151
1.1374151
1.1374151
1.1374151
1.1374151
1.1374152
1.1374152
1.1374152
1.1374152
1.1374152
1.1374152
1.1374153
1.1374153
1.1374153
1.1374153
1.0445518
1.1310048
1.1423271
1.1383519
1.137403
1.1374008
1.1374145
1.1374153
1.1374152
1.1374152
1.1374151
1.1374151
1.1374151
1.1374151
1.1374151
1.1374151
1.1374151
1.1374151
1.1374151
1.1374151
1.1374151
1.1374151
1.1374151
1.1374151
1.1374151
1.1374151
1.1374151
1.1374151
1.1374151
1.1374151
1.1374151
1.1374152
1.1374152
1.1374152
1.1374152
1.1374152
1.1374152
1.1374152
1.1374152
1.1374153
1.031873
1.122642
1.1425058
1.1390541
1.1374748
1.1373888
1.1374125
1.1374153
1.1374152
1.1374151
1.1374151
1.1374151
1.1374151
1.1374151
1.1374151
1.1374151
1.1374151
1.1374151
1.1374151
1.1374151
1.1374151
1.1374151
1.1374151
1.1374151
1.1374151
1.1374151
1.1374151
1.1374151
1.1374151
1.1374151
1.1374151
1.1374151
1.1374151
1.1374152
1.1374152
1.1374152
1.1374152
1.1374152
1.1374152
1.1374152
1.0223227
1.1139103
1.1417122
1.1397944
1.137623
1.1373796
1.1374083
1.1374151
1.1374152
1.1374151
1.1374151
1.1374151
1.1374151
1.1374151
1.1374151
1.1374151
1.1374151
1.1374151
1.1374151
1.1374151
1.1374151
1.1374151
1.1374151
1.1374151
1.1374151
1.1374151
1.1374151
1.1374151
1.1374151
1.1374151
1.1374151
1.1374151
1.1374151
1.1374151
1.1374151
1.1374151
1.1374152
1.1374152
1.1374151
1.1374151
1.0154853
1.1054901
1.140046
1.1404414
1.1378482
1.1373814
1.137402
1.1374146
1.1374152
1.1374151
1.1374151
1.1374151
1.1374151
1.1374151
1.1374151
1.1374151
1.1374151
1.1374151
1.1374151
1.1374151
1.1374151
1.1374151
1.1374151
1.1374151
1.1374151
1.1374151
1.1374151
1.1374151
1.1374151
1.1374151
1.1374151
1.1374151
1.1374151
1.1374151
1.1374151
1.1374151
1.1374151
1.1374151
1.1374151
1.1374151
1.0108165
1.0977618
1.1377035
1.1408958
1.1381338
1.1374017
1.1373946
1.1374134
1.1374153
1.1374151
1.1374151
1.1374151
1.1374151
1.1374151
1.1374151
1.1374151
1.1374151
1.1374151
1.1374151
1.1374151
1.1374151
1.1374151
1.1374151
1.1374151
1.1374151
1.1374151
1.1374151
1.1374151
1.1374151
1.1374151
1.1374151
1.1374151
1.1374151
1.1374151
1.1374151
1.1374151
1.1374151
1.1374151
1.1374151
1.1374151
1.0077475
1.0908829
1.134899
1.141102
1.1384532
1.1374457
1.1373876
1.1374113
1.1374152
1.1374152
1.1374151
1.1374151
1.1374151
1.1374151
1.1374151
1.1374151
1.1374151
1.1374151
1.1374151
1.1374151
1.1374151
1.1374151
1.1374151
1.1374151
1.1374151
1.1374151
1.1374151
1.1374151
1.1374151
1.1374151
1.1374151
1.1374151
1.1374151
1.1374151
1.1374151
1.1374151
1.1374151
1.1374151
1.137415
1.137415
1.005767
1.0848681
1.1318218
1.1410429
1.1387771
1.1375147
1.1373832
1.1374084
1.137415
1.1374152
1.1374151
1.1374151
1.1374151
1.1374151
1.1374151
1.1374151
1.1374151
1.1374151
1.1374151
1.1374151
1.1374151
1.1374151
1.1374151
1.1374151
1.1374151
1.1374151
1.1374151
1.1374151
1.1374151
1.1374151
1.1374151
1.1374151
1.1374151
1.1374151
1.1374151
1.1374151
1.137415
1.137415
1.137415
1.137415
1.0044678
1.0796518
1.1286198
1.1407289
1.1390788
1.1376072
1.1373834
1.1374049
1.1374146
1.1374152
1.1374151
1.1374151
1.1374151
1.1374151
1.1374151
1.1374151
1.1374151
1.1374151
1.1374151
1.1374151
1.1374151
1.1374151
1.1374151
1.1374151
1.1374151
1.1374151
1.1374151
1.1374151
1.1374151
1.1374151
1.1374151
1.1374151
1.1374151
1.1374151
1.137415
1.137415
1.137415
1.137415
1.137415
1.137415
1.0035596
1.0751326
1.1253979
1.1401858
1.1393369
1.1377191
1.1373899
1.1374011
1.1374139
1.1374152
1.1374151
1.1374151
1.137415
1.137415
1.137415
1.137415
1.137415
1.137415
1.137415
1.137415
1.137415
1.137415
1.137415
1.137415
1.137415
1.137415
1.137415
1.137415
1.137415
1.137415
1.137415
1.137415
1.137415
1.137415
1.137415
1.137415
1.137415
1.137415
1.137415
1.137415
1.0028556
1.0712011
1.1222245
1.1394465
1.1395365
1.1378447
1.1374039
1.1373976
1.1374129
1.1374152
1.1374151
1.137415
1.137415
1.137415
1.137415
1.137415
1.137415
1.137415
1.137415
1.137415
1.137415
1.137415
1.137415
1.137415
1.137415
1.137415
1.137415
1.137415
1.137415
1.137415
1.137415
1.137415
1.137415
1.137415
1.137415
1.137415
1.137415
1.137415
1.137415
1.137415
1.0022476
1.0677554
1.1191408
1.1385441
1.139668
1.1379781
1.1374257
1.1373948
1.1374116
1.1374151
1.1374151
1.137415
1.137415
1.137415
1.137415
1.137415
1.137415
1.137415
1.137415
1.137415
1.137415
1.137415
1.137415
1.137415
1.137415
1.137415
1.137415
1.137415
1.137415
1.137415
1.137415
1.137415
1.137415
1.137415
1.137415
1.137415
1.137415
1.137415
1.137415
1.137415
1.0016802
1.0647071
1.1161686
1.1375095
1.1397268
1.1381131
1.1374555
1.1373933
1.1374101
1.1374149
1.1374151
1.137415
1.137415
1.137415
1.137415
1.137415
1.137415
1.137415
1.137415
1.137415
1.137415
1.137415
1.137415
1.137415
1.137415
1.137415
1.137415
1.137415
1.137415
1.137415
1.137415
1.137415
1.137415
1.137415
1.137415
1.137415
1.137415
1.137415
1.137415
1.137415
1.0011297
1.0619836
1.1133177
1.1363699
1.1397115
1.1382442
1.1374926
1.1373935
1.1374084
1.1374146
1.1374151
1.137415
1.137415
1.137415
1.137415
1.137415
1.137415
1.137415
1.137415
1.137415
1.137415
1.137415
1.137415
1.137415
1.137415
1.137415
1.137415
1.137415
1.137415
1.137415
1.137415
1.137415
1.137415
1.137415
1.137415
1.137415
1.137415
1.137415
1.137415
1.137415
1.0005891
1.0595267
1.1105902
1.1351483
1.1396232
1.1383666
1.1375362
1.1373959
1.1374068
1.1374143
1.1374151
1.137415
1.137415
1.137415
1.137415
1.137415
1.137415
1.137415
1.137415
1.137415
1.137415
1.137415
1.137415
1.137415
1.137415
1.137415
1.137415
1.137415
1.137415
1.137415
1.137415
1.137415
1.137415
1.137415
1.137415
1.137415
1.137415
1.137415
1.137415
1.137415
1.0000596
1.057291
1.1079839
1.1338637
1.1394645
1.1384761
1.1375851
1.1374007
1.1374052
1.1374138
1.1374151
1.137415
1.137415
1.137415
1.137415
1.137415
1.137415
1.137415
1.137415
1.137415
1.137415
1.137415
1.137415
1.137415
1.137415
1.137415
1.137415
1.137415
1.137415
1.137415
1.137415
1.137415
1.137415
1.137415
1.137415
1.137415
1.137415
1.137415
1.137415
1.1374149
0.99954479
1.0552411
1.1054945
1.132532
1.1392392
1.1385693
1.1376381
1.1374081
1.1374039
1.1374133
1.137415
1.137415
1.137415
1.137415
1.137415
1.137415
1.137415
1.137415
1.137415
1.137415
1.137415
1.137415
1.137415
1.137415
1.137415
1.137415
1.137415
1.137415
1.137415
1.137415
1.137415
1.137415
1.137415
1.137415
1.137415
1.137415
1.137415
1.1374149
1.1374149
1.1374149
0.99904842
1.0533498
1.1031168
1.1311665
1.1389516
1.1386434
1.1376937
1.1374181
1.1374031
1.1374126
1.1374149
1.137415
1.137415
1.137415
1.137415
1.137415
1.137415
1.137415
1.137415
1.137415
1.137415
1.137415
1.137415
1.137415
1.137415
1.137415
1.137415
1.137415
1.137415
1.137415
1.137415
1.137415
1.137415
1.137415
1.137415
1.137415
1.1374149
1.1374149
1.1374149
1.1374149
0.99857336
1.0515961
1.1008453
1.1297779
1.1386061
1.1386964
1.1377506
1.1374308
1.1374027
1.1374119
1.1374148
1.137415
1.137415
1.137415
1.137415
1.137415
1.137415
1.137415
1.137415
1.137415
1.137415
1.137415
1.137415
1.137415
1.137415
1.137415
1.137415
1.137415
1.137415
1.137415
1.137415
1.137415
1.137415
1.137415
1.137415
1.1374149
1.1374149
1.1374149
1.1374149
1.1374149
0.99812134
1.0499633
1.0986747
1.1283754
1.1382076
1.1387267
1.1378074
1.1374459
1.137403
1.1374112
1.1374147
1.137415
1.137415
1.137415
1.137415
1.137415
1.137415
1.137415
1.137415
1.137415
1.137415
1.137415
1.137415
1.137415
1.137415
1.137415
1.137415
1.137415
1.137415
1.137415
1.137415
1.137415
1.137415
1.1374149
1.1374149
1.1374149
1.1374149
1.1374149
1.1374149
1.1374149
0.99769305
1.0484383
1.0965998
1.1269664
1.1377606
1.1387332
1.1378627
1.1374634
1.137404
1.1374106
1.1374145
1.137415
1.137415
1.137415
1.137415
1.137415
1.137415
1.137415
1.137415
1.137415
1.137415
1.137415
1.137415
1.137415
1.137415
1.137415
1.137415
1.137415
1.137415
1.137415
1.137415
1.1374149
1.1374149
1.1374149
1.1374149
1.1374149
1.1374149
1.1374149
1.1374149
1.1374149
0.99728836
1.0470102
1.0946159
1.1255574
1.1372697
1.1387153
1.1379154
1.1374829
1.1374059
1.13741
1.1374143
1.137415
1.137415
1.137415
1.137415
1.137415
1.137415
1.137415
1.137415
1.137415
1.137415
1.137415
1.137415
1.137415
1.137415
1.137415
1.137415
1.1374149
1.1374149
1.1374149
1.1374149
1.1374149
1.1374149
1.1374149
1.1374149
1.1374149
1.1374149
1.1374149
1.1374149
1.1374149
0.99690661
1.0456701
1.0927187
1.1241536
1.1367394
1.1386726
1.1379641
1.1375042
1.1374087
1.1374095
1.1374141
1.137415
1.137415
1.1374149
1.1374149
1.1374149
1.1374149
1.1374149
1.1374149
1.1374149
1.1374149
1.1374149
1.1374149
1.1374149
1.1374149
1.1374149
1.1374149
1.1374149
1.1374149
1.1374149
1.1374149
1.1374149
1.1374149
1.1374149
1.1374149
1.1374149
1.1374149
1.1374149
1.1374149
1.1374149
0.99654681
1.0444104
1.0909039
1.1227595
1.1361739
1.1386052
1.1380079
1.1375268
1.1374124
1.1374091
1.1374138
1.1374149
1.137415
1.1374149
1.1374149
1.1374149
1.1374149
1.1374149
1.1374149
1.1374149
1.1374149
1.1374149
1.1374149
1.1374149
1.1374149
1.1374149
1.1374149
1.1374149
1.1374149
1.1374149
1.1374149
1.1374149
1.1374149
1.1374149
1.1374149
1.1374149
1.1374149
1.1374149
1.1374149
1.1374149
0.99620782
1.0432246
1.0891679
1.1213789
1.1355772
1.1385134
1.1380457
1.1375505
1.137417
1.1374089
1.1374135
1.1374149
1.137415
1.1374149
1.1374149
1.1374149
1.1374149
1.1374149
1.1374149
1.1374149
1.1374149
1.1374149
1.1374149
1.1374149
1.1374149
1.1374149
1.1374149
1.1374149
1.1374149
1.1374149
1.1374149
1.1374149
1.1374149
1.1374149
1.1374149
1.1374149
1.1374149
1.1374149
1.1374149
1.1374149
0.99588846
1.042107
1.0875069
1.120015
1.1349531
1.1383976
1.1380768
1.1375748
1.1374225
1.1374089
1.1374133
1.1374148
1.1374149
1.1374149
1.1374149
1.1374149
1.1374149
1.1374149
1.1374149
1.1374149
1.1374149
1.1374149
1.1374149
1.1374149
1.1374149
1.1374149
1.1374149
1.1374149
1.1374149
1.1374149
1.1374149
1.1374149
1.1374149
1.1374149
1.1374149
1.1374149
1.1374149
1.1374149
1.1374149
1.1374149
0.99558761
1.0410527
1.0859177
1.1186707
1.1343052
1.1382584
1.1381004
1.1375993
1.137429
1.1374092
1.137413
1.1374147
1.1374149
1.1374149
1.1374149
1.1374149
1.1374149
1.1374149
1.1374149
1.1374149
1.1374149
1.1374149
1.1374149
1.1374149
1.1374149
1.1374149
1.1374149
1.1374149
1.1374149
1.1374149
1.1374149
1.1374149
1.1374149
1.1374149
1.1374149
1.1374149
1.1374149
1.1374149
1.1374149
1.1374149
0.99530424
1.0400574
1.0843972
1.117348
1.133637
1.1380967
1.1381159
1.1376237
1.1374363
1.1374098
1.1374127
1.1374146
1.1374149
1.1374149
1.1374149
1.1374149
1.1374149
1.1374149
1.1374149
1.1374149
1.1374149
1.1374149
1.1374149
1.1374149
1.1374149
1.1374149
1.1374149
1.1374149
1.1374149
1.1374149
1.1374149
1.1374149
1.1374149
1.1374149
1.1374149
1.1374149
1.1374149
1.1374149
1.1374149
1.1374149
0.99503745
1.0391172
1.0829426
1.1160492
1.1329516
1.1379134
1.1381227
1.1376474
1.1374443
1.1374106
1.1374125
1.1374145
1.1374149
1.1374149
1.1374149
1.1374149
1.1374149
1.1374149
1.1374149
1.1374149
1.1374149
1.1374149
1.1374149
1.1374149
1.1374149
1.1374149
1.1374149
1.1374149
1.1374149
1.1374149
1.1374149
1.1374149
1.1374149
1.1374149
1.1374149
1.1374149
1.1374149
1.1374149
1.1374149
1.1374149
0.99478649
1.0382289
1.0815512
1.1147757
1.132252
1.1377094
1.1381204
1.1376701
1.137453
1.1374118
1.1374124
1.1374144
1.1374149
1.1374149
1.1374149
1.1374149
1.1374149
1.1374149
1.1374149
1.1374149
1.1374149
1.1374149
1.1374149
1.1374149
1.1374149
1.1374149
1.1374149
1.1374149
1.1374149
1.1374149
1.1374149
1.1374149
1.1374149
1.1374149
1.1374149
1.1374149
1.1374149
1.1374149
1.1374149
1.1374149
0.99455075
1.0373897
1.0802206
1.1135291
1.1315411
1.137486
1.1381087
1.1376914
1.1374623
1.1374133
1.1374122
1.1374143
1.1374149
1.1374149
1.1374149
1.1374149
1.1374149
1.1374149
1.1374149
1.1374149
1.1374149
1.1374149
1.1374149
1.1374149
1.1374149
1.1374149
1.1374149
1.1374149
1.1374149
1.1374149
1.1374149
1.1374149
1.1374149
1.1374149
1.1374149
1.1374149
1.1374149
1.1374149
1.1374149
1.1374149
0.99432979
1.0365974
1.0789488
1.1123106
1.1308215
1.1372442
1.1380875
1.137711
1.1374721
1.1374152
1.1374122
1.1374142
1.1374148
1.1374149
1.1374149
1.1374149
1.1374149
1.1374149
1.1374149
1.1374149
1.1374149
1.1374149
1.1374149
1.1374149
1.1374149
1.1374149
1.1374149
1.1374149
1.1374149
1.1374149
1.1374149
1.1374149
1.1374149
1.1374149
1.1374149
1.1374149
1.1374149
1.1374149
1.1374149
1.1374149
0.99412328
1.0358499
1.0777339
1.1111215
1.1300958
1.1369853
1.1380565
1.1377284
1.1374822
1.1374174
1.1374122
1.1374141
1.1374148
1.1374149
1.1374149
1.1374149
1.1374149
1.1374149
1.1374149
1.1374149
1.1374149
1.1374149
1.1374149
1.1374149
1.1374149
1.1374149
1.1374149
1.1374149
1.1374149
1.1374149
1.1374149
1.1374149
1.1374149
1.1374149
1.1374149
1.1374149
1.1374149
1.1374149
1.1374149
1.1374149
0.99393104
1.0351459
1.0765743
1.1099626
1.1293663
1.1367105
1.1380157
1.1377434
1.1374925
1.1374199
1.1374124
1.137414
1.1374148
1.1374149
1.1374149
1.1374149
1.1374149
1.1374149
1.1374149
1.1374149
1.1374149
1.1374149
1.1374149
1.1374149
1.1374149
1.1374149
1.1374149
1.1374149
1.1374149
1.1374149
1.1374149
1.1374149
1.1374149
1.1374149
1.1374149
1.1374149
1.1374149
1.1374149
1.1374149
1.1374149
0.99375302
1.0344842
1.0754686
1.108835
1.1286353
1.1364211
1.1379651
1.1377557
1.1375029
1.1374227
1.1374126
1.1374139
1.1374147
1.1374149
1.1374149
1.1374149
1.1374149
1.1374149
1.1374149
1.1374149
1.1374149
1.1374149
1.1374149
1.1374149
1.1374149
1.1374149
1.1374149
1.1374149
1.1374149
1.1374149
1.1374149
1.1374149
1.1374149
1.1374149
1.1374149
1.1374149
1.1374149
1.1374149
1.1374149
1.1374149
0.99358927
1.033864
1.0744158
1.1077395
1.127905
1.1361185
1.1379048
1.137765
1.1375132
1.1374258
1.1374129
1.1374139
1.1374147
1.1374149
1.1374149
1.1374149
1.1374149
1.1374149
1.1374149
1.1374149
1.1374149
1.1374149
1.1374149
1.1374149
1.1374149
1.1374149
1.1374149
1.1374149
1.1374149
1.1374149
1.1374149
1.1374149
1.1374149
1.1374149
1.1374149
1.1374149
1.1374149
1.1374149
1.1374149
1.1374149
0.99343993
1.0332852
1.0734151
1.1066772
1.1271774
1.135804
1.1378351
1.137771
1.1375233
1.1374292
1.1374134
1.1374138
1.1374147
1.1374149
1.1374149
1.1374149
1.1374149
1.1374149
1.1374149
1.1374149
1.1374149
1.1374149
1.1374149
1.1374149
1.1374149
1.1374149
1.1374149
1.1374149
1.1374149
1.1374149
1.1374149
1.1374149
1.1374149
1.1374149
1.1374149
1.1374149
1.1374148
1.1374148
1.1374148
1.1374148
0.99330519
1.0327476
1.0724661
1.1056488
1.1264546
1.1354788
1.1377561
1.1377736
1.137533
1.1374328
1.1374139
1.1374138
1.1374146
1.1374148
1.1374149
1.1374149
1.1374149
1.1374149
1.1374149
1.1374149
1.1374149
1.1374149
1.1374149
1.1374149
1.1374149
1.1374149
1.1374149
1.1374149
1.1374149
1.1374149
1.1374149
1.1374149
1.1374149
1.1374148
1.1374148
1.1374148
1.1374148
1.1374148
1.1374148
1.1374148
0.9931853
1.0322516
1.0715687
1.1046555
1.1257384
1.1351445
1.1376681
1.1377725
1.1375423
1.1374366
1.1374146
1.1374138
1.1374146
1.1374148
1.1374149
1.1374149
1.1374149
1.1374149
1.1374149
1.1374149
1.1374149
1.1374149
1.1374149
1.1374149
1.1374149
1.1374149
1.1374149
1.1374149
1.1374149
1.1374148
1.1374148
1.1374148
1.1374148
1.1374148
1.1374148
1.1374148
1.1374148
1.1374148
1.1374148
1.1374148
0.99308047
1.0317979
1.0707231
1.1036983
1.1250309
1.1348024
1.1375716
1.1377677
1.1375509
1.1374406
1.1374154
1.1374138
1.1374145
1.1374148
1.1374148
1.1374148
1.1374148
1.1374148
1.1374148
1.1374148
1.1374148
1.1374148
1.1374148
1.1374148
1.1374148
1.1374148
1.1374148
1.1374148
1.1374148
1.1374148
1.1374148
1.1374148
1.1374148
1.1374148
1.1374148
1.1374148
1.1374148
1.1374148
1.1374148
1.1374148
0.99299089
1.0313872
1.0699298
1.1027783
1.1243339
1.1344538
1.1374668
1.1377591
1.1375587
1.1374447
1.1374163
1.1374138
1.1374145
1.1374148
1.1374148
1.1374148
1.1374148
1.1374148
1.1374148
1.1374148
1.1374148
1.1374148
1.1374148
1.1374148
1.1374148
1.1374148
1.1374148
1.1374148
1.1374148
1.1374148
1.1374148
1.1374148
1.1374148
1.1374148
1.1374148
1.1374148
1.1374148
1.1374148
1.1374148
1.1374148
0.9929166
1.0310206
1.0691896
1.1018967
1.1236492
1.1341003
1.1373543
1.1377465
1.1375657
1.1374488
1.1374174
1.1374139
1.1374145
1.1374148
1.1374148
1.1374148
1.1374148
1.1374148
1.1374148
1.1374148
1.1374148
1.1374148
1.1374148
1.1374148
1.1374148
1.1374148
1.1374148
1.1374148
1.1374148
1.1374148
1.1374148
1.1374148
1.1374148
1.1374148
1.1374148
1.1374148
1.1374148
1.1374148
1.1374148
1.1374148
0.9928575
1.030699
1.0685036
1.101055
1.1229787
1.1337431
1.1372345
1.1377299
1.1375716
1.137453
1.1374185
1.137414
1.1374145
1.1374148
1.1374148
1.1374148
1.1374148
1.1374148
1.1374148
1.1374148
1.1374148
1.1374148
1.1374148
1.1374148
1.1374148
1.1374148
1.1374148
1.1374148
1.1374148
1.1374148
1.1374148
1.1374148
1.1374148
1.1374148
1.1374148
1.1374148
1.1374148
1.1374148
1.1374148
1.1374148
0.99281326
1.0304232
1.0678731
1.1002547
1.1223242
1.1333838
1.1371081
1.1377094
1.1375764
1.1374571
1.1374197
1.1374142
1.1374144
1.1374147
1.1374148
1.1374148
1.1374148
1.1374148
1.1374148
1.1374148
1.1374148
1.1374148
1.1374148
1.1374148
1.1374148
1.1374148
1.1374148
1.1374148
1.1374148
1.1374148
1.1374148
1.1374148
1.1374148
1.1374148
1.1374148
1.1374148
1.1374148
1.1374148
1.1374148
1.1374148
0.99278326
1.0301936
1.0672996
1.0994975
1.1216877
1.1330238
1.1369756
1.1376849
1.1375799
1.1374612
1.1374211
1.1374144
1.1374144
1.1374147
1.1374148
1.1374148
1.1374148
1.1374148
1.1374148
1.1374148
1.1374148
1.1374148
1.1374148
1.1374148
1.1374148
1.1374148
1.1374148
1.1374148
1.1374148
1.1374148
1.1374148
1.1374148
1.1374148
1.1374148
1.1374148
1.1374148
1.1374148
1.1374148
1.1374148
1.1374148
0.99276656
1.0300102
1.0667844
1.098785
1.1210709
1.1326646
1.1368377
1.1376566
1.1375822
1.1374651
1.1374225
1.1374146
1.1374144
1.1374147
1.1374148
1.1374148
1.1374148
1.1374148
1.1374148
1.1374148
1.1374148
1.1374148
1.1374148
1.1374148
1.1374148
1.1374148
1.1374148
1.1374148
1.1374148
1.1374148
1.1374148
1.1374148
1.1374148
1.1374148
1.1374148
1.1374148
1.1374148
1.1374148
1.1374148
1.1374148
0.99276193
1.029872
1.0663288
1.098119
1.1204758
1.1323076
1.136695
1.1376244
1.1375831
1.1374688
1.1374239
1.1374149
1.1374144
1.1374147
1.1374148
1.1374148
1.1374148
1.1374148
1.1374148
1.1374148
1.1374148
1.1374148
1.1374148
1.1374148
1.1374148
1.1374148
1.1374148
1.1374148
1.1374148
1.1374148
1.1374148
1.1374148
1.1374148
1.1374148
1.1374148
1.1374148
1.1374148
1.1374148
1.1374148
1.1374148
0.9927678
1.0297772
1.0659336
1.0975013
1.1199042
1.1319542
1.1365483
1.1375887
1.1375825
1.1374723
1.1374254
1.1374152
1.1374144
1.1374147
1.1374148
1.1374148
1.1374148
1.1374148
1.1374148
1.1374148
1.1374148
1.1374148
1.1374148
1.1374148
1.1374148
1.1374148
1.1374148
1.1374148
1.1374148
1.1374148
1.1374148
1.1374148
1.1374148
1.1374148
1.1374148
1.1374148
1.1374148
1.1374148
1.1374148
1.1374148
0.99278235
1.0297226
1.0655988
1.0969334
1.1193578
1.1316059
1.1363982
1.1375494
1.1375805
1.1374754
1.137427
1.1374156
1.1374145
1.1374147
1.1374148
1.1374148
1.1374148
1.1374148
1.1374148
1.1374148
1.1374148
1.1374148
1.1374148
1.1374148
1.1374148
1.1374148
1.1374148
1.1374148
1.1374148
1.1374148
1.1374148
1.1374148
1.1374148
1.1374148
1.1374148
1.1374148
1.1374148
1.1374148
1.1374148
1.1374148
0.99280363
1.0297042
1.0653238
1.0964167
1.1188385
1.1312641
1.1362455
1.1375069
1.1375769
1.1374783
1.1374285
1.137416
1.1374145
1.1374147
1.1374148
1.1374148
1.1374148
1.1374148
1.1374148
1.1374148
1.1374148
1.1374148
1.1374148
1.1374148
1.1374148
1.1374148
1.1374148
1.1374148
1.1374148
1.1374148
1.1374148
1.1374148
1.1374148
1.1374148
1.1374148
1.1374148
1.1374148
1.1374148
1.1374148
1.1374148
0.99282958
1.0297168
1.0651067
1.0959519
1.1183478
1.1309301
1.1360909
1.1374612
1.1375718
1.1374807
1.1374301
1.1374164
1.1374146
1.1374147
1.1374148
1.1374148
1.1374148
1.1374148
1.1374148
1.1374148
1.1374148
1.1374148
1.1374148
1.1374148
1.1374148
1.1374148
1.1374148
1.1374148
1.1374148
1.1374148
1.1374148
1.1374148
1.1374148
1.1374148
1.1374148
1.1374148
1.1374148
1.1374148
1.1374148
1.1374148
0.99285824
1.0297545
1.0649443
1.0955393
1.1178868
1.1306053
1.1359352
1.1374128
1.1375651
1.1374827
1.1374316
1.1374169
1.1374146
1.1374147
1.1374148
1.1374148
1.1374148
1.1374148
1.1374148
1.1374148
1.1374148
1.1374148
1.1374148
1.1374148
1.1374148
1.1374148
1.1374148
1.1374148
1.1374148
1.1374148
1.1374148
1.1374148
1.1374148
1.1374148
1.1374148
1.1374148
1.1374148
1.1374148
1.1374148
1.1374148
0.9928878
1.0298107
1.0648322
1.0951783
1.1174568
1.1302906
1.1357791
1.1373618
1.1375569
1.1374843
1.1374331
1.1374174
1.1374147
1.1374147
1.1374148
1.1374148
1.1374148
1.1374148
1.1374148
1.1374148
1.1374148
1.1374148
1.1374148
1.1374148
1.1374148
1.1374148
1.1374148
1.1374148
1.1374148
1.1374148
1.1374148
1.1374148
1.1374148
1.1374148
1.1374148
1.1374148
1.1374148
1.1374148
1.1374148
1.1374148
0.99291675
1.029879
1.0647648
1.0948676
1.1170584
1.1299874
1.1356234
1.1373084
1.1375473
1.1374854
1.1374345
1.1374179
1.1374148
1.1374147
1.1374147
1.1374148
1.1374148
1.1374148
1.1374148
1.1374148
1.1374148
1.1374148
1.1374148
1.1374148
1.1374148
1.1374148
1.1374148
1.1374148
1.1374148
1.1374148
1.1374148
1.1374148
1.1374148
1.1374148
1.1374148
1.1374148
1.1374148
1.1374148
1.1374148
1.1374148
0.99294394
1.0299533
1.0647352
1.0946047
1.1166916
1.1296962
1.1354687
1.1372531
1.1375362
1.137486
1.1374358
1.1374184
1.1374149
1.1374147
1.1374147
1.1374148
1.1374148
1.1374148
1.1374148
1.1374148
1.1374148
1.1374148
1.1374148
1.1374148
1.1374148
1.1374148
1.1374148
1.1374148
1.1374148
1.1374148
1.1374148
1.1374148
1.1374148
1.1374148
1.1374148
1.1374148
1.1374148
1.1374148
1.1374148
1.1374148
0.9929686
1.0300281
1.0647359
1.0943863
1.1163564
1.129418
1.1353155
1.137196
1.1375236
1.137486
1.1374371
1.1374189
1.137415
1.1374147
1.1374147
1.1374148
1.1374148
1.1374148
1.1374148
1.1374148
1.1374148
1.1374148
1.1374148
1.1374148
1.1374148
1.1374148
1.1374148
1.1374148
1.1374148
1.1374148
1.1374148
1.1374148
1.1374148
1.1374148
1.1374148
1.1374148
1.1374148
1.1374148
1.1374148
1.1374148
0.99299038
1.030099
1.064759
1.0942079
1.1160516
1.129153
1.1351646
1.1371374
1.1375098
1.1374856
1.1374382
1.1374194
1.1374152
1.1374147
1.1374147
1.1374148
1.1374148
1.1374148
1.1374148
1.1374148
1.1374148
1.1374148
1.1374148
1.1374148
1.1374148
1.1374148
1.1374148
1.1374148
1.1374148
1.1374148
1.1374148
1.1374148
1.1374148
1.1374148
1.1374148
1.1374148
1.1374148
1.1374148
1.1374148
1.1374148
0.99300931
1.030163
1.0647965
1.0940647
1.1157761
1.1289016
1.1350163
1.1370777
1.1374948
1.1374846
1.1374393
1.13742
1.1374153
1.1374147
1.1374147
1.1374148
1.1374148
1.1374148
1.1374148
1.1374148
1.1374148
1.1374148
1.1374148
1.1374148
1.1374148
1.1374148
1.1374148
1.1374148
1.1374148
1.1374148
1.1374148
1.1374148
1.1374148
1.1374148
1.1374148
1.1374148
1.1374148
1.1374148
1.1374148
1.1374148
0.99302575
1.0302181
1.064841
1.0939507
1.1155278
1.1286637
1.1348711
1.1370171
1.1374785
1.137483
1.1374401
1.1374205
1.1374155
1.1374147
1.1374147
1.1374148
1.1374148
1.1374148
1.1374148
1.1374148
1.1374148
1.1374148
1.1374148
1.1374148
1.1374148
1.1374148
1.1374148
1.1374148
1.1374148
1.1374148
1.1374148
1.1374148
1.1374148
1.1374148
1.1374148
1.1374148
1.1374148
1.1374148
1.1374148
1.1374148
0.9930403
1.030264
1.0648862
1.09386
1.1153045
1.1284391
1.1347293
1.1369558
1.1374612
1.137481
1.1374409
1.137421
1.1374156
1.1374148
1.1374147
1.1374148
1.1374148
1.1374148
1.1374148
1.1374148
1.1374148
1.1374148
1.1374148
1.1374148
1.1374148
1.1374148
1.1374148
1.1374148
1.1374148
1.1374148
1.1374148
1.1374148
1.1374148
1.1374148
1.1374148
1.1374148
1.1374148
1.1374148
1.1374148
1.1374148
0.99305378
1.0303014
1.0649269
1.0937867
1.1151032
1.1282273
1.1345911
1.1368941
1.1374429
1.1374784
1.1374415
1.1374215
1.1374158
1.1374148
1.1374147
1.1374147
1.1374148
1.1374148
1.1374148
1.1374148
1.1374148
1.1374148
1.1374148
1.1374148
1.1374148
1.1374148
1.1374148
1.1374148
1.1374148
1.1374148
1.1374148
1.1374148
1.1374148
1.1374148
1.1374148
1.1374148
1.1374148
1.1374148
1.1374148
1.1374148
0.99306703
1.030332
1.0649595
1.0937251
1.1149212
1.1280275
1.1344567
1.1368322
1.1374237
1.1374752
1.1374419
1.137422
1.1374159
1.1374148
1.1374147
1.1374147
1.1374148
1.1374148
1.1374148
1.1374148
1.1374148
1.1374148
1.1374148
1.1374148
1.1374148
1.1374148
1.1374148
1.1374148
1.1374148
1.1374148
1.1374148
1.1374148
1.1374148
1.1374148
1.1374148
1.1374148
1.1374148
1.1374148
1.1374148
1.1374148
0.99308095
1.0303584
1.0649825
1.0936702
1.1147554
1.1278391
1.1343261
1.1367703
1.1374036
1.1374716
1.1374422
1.1374225
1.1374161
1.1374148
1.1374147
1.1374147
1.1374148
1.1374148
1.1374148
1.1374148
1.1374148
1.1374148
1.1374148
1.1374148
1.1374148
1.1374148
1.1374148
1.1374148
1.1374148
1.1374148
1.1374148
1.1374148
1.1374148
1.1374148
1.1374148
1.1374148
1.1374148
1.1374148
1.1374148
1.1374148
0.99309631
1.0303837
1.064996
1.093618
1.1146028
1.1276611
1.1341994
1.1367085
1.1373829
1.1374676
1.1374423
1.1374229
1.1374163
1.1374149
1.1374147
1.1374147
1.1374147
1.1374147
1.1374147
1.1374147
1.1374148
1.1374148
1.1374148
1.1374147
1.1374147
1.1374147
1.1374147
1.1374147
1.1374147
1.1374147
1.1374147
1.1374147
1.1374147
1.1374147
1.1374147
1.1374147
1.1374147
1.1374147
1.1374147
1.1374147
0.99311377
1.0304111
1.0650017
1.0935656
1.1144606
1.1274924
1.1340766
1.136647
1.1373615
1.137463
1.1374423
1.1374233
1.1374165
1.1374149
1.1374147
1.1374147
1.1374147
1.1374147
1.1374147
1.1374147
1.1374147
1.1374147
1.1374147
1.1374147
1.1374147
1.1374147
1.1374147
1.1374147
1.1374147
1.1374147
1.1374147
1.1374147
1.1374147
1.1374147
1.1374147
1.1374147
1.1374147
1.1374147
1.1374147
1.1374147
0.99313377
1.0304437
1.0650029
1.0935116
1.1143264
1.1273321
1.1339574
1.1365859
1.1373395
1.137458
1.137442
1.1374236
1.1374166
1.137415
1.1374147
1.1374147
1.1374147
1.1374147
1.1374147
1.1374147
1.1374147
1.1374147
1.1374147
1.1374147
1.1374147
1.1374147
1.1374147
1.1374147
1.1374147
1.1374147
1.1374147
1.1374147
1.1374147
1.1374147
1.1374147
1.1374147
1.1374147
1.1374147
1.1374147
1.1374147
0.99315654
1.0304842
1.065004
1.0934558
1.1141985
1.1271791
1.1338418
1.1365253
1.137317
1.1374526
1.1374416
1.1374239
1.1374168
1.137415
1.1374147
1.1374147
1.1374147
1.1374147
1.1374147
1.1374147
1.1374147
1.1374147
1.1374147
1.1374147
1.1374147
1.1374147
1.1374147
1.1374147
1.1374147
1.1374147
1.1374147
1.1374147
1.1374147
1.1374147
1.1374147
1.1374147
1.1374147
1.1374147
1.1374147
1.1374147
0.99318205
1.0305346
1.0650099
1.0933997
1.1140756
1.1270327
1.1337296
1.1364652
1.1372942
1.1374469
1.1374411
1.1374242
1.137417
1.1374151
1.1374147
1.1374147
1.1374147
1.1374147
1.1374147
1.1374147
1.1374147
1.1374147
1.1374147
1.1374147
1.1374147
1.1374147
1.1374147
1.1374147
1.1374147
1.1374147
1.1374147
1.1374147
1.1374147
1.1374147
1.1374147
1.1374147
1.1374147
1.1374147
1.1374147
1.1374147
0.9932101
1.0305962
1.0650255
1.0933458
1.1139574
1.1268921
1.1336206
1.1364058
1.137271
1.1374407
1.1374404
1.1374245
1.1374171
1.1374151
1.1374148
1.1374147
1.1374147
1.1374147
1.1374147
1.1374147
1.1374147
1.1374147
1.1374147
1.1374147
1.1374147
1.1374147
1.1374147
1.1374147
1.1374147
1.1374147
1.1374147
1.1374147
1.1374147
1.1374147
1.1374147
1.1374147
1.1374147
1.1374147
1.1374147
1.1374147
0.99324025
1.0306694
1.0650556
1.0932974
1.1138442
1.1267571
1.1335147
1.1363471
1.1372475
1.1374343
1.1374395
1.1374246
1.1374173
1.1374152
1.1374148
1.1374147
1.1374147
1.1374147
1.1374147
1.1374147
1.1374147
1.1374147
1.1374147
1.1374147
1.1374147
1.1374147
1.1374147
1.1374147
1.1374147
1.1374147
1.1374147
1.1374147
1.1374147
1.1374147
1.1374147
1.1374147
1.1374147
1.1374147
1.1374147
1.1374147
0.99327197
1.0307537
1.0651037
1.0932584
1.1137371
1.1266275
1.1334119
1.1362892
1.1372238
1.1374276
1.1374385
1.1374248
1.1374175
1.1374152
1.1374148
1.1374147
1.1374147
1.1374147
1.1374147
1.1374147
1.1374147
1.1374147
1.1374147
1.1374147
1.1374147
1.1374147
1.1374147
1.1374147
1.1374147
1.1374147
1.1374147
1.1374147
1.1374147
1.1374147
1.1374147
1.1374147
1.1374147
1.1374147
1.1374147
1.1374147
0.9933046
1.030848
1.0651725
1.0932325
1.1136377
1.1265038
1.1333123
1.1362322
1.1372
1.1374205
1.1374373
1.1374249
1.1374176
1.1374153
1.1374148
1.1374147
1.1374147
1.1374147
1.1374147
1.1374147
1.1374147
1.1374147
1.1374147
1.1374147
1.1374147
1.1374147
1.1374147
1.1374147
1.1374147
1.1374147
1.1374147
1.1374147
1.1374147
1.1374147
1.1374147
1.1374147
1.1374147
1.1374147
1.1374147
1.1374147
0.99333747
1.0309505
1.0652633
1.0932233
1.1135478
1.1263865
1.1332162
1.1361762
1.137176
1.1374131
1.1374359
1.1374249
1.1374177
1.1374153
1.1374148
1.1374147
1.1374147
1.1374147
1.1374147
1.1374147
1.1374147
1.1374147
1.1374147
1.1374147
1.1374147
1.1374147
1.1374147
1.1374147
1.1374147
1.1374147
1.1374147
1.1374147
1.1374147
1.1374147
1.1374147
1.1374147
1.1374147
1.1374147
1.1374147
1.1374147
0.99336993
1.0310589
1.0653759
1.0932335
1.1134688
1.1262761
1.1331239
1.1361213
1.1371519
1.1374054
1.1374343
1.1374248
1.1374178
1.1374154
1.1374148
1.1374147
1.1374147
1.1374147
1.1374147
1.1374147
1.1374147
1.1374147
1.1374147
1.1374147
1.1374147
1.1374147
1.1374147
1.1374147
1.1374147
1.1374147
1.1374147
1.1374147
1.1374147
1.1374147
1.1374147
1.1374147
1.1374147
1.1374147
1.1374147
1.1374147
0.99340137
1.031171
1.0655092
1.0932654
1.1134023
1.1261729
1.1330354
1.1360677
1.1371278
1.1373974
1.1374325
1.1374247
1.1374179
1.1374154
1.1374148
1.1374147
1.1374147
1.1374147
1.1374147
1.1374147
1.1374147
1.1374147
1.1374147
1.1374147
1.1374147
1.1374147
1.1374147
1.1374147
1.1374147
1.1374147
1.1374147
1.1374147
1.1374147
1.1374147
1.1374147
1.1374147
1.1374147
1.1374147
1.1374147
1.1374147
0.99343127
1.0312842
1.0656611
1.0933205
1.1133491
1.1260767
1.1329505
1.1360155
1.1371038
1.1373892
1.1374306
1.1374245
1.137418
1.1374155
1.1374148
1.1374147
1.1374147
1.1374147
1.1374147
1.1374147
1.1374147
1.1374147
1.1374147
1.1374147
1.1374147
1.1374147
1.1374147
1.1374147
1.1374147
1.1374147
1.1374147
1.1374147
1.1374147
1.1374147
1.1374147
1.1374147
1.1374147
1.1374147
1.1374147
1.1374147
0.99345922
1.0313963
1.0658287
1.0934
1.1133104
1.1259872
1.1328688
1.1359644
1.1370799
1.1373808
1.1374285
1.1374242
1.137418
1.1374155
1.1374148
1.1374147
1.1374147
1.1374147
1.1374147
1.1374147
1.1374147
1.1374147
1.1374147
1.1374147
1.1374147
1.1374147
1.1374147
1.1374147
1.1374147
1.1374147
1.1374147
1.1374147
1.1374147
1.1374147
1.1374147
1.1374147
1.1374147
1.1374147
1.1374147
1.1374147
0.99348494
1.0315051
1.0660087
1.0935048
1.1132873
1.1259037
1.1327894
1.1359141
1.1370562
1.1373724
1.1374264
1.137424
1.1374181
1.1374156
1.1374149
1.1374147
1.1374147
1.1374147
1.1374147
1.1374147
1.1374147
1.1374147
1.1374147
1.1374147
1.1374147
1.1374147
1.1374147
1.1374147
1.1374147
1.1374147
1.1374147
1.1374147
1.1374147
1.1374147
1.1374147
1.1374147
1.1374147
1.1374147
1.1374147
1.1374147
0.99350823
1.0316091
1.0661978
1.0936357
1.1132821
1.1258262
1.1327113
1.1358641
1.1370327
1.1373641
1.1374244
1.1374238
1.1374182
1.1374156
1.1374149
1.1374147
1.1374147
1.1374147
1.1374147
1.1374147
1.1374147
1.1374147
1.1374147
1.1374147
1.1374147
1.1374147
1.1374147
1.1374147
1.1374147
1.1374147
1.1374147
1.1374147
1.1374147
1.1374147
1.1374147
1.1374147
1.1374147
1.1374147
1.1374147
1.1374147
0.99352903
1.0317068
1.0663921
1.093793
1.1132979
1.1257557
1.1326338
1.1358138
1.1370092
1.1373561
1.1374225
1.1374236
1.1374183
1.1374157
1.1374149
1.1374147
1.1374147
1.1374147
1.1374147
1.1374147
1.1374147
1.1374147
1.1374147
1.1374147
1.1374147
1.1374147
1.1374147
1.1374147
1.1374147
1.1374147
1.1374147
1.1374147
1.1374147
1.1374147
1.1374147
1.1374147
1.1374147
1.1374147
1.1374147
1.1374147
0.99354734
1.0317971
1.066588
1.0939762
1.113339
1.1256949
1.1325571
1.1357627
1.1369854
1.1373482
1.1374209
1.1374236
1.1374184
1.1374158
1.1374149
1.1374147
1.1374147
1.1374147
1.1374147
1.1374147
1.1374147
1.1374147
1.1374147
1.1374147
1.1374147
1.1374147
1.1374147
1.1374147
1.1374147
1.1374147
1.1374147
1.1374147
1.1374147
1.1374147
1.1374147
1.1374147
1.1374147
1.1374147
1.1374147
1.1374147
0.99356325
1.0318793
1.0667816
1.0941836
1.1134099
1.1256484
1.1324829
1.1357109
1.1369613
1.1373405
1.1374196
1.1374238
1.1374187
1.1374158
1.1374149
1.1374147
1.1374147
1.1374147
1.1374147
1.1374147
1.1374147
1.1374147
1.1374147
1.1374147
1.1374147
1.1374147
1.1374147
1.1374147
1.1374147
1.1374147
1.1374147
1.1374147
1.1374147
1.1374147
1.1374147
1.1374147
1.1374147
1.1374147
1.1374147
1.1374147
0.9935769
1.031953
1.0669693
1.094412
1.1135149
1.1256222
1.1324143
1.1356589
1.1369366
1.1373328
1.1374184
1.1374241
1.1374189
1.1374159
1.137415
1.1374147
1.1374147
1.1374147
1.1374147
1.1374147
1.1374147
1.1374147
1.1374147
1.1374147
1.1374147
1.1374147
1.1374147
1.1374147
1.1374147
1.1374147
1.1374147
1.1374147
1.1374147
1.1374147
1.1374147
1.1374147
1.1374147
1.1374147
1.1374147
1.1374147
0.99358845
1.032018
1.0671476
1.0946563
1.1136562
1.1256231
1.1323561
1.1356086
1.1369113
1.1373246
1.1374171
1.1374244
1.1374192
1.137416
1.137415
1.1374147
1.1374147
1.1374147
1.1374147
1.1374147
1.1374147
1.1374147
1.1374147
1.1374147
1.1374147
1.1374147
1.1374147
1.1374147
1.1374147
1.1374147
1.1374147
1.1374147
1.1374147
1.1374147
1.1374147
1.1374147
1.1374147
1.1374147
1.1374147
1.1374147
0.99359808
1.0320745
1.0673132
1.0949098
1.1138334
1.1256569
1.1323137
1.1355622
1.1368859
1.1373158
1.1374156
1.1374246
1.1374195
1.1374162
1.137415
1.1374147
1.1374147
1.1374147
1.1374147
1.1374147
1.1374147
1.1374147
1.1374147
1.1374147
1.1374147
1.1374147
1.1374147
1.1374147
1.1374147
1.1374147
1.1374147
1.1374147
1.1374147
1.1374147
1.1374147
1.1374147
1.1374147
1.1374147
1.1374147
1.1374147
0.99360598
1.0321225
1.0674636
1.0951647
1.1140428
1.1257272
1.1322926
1.1355231
1.1368612
1.1373062
1.1374134
1.1374246
1.1374197
1.1374162
1.137415
1.1374147
1.1374147
1.1374147
1.1374147
1.1374147
1.1374147
1.1374147
1.1374147
1.1374147
1.1374147
1.1374147
1.1374147
1.1374147
1.1374147
1.1374147
1.1374147
1.1374147
1.1374147
1.1374147
1.1374147
1.1374147
1.1374147
1.1374147
1.1374147
1.1374147
0.99361234
1.0321626
1.0675969
1.0954128
1.114277
1.1258344
1.1322969
1.1354942
1.1368383
1.1372959
1.1374103
1.1374241
1.1374198
1.1374163
1.137415
1.1374147
1.1374147
1.1374147
1.1374147
1.1374147
1.1374147
1.1374147
1.1374147
1.1374147
1.1374147
1.1374147
1.1374147
1.1374147
1.1374147
1.1374147
1.1374147
1.1374147
1.1374147
1.1374147
1.1374147
1.1374147
1.1374147
1.1374147
1.1374147
1.1374147
0.99361731
1.0321953
1.0677118
1.0956464
1.1145261
1.1259749
1.1323284
1.1354781
1.1368185
1.137285
1.1374063
1.1374231
1.1374196
1.1374163
1.137415
1.1374147
1.1374147
1.1374147
1.1374147
1.1374147
1.1374147
1.1374147
1.1374147
1.1374147
1.1374147
1.1374147
1.1374147
1.1374147
1.1374147
1.1374147
1.1374147
1.1374147
1.1374147
1.1374147
1.1374147
1.1374147
1.1374147
1.1374147
1.1374147
1.1374147
0.99362108
1.0322212
1.0678083
1.0958589
1.1147789
1.1261415
1.1323858
1.1354763
1.136803
1.137274
1.1374015
1.1374216
1.1374193
1.1374163
1.137415
1.1374147
1.1374147
1.1374147
1.1374147
1.1374147
1.1374147
1.1374147
1.1374147
1.1374147
1.1374147
1.1374147
1.1374147
1.1374147
1.1374147
1.1374147
1.1374147
1.1374147
1.1374147
1.1374147
1.1374147
1.1374147
1.1374147
1.1374147
1.1374147
1.1374147
0.99362378
1.032241
1.0678867
1.0960457
1.1150242
1.1263246
1.1324652
1.1354886
1.1367927
1.1372637
1.137396
1.1374195
1.1374187
1.1374161
1.137415
1.1374147
1.1374147
1.1374147
1.1374147
1.1374147
1.1374147
1.1374147
1.1374147
1.1374147
1.1374147
1.1374147
1.1374147
1.1374147
1.1374147
1.1374147
1.1374147
1.1374147
1.1374147
1.1374147
1.1374147
1.1374147
1.1374147
1.1374147
1.1374147
1.1374147
0.99362555
1.0322555
1.0679484
1.0962041
1.1152519
1.1265133
1.1325606
1.1355133
1.136788
1.1372546
1.1373903
1.1374171
1.1374179
1.1374159
1.137415
1.1374147
1.1374147
1.1374147
1.1374147
1.1374147
1.1374147
1.1374147
1.1374147
1.1374147
1.1374147
1.1374147
1.1374147
1.1374147
1.1374147
1.1374147
1.1374147
1.1374147
1.1374147
1.1374147
1.1374147
1.1374147
1.1374147
1.1374147
1.1374147
1.1374147
0.9936265
1.0322654
1.067995
1.0963337
1.1154547
1.1266973
1.1326646
1.1355476
1.1367886
1.1372471
1.1373847
1.1374144
1.137417
1.1374157
1.1374149
1.1374147
1.1374147
1.1374147
1.1374147
1.1374147
1.1374147
1.1374147
1.1374147
1.1374147
1.1374147
1.1374147
1.1374147
1.1374147
1.1374147
1.1374147
1.1374147
1.1374147
1.1374147
1.1374147
1.1374147
1.1374147
1.1374147
1.1374147
1.1374147
1.1374147
0.99362675
1.0322715
1.0680286
1.0964357
1.1156282
1.1268679
1.1327702
1.135588
1.1367937
1.1372417
1.1373796
1.1374118
1.137416
1.1374154
1.1374149
1.1374147
1.1374147
1.1374147
1.1374147
1.1374147
1.1374147
1.1374147
1.1374147
1.1374147
1.1374147
1.1374147
1.1374147
1.1374147
1.1374147
1.1374147
1.1374147
1.1374147
1.1374147
1.1374147
1.1374147
1.1374147
1.1374147
1.1374147
1.1374147
1.1374147
0.99362637
1.0322744
1.0680515
1.096513
1.1157707
1.127019
1.1328709
1.1356309
1.1368021
1.1372382
1.1373753
1.1374095
1.1374151
1.1374152
1.1374148
1.1374147
1.1374147
1.1374147
1.1374147
1.1374147
1.1374147
1.1374147
1.1374147
1.1374147
1.1374147
1.1374147
1.1374147
1.1374147
1.1374147
1.1374147
1.1374147
1.1374147
1.1374147
1.1374147
1.1374147
1.1374147
1.1374147
1.1374147
1.1374147
1.1374147
0.99362532
1.0322745
1.0680655
1.096569
1.1158838
1.1271479
1.132963
1.1356737
1.1368129
1.1372366
1.137372
1.1374074
1.1374143
1.1374149
1.1374148
1.1374147
1.1374147
1.1374146
1.1374146
1.1374147
1.1374147
1.1374147
1.1374147
1.1374147
1.1374147
1.1374147
1.1374147
1.1374147
1.1374146
1.1374146
1.1374146
1.1374146
1.1374146
1.1374146
1.1374146
1.1374146
1.1374146
1.1374146
1.1374146
1.1374146
0.99362366
1.032273
1.0680734
1.0966071
1.1159665
1.1272478
1.133038
1.1357106
1.1368234
1.1372362
1.1373696
1.1374058
1.1374136
1.1374147
1.1374147
1.1374147
1.1374147
1.1374146
1.1374146
1.1374146
1.1374146
1.1374146
1.1374146
1.1374146
1.1374146
1.1374146
1.1374146
1.1374146
1.1374146
1.1374146
1.1374146
1.1374146
1.1374146
1.1374146
1.1374146
1.1374146
1.1374146
1.1374146
1.1374146
1.1374146
0.99361965
1.0322654
1.0680738
1.0966387
1.1160503
1.1273607
1.1331305
1.1357606
1.1368406
1.1372382
1.1373677
1.1374042
1.1374128
1.1374145
1.1374147
1.1374147
1.1374146
1.1374146
1.1374146
1.1374146
1.1374146
1.1374146
1.1374146
1.1374146
1.1374146
1.1374146
1.1374146
1.1374146
1.1374146
1.1374146
1.1374146
1.1374146
1.1374146
1.1374146
1.1374146
1.1374146
1.1374146
1.1374146
1.1374146
1.1374146
)
;

boundaryField
{
    wall
    {
        type            calculated;
        value           nonuniform List<scalar> 
100
(
0.97492804
0.97492776
0.97492755
0.97492745
0.97492737
0.97492731
0.97492725
0.97492721
0.97492718
0.97492716
0.97492714
0.97492713
0.97492712
0.97492712
0.97492711
0.97492711
0.97492711
0.9749271
0.9749271
0.97492709
0.97492709
0.97492709
0.97492708
0.97492708
0.97492707
0.97492707
0.97492706
0.97492706
0.97492706
0.97492705
0.97492705
0.97492704
0.97492704
0.97492703
0.97492703
0.97492703
0.97492702
0.97492702
0.97492701
0.97492701
0.97492701
0.974927
0.974927
0.97492699
0.97492699
0.97492699
0.97492698
0.97492698
0.97492698
0.97492697
0.97492697
0.97492697
0.97492696
0.97492696
0.97492696
0.97492695
0.97492695
0.97492695
0.97492695
0.97492694
0.97492694
0.97492694
0.97492693
0.97492693
0.97492693
0.97492693
0.97492692
0.97492692
0.97492692
0.97492692
0.97492691
0.97492691
0.97492691
0.97492691
0.9749269
0.9749269
0.9749269
0.97492689
0.97492689
0.97492689
0.97492689
0.97492688
0.97492688
0.97492688
0.97492687
0.97492687
0.97492687
0.97492687
0.97492686
0.97492686
0.97492686
0.97492686
0.97492685
0.97492685
0.97492685
0.97492685
0.97492684
0.97492684
0.97492684
0.97492684
)
;
    }
    sides
    {
        type            calculated;
        value           nonuniform List<scalar> 
100
(
1.1374158
1.1374156
1.1374154
1.1374153
1.1374153
1.1374152
1.1374151
1.1374151
1.1374151
1.137415
1.137415
1.137415
1.137415
1.137415
1.137415
1.137415
1.137415
1.137415
1.1374149
1.1374149
1.1374149
1.1374149
1.1374149
1.1374149
1.1374149
1.1374149
1.1374149
1.1374149
1.1374149
1.1374149
1.1374149
1.1374149
1.1374149
1.1374149
1.1374149
1.1374149
1.1374149
1.1374149
1.1374149
1.1374148
1.1374148
1.1374148
1.1374148
1.1374148
1.1374148
1.1374148
1.1374148
1.1374148
1.1374148
1.1374148
1.1374148
1.1374148
1.1374148
1.1374148
1.1374148
1.1374148
1.1374148
1.1374148
1.1374148
1.1374148
1.1374148
1.1374148
1.1374148
1.1374148
1.1374148
1.1374148
1.1374147
1.1374147
1.1374147
1.1374147
1.1374147
1.1374147
1.1374147
1.1374147
1.1374147
1.1374147
1.1374147
1.1374147
1.1374147
1.1374147
1.1374147
1.1374147
1.1374147
1.1374147
1.1374147
1.1374147
1.1374147
1.1374147
1.1374147
1.1374147
1.1374147
1.1374147
1.1374147
1.1374147
1.1374147
1.1374147
1.1374147
1.1374146
1.1374146
1.1374146
)
;
    }
    frontAndBack
    {
        type            empty;
    }
    inlet
    {
        type            calculated;
        value           nonuniform List<scalar> 
40
(
1.1374161
1.1374156
1.1374155
1.1374154
1.1374153
1.1374153
1.1374153
1.1374152
1.1374152
1.1374152
1.1374152
1.1374152
1.1374151
1.1374151
1.1374151
1.1374151
1.1374151
1.1374151
1.1374151
1.1374151
1.1374151
1.1374151
1.1374151
1.1374151
1.1374151
1.1374151
1.1374151
1.1374151
1.1374151
1.1374152
1.1374152
1.1374152
1.1374152
1.1374152
1.1374153
1.1374153
1.1374153
1.1374154
1.1374155
1.1374158
)
;
    }
    outlet
    {
        type            calculated;
        value           nonuniform List<scalar> 
40
(
0.99361965
1.0322654
1.0680738
1.0966387
1.1160503
1.1273607
1.1331305
1.1357606
1.1368406
1.1372382
1.1373677
1.1374042
1.1374128
1.1374144
1.1374146
1.1374147
1.1374146
1.1374146
1.1374146
1.1374146
1.1374146
1.1374146
1.1374146
1.1374146
1.1374146
1.1374146
1.1374146
1.1374146
1.1374146
1.1374146
1.1374146
1.1374146
1.1374146
1.1374146
1.1374146
1.1374146
1.1374146
1.1374146
1.1374146
1.1374146
)
;
    }
}


// ************************************************************************* //
