/*--------------------------------*- C++ -*----------------------------------*\
  =========                 |
  \\      /  F ield         | OpenFOAM: The Open Source CFD Toolbox
   \\    /   O peration     | Website:  https://openfoam.org
    \\  /    A nd           | Version:  10
     \\/     M anipulation  |
\*---------------------------------------------------------------------------*/
FoamFile
{
    format      ascii;
    class       volScalarField;
    location    "0.17";
    object      T;
}
// * * * * * * * * * * * * * * * * * * * * * * * * * * * * * * * * * * * * * //

dimensions      [0 0 0 1 0 0 0];

internalField   nonuniform List<scalar> 
4000
(
303.10134
299.34291
299.99042
300.00082
299.99993
300
300
300
300
300
300
300
300
300
300
300
300
300
300
300
300
300
300
300
300
300
300
300
300
300
300
300
300
300
300
300
300
300
300
300
309.66341
298.49299
299.77922
300.00184
300.0008
299.99999
300
300
300
300
300
300
300
300
300
300
300
300
300
300
300
300
300
300
300
300
300
300
300
300
300
300
300
300
300
300
300
300
300
300
316.00416
298.68458
299.39222
299.9757
300.00406
300.00025
299.99999
300
300
300
300
300
300
300
300
300
300
300
300
300
300
300
300
300
300
300
300
300
300
300
300
300
300
300
300
300
300
300
300
300
321.74211
299.84589
298.98483
299.89492
300.00716
300.00139
300
299.99999
300
300
300
300
300
300
300
300
300
300
300
300
300
300
300
300
300
300
300
300
300
300
300
300
300
300
300
300
300
300
300
300
326.67082
301.70039
298.71004
299.75315
300.00323
300.00379
300.00017
299.99998
300
300
300
300
300
300
300
300
300
300
300
300
300
300
300
300
300
300
300
300
300
300
300
300
300
300
300
300
300
300
300
300
330.68463
303.94779
298.66331
299.56835
299.98428
300.00697
300.00072
299.99997
299.99999
300
300
300
300
300
300
300
300
300
300
300
300
300
300
300
300
300
300
300
300
300
300
300
300
300
300
300
300
300
300
300
333.77382
306.33036
298.87089
299.37377
299.94519
300.00938
300.00181
300
299.99998
300
300
300
300
300
300
300
300
300
300
300
300
300
300
300
300
300
300
300
300
300
300
300
300
300
300
300
300
300
300
300
336.02114
308.66357
299.30768
299.20392
299.88582
300.0089
300.00345
300.00014
299.99997
300
300
300
300
300
300
300
300
300
300
300
300
300
300
300
300
300
300
300
300
300
300
300
300
300
300
300
300
300
300
300
337.57314
310.83658
299.92394
299.08475
299.81056
300.00353
300.00541
300.00046
299.99996
299.99999
300
300
300
300
300
300
300
300
300
300
300
300
300
300
300
300
300
300
300
300
300
300
300
300
300
300
300
300
300
300
338.60118
312.79665
300.66511
299.0307
299.72643
299.99193
300.00725
300.001
299.99996
299.99998
300
300
300
300
300
300
300
300
300
300
300
300
300
300
300
300
300
300
300
300
300
300
300
300
300
300
300
300
300
300
339.26795
314.53087
301.48255
299.04617
299.64118
299.97371
300.0084
300.00176
300.00001
299.99997
300
300
300
300
300
300
300
300
300
300
300
300
300
300
300
300
300
300
300
300
300
300
300
300
300
300
300
300
300
300
339.70675
316.05051
302.33787
299.1285
299.56182
299.94931
300.00834
300.00268
300.00012
299.99996
300
300
300
300
300
300
300
300
300
300
300
300
300
300
300
300
300
300
300
300
300
300
300
300
300
300
300
300
300
300
340.01417
317.379
303.20343
299.27095
299.49395
299.91983
300.00662
300.00368
300.0003
299.99996
299.99999
300
300
300
300
300
300
300
300
300
300
300
300
300
300
300
300
300
300
300
300
300
300
300
300
300
300
300
300
300
340.25286
318.54382
304.06081
299.46514
299.4415
299.88671
300.00294
300.00461
300.00056
299.99996
299.99999
300
300
300
300
300
300
300
300
300
300
300
300
300
300
300
300
300
300
300
300
300
300
300
300
300
300
300
300
300
340.45927
319.57178
304.89864
299.70249
299.40692
299.85157
299.99717
300.00534
300.0009
299.99998
299.99998
300
300
300
300
300
300
300
300
300
300
300
300
300
300
300
300
300
300
300
300
300
300
300
300
300
300
300
300
300
340.65212
320.48671
305.71053
299.97506
299.39147
299.81599
299.98933
300.00574
300.0013
300.00003
299.99998
300
300
300
300
300
300
300
300
300
300
300
300
300
300
300
300
300
300
300
300
300
300
300
300
300
300
300
300
300
340.83946
321.30861
306.49336
300.27589
299.39549
299.78144
299.97954
300.00567
300.00173
300.0001
299.99997
300
300
300
300
300
300
300
300
300
300
300
300
300
300
300
300
300
300
300
300
300
300
300
300
300
300
300
300
300
341.02358
322.05368
307.24609
300.59905
299.41869
299.7492
299.96804
300.00504
300.00217
300.00019
299.99997
299.99999
300
300
300
300
300
300
300
300
300
300
300
300
300
300
300
300
300
300
300
300
300
300
300
300
300
300
300
300
341.20414
322.7347
307.96881
300.93961
299.46039
299.72037
299.95514
300.00377
300.00257
300.00031
299.99998
299.99999
300
300
300
300
300
300
300
300
300
300
300
300
300
300
300
300
300
300
300
300
300
300
300
300
300
300
300
300
341.37988
323.36164
308.6623
301.29345
299.51961
299.69585
299.94117
300.00182
300.00291
300.00046
299.99999
299.99999
300
300
300
300
300
300
300
300
300
300
300
300
300
300
300
300
300
300
300
300
300
300
300
300
300
300
300
300
341.5495
323.94222
309.32761
301.65717
299.59526
299.67634
299.9265
299.99917
300.00314
300.00062
300.00001
299.99999
300
300
300
300
300
300
300
300
300
300
300
300
300
300
300
300
300
300
300
300
300
300
300
300
300
300
300
300
341.71198
324.48245
309.96588
302.02792
299.68615
299.66239
299.9115
299.99583
300.00323
300.0008
300.00004
299.99998
300
300
300
300
300
300
300
300
300
300
300
300
300
300
300
300
300
300
300
300
300
300
300
300
300
300
300
300
341.86673
324.98705
310.57828
302.40333
299.79109
299.65443
299.89652
299.99183
300.00315
300.00098
300.00007
299.99999
300
300
300
300
300
300
300
300
300
300
300
300
300
300
300
300
300
300
300
300
300
300
300
300
300
300
300
300
342.01348
325.45977
311.16592
302.7814
299.90886
299.65271
299.88194
299.98722
300.00288
300.00115
300.00012
299.99999
300
300
300
300
300
300
300
300
300
300
300
300
300
300
300
300
300
300
300
300
300
300
300
300
300
300
300
300
342.15227
325.90369
311.72987
303.16045
300.0383
299.65743
299.86807
299.98207
300.00238
300.00131
300.00017
299.99999
299.99999
300
300
300
300
300
300
300
300
300
300
300
300
300
300
300
300
300
300
300
300
300
300
300
300
300
300
300
342.28329
326.32135
312.27111
303.53903
300.17827
299.66865
299.85523
299.97646
300.00165
300.00145
300.00023
300
299.99999
300
300
300
300
300
300
300
300
300
300
300
300
300
300
300
300
300
300
300
300
300
300
300
300
300
300
300
342.40687
326.71493
312.79057
303.91592
300.32768
299.68638
299.84369
299.97049
300.00067
300.00154
300.0003
300.00001
299.99999
300
300
300
300
300
300
300
300
300
300
300
300
300
300
300
300
300
300
300
300
300
300
300
300
300
300
300
342.52338
327.08629
313.28914
304.29008
300.48549
299.71055
299.83371
299.96424
299.99945
300.00159
300.00037
300.00002
299.99999
300
300
300
300
300
300
300
300
300
300
300
300
300
300
300
300
300
300
300
300
300
300
300
300
300
300
300
342.63322
327.43707
313.76763
304.66062
300.65072
299.74104
299.82552
299.95783
299.99799
300.00158
300.00044
300.00003
299.99999
300
300
300
300
300
300
300
300
300
300
300
300
300
300
300
300
300
300
300
300
300
300
300
300
300
300
300
342.73676
327.76867
314.22681
305.02675
300.82244
299.77769
299.81931
299.95136
299.99629
300.0015
300.00051
300.00005
299.99999
300
300
300
300
300
300
300
300
300
300
300
300
300
300
300
300
300
300
300
300
300
300
300
300
300
300
300
342.83434
328.08236
314.66741
305.38781
300.99976
299.82028
299.81523
299.94495
299.99437
300.00136
300.00057
300.00007
300
300
300
300
300
300
300
300
300
300
300
300
300
300
300
300
300
300
300
300
300
300
300
300
300
300
300
300
342.92625
328.37921
315.09008
305.74322
301.18186
299.86859
299.81344
299.93869
299.99225
300.00113
300.00063
300.0001
300
300
300
300
300
300
300
300
300
300
300
300
300
300
300
300
300
300
300
300
300
300
300
300
300
300
300
300
343.01276
328.66016
315.49544
306.09249
301.36795
299.92234
299.81404
299.9327
299.98995
300.00081
300.00067
300.00012
300
300
300
300
300
300
300
300
300
300
300
300
300
300
300
300
300
300
300
300
300
300
300
300
300
300
300
300
343.09407
328.92601
315.88404
306.43516
301.55729
299.98125
299.8171
299.92708
299.98749
300.00041
300.0007
300.00015
300.00001
300
300
300
300
300
300
300
300
300
300
300
300
300
300
300
300
300
300
300
300
300
300
300
300
300
300
300
343.17031
329.17743
316.25638
306.77083
301.74918
300.04503
299.8227
299.92193
299.98492
299.99992
300.00071
300.00017
300.00001
300
300
300
300
300
300
300
300
300
300
300
300
300
300
300
300
300
300
300
300
300
300
300
300
300
300
300
343.24159
329.41496
316.6129
307.09915
301.94296
300.11335
299.83087
299.91733
299.98225
299.99935
300.0007
300.0002
300.00002
300
300
300
300
300
300
300
300
300
300
300
300
300
300
300
300
300
300
300
300
300
300
300
300
300
300
300
343.30798
329.639
316.95394
307.41978
302.13799
300.1859
299.84162
299.91337
299.97953
299.99868
300.00066
300.00022
300.00003
300
300
300
300
300
300
300
300
300
300
300
300
300
300
300
300
300
300
300
300
300
300
300
300
300
300
300
343.36948
329.84986
317.2798
307.73241
302.33368
300.26233
299.85495
299.91013
299.97679
299.99794
300.0006
300.00024
300.00003
300
300
300
300
300
300
300
300
300
300
300
300
300
300
300
300
300
300
300
300
300
300
300
300
300
300
300
343.42607
330.04771
317.5907
308.03673
302.52944
300.34231
299.87082
299.90769
299.97407
299.99711
300.00051
300.00026
300.00004
300
300
300
300
300
300
300
300
300
300
300
300
300
300
300
300
300
300
300
300
300
300
300
300
300
300
300
343.47769
330.2326
317.88677
308.33242
302.72472
300.42548
299.8892
299.9061
299.97141
299.99622
300.00039
300.00028
300.00005
300
300
300
300
300
300
300
300
300
300
300
300
300
300
300
300
300
300
300
300
300
300
300
300
300
300
300
343.52428
330.40449
318.16805
308.61919
302.91897
300.5115
299.91002
299.90541
299.96884
299.99527
300.00024
300.00029
300.00006
300
300
300
300
300
300
300
300
300
300
300
300
300
300
300
300
300
300
300
300
300
300
300
300
300
300
300
343.56575
330.56324
318.4345
308.8967
303.11167
300.60001
299.93321
299.90569
299.9664
299.99426
300.00006
300.00029
300.00007
300.00001
300
300
300
300
300
300
300
300
300
300
300
300
300
300
300
300
300
300
300
300
300
300
300
300
300
300
343.60201
330.70861
318.68598
309.16461
303.30229
300.69064
299.95867
299.90695
299.96413
299.99321
299.99985
300.00028
300.00008
300.00001
300
300
300
300
300
300
300
300
300
300
300
300
300
300
300
300
300
300
300
300
300
300
300
300
300
300
343.63301
330.84028
318.92228
309.42254
303.49032
300.78302
299.9863
299.90923
299.96206
299.99213
299.9996
300.00027
300.00009
300.00001
300
300
300
300
300
300
300
300
300
300
300
300
300
300
300
300
300
300
300
300
300
300
300
300
300
300
343.65872
330.95793
319.14307
309.67009
303.67525
300.87679
300.01598
299.91255
299.96023
299.99103
299.99933
300.00024
300.00009
300.00001
300
300
300
300
300
300
300
300
300
300
300
300
300
300
300
300
300
300
300
300
300
300
300
300
300
300
343.67917
331.06121
319.34797
309.90681
303.85657
300.97157
300.04756
299.91691
299.95866
299.98993
299.99903
300.00021
300.0001
300.00002
300
300
300
300
300
300
300
300
300
300
300
300
300
300
300
300
300
300
300
300
300
300
300
300
300
300
343.69449
331.14982
319.53651
310.13222
304.03376
301.06698
300.08092
299.92232
299.9574
299.98884
299.9987
300.00017
300.0001
300.00002
300
300
300
300
300
300
300
300
300
300
300
300
300
300
300
300
300
300
300
300
300
300
300
300
300
300
343.70487
331.22361
319.70821
310.34582
304.20629
301.16263
300.11588
299.92878
299.95645
299.98777
299.99835
300.00011
300.00011
300.00002
300
300
300
300
300
300
300
300
300
300
300
300
300
300
300
300
300
300
300
300
300
300
300
300
300
300
343.71065
331.28258
319.8626
310.54706
304.37365
301.25815
300.15229
299.93625
299.95585
299.98674
299.99798
300.00005
300.00011
300.00003
300
300
300
300
300
300
300
300
300
300
300
300
300
300
300
300
300
300
300
300
300
300
300
300
300
300
343.71225
331.32703
319.99927
310.73539
304.53531
301.35314
300.18997
299.94472
299.95562
299.98576
299.99759
299.99997
300.0001
300.00003
300
300
300
300
300
300
300
300
300
300
300
300
300
300
300
300
300
300
300
300
300
300
300
300
300
300
343.71022
331.35755
320.11792
310.91028
304.69075
301.44722
300.22873
299.95415
299.95577
299.98485
299.99719
299.99989
300.0001
300.00003
300
300
300
300
300
300
300
300
300
300
300
300
300
300
300
300
300
300
300
300
300
300
300
300
300
300
343.70518
331.37511
320.21848
311.07124
304.83946
301.53999
300.26838
299.9645
299.95631
299.98401
299.99679
299.99979
300.00009
300.00003
300.00001
300
300
300
300
300
300
300
300
300
300
300
300
300
300
300
300
300
300
300
300
300
300
300
300
300
343.69781
331.38102
320.30114
311.21785
304.98095
301.6311
300.30874
299.97572
299.95726
299.98326
299.99638
299.99969
300.00008
300.00003
300.00001
300
300
300
300
300
300
300
300
300
300
300
300
300
300
300
300
300
300
300
300
300
300
300
300
300
343.68883
331.37697
320.36644
311.34984
305.11479
301.72018
300.34959
299.98775
299.95861
299.98262
299.99597
299.99957
300.00006
300.00004
300.00001
300
300
300
300
300
300
300
300
300
300
300
300
300
300
300
300
300
300
300
300
300
300
300
300
300
343.67891
331.36485
320.41529
311.4671
305.24059
301.80687
300.39076
300.00053
299.96036
299.98208
299.99557
299.99945
300.00004
300.00004
300.00001
300
300
300
300
300
300
300
300
300
300
300
300
300
300
300
300
300
300
300
300
300
300
300
300
300
343.66867
331.34676
320.44902
311.56975
305.35804
301.89088
300.43203
300.01399
299.96251
299.98166
299.99518
299.99932
300.00002
300.00003
300.00001
300
300
300
300
300
300
300
300
300
300
300
300
300
300
300
300
300
300
300
300
300
300
300
300
300
343.65865
331.32477
320.46931
311.65818
305.46697
301.9719
300.47323
300.02805
299.96506
299.98138
299.9948
299.99919
299.99999
300.00003
300.00001
300
300
300
300
300
300
300
300
300
300
300
300
300
300
300
300
300
300
300
300
300
300
300
300
300
343.64924
331.30088
320.47822
311.73302
305.56728
302.04972
300.51418
300.04266
299.96799
299.98122
299.99445
299.99905
299.99996
300.00003
300.00001
300
300
300
300
300
300
300
300
300
300
300
300
300
300
300
300
300
300
300
300
300
300
300
300
300
343.64071
331.27682
320.478
311.79524
305.65906
302.12414
300.55471
300.05772
299.97129
299.9812
299.99412
299.99891
299.99993
300.00003
300.00001
300
300
300
300
300
300
300
300
300
300
300
300
300
300
300
300
300
300
300
300
300
300
300
300
300
343.63317
331.25401
320.47106
311.84605
305.74251
302.19503
300.59467
300.07317
299.97493
299.98133
299.99381
299.99877
299.9999
300.00002
300.00001
300
300
300
300
300
300
300
300
300
300
300
300
300
300
300
300
300
300
300
300
300
300
300
300
300
343.62662
331.23344
320.45977
311.8869
305.81801
302.26233
300.63395
300.08892
299.97891
299.98159
299.99354
299.99863
299.99986
300.00002
300.00001
300
300
300
300
300
300
300
300
300
300
300
300
300
300
300
300
300
300
300
300
300
300
300
300
300
343.62093
331.21571
320.44636
311.91939
305.88607
302.32604
300.67241
300.10492
299.98319
299.982
299.99331
299.99849
299.99982
300.00001
300.00001
300
300
300
300
300
300
300
300
300
300
300
300
300
300
300
300
300
300
300
300
300
300
300
300
300
343.61589
331.20096
320.43276
311.94524
305.94733
302.38622
300.70999
300.1211
299.98775
299.98254
299.99311
299.99835
299.99978
300
300.00001
300
300
300
300
300
300
300
300
300
300
300
300
300
300
300
300
300
300
300
300
300
300
300
300
300
343.61123
331.18895
320.42053
311.96614
306.00254
302.44299
300.74662
300.13738
299.99258
299.98323
299.99295
299.99822
299.99973
299.99999
300.00001
300
300
300
300
300
300
300
300
300
300
300
300
300
300
300
300
300
300
300
300
300
300
300
300
300
343.60664
331.1791
320.4107
311.98371
306.05249
302.49654
300.78225
300.15373
299.99765
299.98405
299.99283
299.99809
299.99969
299.99998
300.00001
300
300
300
300
300
300
300
300
300
300
300
300
300
300
300
300
300
300
300
300
300
300
300
300
300
343.60182
331.1706
320.40378
311.99937
306.09802
302.54707
300.81687
300.17008
300.00293
299.985
299.99276
299.99797
299.99964
299.99997
300.00001
300
300
300
300
300
300
300
300
300
300
300
300
300
300
300
300
300
300
300
300
300
300
300
300
300
343.59651
331.16247
320.39973
312.01427
306.13994
302.59484
300.85046
300.1864
300.00841
299.98607
299.99273
299.99785
299.99959
299.99996
300.00001
300
300
300
300
300
300
300
300
300
300
300
300
300
300
300
300
300
300
300
300
300
300
300
300
300
343.59047
331.15366
320.39802
312.02922
306.179
302.64011
300.88305
300.20264
300.01405
299.98727
299.99274
299.99775
299.99955
299.99995
300
300
300
300
300
300
300
300
300
300
300
300
300
300
300
300
300
300
300
300
300
300
300
300
300
300
343.58354
331.14319
320.39765
312.04464
306.21586
302.68315
300.91467
300.21878
300.01985
299.98858
299.9928
299.99766
299.9995
299.99994
300
300
300
300
300
300
300
300
300
300
300
300
300
300
300
300
300
300
300
300
300
300
300
300
300
300
343.57567
331.13018
320.39732
312.06054
306.25102
302.72422
300.94535
300.23479
300.02577
299.99001
299.9929
299.99757
299.99945
299.99992
300
300
300
300
300
300
300
300
300
300
300
300
300
300
300
300
300
300
300
300
300
300
300
300
300
300
343.56684
331.11399
320.39555
312.07655
306.2848
302.76355
300.97514
300.25065
300.0318
299.99153
299.99305
299.9975
299.99941
299.99991
300
300
300
300
300
300
300
300
300
300
300
300
300
300
300
300
300
300
300
300
300
300
300
300
300
300
343.55714
331.0942
320.39084
312.09194
306.31731
302.80132
301.00408
300.26634
300.03792
299.99314
299.99324
299.99744
299.99936
299.9999
299.99999
300
300
300
300
300
300
300
300
300
300
300
300
300
300
300
300
300
300
300
300
300
300
300
300
300
343.54671
331.07069
320.3818
312.10576
306.34843
302.83761
301.03221
300.28185
300.04411
299.99484
299.99347
299.99739
299.99932
299.99988
299.99999
300
300
300
300
300
300
300
300
300
300
300
300
300
300
300
300
300
300
300
300
300
300
300
300
300
343.53574
331.0436
320.36731
312.11691
306.37788
302.87243
301.05951
300.29715
300.05036
299.99662
299.99374
299.99735
299.99928
299.99987
299.99999
300
300
300
300
300
300
300
300
300
300
300
300
300
300
300
300
300
300
300
300
300
300
300
300
300
343.52445
331.01332
320.34661
312.12429
306.40522
302.90568
301.08596
300.31223
300.05666
299.99848
299.99406
299.99733
299.99924
299.99985
299.99998
300
300
300
300
300
300
300
300
300
300
300
300
300
300
300
300
300
300
300
300
300
300
300
300
300
343.51308
330.98041
320.31932
312.12693
306.42998
302.93723
301.11148
300.32703
300.06299
300.00042
299.99442
299.99732
299.99921
299.99984
299.99998
300
300
300
300
300
300
300
300
300
300
300
300
300
300
300
300
300
300
300
300
300
300
300
300
300
343.50185
330.94559
320.28545
312.124
306.4517
302.96692
301.13602
300.34153
300.06934
300.00245
299.99484
299.99733
299.99918
299.99982
299.99997
300
300
300
300
300
300
300
300
300
300
300
300
300
300
300
300
300
300
300
300
300
300
300
300
300
343.49098
330.90963
320.24538
312.1149
306.47001
302.99469
301.15955
300.3557
300.07569
300.00455
299.99531
299.99737
299.99915
299.99981
299.99997
300
300
300
300
300
300
300
300
300
300
300
300
300
300
300
300
300
300
300
300
300
300
300
300
300
343.48064
330.87331
320.19975
312.09917
306.48464
303.02056
301.1821
300.36951
300.08202
300.00673
299.99582
299.99742
299.99914
299.9998
299.99997
300
300
300
300
300
300
300
300
300
300
300
300
300
300
300
300
300
300
300
300
300
300
300
300
300
343.47098
330.83736
320.1494
312.07648
306.49531
303.04467
301.20381
300.38302
300.08832
300.00894
299.99637
299.99749
299.99912
299.99978
299.99996
300
300
300
300
300
300
300
300
300
300
300
300
300
300
300
300
300
300
300
300
300
300
300
300
300
343.46209
330.80243
320.09533
312.04655
306.50166
303.06714
301.22493
300.39631
300.09458
300.01115
299.99692
299.99756
299.9991
299.99977
299.99996
300
300
300
300
300
300
300
300
300
300
300
300
300
300
300
300
300
300
300
300
300
300
300
300
300
343.45403
330.7691
320.03857
312.0092
306.5031
303.08801
301.24571
300.40953
300.10079
300.01334
299.99745
299.99761
299.99908
299.99976
299.99995
299.99999
300
300
300
300
300
300
300
300
300
300
300
300
300
300
300
300
300
300
300
300
300
300
300
300
343.44684
330.73779
319.98025
311.96434
306.49875
303.10699
301.26632
300.42284
300.107
300.01546
299.99794
299.99764
299.99905
299.99974
299.99995
299.99999
300
300
300
300
300
300
300
300
300
300
300
300
300
300
300
300
300
300
300
300
300
300
300
300
343.44051
330.70884
319.92149
311.9121
306.48744
303.12335
301.28671
300.43635
300.11326
300.01753
299.99835
299.99764
299.99901
299.99972
299.99994
299.99999
300
300
300
300
300
300
300
300
300
300
300
300
300
300
300
300
300
300
300
300
300
300
300
300
343.43501
330.68249
319.86341
311.85296
306.46791
303.13587
301.30646
300.45007
300.11963
300.01956
299.99871
299.9976
299.99895
299.9997
299.99994
299.99999
300
300
300
300
300
300
300
300
300
300
300
300
300
300
300
300
300
300
300
300
300
300
300
300
343.43029
330.65887
319.80714
311.78788
306.43902
303.14292
301.3247
300.4638
300.12616
300.02161
299.99902
299.99752
299.99888
299.99967
299.99993
299.99999
300
300
300
300
300
300
300
300
300
300
300
300
300
300
300
300
300
300
300
300
300
300
300
300
343.4263
330.63802
319.75372
311.71831
306.40013
303.14268
301.3402
300.47713
300.13282
300.02375
299.99935
299.99744
299.9988
299.99964
299.99992
299.99999
300
300
300
300
300
300
300
300
300
300
300
300
300
300
300
300
300
300
300
300
300
300
300
300
343.42297
330.61995
319.70409
311.64613
306.35137
303.13359
301.35147
300.48939
300.13953
300.02607
299.99977
299.99738
299.99873
299.99961
299.99992
299.99999
300
300
300
300
300
300
300
300
300
300
300
300
300
300
300
300
300
300
300
300
300
300
300
300
343.42024
330.60455
319.65905
311.57359
306.29381
303.11465
301.35708
300.49976
300.14606
300.0286
300.00035
299.99739
299.99868
299.99959
299.99991
299.99999
300
300
300
300
300
300
300
300
300
300
300
300
300
300
300
300
300
300
300
300
300
300
300
300
343.41804
330.59171
319.61915
311.50301
306.22943
303.08579
301.35593
300.5074
300.15211
300.03134
300.00115
299.99751
299.99866
299.99957
299.9999
299.99999
300
300
300
300
300
300
300
300
300
300
300
300
300
300
300
300
300
300
300
300
300
300
300
300
343.41632
330.58125
319.58473
311.4366
306.16097
303.04797
301.34757
300.51165
300.15734
300.03422
300.0022
299.99777
299.9987
299.99957
299.9999
299.99999
300
300
300
300
300
300
300
300
300
300
300
300
300
300
300
300
300
300
300
300
300
300
300
300
343.41502
330.57296
319.55587
311.37621
306.09154
303.00313
301.33229
300.51213
300.16142
300.0371
300.00347
299.99818
299.99879
299.99958
299.9999
299.99999
300
300
300
300
300
300
300
300
300
300
300
300
300
300
300
300
300
300
300
300
300
300
300
300
343.41408
330.56661
319.53239
311.32315
306.02422
302.95388
301.31116
300.50888
300.16412
300.03982
300.00492
299.99873
299.99895
299.99961
299.99991
299.99999
300
300
300
300
300
300
300
300
300
300
300
300
300
300
300
300
300
300
300
300
300
300
300
300
343.41347
330.56197
319.51394
311.27816
305.96173
302.90312
301.28579
300.50234
300.16537
300.04223
300.00643
299.99937
299.99915
299.99966
299.99991
299.99999
300
300
300
300
300
300
300
300
300
300
300
300
300
300
300
300
300
300
300
300
300
300
300
300
343.41314
330.55879
319.5
311.24137
305.90609
302.85366
301.25811
300.49326
300.16522
300.04419
300.00791
300.00006
299.99939
299.99972
299.99993
299.99999
300
300
300
300
300
300
300
300
300
300
300
300
300
300
300
300
300
300
300
300
300
300
300
300
343.41305
330.55684
319.48993
311.2124
305.85853
302.80779
301.23003
300.48257
300.16388
300.04563
300.00924
300.00074
299.99963
299.99979
299.99994
299.99999
300
300
300
300
300
300
300
300
300
300
300
300
300
300
300
300
300
300
300
300
300
300
300
300
343.41318
330.55591
319.48309
311.19047
305.81946
302.76721
301.20325
300.47121
300.16165
300.04655
300.01037
300.00137
299.99988
299.99986
299.99995
299.99999
300
300
300
300
300
300
300
300
300
300
300
300
300
300
300
300
300
300
300
300
300
300
300
300
343.41355
330.55586
319.47889
311.17457
305.78848
302.73257
301.17876
300.45989
300.1588
300.04697
300.01126
300.00191
300.0001
299.99993
299.99997
299.99999
300
300
300
300
300
300
300
300
300
300
300
300
300
300
300
300
300
300
300
300
300
300
300
300
343.41412
330.55636
319.47655
311.16377
305.7658
302.70574
301.15883
300.45013
300.15602
300.04706
300.01188
300.00233
300.00027
299.99998
299.99998
299.99999
300
300
300
300
300
300
300
300
300
300
300
300
300
300
300
300
300
300
300
300
300
300
300
300
343.41551
330.55879
319.47641
311.1548
305.74284
302.67543
301.13425
300.43691
300.15149
300.04655
300.0124
300.00276
300.00048
300.00005
300
300
300
300
300
300
300
300
300
300
300
300
300
300
300
300
300
300
300
300
300
300
300
300
300
300
)
;

boundaryField
{
    wall
    {
        type            fixedValue;
        value           uniform 350;
    }
    sides
    {
        type            zeroGradient;
    }
    frontAndBack
    {
        type            empty;
    }
    inlet
    {
        type            fixedValue;
        value           uniform 300;
    }
    outlet
    {
        type            zeroGradient;
    }
}


// ************************************************************************* //
