/*--------------------------------*- C++ -*----------------------------------*\
  =========                 |
  \\      /  F ield         | OpenFOAM: The Open Source CFD Toolbox
   \\    /   O peration     | Website:  https://openfoam.org
    \\  /    A nd           | Version:  10
     \\/     M anipulation  |
\*---------------------------------------------------------------------------*/
FoamFile
{
    format      ascii;
    class       volScalarField;
    location    "0.16";
    object      rho_0;
}
// * * * * * * * * * * * * * * * * * * * * * * * * * * * * * * * * * * * * * //

dimensions      [1 -3 0 0 0 0 0];

internalField   nonuniform List<scalar> 
4000
(
1.125778
1.1399123
1.1374518
1.1374123
1.1374156
1.1374153
1.1374153
1.1374152
1.1374152
1.1374152
1.1374152
1.1374152
1.1374151
1.1374151
1.1374151
1.1374151
1.1374151
1.1374151
1.1374151
1.1374151
1.1374151
1.1374151
1.1374151
1.1374151
1.1374151
1.1374151
1.1374151
1.1374151
1.1374151
1.1374151
1.1374152
1.1374152
1.1374152
1.1374152
1.1374153
1.1374153
1.1374153
1.1374154
1.1374155
1.1374158
1.1019214
1.143158
1.1382531
1.1374084
1.1374123
1.1374153
1.1374153
1.1374152
1.1374152
1.1374152
1.1374152
1.1374152
1.1374151
1.1374151
1.1374151
1.1374151
1.1374151
1.1374151
1.1374151
1.1374151
1.1374151
1.1374151
1.1374151
1.1374151
1.1374151
1.1374151
1.1374151
1.1374151
1.1374151
1.1374151
1.1374152
1.1374152
1.1374152
1.1374152
1.1374152
1.1374153
1.1374153
1.1374154
1.1374155
1.1374155
1.0798108
1.1424247
1.1397244
1.1375075
1.1373999
1.1374143
1.1374153
1.1374152
1.1374152
1.1374152
1.1374152
1.1374151
1.1374151
1.1374151
1.1374151
1.1374151
1.1374151
1.1374151
1.1374151
1.1374151
1.1374151
1.1374151
1.1374151
1.1374151
1.1374151
1.1374151
1.1374151
1.1374151
1.1374151
1.1374151
1.1374152
1.1374152
1.1374152
1.1374152
1.1374152
1.1374153
1.1374153
1.1374154
1.1374154
1.1374153
1.0605536
1.1380001
1.1412772
1.1378138
1.1373881
1.13741
1.1374152
1.1374152
1.1374152
1.1374152
1.1374152
1.1374151
1.1374151
1.1374151
1.1374151
1.1374151
1.1374151
1.1374151
1.1374151
1.1374151
1.1374151
1.1374151
1.1374151
1.1374151
1.1374151
1.1374151
1.1374151
1.1374151
1.1374151
1.1374151
1.1374152
1.1374152
1.1374152
1.1374152
1.1374152
1.1374152
1.1374153
1.1374153
1.1374153
1.1374152
1.0445525
1.1310052
1.142327
1.1383519
1.137403
1.1374009
1.1374146
1.1374153
1.1374152
1.1374152
1.1374151
1.1374151
1.1374151
1.1374151
1.1374151
1.1374151
1.1374151
1.1374151
1.1374151
1.1374151
1.1374151
1.1374151
1.1374151
1.1374151
1.1374151
1.1374151
1.1374151
1.1374151
1.1374151
1.1374151
1.1374151
1.1374152
1.1374152
1.1374152
1.1374152
1.1374152
1.1374153
1.1374153
1.1374153
1.1374151
1.0318742
1.1226429
1.1425058
1.139054
1.1374748
1.1373888
1.1374125
1.1374153
1.1374152
1.1374152
1.1374151
1.1374151
1.1374151
1.1374151
1.1374151
1.1374151
1.1374151
1.1374151
1.1374151
1.1374151
1.1374151
1.1374151
1.1374151
1.1374151
1.1374151
1.1374151
1.1374151
1.1374151
1.1374151
1.1374151
1.1374151
1.1374151
1.1374152
1.1374152
1.1374152
1.1374152
1.1374152
1.1374153
1.1374152
1.137415
1.0223242
1.1139118
1.1417123
1.1397942
1.137623
1.1373796
1.1374083
1.1374152
1.1374152
1.1374151
1.1374151
1.1374151
1.1374151
1.1374151
1.1374151
1.1374151
1.1374151
1.1374151
1.1374151
1.1374151
1.1374151
1.1374151
1.1374151
1.1374151
1.1374151
1.1374151
1.1374151
1.1374151
1.1374151
1.1374151
1.1374151
1.1374151
1.1374151
1.1374152
1.1374152
1.1374152
1.1374152
1.1374152
1.1374151
1.137415
1.0154872
1.1054924
1.1400464
1.1404411
1.1378482
1.1373814
1.1374021
1.1374146
1.1374153
1.1374151
1.1374151
1.1374151
1.1374151
1.1374151
1.1374151
1.1374151
1.1374151
1.1374151
1.1374151
1.1374151
1.1374151
1.1374151
1.1374151
1.1374151
1.1374151
1.1374151
1.1374151
1.1374151
1.1374151
1.1374151
1.1374151
1.1374151
1.1374151
1.1374151
1.1374152
1.1374152
1.1374152
1.1374152
1.1374151
1.1374149
1.0108189
1.097765
1.1377044
1.1408955
1.1381337
1.1374018
1.1373946
1.1374134
1.1374153
1.1374152
1.1374151
1.1374151
1.1374151
1.1374151
1.1374151
1.1374151
1.1374151
1.1374151
1.1374151
1.1374151
1.1374151
1.1374151
1.1374151
1.1374151
1.1374151
1.1374151
1.1374151
1.1374151
1.1374151
1.1374151
1.1374151
1.1374151
1.1374151
1.1374151
1.1374151
1.1374152
1.1374152
1.1374152
1.137415
1.1374149
1.0077503
1.0908872
1.1349005
1.1411016
1.138453
1.1374457
1.1373877
1.1374113
1.1374153
1.1374152
1.1374151
1.1374151
1.1374151
1.1374151
1.1374151
1.1374151
1.1374151
1.1374151
1.1374151
1.1374151
1.1374151
1.1374151
1.1374151
1.1374151
1.1374151
1.1374151
1.1374151
1.1374151
1.1374151
1.1374151
1.1374151
1.1374151
1.1374151
1.1374151
1.1374151
1.1374151
1.1374152
1.1374151
1.137415
1.1374149
1.0057702
1.0848737
1.1318242
1.1410426
1.1387767
1.1375147
1.1373833
1.1374085
1.1374151
1.1374152
1.1374151
1.1374151
1.1374151
1.1374151
1.1374151
1.1374151
1.1374151
1.1374151
1.1374151
1.1374151
1.1374151
1.1374151
1.1374151
1.1374151
1.1374151
1.1374151
1.1374151
1.1374151
1.1374151
1.1374151
1.1374151
1.1374151
1.1374151
1.1374151
1.1374151
1.1374151
1.1374151
1.1374151
1.1374149
1.1374149
1.0044716
1.0796588
1.1286233
1.1407288
1.1390782
1.1376072
1.1373835
1.1374049
1.1374146
1.1374152
1.1374151
1.1374151
1.1374151
1.1374151
1.1374151
1.1374151
1.1374151
1.1374151
1.1374151
1.1374151
1.1374151
1.1374151
1.1374151
1.1374151
1.1374151
1.1374151
1.1374151
1.1374151
1.1374151
1.1374151
1.1374151
1.1374151
1.1374151
1.1374151
1.1374151
1.1374151
1.1374151
1.1374151
1.1374149
1.1374148
1.0035641
1.0751413
1.1254028
1.1401861
1.1393362
1.1377189
1.13739
1.1374012
1.1374139
1.1374152
1.1374151
1.1374151
1.1374151
1.1374151
1.1374151
1.1374151
1.1374151
1.1374151
1.1374151
1.1374151
1.1374151
1.1374151
1.1374151
1.1374151
1.1374151
1.1374151
1.1374151
1.1374151
1.1374151
1.1374151
1.1374151
1.1374151
1.1374151
1.1374151
1.1374151
1.1374151
1.1374151
1.137415
1.1374149
1.1374148
1.0028609
1.0712118
1.1222312
1.1394472
1.1395356
1.1378444
1.1374039
1.1373976
1.1374129
1.1374152
1.1374151
1.1374151
1.1374151
1.1374151
1.1374151
1.1374151
1.1374151
1.1374151
1.1374151
1.1374151
1.1374151
1.1374151
1.1374151
1.1374151
1.1374151
1.1374151
1.1374151
1.1374151
1.1374151
1.1374151
1.1374151
1.1374151
1.1374151
1.1374151
1.1374151
1.1374151
1.1374151
1.137415
1.1374149
1.1374148
1.0022539
1.0677682
1.1191495
1.1385455
1.1396671
1.1379776
1.1374258
1.1373948
1.1374117
1.1374151
1.1374151
1.1374151
1.1374151
1.1374151
1.1374151
1.1374151
1.1374151
1.137415
1.137415
1.137415
1.137415
1.137415
1.137415
1.137415
1.137415
1.137415
1.1374151
1.1374151
1.1374151
1.1374151
1.1374151
1.1374151
1.1374151
1.1374151
1.1374151
1.1374151
1.1374151
1.137415
1.1374149
1.1374148
1.0016876
1.0647226
1.1161798
1.137512
1.1397258
1.1381125
1.1374555
1.1373933
1.1374102
1.137415
1.1374152
1.1374151
1.1374151
1.137415
1.137415
1.137415
1.137415
1.137415
1.137415
1.137415
1.137415
1.137415
1.137415
1.137415
1.137415
1.137415
1.137415
1.137415
1.137415
1.1374151
1.1374151
1.1374151
1.1374151
1.1374151
1.1374151
1.1374151
1.1374151
1.137415
1.1374148
1.1374148
1.0011384
1.062002
1.1133318
1.1363737
1.1397105
1.1382434
1.1374925
1.1373936
1.1374085
1.1374147
1.1374152
1.1374151
1.137415
1.137415
1.137415
1.137415
1.137415
1.137415
1.137415
1.137415
1.137415
1.137415
1.137415
1.137415
1.137415
1.137415
1.137415
1.137415
1.137415
1.137415
1.137415
1.1374151
1.1374151
1.1374151
1.1374151
1.1374151
1.137415
1.1374149
1.1374148
1.1374148
1.0005995
1.0595485
1.1106076
1.1351536
1.1396222
1.1383655
1.137536
1.137396
1.1374069
1.1374143
1.1374151
1.1374151
1.137415
1.137415
1.137415
1.137415
1.137415
1.137415
1.137415
1.137415
1.137415
1.137415
1.137415
1.137415
1.137415
1.137415
1.137415
1.137415
1.137415
1.137415
1.137415
1.137415
1.137415
1.1374151
1.1374151
1.1374151
1.137415
1.1374149
1.1374148
1.1374148
1.0000718
1.0573166
1.1080053
1.1338711
1.1394638
1.1384748
1.1375848
1.1374008
1.1374053
1.1374139
1.1374151
1.1374151
1.137415
1.137415
1.137415
1.137415
1.137415
1.137415
1.137415
1.137415
1.137415
1.137415
1.137415
1.137415
1.137415
1.137415
1.137415
1.137415
1.137415
1.137415
1.137415
1.137415
1.137415
1.1374151
1.1374151
1.1374151
1.137415
1.1374149
1.1374148
1.1374148
0.99955907
1.0552712
1.1055205
1.132542
1.1392389
1.1385676
1.1376376
1.1374081
1.137404
1.1374133
1.1374151
1.1374151
1.137415
1.137415
1.137415
1.137415
1.137415
1.137415
1.137415
1.137415
1.137415
1.137415
1.137415
1.137415
1.137415
1.137415
1.137415
1.137415
1.137415
1.137415
1.137415
1.137415
1.137415
1.137415
1.1374151
1.1374151
1.137415
1.1374149
1.1374148
1.1374148
0.9990651
1.0533851
1.1031481
1.1311795
1.1389519
1.1386415
1.137693
1.1374181
1.1374032
1.1374127
1.137415
1.1374151
1.137415
1.137415
1.137415
1.137415
1.137415
1.137415
1.137415
1.137415
1.137415
1.137415
1.137415
1.137415
1.137415
1.137415
1.137415
1.137415
1.137415
1.137415
1.137415
1.137415
1.137415
1.137415
1.1374151
1.137415
1.137415
1.1374149
1.1374148
1.1374148
0.99859281
1.0516373
1.1008827
1.1297947
1.1386073
1.1386942
1.1377497
1.1374307
1.1374028
1.137412
1.1374149
1.1374151
1.137415
1.137415
1.137415
1.137415
1.137415
1.137415
1.137415
1.137415
1.137415
1.137415
1.137415
1.137415
1.137415
1.137415
1.137415
1.137415
1.137415
1.137415
1.137415
1.137415
1.137415
1.137415
1.137415
1.137415
1.137415
1.1374149
1.1374148
1.1374148
0.99814399
1.0500113
1.0987191
1.1283965
1.13821
1.1387242
1.1378062
1.1374458
1.1374031
1.1374113
1.1374147
1.1374151
1.137415
1.137415
1.137415
1.137415
1.137415
1.137415
1.137415
1.137415
1.137415
1.137415
1.137415
1.137415
1.137415
1.137415
1.137415
1.137415
1.137415
1.137415
1.137415
1.137415
1.137415
1.137415
1.137415
1.137415
1.137415
1.1374149
1.1374148
1.1374148
0.99771936
1.048494
1.0966523
1.1269928
1.1377646
1.1387306
1.1378612
1.1374632
1.1374042
1.1374107
1.1374146
1.1374151
1.137415
1.137415
1.137415
1.137415
1.137415
1.137415
1.137415
1.137415
1.137415
1.137415
1.137415
1.137415
1.137415
1.137415
1.137415
1.137415
1.137415
1.137415
1.137415
1.137415
1.137415
1.137415
1.137415
1.137415
1.137415
1.1374149
1.1374148
1.1374148
0.9973189
1.0470748
1.0946777
1.1255898
1.1372759
1.1387126
1.1379135
1.1374826
1.137406
1.1374101
1.1374144
1.137415
1.137415
1.137415
1.137415
1.137415
1.137415
1.137415
1.137415
1.137415
1.137415
1.137415
1.137415
1.137415
1.137415
1.137415
1.137415
1.137415
1.137415
1.137415
1.137415
1.137415
1.137415
1.137415
1.137415
1.137415
1.1374149
1.1374148
1.1374148
1.1374148
0.99694204
1.0457448
1.092791
1.1241931
1.1367482
1.13867
1.1379618
1.1375037
1.1374088
1.1374096
1.1374141
1.137415
1.137415
1.137415
1.137415
1.137415
1.137415
1.137415
1.137415
1.137415
1.137415
1.137415
1.137415
1.137415
1.137415
1.137415
1.137415
1.137415
1.137415
1.137415
1.137415
1.137415
1.137415
1.137415
1.137415
1.137415
1.1374149
1.1374148
1.1374148
1.1374148
0.99658789
1.0444967
1.0909882
1.1228073
1.1361859
1.1386028
1.1380052
1.1375262
1.1374125
1.1374092
1.1374139
1.137415
1.137415
1.137415
1.137415
1.137415
1.137415
1.137415
1.137415
1.137415
1.137415
1.137415
1.137415
1.137415
1.137415
1.137415
1.137415
1.137415
1.137415
1.137415
1.137415
1.137415
1.137415
1.137415
1.137415
1.137415
1.1374149
1.1374148
1.1374148
1.1374148
0.99625543
1.0433241
1.0892658
1.1214363
1.1355931
1.1385114
1.1380426
1.1375496
1.137417
1.137409
1.1374136
1.1374149
1.137415
1.137415
1.137415
1.137415
1.137415
1.137415
1.137415
1.137415
1.137415
1.137415
1.137415
1.137415
1.137415
1.137415
1.137415
1.137415
1.137415
1.137415
1.137415
1.137415
1.137415
1.137415
1.137415
1.137415
1.1374149
1.1374148
1.1374148
1.1374148
0.99594362
1.0422216
1.0876203
1.1200835
1.1349738
1.1383962
1.1380732
1.1375736
1.1374225
1.1374091
1.1374133
1.1374149
1.137415
1.137415
1.137415
1.137415
1.137415
1.137415
1.137415
1.137415
1.137415
1.137415
1.137415
1.137415
1.137415
1.137415
1.137415
1.137415
1.137415
1.137415
1.137415
1.137415
1.137415
1.137415
1.137415
1.137415
1.1374149
1.1374148
1.1374148
1.1374148
0.9956515
1.0411845
1.0860487
1.1187518
1.1343317
1.138258
1.1380963
1.1375978
1.1374289
1.1374093
1.1374131
1.1374148
1.137415
1.137415
1.137415
1.137415
1.137415
1.137415
1.137415
1.137415
1.137415
1.137415
1.137415
1.137415
1.137415
1.137415
1.137415
1.137415
1.137415
1.137415
1.137415
1.137415
1.137415
1.137415
1.137415
1.137415
1.1374149
1.1374148
1.1374148
1.1374148
0.99537822
1.0402089
1.0845481
1.1174436
1.1336702
1.1380977
1.1381113
1.1376218
1.1374361
1.1374099
1.1374128
1.1374147
1.137415
1.137415
1.137415
1.137415
1.137415
1.137415
1.137415
1.137415
1.137415
1.137415
1.137415
1.137415
1.137415
1.137415
1.137415
1.137415
1.137415
1.137415
1.137415
1.137415
1.137415
1.137415
1.137415
1.137415
1.1374149
1.1374148
1.1374148
1.1374148
0.99512309
1.0392913
1.0831159
1.1161613
1.1329928
1.1379161
1.1381178
1.1376451
1.137444
1.1374108
1.1374126
1.1374146
1.137415
1.137415
1.137415
1.137415
1.137415
1.137415
1.137415
1.137415
1.137415
1.137415
1.137415
1.137415
1.137415
1.137415
1.137415
1.137415
1.137415
1.137415
1.137415
1.137415
1.137415
1.137415
1.137415
1.1374149
1.1374149
1.1374148
1.1374148
1.1374148
0.99488559
1.0384289
1.0817501
1.1149066
1.1323025
1.1377145
1.1381152
1.1376673
1.1374525
1.1374119
1.1374125
1.1374145
1.137415
1.137415
1.137415
1.137415
1.137415
1.137415
1.137415
1.137415
1.137415
1.137415
1.137415
1.137415
1.137415
1.137415
1.137415
1.137415
1.137415
1.137415
1.137415
1.137415
1.137415
1.137415
1.137415
1.1374149
1.1374149
1.1374148
1.1374148
1.1374147
0.99466538
1.0376194
1.0804484
1.1136812
1.1316025
1.1374941
1.1381033
1.1376881
1.1374616
1.1374134
1.1374124
1.1374144
1.1374149
1.137415
1.137415
1.137415
1.137415
1.137415
1.137415
1.137415
1.137415
1.137415
1.137415
1.137415
1.137415
1.137415
1.137415
1.137415
1.137415
1.137415
1.137415
1.137415
1.137415
1.137415
1.137415
1.1374149
1.1374148
1.1374148
1.1374147
1.1374147
0.99446225
1.0368612
1.0792094
1.1124869
1.1308955
1.137256
1.138082
1.1377071
1.1374712
1.1374152
1.1374123
1.1374143
1.1374149
1.137415
1.137415
1.137415
1.1374149
1.1374149
1.1374149
1.1374149
1.1374149
1.1374149
1.1374149
1.1374149
1.1374149
1.1374149
1.137415
1.137415
1.137415
1.137415
1.137415
1.137415
1.137415
1.137415
1.137415
1.1374149
1.1374148
1.1374148
1.1374147
1.1374147
0.99427618
1.036153
1.0780316
1.1113249
1.1301843
1.1370016
1.1380511
1.1377239
1.137481
1.1374174
1.1374124
1.1374142
1.1374149
1.137415
1.137415
1.1374149
1.1374149
1.1374149
1.1374149
1.1374149
1.1374149
1.1374149
1.1374149
1.1374149
1.1374149
1.1374149
1.1374149
1.1374149
1.137415
1.137415
1.137415
1.137415
1.137415
1.137415
1.137415
1.1374149
1.1374148
1.1374148
1.1374147
1.1374147
0.99410723
1.0354939
1.076914
1.1101968
1.1294714
1.1367323
1.1380106
1.1377383
1.137491
1.1374198
1.1374125
1.1374141
1.1374148
1.137415
1.1374149
1.1374149
1.1374149
1.1374149
1.1374149
1.1374149
1.1374149
1.1374149
1.1374149
1.1374149
1.1374149
1.1374149
1.1374149
1.1374149
1.1374149
1.137415
1.137415
1.137415
1.137415
1.137415
1.137415
1.1374149
1.1374148
1.1374148
1.1374147
1.1374147
0.99395561
1.0348839
1.075856
1.1091038
1.1287595
1.1364495
1.1379606
1.1377499
1.137501
1.1374226
1.1374127
1.137414
1.1374148
1.1374149
1.1374149
1.1374149
1.1374149
1.1374149
1.1374149
1.1374149
1.1374149
1.1374149
1.1374149
1.1374149
1.1374149
1.1374149
1.1374149
1.1374149
1.1374149
1.1374149
1.137415
1.137415
1.137415
1.137415
1.137415
1.1374149
1.1374148
1.1374147
1.1374147
1.1374147
0.99382153
1.0343229
1.0748574
1.1080475
1.1280508
1.1361547
1.1379013
1.1377585
1.1375109
1.1374256
1.1374131
1.137414
1.1374148
1.1374149
1.1374149
1.1374149
1.1374149
1.1374149
1.1374149
1.1374149
1.1374149
1.1374149
1.1374149
1.1374149
1.1374149
1.1374149
1.1374149
1.1374149
1.1374149
1.1374149
1.1374149
1.137415
1.137415
1.137415
1.1374149
1.1374149
1.1374148
1.1374147
1.1374147
1.1374147
0.99370525
1.0338117
1.0739182
1.1070291
1.1273478
1.1358493
1.137833
1.1377639
1.1375206
1.1374289
1.1374135
1.1374139
1.1374147
1.1374149
1.1374149
1.1374149
1.1374149
1.1374149
1.1374149
1.1374149
1.1374149
1.1374149
1.1374149
1.1374149
1.1374149
1.1374149
1.1374149
1.1374149
1.1374149
1.1374149
1.1374149
1.137415
1.137415
1.137415
1.1374149
1.1374149
1.1374148
1.1374147
1.1374147
1.1374147
0.99360696
1.0333511
1.0730391
1.1060503
1.1266528
1.1355349
1.1377558
1.1377659
1.1375298
1.1374323
1.1374141
1.1374139
1.1374147
1.1374149
1.1374149
1.1374149
1.1374149
1.1374149
1.1374149
1.1374149
1.1374149
1.1374149
1.1374149
1.1374149
1.1374149
1.1374149
1.1374149
1.1374149
1.1374149
1.1374149
1.1374149
1.1374149
1.137415
1.137415
1.1374149
1.1374149
1.1374148
1.1374147
1.1374147
1.1374146
0.99352672
1.0329421
1.0722208
1.1051126
1.1259681
1.135213
1.1376702
1.1377644
1.1375385
1.137436
1.1374147
1.1374139
1.1374147
1.1374149
1.1374149
1.1374149
1.1374149
1.1374149
1.1374149
1.1374149
1.1374149
1.1374149
1.1374149
1.1374149
1.1374149
1.1374149
1.1374149
1.1374149
1.1374149
1.1374149
1.1374149
1.1374149
1.137415
1.137415
1.1374149
1.1374149
1.1374148
1.1374147
1.1374147
1.1374146
0.9934644
1.0325861
1.0714648
1.1042179
1.1252959
1.1348852
1.1375767
1.1377592
1.1375466
1.1374397
1.1374155
1.1374139
1.1374146
1.1374149
1.1374149
1.1374149
1.1374149
1.1374149
1.1374149
1.1374149
1.1374149
1.1374149
1.1374149
1.1374149
1.1374149
1.1374149
1.1374149
1.1374149
1.1374149
1.1374149
1.1374149
1.1374149
1.137415
1.1374149
1.1374149
1.1374149
1.1374148
1.1374147
1.1374147
1.1374146
0.99341955
1.0322839
1.0707724
1.103368
1.1246385
1.1345531
1.1374757
1.1377502
1.1375538
1.1374436
1.1374164
1.137414
1.1374146
1.1374149
1.1374149
1.1374149
1.1374149
1.1374149
1.1374149
1.1374149
1.1374149
1.1374149
1.1374149
1.1374149
1.1374149
1.1374149
1.1374149
1.1374149
1.1374149
1.1374149
1.1374149
1.1374149
1.1374149
1.1374149
1.1374149
1.1374149
1.1374148
1.1374147
1.1374147
1.1374146
0.99339142
1.0320363
1.0701455
1.1025649
1.1239982
1.1342182
1.1373679
1.1377374
1.1375601
1.1374475
1.1374174
1.1374141
1.1374146
1.1374149
1.1374149
1.1374149
1.1374149
1.1374149
1.1374149
1.1374149
1.1374149
1.1374149
1.1374149
1.1374149
1.1374149
1.1374149
1.1374149
1.1374149
1.1374149
1.1374149
1.1374149
1.1374149
1.1374149
1.1374149
1.1374149
1.1374148
1.1374148
1.1374147
1.1374147
1.1374146
0.99337882
1.0318429
1.0695856
1.1018108
1.1233772
1.1338823
1.1372537
1.1377209
1.1375653
1.1374513
1.1374185
1.1374142
1.1374146
1.1374149
1.1374149
1.1374149
1.1374149
1.1374149
1.1374149
1.1374149
1.1374149
1.1374149
1.1374149
1.1374149
1.1374149
1.1374149
1.1374149
1.1374149
1.1374149
1.1374149
1.1374149
1.1374149
1.1374149
1.1374149
1.1374149
1.1374148
1.1374148
1.1374147
1.1374146
1.1374146
0.99338014
1.0317029
1.0690943
1.1011078
1.1227777
1.1335469
1.1371339
1.1377007
1.1375694
1.1374551
1.1374196
1.1374143
1.1374146
1.1374148
1.1374149
1.1374149
1.1374149
1.1374149
1.1374149
1.1374149
1.1374149
1.1374149
1.1374149
1.1374149
1.1374149
1.1374149
1.1374149
1.1374149
1.1374149
1.1374149
1.1374149
1.1374149
1.1374149
1.1374149
1.1374149
1.1374148
1.1374148
1.1374147
1.1374146
1.1374146
0.99339341
1.0316137
1.0686725
1.1004579
1.122202
1.1332136
1.1370091
1.1376768
1.1375723
1.1374588
1.1374209
1.1374145
1.1374145
1.1374148
1.1374149
1.1374149
1.1374149
1.1374149
1.1374149
1.1374149
1.1374149
1.1374149
1.1374149
1.1374149
1.1374149
1.1374149
1.1374149
1.1374149
1.1374149
1.1374149
1.1374149
1.1374149
1.1374149
1.1374149
1.1374149
1.1374148
1.1374147
1.1374147
1.1374146
1.1374146
0.9934163
1.0315715
1.0683203
1.0998632
1.1216521
1.1328841
1.1368802
1.1376494
1.137574
1.1374623
1.1374221
1.1374148
1.1374145
1.1374148
1.1374149
1.1374149
1.1374149
1.1374149
1.1374149
1.1374149
1.1374149
1.1374149
1.1374149
1.1374149
1.1374149
1.1374149
1.1374149
1.1374149
1.1374149
1.1374149
1.1374149
1.1374149
1.1374149
1.1374149
1.1374149
1.1374148
1.1374147
1.1374147
1.1374146
1.1374146
0.9934463
1.031571
1.0680367
1.0993249
1.1211301
1.1325599
1.1367477
1.1376186
1.1375742
1.1374656
1.1374235
1.137415
1.1374146
1.1374148
1.1374149
1.1374149
1.1374149
1.1374149
1.1374149
1.1374149
1.1374149
1.1374149
1.1374149
1.1374149
1.1374149
1.1374149
1.1374149
1.1374149
1.1374149
1.1374149
1.1374149
1.1374149
1.1374149
1.1374149
1.1374149
1.1374148
1.1374147
1.1374147
1.1374146
1.1374146
0.99348084
1.0316054
1.0678191
1.0988441
1.1206378
1.1322426
1.1366126
1.1375846
1.1375731
1.1374686
1.1374249
1.1374153
1.1374146
1.1374148
1.1374149
1.1374149
1.1374149
1.1374149
1.1374149
1.1374149
1.1374149
1.1374149
1.1374149
1.1374149
1.1374149
1.1374149
1.1374149
1.1374149
1.1374149
1.1374149
1.1374149
1.1374149
1.1374149
1.1374149
1.1374149
1.1374148
1.1374147
1.1374147
1.1374146
1.1374145
0.99351747
1.031667
1.0676636
1.0984208
1.1201766
1.1319335
1.1364756
1.1375476
1.1375706
1.1374714
1.1374262
1.1374157
1.1374146
1.1374148
1.1374149
1.1374149
1.1374149
1.1374149
1.1374149
1.1374149
1.1374149
1.1374149
1.1374149
1.1374149
1.1374149
1.1374149
1.1374149
1.1374149
1.1374149
1.1374149
1.1374149
1.1374149
1.1374149
1.1374149
1.1374149
1.1374148
1.1374147
1.1374147
1.1374146
1.1374145
0.99355405
1.0317475
1.0675643
1.0980543
1.1197476
1.1316339
1.1363374
1.1375079
1.1375667
1.1374737
1.1374276
1.137416
1.1374147
1.1374148
1.1374149
1.1374149
1.1374149
1.1374149
1.1374149
1.1374149
1.1374149
1.1374149
1.1374149
1.1374149
1.1374149
1.1374149
1.1374149
1.1374149
1.1374149
1.1374149
1.1374149
1.1374149
1.1374149
1.1374149
1.1374149
1.1374148
1.1374147
1.1374146
1.1374146
1.1374145
0.99358884
1.0318389
1.0675141
1.0977426
1.1193515
1.131345
1.1361988
1.1374656
1.1375615
1.1374757
1.137429
1.1374164
1.1374147
1.1374148
1.1374149
1.1374149
1.1374149
1.1374149
1.1374149
1.1374149
1.1374149
1.1374149
1.1374149
1.1374149
1.1374149
1.1374149
1.1374149
1.1374149
1.1374149
1.1374149
1.1374149
1.1374149
1.1374149
1.1374149
1.1374149
1.1374148
1.1374147
1.1374146
1.1374146
1.1374145
0.99362062
1.0319334
1.0675042
1.0974825
1.1189884
1.1310677
1.1360605
1.1374212
1.1375548
1.1374773
1.1374303
1.1374168
1.1374148
1.1374148
1.1374149
1.1374149
1.1374149
1.1374149
1.1374149
1.1374149
1.1374149
1.1374149
1.1374149
1.1374149
1.1374149
1.1374149
1.1374149
1.1374149
1.1374149
1.1374149
1.1374149
1.1374149
1.1374149
1.1374149
1.1374149
1.1374148
1.1374147
1.1374146
1.1374146
1.1374145
0.99364872
1.0320249
1.0675255
1.0972698
1.1186578
1.1308027
1.1359231
1.1373747
1.1375468
1.1374784
1.1374316
1.1374173
1.1374149
1.1374148
1.1374149
1.1374149
1.1374149
1.1374149
1.1374149
1.1374149
1.1374149
1.1374149
1.1374149
1.1374149
1.1374149
1.1374149
1.1374149
1.1374149
1.1374149
1.1374149
1.1374149
1.1374149
1.1374149
1.1374149
1.1374149
1.1374148
1.1374147
1.1374146
1.1374146
1.1374145
0.99367302
1.0321086
1.0675683
1.097099
1.1183586
1.1305505
1.1357873
1.1373266
1.1375376
1.1374792
1.1374328
1.1374177
1.1374149
1.1374148
1.1374149
1.1374149
1.1374149
1.1374149
1.1374149
1.1374149
1.1374149
1.1374149
1.1374149
1.1374149
1.1374149
1.1374149
1.1374149
1.1374149
1.1374149
1.1374149
1.1374149
1.1374149
1.1374149
1.1374149
1.1374149
1.1374148
1.1374147
1.1374146
1.1374146
1.1374145
0.99369385
1.0321814
1.0676231
1.0969642
1.118089
1.1303113
1.1356534
1.1372771
1.1375271
1.1374794
1.1374339
1.1374182
1.137415
1.1374148
1.1374149
1.1374149
1.1374149
1.1374149
1.1374149
1.1374149
1.1374149
1.1374149
1.1374149
1.1374149
1.1374149
1.1374149
1.1374149
1.1374149
1.1374149
1.1374149
1.1374149
1.1374149
1.1374149
1.1374149
1.1374148
1.1374148
1.1374147
1.1374146
1.1374145
1.1374145
0.99371192
1.0322424
1.0676817
1.0968585
1.1178467
1.130085
1.1355221
1.1372265
1.1375155
1.1374792
1.1374349
1.1374186
1.1374151
1.1374148
1.1374149
1.1374149
1.1374149
1.1374149
1.1374149
1.1374149
1.1374149
1.1374149
1.1374149
1.1374149
1.1374149
1.1374149
1.1374149
1.1374149
1.1374149
1.1374149
1.1374149
1.1374149
1.1374149
1.1374149
1.1374148
1.1374148
1.1374147
1.1374146
1.1374145
1.1374145
0.99372819
1.0322919
1.0677371
1.096775
1.1176291
1.1298714
1.1353935
1.1371749
1.1375029
1.1374785
1.1374358
1.1374191
1.1374153
1.1374148
1.1374149
1.1374149
1.1374149
1.1374149
1.1374149
1.1374149
1.1374149
1.1374149
1.1374149
1.1374149
1.1374149
1.1374149
1.1374149
1.1374149
1.1374149
1.1374149
1.1374149
1.1374149
1.1374149
1.1374149
1.1374148
1.1374148
1.1374147
1.1374146
1.1374145
1.1374145
0.99374374
1.0323321
1.0677842
1.096707
1.117433
1.1296698
1.135268
1.1371228
1.1374892
1.1374774
1.1374366
1.1374195
1.1374154
1.1374148
1.1374149
1.1374149
1.1374149
1.1374149
1.1374149
1.1374149
1.1374149
1.1374149
1.1374149
1.1374149
1.1374149
1.1374149
1.1374149
1.1374149
1.1374149
1.1374149
1.1374149
1.1374149
1.1374149
1.1374149
1.1374148
1.1374148
1.1374147
1.1374146
1.1374145
1.1374145
0.99375967
1.0323659
1.0678203
1.0966487
1.1172552
1.1294797
1.1351457
1.1370701
1.1374747
1.1374758
1.1374373
1.13742
1.1374155
1.1374149
1.1374149
1.1374149
1.1374149
1.1374149
1.1374149
1.1374149
1.1374149
1.1374149
1.1374149
1.1374149
1.1374149
1.1374149
1.1374149
1.1374149
1.1374149
1.1374149
1.1374149
1.1374149
1.1374149
1.1374149
1.1374148
1.1374148
1.1374147
1.1374146
1.1374145
1.1374145
0.99377696
1.0323971
1.0678447
1.0965948
1.1170924
1.1293
1.1350268
1.1370172
1.1374594
1.1374738
1.1374379
1.1374204
1.1374157
1.1374149
1.1374149
1.1374149
1.1374149
1.1374149
1.1374149
1.1374149
1.1374149
1.1374149
1.1374149
1.1374149
1.1374149
1.1374149
1.1374149
1.1374149
1.1374149
1.1374149
1.1374149
1.1374149
1.1374149
1.1374149
1.1374148
1.1374148
1.1374147
1.1374146
1.1374145
1.1374145
0.99379643
1.0324297
1.0678591
1.0965418
1.1169415
1.1291299
1.1349111
1.1369643
1.1374433
1.1374714
1.1374384
1.1374208
1.1374158
1.1374149
1.1374149
1.1374149
1.1374149
1.1374149
1.1374149
1.1374149
1.1374149
1.1374149
1.1374149
1.1374149
1.1374149
1.1374149
1.1374149
1.1374149
1.1374149
1.1374149
1.1374149
1.1374149
1.1374149
1.1374149
1.1374148
1.1374148
1.1374147
1.1374146
1.1374145
1.1374144
0.99381862
1.0324675
1.067867
1.0964876
1.1168
1.1289682
1.1347986
1.1369114
1.1374265
1.1374686
1.1374387
1.1374212
1.1374159
1.1374149
1.1374149
1.1374149
1.1374149
1.1374149
1.1374149
1.1374149
1.1374149
1.1374149
1.1374149
1.1374149
1.1374149
1.1374149
1.1374149
1.1374149
1.1374149
1.1374149
1.1374149
1.1374149
1.1374149
1.1374149
1.1374148
1.1374148
1.1374147
1.1374146
1.1374145
1.1374144
0.99384381
1.0325138
1.0678733
1.0964318
1.1166657
1.1288141
1.1346894
1.1368587
1.1374093
1.1374653
1.1374389
1.1374216
1.1374161
1.137415
1.1374149
1.1374149
1.1374149
1.1374149
1.1374149
1.1374149
1.1374149
1.1374149
1.1374149
1.1374149
1.1374149
1.1374149
1.1374149
1.1374149
1.1374149
1.1374149
1.1374149
1.1374149
1.1374149
1.1374149
1.1374148
1.1374147
1.1374147
1.1374146
1.1374145
1.1374144
0.99387198
1.0325712
1.067884
1.0963757
1.1165375
1.1286667
1.1345831
1.1368063
1.1373915
1.1374618
1.1374389
1.1374219
1.1374162
1.137415
1.1374149
1.1374149
1.1374149
1.1374149
1.1374149
1.1374149
1.1374149
1.1374149
1.1374149
1.1374149
1.1374149
1.1374149
1.1374149
1.1374149
1.1374149
1.1374149
1.1374149
1.1374149
1.1374149
1.1374149
1.1374148
1.1374147
1.1374147
1.1374146
1.1374145
1.1374144
0.99390282
1.0326412
1.0679049
1.096322
1.116415
1.1285256
1.1344799
1.1367542
1.1373733
1.1374579
1.1374388
1.1374223
1.1374164
1.1374151
1.1374149
1.1374149
1.1374149
1.1374149
1.1374149
1.1374149
1.1374149
1.1374149
1.1374149
1.1374149
1.1374149
1.1374149
1.1374149
1.1374149
1.1374149
1.1374149
1.1374149
1.1374149
1.1374149
1.1374149
1.1374148
1.1374147
1.1374147
1.1374146
1.1374145
1.1374144
0.99393584
1.0327242
1.0679417
1.0962741
1.1162985
1.1283906
1.1343797
1.1367027
1.1373547
1.1374537
1.1374386
1.1374225
1.1374165
1.1374151
1.1374149
1.1374149
1.1374149
1.1374149
1.1374149
1.1374149
1.1374149
1.1374149
1.1374149
1.1374149
1.1374149
1.1374149
1.1374149
1.1374149
1.1374149
1.1374149
1.1374149
1.1374149
1.1374149
1.1374149
1.1374148
1.1374147
1.1374146
1.1374146
1.1374145
1.1374144
0.99397033
1.0328197
1.067999
1.0962363
1.116189
1.1282618
1.1342827
1.1366517
1.1373358
1.1374491
1.1374382
1.1374228
1.1374167
1.1374151
1.1374149
1.1374149
1.1374149
1.1374149
1.1374149
1.1374149
1.1374149
1.1374149
1.1374149
1.1374149
1.1374149
1.1374149
1.1374149
1.1374149
1.1374149
1.1374149
1.1374149
1.1374149
1.1374149
1.1374149
1.1374148
1.1374147
1.1374146
1.1374145
1.1374145
1.1374144
0.99400554
1.032926
1.0680801
1.0962126
1.1160877
1.1281394
1.1341889
1.1366014
1.1373165
1.1374441
1.1374377
1.137423
1.1374168
1.1374152
1.1374149
1.1374149
1.1374149
1.1374149
1.1374149
1.1374149
1.1374149
1.1374149
1.1374149
1.1374149
1.1374149
1.1374149
1.1374149
1.1374149
1.1374149
1.1374149
1.1374149
1.1374149
1.1374149
1.1374149
1.1374148
1.1374147
1.1374146
1.1374145
1.1374144
1.1374144
0.99404064
1.0330408
1.0681865
1.096207
1.1159959
1.1280233
1.1340986
1.1365519
1.1372969
1.1374387
1.1374369
1.1374231
1.1374169
1.1374152
1.1374149
1.1374149
1.1374149
1.1374149
1.1374149
1.1374149
1.1374149
1.1374149
1.1374149
1.1374149
1.1374149
1.1374149
1.1374149
1.1374149
1.1374149
1.1374149
1.1374149
1.1374149
1.1374149
1.1374149
1.1374148
1.1374147
1.1374146
1.1374145
1.1374144
1.1374144
0.99407488
1.0331615
1.0683184
1.096223
1.1159147
1.1279134
1.1340114
1.1365033
1.1372771
1.1374331
1.137436
1.1374232
1.137417
1.1374153
1.1374149
1.1374149
1.1374149
1.1374149
1.1374149
1.1374149
1.1374149
1.1374149
1.1374149
1.1374149
1.1374149
1.1374149
1.1374149
1.1374149
1.1374149
1.1374149
1.1374149
1.1374149
1.1374149
1.1374149
1.1374148
1.1374147
1.1374146
1.1374145
1.1374144
1.1374144
0.99410757
1.033285
1.0684742
1.096264
1.1158455
1.1278092
1.1339271
1.1364556
1.1372573
1.1374272
1.1374349
1.1374232
1.1374171
1.1374153
1.1374149
1.1374149
1.1374149
1.1374149
1.1374149
1.1374149
1.1374149
1.1374149
1.1374149
1.1374149
1.1374149
1.1374149
1.1374149
1.1374149
1.1374149
1.1374149
1.1374149
1.1374149
1.1374149
1.1374148
1.1374148
1.1374147
1.1374146
1.1374145
1.1374144
1.1374144
0.99413818
1.0334084
1.0686511
1.0963328
1.1157899
1.12771
1.1338449
1.1364085
1.1372376
1.1374213
1.1374339
1.1374233
1.1374172
1.1374153
1.1374149
1.1374149
1.1374149
1.1374149
1.1374149
1.1374149
1.1374149
1.1374149
1.1374149
1.1374149
1.1374149
1.1374149
1.1374149
1.1374149
1.1374149
1.1374149
1.1374149
1.1374149
1.1374149
1.1374148
1.1374148
1.1374147
1.1374146
1.1374145
1.1374144
1.1374144
0.99416631
1.0335289
1.0688455
1.0964321
1.1157507
1.1276155
1.1337638
1.1363619
1.1372181
1.1374155
1.1374329
1.1374233
1.1374174
1.1374154
1.137415
1.1374149
1.1374149
1.1374149
1.1374149
1.1374149
1.1374149
1.1374149
1.1374149
1.1374149
1.1374149
1.1374149
1.1374149
1.1374149
1.1374149
1.1374149
1.1374149
1.1374149
1.1374149
1.1374148
1.1374148
1.1374147
1.1374146
1.1374145
1.1374144
1.1374144
0.99419169
1.0336441
1.0690528
1.0965638
1.1157319
1.1275267
1.1336832
1.1363154
1.1371989
1.13741
1.1374322
1.1374235
1.1374175
1.1374155
1.137415
1.1374149
1.1374149
1.1374149
1.1374149
1.1374149
1.1374149
1.1374149
1.1374149
1.1374149
1.1374149
1.1374149
1.1374149
1.1374149
1.1374149
1.1374149
1.1374149
1.1374149
1.1374149
1.1374149
1.1374148
1.1374147
1.1374146
1.1374145
1.1374144
1.1374144
0.99421422
1.0337522
1.069268
1.096729
1.1157387
1.1274461
1.1336032
1.1362685
1.1371799
1.137405
1.1374317
1.1374238
1.1374177
1.1374156
1.137415
1.1374149
1.1374149
1.1374149
1.1374149
1.137415
1.137415
1.137415
1.137415
1.137415
1.1374149
1.1374149
1.1374149
1.1374149
1.1374149
1.1374149
1.1374149
1.1374149
1.1374149
1.1374149
1.1374148
1.1374148
1.1374146
1.1374145
1.1374144
1.1374144
0.99423391
1.0338516
1.0694857
1.0969269
1.1157772
1.1273783
1.133525
1.1362211
1.137161
1.1374003
1.1374315
1.1374243
1.137418
1.1374156
1.1374151
1.137415
1.137415
1.137415
1.137415
1.137415
1.137415
1.137415
1.137415
1.137415
1.137415
1.137415
1.137415
1.137415
1.137415
1.137415
1.137415
1.1374149
1.1374149
1.1374149
1.1374148
1.1374148
1.1374146
1.1374145
1.1374144
1.1374144
0.99425085
1.0339413
1.0697006
1.0971544
1.115853
1.1273297
1.1334513
1.1361736
1.1371417
1.1373958
1.1374315
1.1374248
1.1374183
1.1374158
1.1374151
1.137415
1.137415
1.137415
1.137415
1.137415
1.137415
1.137415
1.137415
1.137415
1.137415
1.137415
1.137415
1.137415
1.137415
1.137415
1.137415
1.137415
1.137415
1.1374149
1.1374149
1.1374148
1.1374146
1.1374145
1.1374144
1.1374144
0.99426522
1.0340209
1.0699073
1.0974062
1.1159699
1.1273073
1.1333863
1.136127
1.1371219
1.1373909
1.1374315
1.1374254
1.1374186
1.1374159
1.1374152
1.137415
1.137415
1.137415
1.137415
1.137415
1.137415
1.137415
1.137415
1.137415
1.137415
1.137415
1.137415
1.137415
1.137415
1.137415
1.137415
1.137415
1.137415
1.1374149
1.1374149
1.1374148
1.1374146
1.1374145
1.1374144
1.1374144
0.9942772
1.03409
1.0701012
1.0976744
1.1161284
1.1273178
1.1333352
1.1360831
1.1371014
1.1373853
1.1374311
1.1374259
1.1374188
1.137416
1.1374152
1.1374151
1.137415
1.1374151
1.1374151
1.1374151
1.137415
1.137415
1.137415
1.137415
1.137415
1.137415
1.137415
1.137415
1.137415
1.137415
1.137415
1.137415
1.137415
1.137415
1.1374149
1.1374148
1.1374146
1.1374144
1.1374144
1.1374144
0.99428704
1.0341489
1.0702784
1.0979495
1.1163253
1.1273655
1.133303
1.1360442
1.1370806
1.1373786
1.1374301
1.1374261
1.137419
1.137416
1.1374152
1.1374151
1.1374151
1.1374151
1.1374151
1.137415
1.137415
1.137415
1.137415
1.137415
1.137415
1.137415
1.137415
1.1374151
1.1374151
1.1374151
1.1374151
1.137415
1.137415
1.137415
1.1374149
1.1374148
1.1374146
1.1374144
1.1374144
1.1374143
0.99429496
1.0341979
1.0704358
1.098221
1.1165529
1.1274513
1.1332938
1.1360129
1.13706
1.1373705
1.1374281
1.1374259
1.1374191
1.1374161
1.1374152
1.1374151
1.137415
1.137415
1.137415
1.137415
1.137415
1.137415
1.137415
1.137415
1.137415
1.137415
1.137415
1.137415
1.137415
1.137415
1.137415
1.137415
1.137415
1.137415
1.1374149
1.1374147
1.1374146
1.1374144
1.1374144
1.1374143
0.9943012
1.0342378
1.0705718
1.0984791
1.1168006
1.127572
1.1333095
1.1359914
1.1370405
1.1373611
1.1374251
1.1374253
1.137419
1.1374161
1.1374152
1.137415
1.137415
1.137415
1.137415
1.137415
1.137415
1.137415
1.137415
1.137415
1.137415
1.137415
1.137415
1.137415
1.137415
1.137415
1.137415
1.137415
1.137415
1.1374149
1.1374149
1.1374147
1.1374145
1.1374144
1.1374143
1.1374143
0.99430596
1.0342694
1.0706858
1.0987154
1.1170556
1.1277205
1.1333491
1.135981
1.1370233
1.1373507
1.1374209
1.137424
1.1374188
1.137416
1.1374152
1.137415
1.137415
1.137415
1.137415
1.137415
1.137415
1.137415
1.137415
1.137415
1.137415
1.137415
1.137415
1.137415
1.137415
1.137415
1.137415
1.137415
1.137415
1.1374149
1.1374148
1.1374147
1.1374145
1.1374144
1.1374143
1.1374143
0.99430946
1.0342937
1.0707783
1.0989236
1.1173053
1.1278872
1.1334092
1.135982
1.1370092
1.1373401
1.137416
1.1374224
1.1374183
1.1374159
1.1374151
1.1374149
1.1374149
1.1374149
1.1374149
1.1374149
1.1374149
1.1374149
1.1374149
1.1374149
1.1374149
1.1374149
1.1374149
1.1374149
1.1374149
1.1374149
1.1374149
1.1374149
1.1374149
1.1374149
1.1374148
1.1374146
1.1374145
1.1374144
1.1374143
1.1374143
0.99431188
1.0343115
1.0708508
1.0991002
1.1175383
1.1280609
1.1334845
1.1359932
1.1369989
1.1373299
1.1374106
1.1374203
1.1374177
1.1374157
1.137415
1.1374149
1.1374149
1.1374149
1.1374149
1.1374149
1.1374149
1.1374149
1.1374149
1.1374149
1.1374149
1.1374149
1.1374149
1.1374149
1.1374149
1.1374149
1.1374149
1.1374149
1.1374149
1.1374148
1.1374147
1.1374146
1.1374145
1.1374144
1.1374143
1.1374143
0.9943134
1.034324
1.0709057
1.0992445
1.1177463
1.1282313
1.1335683
1.1360128
1.1369927
1.1373207
1.1374051
1.1374181
1.137417
1.1374155
1.137415
1.1374148
1.1374148
1.1374148
1.1374148
1.1374148
1.1374148
1.1374148
1.1374148
1.1374148
1.1374148
1.1374148
1.1374148
1.1374148
1.1374148
1.1374148
1.1374148
1.1374148
1.1374148
1.1374148
1.1374147
1.1374146
1.1374144
1.1374144
1.1374143
1.1374143
0.99431419
1.0343322
1.0709454
1.0993579
1.117924
1.1283895
1.1336542
1.136038
1.1369902
1.137313
1.1374
1.1374159
1.1374163
1.1374153
1.1374149
1.1374148
1.1374148
1.1374148
1.1374148
1.1374148
1.1374148
1.1374148
1.1374148
1.1374148
1.1374148
1.1374148
1.1374148
1.1374148
1.1374148
1.1374148
1.1374148
1.1374148
1.1374148
1.1374147
1.1374147
1.1374145
1.1374144
1.1374144
1.1374143
1.1374143
0.99431438
1.0343369
1.0709728
1.0994435
1.1180698
1.1285295
1.1337366
1.1360661
1.1369911
1.1373071
1.1373956
1.1374138
1.1374156
1.1374151
1.1374148
1.1374148
1.1374147
1.1374147
1.1374147
1.1374147
1.1374147
1.1374147
1.1374147
1.1374147
1.1374147
1.1374147
1.1374147
1.1374147
1.1374147
1.1374147
1.1374147
1.1374147
1.1374147
1.1374147
1.1374146
1.1374145
1.1374144
1.1374144
1.1374143
1.1374143
0.99431411
1.0343389
1.0709905
1.0995057
1.1181846
1.128648
1.1338116
1.1360948
1.1369943
1.1373031
1.137392
1.1374121
1.137415
1.137415
1.1374148
1.1374147
1.1374147
1.1374147
1.1374147
1.1374147
1.1374147
1.1374147
1.1374147
1.1374147
1.1374147
1.1374147
1.1374147
1.1374147
1.1374147
1.1374147
1.1374147
1.1374147
1.1374147
1.1374147
1.1374146
1.1374145
1.1374144
1.1374144
1.1374143
1.1374143
0.99431347
1.0343389
1.0710009
1.099549
1.1182718
1.1287443
1.1338765
1.136122
1.1369992
1.1373007
1.1373893
1.1374107
1.1374145
1.1374148
1.1374147
1.1374147
1.1374147
1.1374147
1.1374147
1.1374147
1.1374147
1.1374147
1.1374147
1.1374147
1.1374147
1.1374147
1.1374147
1.1374147
1.1374147
1.1374147
1.1374147
1.1374147
1.1374147
1.1374146
1.1374146
1.1374145
1.1374144
1.1374144
1.1374143
1.1374143
0.99431256
1.0343376
1.0710062
1.0995779
1.1183356
1.1288198
1.1339304
1.1361464
1.1370049
1.1372996
1.1373875
1.1374096
1.137414
1.1374147
1.1374147
1.1374147
1.1374147
1.1374147
1.1374147
1.1374147
1.1374147
1.1374147
1.1374147
1.1374147
1.1374147
1.1374147
1.1374147
1.1374147
1.1374147
1.1374147
1.1374147
1.1374147
1.1374146
1.1374146
1.1374146
1.1374145
1.1374144
1.1374144
1.1374143
1.1374143
0.99431142
1.0343352
1.0710078
1.0995962
1.1183808
1.1288769
1.1339737
1.1361674
1.1370108
1.1372994
1.1373863
1.1374088
1.1374137
1.1374146
1.1374147
1.1374147
1.1374147
1.1374147
1.1374147
1.1374147
1.1374147
1.1374147
1.1374147
1.1374147
1.1374147
1.1374147
1.1374147
1.1374147
1.1374147
1.1374147
1.1374147
1.1374146
1.1374146
1.1374146
1.1374146
1.1374145
1.1374144
1.1374144
1.1374143
1.1374143
0.99431007
1.034332
1.0710069
1.0996072
1.1184119
1.128919
1.1340073
1.1361847
1.1370163
1.1372999
1.1373856
1.1374083
1.1374135
1.1374145
1.1374146
1.1374147
1.1374147
1.1374146
1.1374146
1.1374146
1.1374146
1.1374146
1.1374146
1.1374146
1.1374146
1.1374146
1.1374146
1.1374146
1.1374146
1.1374146
1.1374146
1.1374146
1.1374146
1.1374146
1.1374146
1.1374145
1.1374144
1.1374143
1.1374143
1.1374143
0.99430851
1.0343283
1.0710045
1.0996133
1.118433
1.1289493
1.1340328
1.1361987
1.1370213
1.1373007
1.1373853
1.137408
1.1374134
1.1374144
1.1374146
1.1374146
1.1374146
1.1374146
1.1374146
1.1374146
1.1374146
1.1374146
1.1374146
1.1374146
1.1374146
1.1374146
1.1374146
1.1374146
1.1374146
1.1374146
1.1374146
1.1374146
1.1374146
1.1374146
1.1374146
1.1374145
1.1374144
1.1374143
1.1374143
1.1374143
0.99430662
1.0343238
1.0710008
1.0996161
1.1184471
1.128971
1.1340519
1.1362096
1.1370255
1.1373016
1.1373853
1.1374079
1.1374133
1.1374144
1.1374146
1.1374146
1.1374146
1.1374146
1.1374146
1.1374146
1.1374146
1.1374146
1.1374146
1.1374146
1.1374146
1.1374146
1.1374146
1.1374146
1.1374146
1.1374146
1.1374146
1.1374146
1.1374146
1.1374146
1.1374145
1.1374145
1.1374144
1.1374143
1.1374143
1.1374143
0.99430435
1.0343193
1.0709969
1.0996172
1.1184563
1.1289858
1.1340653
1.1362176
1.1370288
1.1373025
1.1373853
1.1374078
1.1374132
1.1374144
1.1374146
1.1374146
1.1374146
1.1374146
1.1374146
1.1374146
1.1374146
1.1374146
1.1374146
1.1374146
1.1374146
1.1374146
1.1374146
1.1374146
1.1374146
1.1374146
1.1374146
1.1374146
1.1374146
1.1374146
1.1374145
1.1374145
1.1374144
1.1374143
1.1374143
1.1374143
0.99429965
1.0343092
1.070988
1.0996154
1.1184648
1.129001
1.1340797
1.1362265
1.1370326
1.1373036
1.1373855
1.1374077
1.1374132
1.1374144
1.1374146
1.1374146
1.1374146
1.1374146
1.1374146
1.1374146
1.1374146
1.1374146
1.1374146
1.1374146
1.1374146
1.1374146
1.1374146
1.1374146
1.1374146
1.1374146
1.1374146
1.1374146
1.1374146
1.1374146
1.1374145
1.1374145
1.1374144
1.1374143
1.1374143
1.1374143
)
;

boundaryField
{
    wall
    {
        type            calculated;
        value           nonuniform List<scalar> 
100
(
0.97492804
0.97492776
0.97492755
0.97492744
0.97492737
0.9749273
0.97492725
0.9749272
0.97492717
0.97492715
0.97492714
0.97492713
0.97492712
0.97492712
0.97492711
0.97492711
0.9749271
0.9749271
0.9749271
0.97492709
0.97492709
0.97492708
0.97492708
0.97492707
0.97492707
0.97492707
0.97492706
0.97492706
0.97492705
0.97492705
0.97492704
0.97492704
0.97492704
0.97492703
0.97492703
0.97492702
0.97492702
0.97492701
0.97492701
0.97492701
0.974927
0.974927
0.974927
0.97492699
0.97492699
0.97492698
0.97492698
0.97492698
0.97492697
0.97492697
0.97492697
0.97492697
0.97492696
0.97492696
0.97492696
0.97492695
0.97492695
0.97492695
0.97492695
0.97492694
0.97492694
0.97492694
0.97492694
0.97492693
0.97492693
0.97492693
0.97492692
0.97492692
0.97492692
0.97492692
0.97492691
0.97492691
0.97492691
0.9749269
0.9749269
0.9749269
0.9749269
0.97492689
0.97492689
0.97492689
0.97492688
0.97492688
0.97492688
0.97492688
0.97492687
0.97492687
0.97492687
0.97492687
0.97492686
0.97492686
0.97492686
0.97492686
0.97492685
0.97492685
0.97492685
0.97492685
0.97492684
0.97492684
0.97492684
0.97492684
)
;
    }
    sides
    {
        type            calculated;
        value           nonuniform List<scalar> 
100
(
1.1374158
1.1374155
1.1374153
1.1374152
1.1374151
1.137415
1.137415
1.1374149
1.1374149
1.1374149
1.1374149
1.1374148
1.1374148
1.1374148
1.1374148
1.1374148
1.1374148
1.1374148
1.1374148
1.1374148
1.1374148
1.1374148
1.1374148
1.1374148
1.1374148
1.1374148
1.1374148
1.1374148
1.1374148
1.1374148
1.1374148
1.1374148
1.1374147
1.1374147
1.1374147
1.1374147
1.1374147
1.1374147
1.1374147
1.1374147
1.1374146
1.1374146
1.1374146
1.1374146
1.1374146
1.1374146
1.1374146
1.1374146
1.1374146
1.1374146
1.1374145
1.1374145
1.1374145
1.1374145
1.1374145
1.1374145
1.1374145
1.1374145
1.1374145
1.1374145
1.1374145
1.1374145
1.1374145
1.1374144
1.1374144
1.1374144
1.1374144
1.1374144
1.1374144
1.1374144
1.1374144
1.1374144
1.1374144
1.1374144
1.1374144
1.1374144
1.1374144
1.1374144
1.1374144
1.1374144
1.1374144
1.1374144
1.1374143
1.1374143
1.1374143
1.1374143
1.1374143
1.1374143
1.1374143
1.1374143
1.1374143
1.1374143
1.1374143
1.1374143
1.1374143
1.1374143
1.1374143
1.1374143
1.1374143
1.1374143
)
;
    }
    frontAndBack
    {
        type            empty;
    }
    inlet
    {
        type            calculated;
        value           nonuniform List<scalar> 
40
(
1.137416
1.1374156
1.1374155
1.1374154
1.1374153
1.1374153
1.1374153
1.1374152
1.1374152
1.1374152
1.1374152
1.1374152
1.1374151
1.1374151
1.1374151
1.1374151
1.1374151
1.1374151
1.1374151
1.1374151
1.1374151
1.1374151
1.1374151
1.1374151
1.1374151
1.1374151
1.1374151
1.1374151
1.1374151
1.1374151
1.1374152
1.1374152
1.1374152
1.1374152
1.1374153
1.1374153
1.1374153
1.1374154
1.1374155
1.1374158
)
;
    }
    outlet
    {
        type            calculated;
        value           nonuniform List<scalar> 
40
(
0.99429965
1.0343092
1.070988
1.0996154
1.1184648
1.129001
1.1340797
1.1362265
1.1370326
1.1373036
1.1373855
1.1374077
1.1374132
1.1374144
1.1374146
1.1374146
1.1374146
1.1374146
1.1374146
1.1374146
1.1374146
1.1374146
1.1374146
1.1374146
1.1374146
1.1374146
1.1374146
1.1374146
1.1374146
1.1374146
1.1374146
1.1374146
1.1374146
1.1374146
1.1374145
1.1374145
1.1374144
1.1374143
1.1374143
1.1374143
)
;
    }
}


// ************************************************************************* //
