/*--------------------------------*- C++ -*----------------------------------*\
  =========                 |
  \\      /  F ield         | OpenFOAM: The Open Source CFD Toolbox
   \\    /   O peration     | Website:  https://openfoam.org
    \\  /    A nd           | Version:  10
     \\/     M anipulation  |
\*---------------------------------------------------------------------------*/
FoamFile
{
    format      ascii;
    class       volScalarField;
    location    "0.16";
    object      TporMedia;
}
// * * * * * * * * * * * * * * * * * * * * * * * * * * * * * * * * * * * * * //

dimensions      [0 0 0 1 0 0 0];

internalField   nonuniform List<scalar> 
4000
(
-4.8925354e-05
2.4500347e-05
0.00054403108
0.001034396
0.00064812953
0.00051980252
0.00089239181
0.0006201026
0.00082007591
0.0010702807
0.00077351066
0.00082582983
0.00087397181
0.00050599981
0.00064023259
0.00055280173
0.00059478956
0.00052240285
0.0011234365
0.00068635415
0.00057837306
0.00043853905
0.00084310147
0.0004265666
0.00053431327
0.00078865848
0.0008295714
0.00084575937
0.00083049213
0.00052474179
0.00081661368
0.00067983475
0.00064280733
0.00055769305
0.00048128336
0.00067353745
0.00048502948
0.00047050407
0.00053612979
0.00043860228
-5.0066905e-06
3.5391201e-13
2.4029944e-11
-6.3615259e-09
6.8294593e-10
3.4963567e-10
9.8108905e-10
6.37369e-10
7.3038359e-10
6.3759555e-10
5.0291746e-10
7.259117e-10
8.8894328e-10
3.6501123e-10
6.9384292e-10
3.9997774e-10
8.533486e-10
4.8730885e-10
6.6215236e-10
7.1818587e-10
3.9524304e-10
4.550657e-10
4.9342581e-10
3.703952e-10
4.8512246e-10
5.3942621e-10
4.9319409e-10
7.7409191e-10
6.1463578e-10
3.5252046e-10
7.5818753e-10
5.0489388e-10
5.9474278e-10
5.2326432e-10
3.4882826e-10
3.9655878e-10
3.891049e-10
3.6304289e-10
2.5605326e-10
2.7575998e-10
-2.062272e-06
-1.2799958e-13
3.1640767e-19
-8.993731e-16
-6.6110587e-16
1.1967593e-15
1.1301646e-15
5.4917446e-16
1.089255e-15
3.7017967e-16
6.3312625e-16
9.0131816e-16
8.3817994e-16
3.6876398e-16
6.6056379e-16
3.4295906e-16
6.9869575e-16
5.3582329e-16
6.8738199e-16
6.1882458e-16
3.7407209e-16
3.2647053e-16
5.4867067e-16
3.8847349e-16
3.7133231e-16
4.7882585e-16
4.7497203e-16
6.5068377e-16
8.4485607e-16
2.1838308e-16
6.4548627e-16
9.0497498e-16
3.8588597e-16
4.1833273e-16
3.6455856e-16
3.4319888e-16
4.2178886e-16
2.1370713e-16
2.1317965e-16
2.0998714e-16
-1.1296433e-06
7.4296715e-15
5.2221069e-23
-2.7493001e-23
4.1519976e-22
2.845186e-21
1.3107333e-21
3.8953529e-22
8.3818514e-22
3.4453451e-22
1.2433226e-21
5.2424783e-22
1.4060457e-21
2.1232458e-22
1.1161015e-21
4.0747119e-22
5.651647e-22
1.5522038e-21
4.5189458e-22
6.291227e-22
2.6623031e-22
1.9722903e-22
4.332816e-22
2.8964284e-22
2.8771336e-22
4.9888482e-22
3.6359318e-22
5.7118768e-22
4.6600325e-22
2.5921729e-22
5.4917858e-22
9.7440521e-22
4.2606727e-22
3.9790369e-22
2.318246e-22
2.0814466e-22
3.1187075e-22
1.5045822e-22
1.3577408e-22
1.4458887e-22
-7.2489104e-07
1.4996413e-15
8.2244546e-24
-2.159629e-31
2.6202582e-28
-1.5622066e-27
2.8581988e-27
6.7395773e-28
6.2423998e-28
2.8269782e-28
1.0644081e-27
5.13466e-28
3.0563799e-27
1.7023032e-28
9.0666582e-28
2.1656235e-28
5.3743885e-28
2.612671e-27
3.5833394e-28
8.4594107e-28
2.0550599e-28
1.4049826e-28
3.1725073e-28
3.1797872e-28
1.8900983e-28
3.5672757e-28
3.0622835e-28
5.1169684e-28
3.2136451e-28
2.0814609e-28
5.3854042e-28
7.9610191e-28
3.9375567e-28
2.9779895e-28
1.8662981e-28
1.8031985e-28
2.1260906e-28
1.5057007e-28
8.9468854e-29
9.8809399e-29
-5.1567962e-07
5.1790313e-16
3.5333402e-24
1.9831936e-32
1.5662181e-35
3.6699792e-34
8.1710301e-33
5.9909013e-34
5.7409093e-34
2.4247807e-34
9.9037832e-34
5.2751261e-34
1.8020175e-33
1.294203e-34
5.1063178e-34
1.8775766e-34
6.3816395e-34
3.4798074e-33
2.1142276e-34
6.4514967e-34
2.1732247e-34
1.6171763e-34
2.1263254e-34
1.9254076e-34
2.2271933e-34
3.2980334e-34
2.0538166e-34
3.931471e-34
2.8698352e-34
2.4718463e-34
5.1265666e-34
5.4562118e-34
3.5221141e-34
2.0225603e-34
1.1877993e-34
1.4443015e-34
9.3318069e-35
9.2367639e-35
5.36607e-35
7.447061e-35
-3.9465051e-07
2.3351815e-16
-1.7504812e-23
-6.0820359e-32
-1.1287641e-39
-5.1215318e-41
-7.10826e-39
5.8365396e-40
4.3477915e-40
2.8817097e-40
7.5844257e-40
4.0480402e-40
1.0425451e-39
1.4778068e-40
4.0803575e-40
2.8219656e-40
5.1458253e-40
2.263703e-39
1.9137988e-40
5.2203157e-40
1.5337067e-40
1.3826048e-40
1.6399335e-40
1.3304945e-40
1.7671715e-40
2.7507406e-40
1.9787412e-40
2.0641892e-40
1.8772919e-40
1.4368311e-40
5.8156892e-40
3.6433042e-40
3.1515565e-40
1.1786078e-40
7.033061e-41
8.5453767e-41
6.5055761e-41
5.4342562e-41
3.5588414e-41
4.4278631e-41
-3.1800649e-07
1.2401942e-16
-3.6836207e-25
-9.2592631e-34
-7.6654755e-42
1.1293555e-47
1.748569e-45
7.3814061e-46
2.5331154e-46
2.5172118e-46
6.5369792e-46
4.0729148e-46
8.309549e-46
1.0791194e-46
3.4765525e-46
2.4577313e-46
3.8248243e-46
1.6706914e-45
1.2990998e-46
2.7721796e-46
9.5915696e-47
1.1539983e-46
1.600304e-46
9.2784085e-47
1.6225267e-46
2.1293428e-46
1.1859935e-46
1.7995308e-46
1.0908448e-46
1.407555e-46
3.2030829e-46
2.975603e-46
2.2790893e-46
9.5674239e-47
4.1562581e-47
6.284667e-47
7.3298808e-47
2.8169979e-47
2.8248431e-47
2.9799329e-47
-2.6537641e-07
7.3459e-17
-8.5784906e-26
-1.7872821e-34
-8.1086661e-43
-1.1560357e-49
-1.9994351e-52
-2.0687377e-51
2.8240846e-52
1.4575513e-52
9.7909699e-52
3.6696765e-52
5.8112242e-52
7.3872073e-53
3.1715038e-52
1.5926858e-52
3.2322892e-52
1.4039109e-51
1.3648404e-52
1.7996006e-52
6.9088494e-53
9.1450339e-53
1.4058802e-52
8.4245659e-53
1.71079e-52
1.0381655e-52
9.0778761e-53
1.6704041e-52
8.992621e-53
8.48155e-53
2.0159743e-52
2.8844777e-52
1.0241625e-52
6.8741076e-53
2.9791128e-53
3.9829125e-53
5.6304844e-53
1.5819353e-53
1.9190698e-53
2.7550558e-53
-2.2586777e-07
4.6694107e-17
-2.9180496e-26
-5.8220652e-35
-1.6414455e-43
-4.9219235e-51
3.9961642e-58
1.040863e-57
1.5300098e-58
1.2357925e-58
6.5208877e-58
3.0824551e-58
3.9966623e-58
5.5761193e-58
2.2171606e-58
1.2687256e-58
2.3787933e-58
1.0565203e-57
1.7974078e-58
1.456955e-58
5.3019472e-59
7.8677955e-59
1.1491668e-58
8.6199626e-59
1.5170396e-58
7.4820502e-59
5.6848058e-59
1.605721e-58
6.3130375e-59
5.3201916e-59
1.6432163e-58
1.8494313e-58
8.1816812e-59
7.8468201e-59
1.9630914e-59
2.792373e-59
5.5661654e-59
1.0553289e-59
1.6178315e-59
2.3209474e-59
-1.9359862e-07
3.0986949e-17
-1.1958009e-26
-2.7872467e-35
-5.3987186e-44
-6.6537388e-52
4.2954752e-59
-2.3769139e-64
1.2255981e-64
2.1434499e-64
4.1140147e-64
3.0162639e-64
2.6680764e-64
5.2938722e-64
1.6715372e-64
1.7183356e-64
1.3996605e-64
8.8463396e-64
2.0001045e-64
1.4940659e-64
3.7673158e-65
9.0443814e-65
1.0317531e-64
8.9079048e-65
1.136994e-64
7.0578411e-65
5.6337095e-65
1.0594838e-64
5.3380269e-65
6.9434257e-65
1.5104676e-64
1.1554558e-64
8.2027177e-65
6.2350053e-65
1.9639618e-65
2.8508394e-65
4.7076877e-65
8.7313752e-66
1.5384669e-65
1.7354016e-65
-1.6569451e-07
2.1068387e-17
-5.4602932e-27
-2.383037e-35
-3.417105e-44
-2.1858052e-52
1.4670136e-59
-1.5866629e-66
-8.5939875e-70
1.711291e-70
4.6375083e-70
1.9940374e-70
2.3463336e-70
4.5417507e-70
2.5536123e-70
9.5766636e-71
1.6422116e-70
9.1028097e-70
2.7017441e-70
1.3947123e-70
2.3426703e-71
9.4320816e-71
5.7618994e-71
7.1759982e-71
1.7697765e-70
5.3048724e-71
5.0183089e-71
7.471861e-71
6.8992096e-71
4.5036679e-71
7.8415376e-71
7.1637881e-71
5.0277425e-71
7.5767381e-71
1.1486317e-71
1.9560453e-71
2.7995077e-71
5.0347478e-72
8.0362452e-72
1.3256494e-71
-1.4109553e-07
1.4518544e-17
-2.6738827e-27
1.9721415e-35
2.2297317e-44
8.4634571e-53
-1.1817817e-59
8.5143369e-67
-1.2308254e-72
9.7693401e-77
3.0814249e-76
2.1218471e-76
4.1979274e-76
9.5949631e-76
1.9009953e-76
1.0119272e-76
1.7497697e-76
1.0598289e-75
2.2494033e-76
1.3640501e-76
5.7160981e-77
1.0453148e-76
4.0333723e-77
5.1234005e-77
1.6417447e-76
5.8776852e-77
4.6264215e-77
5.4620884e-77
5.384973e-77
3.9640017e-77
8.1170809e-77
6.5143386e-77
4.0772055e-77
4.5535899e-77
2.3493288e-77
1.298381e-77
2.0476316e-77
3.5739432e-78
7.3529185e-78
1.1224897e-77
-1.195069e-07
1.0087602e-17
-1.374599e-27
1.9592973e-36
1.8472948e-45
4.5636173e-54
3.8965211e-61
-1.9349075e-68
7.9361145e-75
8.4617009e-81
2.6290138e-82
1.5178146e-82
7.2638329e-82
6.7294146e-82
2.6354534e-82
8.366772e-83
3.5064218e-82
1.2532402e-81
2.4879875e-82
1.7858417e-82
5.287019e-83
1.0508668e-82
6.4991342e-83
4.000685e-83
1.9521301e-82
5.9898013e-83
3.3256422e-83
4.7895974e-83
5.4192636e-83
3.0928046e-83
6.3922574e-83
6.0957485e-83
3.9339482e-83
5.9536135e-83
1.4060261e-83
1.2210705e-83
1.7160038e-83
1.9262744e-84
1.1539863e-83
1.3428143e-83
-1.0087462e-07
7.0549646e-18
-7.327731e-28
4.8537335e-37
4.0273706e-46
6.8938094e-55
1.5002038e-62
-5.8541021e-70
9.8962681e-77
9.7973974e-83
2.5804819e-88
3.3413589e-88
7.1275488e-88
3.6391471e-88
6.4923246e-88
8.6119177e-89
2.1344289e-88
1.250435e-87
2.5798921e-88
1.5453766e-88
3.3981642e-89
1.2877472e-88
7.2937248e-89
2.9099842e-89
2.6973665e-88
5.9849965e-89
4.0495881e-89
3.8846456e-89
3.7603077e-89
2.9429633e-89
9.2862962e-89
5.0346129e-89
2.7684457e-89
4.7304635e-89
9.0004135e-90
1.685554e-89
9.9878438e-90
1.5036381e-90
6.6268744e-90
1.9716256e-89
-8.5106288e-08
4.9701041e-18
-4.0257331e-28
1.5457858e-37
1.1945589e-46
1.4947861e-55
1.4803583e-63
-4.869229e-71
5.2823286e-78
6.6072734e-84
6.1063569e-90
4.8373462e-94
6.215377e-94
3.7918687e-94
6.8787548e-94
8.8863128e-95
1.7296812e-94
1.2327267e-93
2.9904094e-94
1.5157992e-94
3.8421818e-95
1.6317071e-94
6.6115263e-95
2.7695812e-95
3.1653948e-94
9.6330887e-95
3.5707661e-95
3.8577621e-95
5.2078147e-95
2.7192327e-95
6.4561e-95
3.4370887e-95
1.6420023e-95
4.1038699e-95
5.0133466e-96
3.1872237e-95
5.1286859e-96
8.6616664e-97
8.5364125e-96
8.9132352e-95
-7.1882689e-08
3.5265528e-18
-2.2682371e-28
5.6210956e-38
4.3249946e-47
4.1218177e-56
2.2880103e-64
-7.3807101e-72
4.8458531e-79
-2.5095395e-84
-2.2004166e-90
-2.5901753e-96
2.753969e-99
2.3792712e-100
6.7594384e-100
1.0379545e-100
1.4324042e-100
2.3806996e-99
2.56002e-100
2.1363824e-100
6.4358966e-101
1.6063786e-100
6.5679447e-101
4.1931966e-101
2.1844527e-100
1.1529157e-100
3.1410234e-101
2.889665e-101
4.0834658e-101
1.756801e-101
6.9562529e-101
3.099972e-101
1.912833e-101
3.5369582e-101
3.5006123e-102
2.7573677e-101
4.0121801e-102
8.9104484e-103
9.3473072e-102
1.9265529e-100
-6.0872955e-08
2.5214872e-18
-1.3065247e-28
2.2306603e-38
1.8752009e-47
1.4118629e-56
4.8973526e-65
-1.8125629e-72
8.9155463e-80
-5.1378034e-86
-4.809405e-92
-3.3974017e-98
-4.554585e-104
3.2276459e-106
5.6341088e-106
1.0948112e-106
1.5500227e-106
1.8159861e-105
1.8059898e-106
2.958699e-106
1.8587014e-106
3.161801e-106
5.330087e-107
4.202409e-107
2.0463921e-106
1.94987e-106
2.7450029e-107
2.081981e-107
6.1790543e-107
1.6759474e-107
8.2269231e-107
3.6605894e-107
1.5514001e-107
5.0654805e-107
2.7763686e-108
2.9416511e-107
2.4932195e-108
7.8602262e-109
9.6863945e-108
-8.1276228e-106
-5.1716721e-08
1.8163858e-18
-7.6732281e-29
9.4353832e-39
1.0175715e-47
6.2445356e-57
1.4477438e-65
-1.0463557e-72
3.8156894e-80
-1.0544092e-86
-1.1898174e-92
-1.5921721e-98
-3.5281211e-104
-3.3331772e-110
8.382068e-112
1.088122e-112
1.714875e-112
2.2740571e-111
1.6303104e-112
1.0950537e-111
1.2716052e-112
5.8704033e-112
3.0522307e-113
4.892704e-113
2.2456582e-112
2.8760503e-112
1.6956731e-113
4.3938704e-113
4.5346627e-113
2.5318745e-113
6.4395818e-113
3.4331516e-113
1.120179e-113
3.4075077e-113
2.0613895e-114
1.839465e-113
2.5622998e-114
4.8003768e-115
1.9359383e-113
2.3420139e-111
-4.4080564e-08
1.3176196e-18
-4.5833518e-29
4.193657e-39
8.9331882e-48
4.5962795e-57
7.5086687e-66
6.7848019e-73
-1.9313916e-80
2.8243355e-87
3.1910347e-93
2.1977118e-99
6.3053135e-105
1.8624596e-110
1.5955461e-116
1.2082522e-118
2.0365446e-118
3.5446515e-117
2.5956431e-118
1.6093496e-117
2.044016e-118
8.2618672e-118
4.1181415e-119
5.0012228e-119
1.2880812e-117
3.3021043e-118
1.3601928e-119
7.2515349e-119
1.6270874e-118
2.3164521e-119
5.7238582e-119
2.7465611e-119
2.2474783e-119
2.3565112e-119
2.1353631e-120
1.1936294e-119
2.7076156e-120
3.7190079e-121
2.3272695e-119
-1.3671177e-116
-3.7680735e-08
9.6180692e-19
-2.7783004e-29
1.939503e-39
-8.4416315e-48
-3.7419795e-57
-4.4792534e-66
-9.0990554e-74
2.1810015e-81
-2.0323171e-88
-7.800835e-94
-1.0637804e-99
-2.4986509e-105
-2.4463729e-111
-4.2688536e-117
-6.9810371e-123
3.6663924e-124
1.0720582e-122
6.0703926e-124
2.6127585e-123
5.1615586e-124
1.3117339e-123
4.5541444e-125
5.5709464e-125
1.5472837e-123
4.9491719e-124
4.774098e-125
6.2183568e-125
1.2172172e-124
4.9045805e-125
5.7821908e-125
2.7677478e-125
1.9692113e-125
2.0173336e-125
1.3963112e-126
1.0690941e-125
2.7484038e-126
4.0987525e-127
3.9223059e-125
1.1259768e-122
-3.2286317e-08
7.0582019e-19
-1.7054495e-29
9.2664832e-40
-7.5476222e-49
-2.9614333e-58
-2.6890621e-67
-2.4965446e-75
5.3164915e-83
-3.5637329e-90
7.922655e-96
6.6771487e-102
3.8722279e-107
4.0330322e-113
1.1924064e-118
4.1176262e-124
9.0049854e-130
1.7835427e-128
9.4770867e-130
3.1399624e-129
6.5043296e-130
1.2688662e-129
9.055725e-131
7.192002e-131
1.5928991e-129
7.5378491e-130
4.7583295e-131
5.9539897e-130
1.7521549e-130
3.499354e-130
8.4867299e-131
3.1986641e-131
3.166754e-131
4.7139303e-131
1.0526611e-132
1.1477861e-131
2.4810622e-132
6.8768915e-133
-2.7419761e-130
-6.9547032e-129
-2.7711785e-08
5.202621e-19
-1.0581528e-29
4.5486736e-40
-1.7615036e-49
-6.2866548e-59
-4.4508533e-68
-2.3565293e-76
4.7369257e-84
-2.2452162e-91
1.3098442e-97
1.385171e-103
1.2778485e-109
1.6917464e-115
2.6212762e-121
3.5996165e-127
7.0083898e-133
6.2076641e-134
1.0273543e-135
-6.8959432e-134
9.6025258e-136
1.9731081e-135
1.7046023e-136
6.4780335e-137
5.4469749e-135
1.1625961e-135
4.6451269e-137
8.8700891e-136
3.087478e-136
3.4026556e-136
7.110068e-137
1.3971533e-136
3.3624334e-137
4.9753754e-137
7.9371863e-139
1.0509499e-137
2.6294091e-138
6.6550706e-139
8.1580264e-136
2.5061999e-135
-2.3813377e-08
3.8485503e-19
-6.625624e-30
2.2842608e-40
-5.2332325e-50
-1.7517804e-59
-9.8988254e-69
-3.3328358e-77
6.9485894e-85
-2.505247e-92
7.2226184e-99
5.9947568e-105
1.5308492e-110
2.630426e-116
3.7845613e-122
1.5177812e-126
-1.6690087e-131
-3.4712991e-137
1.390481e-141
-1.1356544e-139
1.2254718e-141
5.5244293e-141
2.4326181e-142
2.1456107e-142
9.2589858e-141
2.0383823e-140
7.2979196e-143
2.3248263e-141
8.9933938e-142
2.7247968e-142
1.068086e-142
2.4307465e-142
5.9897666e-143
4.0783754e-143
1.1014832e-144
1.0712112e-143
4.6315245e-144
1.1508943e-144
-1.5189259e-141
-6.5954381e-142
-2.0477692e-08
2.8548894e-19
-4.1806594e-30
1.1694844e-40
-1.7587202e-50
-5.7160929e-60
-2.6339941e-69
-6.0123903e-78
1.5206861e-85
-4.2614344e-93
8.2628298e-100
1.1243433e-105
1.3034503e-111
5.7244594e-117
7.380665e-123
1.4719966e-128
2.8835637e-133
5.5116843e-139
1.9128924e-144
6.1495624e-144
4.1053334e-147
1.5192381e-146
3.3629465e-148
5.9483942e-148
-1.0440808e-145
4.304245e-146
8.8840924e-149
5.2447819e-147
1.2500541e-147
5.1864975e-148
2.7743164e-148
1.2730334e-147
8.2295685e-149
3.6798444e-149
1.7695249e-150
1.0259183e-149
1.0592705e-149
1.4808771e-150
2.481256e-147
1.6118049e-148
-1.7618188e-08
2.1226198e-19
-2.655512e-30
6.0880525e-41
-6.3924291e-51
-2.1081491e-60
-8.0781146e-70
-1.3133334e-78
5.8845198e-86
-1.359312e-93
1.5941549e-100
1.6142724e-105
3.9702339e-111
6.1162089e-117
2.8215113e-122
1.8877784e-127
4.7015404e-133
1.6961588e-138
1.9548019e-143
5.198616e-149
-3.8997036e-152
-4.4087551e-151
3.9080899e-154
1.9394231e-153
-1.63434e-151
1.0006503e-151
9.9118004e-155
1.150938e-151
9.2453028e-153
1.8244806e-153
2.9201818e-154
1.0143719e-153
1.2539232e-154
3.1911585e-155
2.5140694e-156
1.2843248e-155
2.9707249e-154
2.9915933e-155
-1.3586981e-153
-3.2410842e-155
-1.5162511e-08
1.5810106e-19
-1.696366e-30
3.2152959e-41
-2.4578817e-51
-8.7446205e-61
-2.836835e-70
-3.4040423e-79
-5.5240397e-86
1.0966912e-93
-9.8613578e-101
-1.8954625e-105
-6.5641639e-111
1.7260401e-115
7.8522004e-121
1.0116223e-124
1.2080524e-130
-1.2638059e-135
1.6670177e-140
-5.836765e-146
2.6671346e-151
-1.405038e-156
1.5462439e-159
7.7262082e-159
-2.3652562e-157
3.5281073e-157
3.3426579e-160
2.094985e-157
5.6474131e-158
1.798135e-159
3.3899643e-160
4.6611962e-159
2.1854274e-160
3.3897746e-161
3.9825833e-162
7.1663263e-161
4.0946399e-160
-1.1640078e-160
6.7895843e-160
7.2170397e-162
-1.3053171e-08
1.1794143e-19
-1.0890562e-30
1.7197171e-41
-9.8682487e-52
-4.1756656e-61
-1.1665382e-70
-1.0645109e-79
-2.126853e-87
3.6937519e-95
-2.2690099e-102
2.5121262e-108
5.168112e-114
4.9831214e-119
-8.3938236e-125
2.3929555e-130
-1.7322864e-133
-8.7193655e-139
-3.8597848e-144
-7.2927753e-150
2.3018268e-155
-2.286919e-160
4.5891801e-165
1.7333233e-164
4.4336196e-163
5.3508862e-162
-4.4703749e-165
3.2587778e-163
-3.9063842e-162
1.6877284e-164
7.2712344e-166
5.5387368e-165
4.6532559e-166
-1.3813168e-165
4.3793418e-167
-2.664884e-165
-2.9347638e-165
1.4077779e-165
-3.7824922e-166
-1.9029242e-168
-1.1240274e-08
8.8090469e-20
-7.0217617e-31
9.3009419e-42
-4.1014355e-52
-2.508748e-61
-6.1370531e-71
-4.357836e-80
-3.9157212e-88
6.1493076e-96
-2.9702065e-103
1.5315754e-109
1.9813772e-115
9.0609596e-121
1.7607944e-125
1.5074111e-130
-8.9101282e-136
3.3778714e-140
-7.6304624e-145
-5.7731201e-150
-3.8219477e-155
-5.237055e-160
2.1518114e-165
-7.1941292e-170
1.103333e-168
-3.301669e-167
1.4331373e-170
5.7185731e-169
-6.9807182e-168
-8.1991589e-170
8.9854849e-172
7.7061438e-171
6.0755882e-172
-2.2797066e-171
1.0835523e-172
-3.7972562e-171
-8.1537687e-171
-7.4966578e-171
2.7322868e-172
5.6351225e-174
-9.6818994e-09
6.5860775e-20
-4.5441444e-31
5.0798435e-42
-1.7541297e-52
-3.1155552e-61
-6.784377e-71
-3.829389e-80
-1.9758453e-88
2.9739006e-96
-1.0917949e-103
3.1488569e-110
2.1861707e-115
-4.129276e-120
1.8337012e-125
4.0048187e-129
-8.2449441e-135
-1.4691858e-139
1.2038782e-144
-1.1931355e-149
-5.0988923e-155
1.2272394e-159
-1.2547623e-164
5.8823307e-170
1.9904008e-174
-9.3155643e-173
9.4144549e-176
3.9704281e-174
2.2654888e-173
-1.2575047e-175
2.4881264e-177
1.6993973e-176
8.9455132e-178
-4.3299889e-177
1.3893358e-178
1.9190328e-176
-1.9738255e-176
3.2419393e-176
-1.5294684e-178
2.3135022e-180
-8.341969e-09
4.9279897e-20
-2.9500639e-31
2.7984607e-42
-7.6855983e-53
8.3083086e-62
1.6382637e-71
7.4918282e-81
2.4760462e-89
-3.8031972e-97
1.136045e-104
-2.7637106e-111
-2.0578456e-115
1.192275e-120
-2.0791991e-126
-5.659344e-131
2.2511711e-136
-1.3313269e-141
-2.9957588e-147
5.6836315e-153
1.3106615e-158
4.1031349e-164
-5.8776786e-170
-2.0586904e-176
-3.7379929e-180
-4.0820652e-178
6.2574571e-180
-1.4858619e-179
5.5298519e-179
-9.0377157e-181
5.6928402e-183
5.6136561e-182
1.9037764e-183
-1.0467331e-182
5.4409504e-184
9.5593552e-182
4.0863031e-182
-3.6072184e-182
2.2149377e-184
4.0715794e-187
-7.1901001e-09
3.6897902e-20
-1.9204149e-31
1.5534456e-42
-3.4374649e-53
1.181472e-62
2.1472027e-72
8.0813448e-82
1.8365333e-90
-3.1096431e-98
7.6691463e-106
-1.0824539e-112
2.2279397e-118
8.8731769e-124
-1.4897972e-129
9.6232169e-135
-5.3502787e-140
7.3082653e-146
-1.0676865e-151
1.760062e-157
-1.8279117e-163
4.1448676e-169
1.8744268e-174
-7.5226796e-180
2.0199417e-185
8.9926609e-184
-1.6514389e-185
8.0877327e-185
2.1049392e-184
5.5275519e-186
1.7549978e-187
-1.9954242e-187
-6.733117e-189
-2.0393394e-188
2.0424489e-189
1.3022058e-187
-9.0574012e-188
3.2879053e-188
-4.4456533e-189
5.0124464e-194
-6.2006467e-09
2.7645684e-20
-1.2531903e-31
8.6826962e-43
-1.565457e-53
2.8578598e-63
4.8799424e-73
1.5345308e-82
2.512977e-91
-5.5531921e-99
1.1358216e-106
-1.1216695e-113
5.8296122e-119
-2.3375896e-124
5.2606574e-130
-6.3973382e-136
7.9922408e-142
-5.9993084e-147
5.2284313e-152
-7.8146368e-158
2.1368543e-163
-7.5103609e-169
6.1682847e-175
-2.4859257e-180
4.6651316e-185
-1.1864239e-189
2.7326988e-191
-1.1939666e-190
-3.4749831e-190
-1.2950338e-191
-6.1567252e-193
3.8146081e-192
3.9299327e-193
-8.6742442e-194
-2.7139769e-195
-1.9758582e-193
1.1296881e-193
-5.801506e-194
-3.7818212e-195
4.5816518e-201
-5.3515901e-09
2.0730396e-20
-8.196734e-32
4.8835921e-43
-7.2440576e-54
8.2995408e-64
1.3608803e-73
3.6258653e-83
4.4274854e-92
-2.0206324e-99
3.5734985e-107
-2.7243129e-114
2.7252663e-120
-1.2239018e-125
2.4597169e-131
-8.0509781e-137
1.4512838e-142
-3.8871946e-148
3.598264e-154
-3.4855407e-160
8.0775227e-166
-7.6079234e-172
1.943665e-177
-4.8719128e-183
6.3068999e-189
-5.3867489e-195
9.7707144e-197
1.9518419e-195
3.8430681e-195
1.238664e-197
2.8072355e-198
-1.2411251e-197
-1.1102915e-198
2.2936487e-199
-2.1638862e-200
1.8911106e-199
-1.2426746e-199
8.6181692e-200
-1.8647752e-201
2.4352915e-208
-4.6242542e-09
1.5562509e-20
-5.3739048e-32
2.7631459e-43
-3.4009615e-54
2.6633434e-64
4.3031002e-74
9.8423437e-84
9.2172924e-93
7.2477333e-100
-1.1470369e-107
6.9427534e-115
-3.2644449e-121
3.2160305e-127
-3.8818166e-133
3.2408171e-139
-3.561181e-145
8.9420716e-151
-6.0575441e-157
1.6221454e-162
-1.6740795e-168
2.3065231e-174
-3.0614504e-180
2.7894043e-186
-5.0266695e-192
5.3487506e-198
-2.6537634e-202
-4.4320448e-201
-9.0269685e-201
-2.3530214e-203
-6.1706645e-204
-1.1577297e-202
3.8980588e-204
-4.913593e-205
-5.9405749e-205
-2.1550819e-205
7.8729489e-206
-8.4265936e-206
-7.5964663e-208
-4.2023108e-215
-4.0024127e-09
1.1701803e-20
-3.5323875e-32
1.5725022e-43
-1.6181429e-54
9.1317276e-65
1.5012653e-74
2.9852145e-84
2.1924952e-93
3.5534752e-101
-5.1533948e-109
2.3828444e-116
-7.761365e-123
1.0851117e-128
-9.3392478e-135
9.8577809e-141
-1.1926037e-146
8.5116645e-153
-1.491997e-158
1.6383244e-164
-1.1364105e-170
8.3879208e-177
-1.407535e-182
1.5714514e-188
-2.0028237e-194
3.1795524e-200
-9.5388495e-206
1.3275078e-206
1.4386544e-206
3.4841104e-209
1.9375716e-209
-8.4785967e-208
-5.4643026e-210
5.5177114e-211
2.040437e-210
4.5791121e-211
-4.2721836e-212
1.0336101e-211
-2.4002048e-214
-2.4398632e-221
-3.4719258e-09
8.8188516e-21
-2.329015e-32
9.0023406e-44
-7.7970807e-55
3.2887232e-65
5.7400502e-75
1.0042771e-84
5.8973639e-94
4.633046e-102
-6.3840101e-110
2.3641332e-117
-5.4212847e-124
4.1675407e-130
-4.238547e-136
6.8547481e-142
-4.7461604e-148
4.3071715e-154
-3.4783157e-160
3.3573852e-166
-2.5486324e-172
3.4077102e-178
-3.1611998e-184
2.4345545e-190
-1.6964782e-196
1.2567648e-202
-1.382189e-208
-1.2629806e-212
-2.6642294e-212
-4.3975364e-215
-2.4571725e-215
1.7073962e-212
3.8092488e-216
-1.5178999e-215
-1.924187e-216
-5.9490467e-217
2.4692842e-218
-1.1572937e-217
-4.6198222e-221
-5.5230001e-228
-3.0205028e-09
6.6670147e-21
-1.541354e-32
5.1863611e-44
-3.8037941e-55
1.2319333e-65
2.4305036e-75
3.7872221e-85
1.8094783e-94
8.5665916e-103
-1.1621426e-110
3.588312e-118
-6.4178866e-125
1.0034351e-130
-9.6218171e-137
4.709646e-143
-3.0055172e-149
3.4145408e-155
-2.9200724e-161
1.7462949e-167
-1.2058775e-173
9.3002257e-180
-7.7724001e-186
5.9173599e-192
-3.2491731e-198
2.2578104e-204
-1.2786293e-210
8.2822781e-217
3.729002e-218
3.4235068e-221
2.7968245e-221
-1.5790827e-217
-1.7839521e-220
3.0408916e-221
1.5755574e-222
4.9541477e-223
-1.3145399e-224
5.0458005e-223
-8.3375132e-228
-9.8580922e-235
-2.6373888e-09
5.0614229e-21
-1.0248768e-32
3.0088914e-44
-1.8789505e-55
4.7718304e-66
1.1820294e-75
1.6599028e-85
6.5505652e-95
2.0609125e-103
-2.9252676e-111
7.6906143e-119
-1.0817639e-125
5.9317722e-132
-3.5989822e-138
2.072655e-144
-1.0206075e-150
4.5529023e-157
-2.7322457e-163
1.1185172e-169
-9.6649534e-176
5.4553928e-182
-3.4255711e-188
1.6013358e-194
-8.9537447e-201
4.9003066e-207
-5.9171881e-213
5.8641728e-219
-5.9608445e-224
-2.3574086e-227
-3.1100708e-227
1.5865066e-223
2.4742622e-226
-7.2026925e-227
-1.3855872e-228
-1.8351925e-229
5.6269426e-231
-1.1764877e-227
-3.3994398e-234
-3.099093e-241
-2.3132342e-09
3.8636232e-21
-6.8552273e-33
1.7596432e-44
-9.4026386e-56
1.9045165e-66
7.4282507e-76
9.517239e-86
3.144645e-95
6.9990477e-104
-1.1007285e-111
2.4860146e-119
-2.6782239e-126
1.2161088e-132
-7.0013219e-139
3.9392882e-145
-1.87602e-151
1.2931971e-157
-6.1571836e-164
2.9524944e-170
-1.4330074e-176
9.5574942e-183
-6.1991113e-189
3.9296574e-195
-1.8451671e-201
1.1984229e-207
-6.4396386e-214
3.4194629e-220
-2.0221689e-226
1.4991074e-232
4.3274875e-233
-1.4598141e-229
-2.7030868e-232
5.3790449e-233
9.8548793e-235
7.5507355e-236
-2.7289715e-237
-3.4232318e-233
-5.6132389e-240
-4.0739052e-247
-2.0398617e-09
2.9699325e-21
-4.619805e-33
1.0387329e-44
-4.7710778e-56
7.8170418e-67
1.3716851e-75
1.6238043e-85
4.5499697e-95
7.4759039e-104
-1.5007165e-111
2.9926748e-119
-2.3935414e-126
8.2368971e-133
-4.0956158e-139
2.0603297e-145
-1.0548328e-151
5.5165722e-158
-1.9676079e-164
1.0618835e-170
-4.6134618e-177
2.3490869e-183
-1.2623676e-189
7.3096139e-196
-3.9506295e-202
1.8058277e-208
-9.5393986e-215
4.1219418e-221
-2.2378638e-227
1.3920955e-233
-3.6604202e-239
9.6615503e-236
1.8242678e-238
-3.1957075e-239
-5.8169635e-241
-2.7400184e-242
1.3355627e-243
-2.2131715e-238
-3.1052118e-245
-2.0605887e-252
-1.8102307e-09
2.3029367e-21
-3.1427362e-33
6.2003661e-45
-2.45835e-56
3.2975126e-67
-1.6266173e-76
-1.8031138e-86
-4.3351688e-96
-5.4370815e-105
1.8986223e-112
-3.4315258e-120
2.2529214e-127
-6.2911589e-134
2.8530956e-140
-1.0166774e-146
4.1800603e-153
-1.6476755e-159
6.1593202e-166
-2.065411e-172
9.0965369e-179
-3.6989903e-185
1.8209689e-191
-7.3226145e-198
2.876138e-204
-1.1133925e-210
5.2233303e-217
-2.3361715e-223
1.1651889e-229
-5.0708792e-236
2.4470468e-242
-5.4929671e-242
-9.0585679e-245
1.9083893e-245
2.5785123e-247
8.5879595e-249
4.2076695e-249
-1.6460409e-242
-2.1189864e-249
-1.3499236e-256
-1.6182289e-09
1.8048316e-21
-2.1629614e-33
3.7507075e-45
-1.2887131e-56
1.4300472e-67
-2.6885929e-77
-2.8321043e-87
-5.9099584e-97
-5.8039873e-106
-2.3541244e-112
3.8779849e-120
-2.1026685e-127
4.7027544e-134
-1.9346363e-140
7.0087549e-147
-2.264277e-153
6.6602397e-160
-2.8746164e-166
1.1810638e-172
-3.8178003e-179
1.3677936e-185
-5.478705e-192
2.4185459e-198
-9.9356763e-205
3.656205e-211
-1.7183154e-217
6.1882981e-224
-2.3469476e-230
1.0831831e-236
-4.4389924e-243
3.4197599e-248
4.98538e-251
-8.5346963e-252
-9.6553637e-254
-2.3712742e-255
5.9532764e-254
-1.9217362e-247
-2.3334099e-254
-1.5200079e-261
-1.4586128e-09
1.4325676e-21
-1.5099411e-33
2.305262e-45
-6.8896029e-57
6.3835069e-68
-6.7907922e-78
-6.9079063e-88
-1.2651263e-97
-9.9428122e-107
-2.2829679e-114
3.5433319e-122
-1.6076973e-129
2.936024e-136
-8.9076759e-143
3.1799639e-149
-8.4514702e-156
3.1950486e-162
-1.0106009e-168
3.5156855e-175
-1.2212981e-181
4.1501127e-188
-1.2686956e-194
4.2868233e-201
-1.9980332e-207
7.4425837e-214
-2.0763892e-220
7.2422227e-227
-2.3871889e-233
9.2365656e-240
-4.8996188e-246
2.1411371e-252
-2.6340768e-257
2.6764097e-258
3.0026632e-260
5.3678113e-262
2.4804113e-259
-9.2989283e-253
-1.1424683e-259
-7.0781778e-267
-1.3268985e-09
1.1541555e-21
-1.0722011e-33
1.4439019e-45
-3.7670485e-57
2.938765e-68
-2.0452669e-78
-2.0467877e-88
-3.3242458e-98
-2.1291261e-107
-2.2087384e-115
3.3667479e-123
-1.3116938e-130
1.9387781e-137
-5.4942243e-144
1.5866879e-150
-4.6012257e-157
1.244956e-163
-3.3583408e-170
9.0871544e-177
-3.0097601e-183
8.7436668e-190
-2.5006235e-196
7.8852524e-203
-1.9984627e-209
5.9191643e-216
-2.077372e-222
8.1206149e-229
-2.3846207e-235
9.3715228e-242
-3.3174893e-248
1.4988511e-254
-5.3027244e-261
-8.7230239e-265
-7.4167599e-267
-1.1816092e-268
2.6063428e-265
-1.0439869e-258
-1.2868993e-265
-8.5341581e-273
-1.2192654e-09
9.4586798e-22
-7.7680074e-34
9.2469745e-46
-2.1134858e-57
1.398919e-68
-6.882867e-79
-6.9272232e-89
-1.0084632e-98
-5.3531897e-108
-3.2627829e-116
4.9812945e-124
-1.690325e-131
2.2238069e-138
-5.6259778e-145
1.5310251e-151
-4.0679874e-158
1.0998292e-164
-2.7045119e-171
7.2077472e-178
-2.0435517e-184
5.7622947e-191
-1.6165208e-197
4.0671931e-204
-1.1721214e-210
3.316555e-217
-1.1365828e-223
3.2570089e-230
-1.060626e-236
3.6543804e-243
-9.6576233e-250
4.1219892e-256
-7.9109858e-263
6.8594781e-269
1.5131965e-273
2.2700319e-275
7.7524146e-271
-2.8909422e-264
-3.2362044e-271
-2.0382254e-278
-1.1324693e-09
7.9014878e-22
-5.7595431e-34
6.0760208e-46
-1.2210296e-57
6.9065766e-69
-2.5238404e-79
-2.6252272e-89
-3.4621821e-99
-1.5459977e-108
-6.3047487e-117
1.0114421e-124
-3.0085226e-132
3.1280447e-139
-7.6887392e-146
2.0583311e-152
-5.0538323e-159
1.2359685e-165
-2.9057205e-172
6.9488878e-179
-1.6654517e-185
4.4615727e-192
-1.1898248e-198
3.0547855e-205
-6.2044775e-212
5.1533624e-218
3.0889038e-224
3.1566009e-230
3.2924051e-236
2.8468949e-242
4.878778e-248
3.9474268e-254
6.5402374e-260
6.7895413e-266
4.382188e-270
-2.0342423e-276
6.2237312e-277
-2.6885357e-270
-2.9937413e-277
-1.9630694e-284
-1.0637645e-09
6.7404652e-22
-4.3831832e-34
4.1107498e-46
-7.2908633e-58
3.5482828e-69
-9.9713038e-80
-1.1107261e-89
-1.3414052e-99
-5.1065493e-109
-1.4933956e-117
2.7718661e-125
-7.3963231e-133
6.5893676e-140
-1.274546e-146
2.8001319e-153
-6.6996893e-160
1.6412901e-166
-3.5539765e-173
8.6054936e-180
-2.0793177e-186
5.5083673e-193
-5.1241561e-200
5.7059076e-205
3.1939639e-209
4.0532839e-215
3.5713068e-220
2.9639304e-226
1.6378557e-231
9.4359537e-237
1.4868923e-242
1.3864565e-248
2.8699126e-254
5.9671249e-260
4.6537325e-264
2.8007274e-271
-7.1105271e-277
-2.3264544e-276
-2.5614401e-283
-1.8123116e-290
-1.0108112e-09
5.8802478e-22
-3.4328324e-34
2.8730938e-46
-4.5156428e-58
1.9034152e-69
-4.2233564e-80
-5.2951956e-90
-5.9200124e-100
-1.9460846e-109
-4.2712971e-118
9.9867959e-126
-2.4933433e-133
1.9195787e-140
-3.7098437e-147
7.1951264e-154
-1.6098094e-160
3.5834401e-167
-8.7039192e-174
1.3686082e-180
-1.2779738e-186
3.0970721e-191
1.0400075e-196
1.283122e-201
1.4191006e-206
-1.4910744e-211
3.2773806e-215
7.1899044e-221
1.7127053e-226
7.749515e-232
4.8856023e-237
1.1951908e-242
2.266282e-248
2.2876107e-254
-2.7069829e-260
1.2738096e-266
-5.7188721e-273
-1.2130597e-277
-7.9396005e-286
-1.1313502e-293
-9.7159985e-10
5.2507788e-22
-2.7726386e-34
2.0805248e-46
-2.9105486e-58
1.0695251e-69
-1.9137394e-80
-2.9177862e-90
-3.0549179e-100
-8.7811943e-110
-1.500197e-118
5.6484367e-126
-1.3230137e-133
9.1072884e-141
-1.5671549e-147
3.1167951e-154
-6.9574868e-161
1.486351e-167
-3.2852376e-174
2.0307629e-180
3.4442285e-186
-1.0857627e-191
5.650075e-196
-2.1233596e-201
3.1233212e-207
-6.4358662e-213
1.7219783e-218
1.0391747e-223
1.0379333e-228
-8.6917244e-234
-2.7890882e-239
-1.9090814e-243
-5.0359342e-249
2.3107081e-254
-2.0344581e-260
8.3498697e-267
-3.4311719e-273
-1.5084876e-278
-1.7455779e-286
-2.9080986e-294
-9.4435515e-10
4.8005578e-22
-2.312705e-34
1.5645165e-46
-1.9576285e-58
6.3121633e-70
-9.2707473e-81
-1.9817799e-90
-1.9668088e-100
-5.0008295e-110
-6.8236223e-119
1.6574059e-125
-3.7310853e-133
2.2446877e-140
-3.4823397e-147
7.0823573e-154
-1.3242889e-160
2.4408137e-167
-4.4328168e-174
7.3734282e-181
-1.6197745e-189
-1.7178861e-193
1.7485809e-198
-2.3972004e-204
6.5683039e-210
-2.9987104e-215
9.183325e-221
-5.9409549e-226
1.0223122e-231
-1.1861102e-237
1.1670614e-243
1.0126086e-249
5.8874327e-254
-1.4132005e-259
8.7375502e-266
-2.8132149e-272
1.1155757e-278
3.0550888e-284
-5.5584357e-293
-1.936522e-299
-9.2745318e-10
4.4915667e-22
-1.9932689e-34
1.2234742e-46
-1.3766812e-58
3.9208122e-70
-4.799335e-81
-2.0969059e-90
-1.9977492e-100
-4.5453801e-110
-5.0796272e-119
-2.1141503e-126
4.6618205e-134
-2.4968767e-141
3.2317505e-148
-5.9357222e-155
9.9215014e-162
-1.8248226e-168
3.2081623e-175
-5.8160157e-182
1.0198257e-188
-1.9228741e-195
4.1112187e-202
-1.8423954e-208
1.9091124e-214
-1.3970584e-220
3.6936124e-227
6.1392199e-232
-2.8002339e-237
2.1899564e-243
-1.1365658e-248
4.1025549e-254
1.0919943e-257
-1.1804809e-263
5.2993575e-270
-1.3902002e-276
4.1988426e-283
1.2999662e-288
1.6191004e-296
3.7761728e-304
-9.193295e-10
4.2953248e-22
-1.7743351e-34
9.9540349e-47
-1.0132206e-58
2.5660607e-70
-2.653585e-81
4.1055575e-90
3.8073681e-100
7.8360716e-110
7.2999542e-119
1.2536261e-126
-2.820225e-134
1.3954004e-141
-1.6627681e-148
2.4843323e-155
-4.2468026e-162
7.3127328e-169
-1.2193169e-175
2.1430654e-182
-3.6577103e-189
6.4089611e-196
-1.1216688e-202
1.8910788e-209
-3.2447284e-216
5.4406729e-223
-7.1358367e-230
-9.0605683e-237
1.7400657e-242
-1.7999991e-248
7.1994511e-254
-1.6259745e-259
-3.789789e-263
2.7446811e-269
-1.0697187e-275
2.5941198e-282
-8.9626409e-289
-1.3342952e-294
3.7059406e-302
3.2919794e-309
-9.1838811e-10
4.1897369e-22
-1.628841e-34
8.4194592e-47
-7.8031968e-59
1.7695137e-70
-1.5650908e-81
3.763555e-91
3.4484569e-101
6.4939373e-111
5.138969e-120
5.1408959e-128
-1.2131295e-135
5.5455786e-143
-6.1775658e-150
9.4095879e-157
-1.458013e-163
2.3702598e-170
-3.8525706e-177
5.7612679e-184
-8.8886999e-191
1.4402544e-197
-2.0969642e-204
3.2636123e-211
-5.0479668e-218
7.9805329e-225
-1.1580371e-231
1.6426001e-238
-1.0853767e-246
-1.4982118e-251
2.1156469e-257
-2.6050923e-263
3.7384449e-269
-3.2098612e-275
1.1297787e-281
-2.9180691e-288
9.9694654e-295
5.5769792e-300
-1.4954061e-307
-8.0858867e-313
-9.2293698e-10
4.1565655e-22
-1.538113e-34
7.3897209e-47
-6.2797262e-59
1.2841712e-70
-9.8262979e-82
1.1886771e-91
1.0946906e-101
1.9070343e-111
1.3016564e-120
8.7951906e-129
-2.282662e-136
9.3388595e-144
-9.2863018e-151
1.2658295e-157
-1.9806535e-164
2.7569093e-171
-3.9276106e-178
6.3248233e-185
-8.9493816e-192
1.3638962e-198
-2.0464252e-205
3.024738e-212
-4.4982067e-219
6.8741123e-226
-1.0485641e-232
1.4249361e-239
-1.9116661e-246
2.2154456e-253
2.1380209e-260
-2.6564964e-266
1.5680708e-272
-5.9312305e-279
1.3518164e-285
-2.3932222e-292
5.2574823e-299
1.2837425e-304
-1.8089807e-312
-3.7687651e-314
-9.311513e-10
4.1793546e-22
-1.4887767e-34
6.7097997e-47
-5.2672057e-59
9.7840522e-71
-6.546528e-82
5.0439616e-92
4.7605935e-102
7.7574722e-112
4.6347217e-121
2.292745e-129
-7.0361705e-137
2.8290243e-144
-2.5767796e-151
3.4724303e-158
-4.6794295e-165
6.0659421e-172
-8.3524169e-179
1.0638499e-185
-1.4718794e-192
2.0455288e-199
-2.8068103e-206
3.8260232e-213
-5.0589127e-220
6.6325941e-227
-1.0133868e-233
1.3924684e-240
-1.9997184e-247
2.8263561e-254
-3.8656714e-261
2.7420527e-268
1.5416163e-274
-7.6816373e-281
1.7000606e-287
-2.9037689e-294
6.481771e-301
2.0768727e-306
-3.6491872e-312
8.1931231e-314
-9.4109002e-10
4.2418075e-22
-1.4706069e-34
6.276967e-47
-4.5873211e-59
7.7976299e-71
-4.6085882e-82
2.5195547e-92
2.4937789e-102
3.8443582e-112
2.038137e-121
7.7413517e-130
-3.1667538e-137
1.1843115e-144
-9.3933771e-152
1.0732461e-158
-1.3269372e-165
1.7171522e-172
-2.1843348e-179
2.6834065e-186
-3.3689143e-193
4.5779122e-200
-6.0714484e-207
7.4690552e-214
-9.9712123e-221
1.3628019e-227
-1.80494e-234
2.5646174e-241
-3.3670344e-248
5.1154479e-255
-6.8998362e-262
8.7299004e-269
-8.1449137e-276
-4.124136e-283
2.3522638e-289
-4.8137379e-296
1.2172648e-302
3.5587675e-308
4.0446272e-312
-3.4725984e-315
-9.5079022e-10
4.3268584e-22
-1.4750355e-34
6.0199852e-47
-4.1287222e-59
6.470185e-71
-3.4103219e-82
1.4102001e-92
1.5053136e-102
2.2199717e-112
1.0570484e-121
3.2001905e-130
-2.3438783e-137
8.7875185e-145
-6.9827029e-152
7.5004833e-159
-9.4229687e-166
1.1578825e-172
-1.4328781e-179
1.6134599e-186
-2.0281148e-193
2.3812196e-200
-2.9300382e-207
3.7205488e-214
-4.5981937e-221
6.0326291e-228
-7.8736998e-235
1.0656202e-241
-1.4974963e-248
2.0366545e-255
-3.0185674e-262
4.510618e-269
-6.1911649e-276
8.2334541e-283
-9.4832409e-290
1.0112985e-296
-1.6846057e-303
-2.4038344e-309
-7.9200283e-313
2.594145e-313
-9.5842011e-10
4.416499e-22
-1.4941342e-34
5.886008e-47
-3.8190373e-59
5.5586454e-71
-2.6367536e-82
8.6113718e-93
1.0272966e-102
1.4650898e-112
6.3387426e-122
1.5705406e-130
-1.0665841e-135
4.0466214e-143
-2.8499989e-150
2.9904337e-157
-3.4652238e-164
4.0205724e-171
-5.0655655e-178
6.1132504e-185
-7.7443566e-192
9.3667617e-199
-1.1435231e-205
1.400563e-212
-1.8114451e-219
2.1608676e-226
-2.543343e-233
3.2108378e-240
-4.1297164e-247
5.528132e-254
-7.6205031e-261
1.0240436e-267
-1.305395e-274
1.4367008e-281
-1.3235513e-288
1.1687154e-295
-1.5724685e-302
1.2080222e-307
-9.6855012e-313
6.7140858e-313
-9.6249285e-10
4.4927309e-22
-1.5200915e-34
5.8325996e-47
-3.6089215e-59
4.9144268e-71
-2.1160587e-82
5.6350183e-93
7.883133e-103
1.0991299e-112
4.3634784e-122
9.0766031e-131
5.7894504e-138
-2.2491807e-145
1.460012e-152
-1.4140035e-159
1.6762284e-166
-1.9119914e-173
2.1295592e-180
-2.5666306e-187
2.9508407e-194
-3.3820057e-201
4.1577495e-208
-5.0629575e-215
6.1344107e-222
-8.0312959e-229
9.776541e-236
-1.253563e-242
1.615002e-249
-2.1815566e-256
2.9311056e-263
-4.0210086e-270
5.1663104e-277
-5.1987827e-284
4.6079641e-291
-4.109771e-298
5.4556279e-305
3.3458512e-310
-1.1300978e-312
-1.7954347e-313
-9.6205573e-10
4.5393868e-22
-1.5451396e-34
5.8230602e-47
-3.4627685e-59
4.4430964e-71
-1.7507677e-82
3.8973496e-93
6.8766856e-103
9.4738908e-113
3.486585e-122
6.1921429e-131
1.7789721e-138
-7.4064083e-146
4.7888244e-153
-4.4104167e-160
4.6496375e-167
-5.0030437e-174
5.637069e-181
-6.424108e-188
7.3746112e-195
-8.3762437e-202
9.1809666e-209
-1.0831121e-215
1.1657741e-222
-1.2766689e-229
1.4215844e-236
-1.7032325e-243
2.0845262e-250
-2.5753663e-257
3.3085929e-264
-4.1135664e-271
4.8558662e-278
-4.9976869e-285
4.3279847e-292
-3.7910036e-299
4.8991547e-306
1.6174586e-310
-8.4972867e-314
-6.3935532e-313
-9.5681559e-10
4.5444932e-22
-1.5619491e-34
5.8243521e-47
-3.3534555e-59
4.0823362e-71
-1.4834898e-82
2.8165942e-93
7.1411603e-103
9.834266e-113
3.3871057e-122
5.2270754e-131
9.5209687e-139
-4.2484463e-146
2.6691224e-153
-2.4342989e-160
2.4934031e-167
-2.5517181e-174
2.5533321e-181
-2.4971758e-188
2.5007356e-195
-2.5051072e-202
2.4813439e-209
-2.510651e-216
2.6035326e-223
-2.8458017e-230
2.9233133e-237
-3.1825887e-244
3.7387186e-251
-4.5443212e-258
5.7182332e-265
-7.2369551e-272
8.9768738e-279
-9.0547861e-286
7.6981274e-293
-6.7479286e-300
8.7236642e-307
6.5001125e-311
-8.6511522e-313
-5.2300662e-313
-9.4714182e-10
4.5023399e-22
-1.5643752e-34
5.8070415e-47
-3.2595085e-59
3.789571e-71
-1.2793242e-82
2.1064043e-93
1.0695042e-102
1.4928565e-112
4.8670509e-122
6.6504743e-131
8.6387948e-139
-4.3488665e-146
2.4053066e-153
-1.8298969e-160
1.5316475e-167
-1.3625341e-174
1.2387541e-181
-1.0889661e-188
9.0380927e-196
-7.4566703e-203
6.529563e-210
-5.858808e-217
5.5077135e-224
-5.0301278e-231
4.6650003e-238
-4.6753444e-245
4.8629833e-252
-5.0250949e-259
6.1107144e-266
-7.2865877e-273
7.8737965e-280
-7.2044038e-287
6.0181012e-294
-4.9785552e-301
5.8058782e-308
-1.8149422e-311
-4.875825e-314
-2.6961447e-313
-9.3395522e-10
4.4144217e-22
-1.5483296e-34
5.7467403e-47
-3.1638379e-59
3.5349503e-71
-1.1163617e-82
1.6164481e-93
-5.937089e-102
-8.5482472e-112
-2.673127e-121
-3.2877071e-130
-3.2748978e-138
1.8595842e-145
-9.5743542e-153
6.335948e-160
-4.6187774e-167
3.261321e-174
-2.3214531e-181
1.6789563e-188
-1.1796742e-195
8.6757705e-203
-6.2408183e-210
4.589273e-217
-3.4357814e-224
2.5876416e-231
-1.9693261e-238
1.6429867e-245
-1.428909e-252
1.3377961e-259
-1.2397998e-266
1.2249875e-273
-1.1929071e-280
1.1050228e-287
-8.4440977e-295
6.4570455e-302
-7.0171836e-309
-4.3414756e-310
-5.1615878e-313
5.3802999e-313
-9.1851711e-10
4.2887394e-22
-1.5124453e-34
5.6263295e-47
-3.053452e-59
3.297333e-71
-9.8049302e-83
1.2634715e-93
-4.5175473e-103
-6.8630574e-113
-2.0893329e-122
-2.3557557e-131
-1.9020513e-139
1.2628586e-146
-5.7352283e-154
3.1072686e-161
-1.8396435e-168
1.0867144e-175
-6.4748377e-183
3.7328221e-190
-2.1340529e-197
1.2681016e-204
-7.4161163e-212
4.3303536e-219
-2.5720661e-226
1.6093314e-233
-1.0579481e-240
7.0206241e-248
-4.6962203e-255
3.51075e-262
-2.7599881e-269
2.3569926e-276
-1.9743773e-283
1.5534682e-290
-1.119638e-297
8.2646205e-305
-1.0542256e-311
4.0528406e-312
-1.3502103e-313
-1.564084e-313
-9.0222039e-10
4.1377823e-22
-1.4583058e-34
5.4383086e-47
-2.919924e-59
3.0623241e-71
-8.6245065e-83
9.9931636e-94
-1.7844662e-103
-2.9398375e-113
-8.8380097e-123
-9.2627502e-132
-6.2653591e-140
5.2313479e-147
-2.1999192e-154
1.0743258e-161
-5.5890847e-169
2.9208316e-176
-1.5139304e-183
7.8761154e-191
-4.1229041e-198
2.1462202e-205
-1.1456632e-212
6.0938711e-220
-3.2389934e-227
1.7348323e-234
-9.6211446e-242
5.4651257e-249
-3.1957136e-256
1.9623568e-263
-1.2905538e-270
8.594924e-278
-6.1666105e-285
4.2565863e-292
-2.6391802e-299
1.6166336e-306
5.0950002e-313
-2.2753485e-310
-1.6673204e-312
-1.8944524e-314
-8.8638646e-10
3.9757709e-22
-1.3900317e-34
5.1860185e-47
-2.7600706e-59
2.8215378e-71
-7.5627762e-83
7.9503222e-94
-9.2013678e-104
-1.6928246e-113
-5.0803734e-123
-4.9875732e-132
-2.8429545e-140
4.2959734e-147
-1.7524172e-154
8.1921091e-162
-4.0696295e-169
2.059907e-176
-1.0220842e-183
5.2938323e-191
-2.6815337e-198
1.3844544e-205
-7.0420683e-213
3.5750196e-220
-1.870595e-227
9.7931427e-235
-5.1852641e-242
2.7067062e-249
-1.4483566e-256
7.705872e-264
-4.2582152e-271
2.273843e-278
-1.1779391e-285
5.6153144e-293
-2.546542e-300
9.5308375e-308
-2.7606316e-312
5.7705453e-312
2.0198333e-312
4.814537e-313
-8.7213984e-10
3.8161787e-22
-1.3133521e-34
4.8829577e-47
-2.5763875e-59
2.5726659e-71
-6.5858606e-83
6.3297242e-94
-5.3520186e-104
-1.1288242e-113
-3.3870204e-123
-3.1083305e-132
-1.4935207e-140
-6.8443802e-147
3.0433223e-154
-1.5072669e-161
8.1455539e-169
-4.5218439e-176
2.6628502e-183
-1.581137e-190
9.4731918e-198
-5.6311403e-205
3.4668289e-212
-2.0477269e-219
9.9670316e-227
1.5254382e-233
-2.9311752e-239
1.514417e-245
-5.6123394e-252
1.263185e-258
-2.221826e-265
3.0089741e-272
-3.2584169e-279
2.760709e-286
-1.9542439e-293
1.6845256e-300
-3.8438331e-307
-1.1694857e-311
1.0889517e-312
-1.0294678e-312
-8.6034284e-10
3.6700781e-22
-1.2344257e-34
4.5497757e-47
-2.3765443e-59
2.319379e-71
-5.6818408e-83
5.0245206e-94
-3.3404854e-104
-8.182496e-114
-2.428849e-123
-2.0576065e-132
-8.2865412e-141
-5.1751479e-148
3.1510454e-155
-2.1097824e-162
1.6809448e-169
-1.4353729e-176
1.3229564e-183
-1.1643846e-190
1.5995173e-197
4.5947878e-204
8.6927524e-210
1.7382797e-215
1.5254068e-220
-1.9318748e-226
2.6287575e-232
-1.3234454e-238
4.8355858e-245
-1.1539352e-251
2.0546847e-258
-2.6595781e-265
2.7704214e-272
-2.3170438e-279
1.7122382e-286
-1.4534005e-293
2.3106159e-300
-1.0972639e-306
2.5138933e-312
-3.129574e-314
-8.515822e-10
3.5454593e-22
-1.158775e-34
4.2095791e-47
-2.1715714e-59
2.0701792e-71
-4.8563399e-83
3.9715896e-94
-2.18449e-104
-6.1665703e-114
-1.7713377e-123
-1.359965e-132
-4.5344476e-141
-1.3577858e-148
1.7260995e-155
-2.3472525e-162
4.8925491e-169
-1.2785517e-175
4.5448743e-182
-1.4304899e-188
5.5734264e-195
-1.9605319e-201
7.2498206e-208
-2.4050502e-214
5.9710903e-221
-1.3562357e-227
2.9736204e-234
-5.0385932e-241
7.037657e-248
-7.5571394e-255
7.0032789e-262
-5.8330018e-269
3.5086923e-276
-1.6028052e-283
5.4578358e-291
9.1226519e-300
-8.1209633e-305
4.6475687e-311
-4.6786975e-313
-8.2573515e-313
-8.4618681e-10
3.4473019e-22
-1.0906083e-34
3.8830813e-47
-1.9730802e-59
1.8358526e-71
-4.1250749e-83
3.1326833e-94
-1.4764534e-104
-4.6868581e-114
-1.2747578e-123
-8.7653263e-133
-2.4344199e-141
-4.5740483e-149
-1.7420218e-155
-1.3501187e-161
-3.6735513e-168
-9.698286e-175
-2.6355407e-181
-5.996576e-188
-1.6373683e-194
-3.9627466e-201
-9.2491163e-208
-2.807036e-214
-8.2189455e-221
-2.9077114e-227
-1.20569e-233
-7.5532532e-240
-1.0056288e-245
3.5639179e-251
-1.4974874e-257
2.5579923e-264
-2.8583831e-271
2.2902537e-278
-1.7164867e-285
1.4573007e-292
-1.2996341e-299
1.9522116e-306
3.3610332e-313
-8.9172252e-313
-8.4426172e-10
3.3780553e-22
-1.0326088e-34
3.5851956e-47
-1.7904343e-59
1.62612e-71
-3.5038463e-83
2.4803995e-94
-1.0230394e-104
-3.634277e-114
-9.3100769e-124
-5.7574816e-133
-1.3655315e-141
-1.9005971e-149
-2.0375912e-156
-4.5799198e-163
-7.6616249e-170
-1.1908178e-176
-1.7376636e-183
-2.5861054e-190
-5.5017092e-197
-6.6471135e-204
-2.6707464e-210
2.1128268e-218
-3.204519e-223
-3.7086875e-228
-3.6994748e-234
-1.4134938e-240
-3.7581859e-247
-7.1606657e-254
-1.4184241e-260
-3.1889318e-267
1.7878976e-273
1.9320824e-280
-3.2662586e-287
1.9272087e-294
-6.2998863e-302
1.9329348e-308
1.2704562e-312
8.4492166e-313
-8.4572263e-10
3.3382651e-22
-9.8609603e-35
3.3238897e-47
-1.6289055e-59
1.4468184e-71
-3.0000718e-83
1.9889017e-94
-7.2361224e-105
-3.1329219e-114
-7.7582443e-124
-4.4538051e-133
-9.4888686e-142
-1.1517914e-149
-1.3179687e-156
-5.8623225e-162
-5.7664357e-168
1.8820761e-172
-1.9091407e-178
1.1189623e-184
-3.8996126e-191
1.2230023e-197
-4.8090631e-204
1.7933277e-210
-1.555524e-216
-2.1182387e-221
-2.4155722e-227
-8.9434699e-234
-2.1683014e-240
-3.8835068e-247
-5.6038612e-254
-8.0427034e-261
-1.5093367e-267
-8.8685983e-274
2.3597743e-280
-2.0336385e-287
9.4930991e-295
-1.436598e-301
-7.8034997e-309
2.8362445e-313
-8.5033314e-10
3.3271389e-22
-9.5138096e-35
3.1010677e-47
-1.4892361e-59
1.2985554e-71
-2.608871e-83
1.6305756e-94
-5.2222892e-105
-4.0523507e-114
-1.0420128e-123
-5.9342298e-133
-1.2309205e-141
-1.5497293e-149
3.3521705e-156
-1.9876891e-163
1.074413e-170
-5.3517438e-178
3.250488e-185
-6.1310494e-192
1.8172786e-198
-5.7951524e-205
2.2263568e-211
-8.7469755e-218
7.4040555e-224
1.0762878e-228
1.3897774e-234
5.5930502e-241
1.6690365e-247
4.8189011e-254
-4.6093873e-260
-1.5591384e-266
-3.5779884e-273
-1.7837457e-279
2.5392496e-286
-1.1507624e-293
3.4316116e-301
-5.3611987e-308
-3.8318418e-313
6.8144132e-315
-8.5773596e-10
3.3429804e-22
-9.2815456e-35
2.9146649e-47
-1.3684612e-59
1.1768875e-71
-2.3136232e-83
1.3763702e-94
-3.8562953e-105
6.3005619e-114
1.9443576e-123
1.2314066e-132
2.8133914e-141
5.0151108e-149
-1.6157401e-156
3.4455945e-164
-6.7828427e-172
1.251604e-179
-2.2210447e-187
3.8171935e-195
-6.4325764e-203
1.0929712e-210
-2.2320932e-218
1.919635e-225
-1.3760737e-231
-2.0670608e-236
-2.8346015e-242
-1.2417473e-248
-4.3185495e-255
-1.4985889e-261
2.3232859e-267
1.056233e-273
3.4267406e-280
1.859073e-286
-2.4363632e-293
1.00848e-300
-3.4041027e-308
1.360885e-314
6.00677e-313
-1.4358631e-313
-8.6748209e-10
3.383502e-22
-9.1582245e-35
2.7610795e-47
-1.2615582e-59
1.0735059e-71
-2.0884343e-83
1.1972477e-94
-2.9254538e-105
8.030836e-115
4.1731181e-124
3.6564512e-133
1.1502807e-141
1.0156089e-148
-1.4791284e-156
1.6972488e-164
-1.7924139e-172
1.8299391e-180
-1.8089543e-188
1.7604178e-196
-1.6989368e-204
1.6319541e-212
-1.589645e-220
1.5633065e-228
-1.5776033e-236
3.839542e-244
3.1161789e-250
1.449355e-256
5.5118393e-263
2.1841807e-269
-4.382916e-275
-2.3864063e-281
-9.8613495e-288
-5.7171411e-294
7.4175481e-301
-3.1022117e-308
-1.5598877e-313
2.9059666e-313
4.4579611e-313
6.8720597e-313
-8.7906623e-10
3.4460477e-22
-9.1375055e-35
2.6372578e-47
-1.1635274e-59
9.7820756e-72
-1.9006157e-83
1.0644614e-94
-2.2815711e-105
2.9300653e-115
-2.8887541e-123
-6.8583617e-132
-5.7865643e-140
1.1679648e-147
-1.0527324e-155
7.9454107e-164
-5.6154043e-172
3.8586499e-180
-2.611274e-188
1.7472536e-196
-1.1642905e-204
7.7719534e-213
-5.2140821e-221
3.5478985e-229
-2.4574617e-237
1.7412311e-245
-1.2760902e-253
9.816212e-262
-8.5256035e-270
-1.2016203e-277
4.5044243e-283
2.8086933e-289
1.3456217e-295
8.5033156e-302
-1.1361693e-308
-1.9297321e-313
2.2979885e-314
-3.0033334e-313
6.395373e-313
-2.5204872e-313
-8.9195881e-10
3.5277402e-22
-9.2141377e-35
2.5419891e-47
-1.0713942e-59
8.8182885e-72
-1.7146951e-83
9.4924282e-95
-1.8144101e-105
1.4340152e-115
-5.3675178e-125
1.0146228e-133
-7.1746361e-142
6.0748097e-150
-4.0461219e-158
2.3454356e-166
-1.2866095e-174
6.9082607e-183
-3.6747915e-191
1.9533683e-199
-1.0361597e-207
5.5301327e-216
-2.965056e-224
1.6006931e-232
-8.7345125e-241
4.843885e-249
-2.7436638e-257
1.598273e-265
-9.657992e-274
6.185793e-282
-4.6051237e-290
-1.8112405e-297
-1.1450482e-303
-7.7378437e-310
-9.2587776e-314
-1.8701795e-313
1.6572686e-313
-3.1395151e-313
6.7327737e-313
4.8531342e-313
-9.0564129e-10
3.6255865e-22
-9.3845995e-35
2.4762889e-47
-9.8540778e-60
7.7991711e-72
-1.5017377e-83
8.253082e-95
-1.4425806e-105
8.2540711e-116
-1.5309756e-125
9.783843e-135
-2.3271125e-143
1.2995044e-151
-7.419865e-160
3.7809137e-168
-1.8280528e-176
8.7101807e-185
-4.1687366e-193
1.9961785e-201
-9.5986446e-210
4.6268143e-218
-2.2366963e-226
1.0882181e-234
-5.3100582e-243
2.6072115e-251
-1.2917794e-259
6.4483045e-268
-3.2856984e-276
1.7189959e-284
-9.4098383e-293
5.4700359e-301
-3.4288052e-309
1.4614127e-314
-1.359658e-313
1.9759438e-313
-1.7281826e-313
-3.252536e-313
-6.8888565e-313
-1.1806856e-312
-9.1964298e-10
3.7365701e-22
-9.6470748e-35
2.443047e-47
-9.0877731e-60
6.7517137e-72
-1.2540934e-83
6.776399e-95
-1.1145803e-105
5.2434785e-116
-6.8454578e-126
2.7930698e-135
-4.3115029e-144
2.0530766e-152
-1.1780843e-160
6.0202551e-169
-2.9122651e-177
1.4026701e-185
-6.8334504e-194
3.3575715e-202
-1.6629893e-210
8.2675095e-219
-4.1156191e-227
2.0587548e-235
-1.0227388e-243
5.0638249e-252
-2.4958644e-260
1.2260559e-268
-5.9932468e-277
2.93447e-285
-1.4449154e-293
7.3203743e-302
-3.8805136e-310
7.1986937e-314
-1.3006303e-313
7.0778135e-314
1.7447817e-313
3.3196403e-313
7.0472295e-313
-9.6431495e-313
-9.3355788e-10
3.857674e-22
-1.0000711e-34
2.4463258e-47
-8.4615894e-60
5.760189e-72
-9.9339969e-84
5.1319994e-95
-8.1402055e-106
3.5364903e-116
-4.0195239e-126
1.3861794e-135
-1.8822387e-144
9.7255194e-153
-6.8161455e-161
4.0957663e-169
-2.3174874e-177
1.3185865e-185
-7.6542389e-194
4.5154986e-202
-2.7057499e-210
1.6367881e-218
-9.9015079e-227
5.9612126e-235
-3.5559501e-243
2.0769388e-251
-1.1891496e-259
6.6174707e-268
-3.5841008e-276
1.8824266e-284
-9.6729064e-293
4.9113582e-301
-2.5531318e-309
1.5381299e-314
-1.1591353e-313
1.9826367e-313
1.1109592e-313
3.4565626e-313
7.8083718e-313
1.1048015e-312
-9.4706578e-10
3.9859083e-22
-1.0444482e-34
2.4906983e-47
-8.0198499e-60
4.9171718e-72
-7.5704303e-84
3.5813975e-95
-5.5397187e-106
2.4999754e-116
-3.0395637e-126
1.1535492e-135
-1.9193612e-144
1.7576909e-152
-2.2156092e-160
2.0312457e-168
-1.7079448e-176
1.4509755e-184
-1.2950361e-192
1.1974792e-200
-1.1355902e-208
1.0877633e-216
-1.0008116e-224
7.5599323e-233
2.0667294e-243
-2.1843224e-248
7.2996121e-256
-1.6856734e-263
3.0613953e-271
-4.4689423e-279
5.413571e-287
-5.6566375e-295
5.4604848e-303
-5.6910916e-311
-1.9854969e-313
4.2116904e-314
-1.8224583e-313
3.4655659e-313
-4.4622009e-313
-1.2027898e-312
-9.5992962e-10
4.1182903e-22
-1.0975625e-34
2.5807297e-47
-7.7962783e-60
4.2807807e-72
-5.7234076e-84
2.3699426e-95
-3.5379506e-106
1.8889109e-116
-3.3308461e-126
2.2435304e-135
-1.2244365e-143
-2.4624209e-151
-2.0898291e-158
7.0287903e-166
-1.7077922e-173
4.6066213e-181
-1.4640626e-188
5.4406743e-196
-2.2523896e-203
9.9798614e-211
-4.3860626e-218
1.7780476e-225
-6.3686669e-233
1.9272628e-240
-4.824814e-248
9.7741673e-256
-1.5988369e-263
2.1171033e-271
-2.3268576e-279
2.2025783e-287
-1.9441404e-295
1.9329591e-303
-3.5779102e-311
-5.8722204e-313
1.8804533e-313
-3.603386e-313
7.3644556e-313
-1.2371404e-312
-9.7198112e-10
4.251799e-22
-1.1587812e-34
2.7204968e-47
-7.8150777e-60
3.867459e-72
-4.4501607e-84
1.5629527e-95
-2.1789294e-106
1.6097644e-116
-1.209826e-125
-2.2225705e-134
-4.2176618e-143
-1.4934617e-151
-1.2161891e-159
-1.9864426e-167
-4.0437041e-175
-7.7352437e-183
-1.3286107e-190
-2.1279947e-198
-3.2742071e-206
-4.898863e-214
-7.4541821e-222
-1.1504259e-229
-1.8903406e-237
-3.3693274e-245
-6.945064e-253
-1.777928e-260
-6.5086563e-268
-5.4844176e-275
1.0983495e-281
-4.7978299e-289
1.4555515e-296
-6.250678e-304
-3.4233019e-311
1.2650993e-313
1.9393527e-313
3.9092358e-313
2.6425812e-313
-1.4929872e-312
-9.8310788e-10
4.38338e-22
-1.2269508e-34
2.9129866e-47
-8.0966034e-60
3.6701953e-72
-3.667265e-84
1.0822175e-95
-1.3483377e-106
1.6902816e-116
4.1116702e-126
1.2767006e-135
8.692845e-145
1.5307067e-153
6.3742566e-162
4.2465574e-170
3.1012367e-178
2.2127735e-186
1.5259149e-194
1.0272757e-202
6.8308059e-211
4.4996048e-219
2.9706565e-227
1.981848e-235
1.3395483e-243
9.1409995e-252
6.1897065e-260
3.4254978e-268
-2.6036091e-276
-5.4455128e-283
1.1803109e-289
-5.0045895e-297
1.5891053e-304
-7.4307953e-312
9.7065778e-314
-1.2820924e-313
-1.9975254e-313
-4.417176e-313
1.5224847e-312
-6.4295499e-313
-9.9323341e-10
4.5099896e-22
-1.3002809e-34
3.1591488e-47
-8.6619789e-60
3.6790616e-72
-3.2630395e-84
8.1817706e-96
-8.7873315e-107
2.3923108e-116
2.4879903e-126
4.0651086e-136
1.6170539e-145
1.8486695e-154
5.2623095e-163
2.3030614e-171
1.0869243e-179
5.0654481e-188
2.3273191e-196
1.0585197e-204
4.7818674e-213
2.1586539e-221
9.7391568e-230
4.4220602e-238
2.0250375e-246
9.4021567e-255
4.4410245e-263
2.1551844e-271
1.0830919e-279
5.6966837e-288
3.2913875e-296
1.7219989e-304
2.0577508e-312
-4.6873401e-314
-3.6493169e-314
-1.3255668e-313
2.0296998e-313
-5.3791842e-313
1.6373961e-312
1.8148286e-312
-1.0023019e-09
4.6286935e-22
-1.3763252e-34
3.4566009e-47
-9.5335871e-60
3.8934294e-72
-3.1563689e-84
6.8965137e-96
-6.2892433e-107
3.1730339e-116
2.2566572e-126
2.5862759e-136
7.3980305e-146
6.3720272e-155
1.437516e-163
5.0328758e-172
1.8997964e-180
7.1377724e-189
2.6645103e-197
9.9333106e-206
3.6945497e-214
1.3724444e-222
5.098433e-231
1.8990539e-239
7.1107653e-248
2.6719223e-256
1.0081963e-264
3.8479369e-273
1.4874296e-281
5.8520998e-290
2.3734606e-298
1.0042723e-306
8.5517834e-314
8.6719027e-314
8.0269691e-314
-1.3122124e-313
2.181268e-313
6.364165e-313
-1.0900721e-312
-7.2660893e-313
-1.0102742e-09
4.736859e-22
-1.4521217e-34
3.7982459e-47
-1.0730214e-59
4.3258631e-72
-3.3102951e-84
6.5111368e-96
-5.0753818e-107
1.3989698e-116
8.451318e-127
8.0040025e-137
1.8845992e-146
1.3619438e-155
2.6917042e-164
8.4770117e-173
2.9015121e-181
9.9555775e-190
3.4110378e-198
1.1722258e-206
4.035492e-215
1.3927963e-223
4.8097985e-232
1.6596421e-240
5.7215631e-249
1.9727377e-257
6.7776306e-266
2.3235378e-274
7.9486887e-283
2.7173345e-291
9.3661915e-300
3.2883519e-308
7.4797202e-314
-4.8409108e-314
-1.0328946e-313
-1.3536661e-313
6.5690955e-314
8.5782319e-313
1.9943888e-312
5.2951232e-313
-1.0171301e-09
4.8323759e-22
-1.524491e-34
4.1712995e-47
-1.2256716e-59
4.9998986e-72
-3.728009e-84
6.8340124e-96
-4.6540004e-107
5.4530475e-117
3.2753726e-127
2.8949039e-137
6.2320898e-147
4.1263368e-156
7.7199379e-165
2.3960362e-173
8.1630499e-182
2.8041743e-190
9.6905388e-199
3.3672426e-207
1.1755191e-215
4.1272345e-224
1.445113e-232
5.0485924e-241
1.7573457e-249
6.0912463e-258
2.0920157e-266
7.1055394e-275
2.3876693e-283
7.9025103e-292
2.5975732e-300
8.579987e-309
-8.1522532e-314
8.8509447e-314
-1.0580624e-313
-1.47714e-313
-3.4543889e-313
9.7151709e-313
2.0308934e-312
-2.0258229e-312
-1.0228701e-09
4.9138354e-22
-1.5904482e-34
4.5574646e-47
-1.4089917e-59
5.9423811e-72
-4.4445897e-84
7.8512734e-96
-4.8111026e-107
3.0201294e-117
2.0923569e-127
1.9156481e-137
4.1271211e-147
2.7056273e-156
5.1279823e-165
1.6797986e-173
6.1861499e-182
2.3026163e-190
8.6812799e-199
3.2970102e-207
1.2622794e-215
4.8535781e-224
1.8680389e-232
7.1794343e-241
2.7365748e-249
1.0356211e-257
3.854694e-266
1.4099646e-274
5.0544792e-283
1.7711477e-291
6.1009318e-300
2.0909857e-308
2.8652709e-314
-3.6107142e-315
1.1635564e-313
-6.0698773e-314
4.2480605e-313
1.5055499e-312
3.5388281e-312
-1.3985172e-312
-1.0275251e-09
4.9806798e-22
-1.6476391e-34
4.9348303e-47
-1.6165372e-59
7.1701698e-72
-5.5154436e-84
9.674041e-96
-5.5050379e-107
2.2353282e-117
2.1420859e-127
2.2454548e-137
5.2637992e-147
3.6731062e-156
7.5154184e-165
2.790935e-173
1.1912923e-181
5.1974563e-190
2.2969037e-198
1.0299745e-206
4.654302e-215
2.1131218e-223
9.6147777e-232
4.3577463e-240
1.9585831e-248
8.6989274e-257
3.7867802e-265
1.610172e-273
6.6475408e-282
2.6680718e-290
1.0423183e-298
4.0365451e-307
1.6759113e-314
9.7220708e-314
-6.0301926e-314
-3.8235062e-314
-4.9671902e-313
-1.0140813e-312
3.5999079e-312
-7.4265366e-313
-1.0311641e-09
5.0332512e-22
-1.6946733e-34
5.2814422e-47
-1.8372483e-59
8.6725293e-72
-6.9975068e-84
1.2498173e-95
-6.8060825e-107
2.0398269e-117
3.7617474e-127
5.0287573e-137
1.3922836e-146
1.1101937e-155
2.6082513e-164
1.1681771e-172
6.1910969e-181
3.3910933e-189
1.8951013e-197
1.0788502e-205
6.1922806e-214
3.5869536e-222
2.0720121e-230
1.1940154e-238
6.8055326e-247
3.8111034e-255
2.0902129e-263
1.1158507e-271
5.7374396e-280
2.8416561e-288
1.3592044e-296
1.350442e-304
-5.005764e-311
-5.1243793e-314
-8.4177318e-314
1.1720698e-313
-6.7478407e-313
-2.7864549e-313
1.2347367e-313
2.9012354e-312
-1.0338808e-09
5.0726227e-22
-1.7312213e-34
5.5794622e-47
-2.0564995e-59
1.0394601e-71
-8.9202627e-84
1.6547745e-95
-8.8558538e-107
2.1547043e-117
1.1363494e-125
2.2232085e-135
7.9407163e-145
7.7667026e-154
2.2337304e-162
1.2895408e-170
9.148639e-179
6.819607e-187
5.1802229e-195
4.0236371e-203
3.1761864e-211
2.5312357e-219
2.0135123e-227
1.5898107e-235
1.2443515e-243
9.543884e-252
7.1235633e-260
5.1289824e-268
3.5404897e-276
2.1690206e-284
-9.096652e-292
1.4873359e-296
-1.0259888e-302
2.976824e-308
2.6920168e-313
1.9702079e-313
-1.3496415e-312
-2.5653788e-312
5.236138e-312
1.593029e-313
-1.0358021e-09
5.1004914e-22
-1.7579353e-34
5.8185471e-47
-2.2588879e-59
1.2232069e-71
-1.1251503e-83
2.1983092e-95
-1.1819799e-106
2.5061635e-117
-5.4284667e-127
-1.9608119e-136
-1.004077e-145
-1.3014817e-154
-4.890921e-163
-3.9112758e-171
-4.0812032e-179
-4.5025787e-187
-5.1464541e-195
-5.986289e-203
-7.0969453e-211
-8.5004578e-219
-1.0139751e-226
-1.2134779e-234
-1.4234425e-242
-1.6288053e-250
-1.8061906e-258
6.9589084e-267
-3.4450234e-271
-2.5081976e-277
-1.6250688e-283
2.3645518e-288
-1.5480836e-294
3.8232901e-300
3.845782e-307
1.956338e-311
-1.692796e-313
-2.1352751e-312
6.521874e-312
1.916137e-312
-1.0370723e-09
5.1189131e-22
-1.7761767e-34
5.9969998e-47
-2.4318321e-59
1.4045621e-71
-1.3873527e-83
2.8782046e-95
-1.5815368e-106
3.0827032e-117
-3.5897661e-127
-5.1629799e-136
-4.4262101e-145
-8.378131e-154
-4.4482358e-162
-5.3354478e-170
-9.009012e-178
-1.6428515e-185
-3.127627e-193
-6.1971671e-201
-1.2564287e-208
-2.5640035e-216
-5.1691425e-224
-1.0413193e-231
-2.0547084e-239
-3.820873e-247
-1.3511977e-255
1.5229504e-258
-3.2358504e-263
-2.4830499e-269
-1.6874524e-275
2.5948338e-280
-1.5776921e-286
3.1588923e-292
2.0149517e-299
2.5279381e-304
1.4749168e-310
2.7815241e-312
-4.3523484e-312
-1.1468283e-312
-1.0378414e-09
5.1300476e-22
-1.7876702e-34
6.1204816e-47
-2.5683792e-59
1.5694391e-71
-1.659055e-83
3.6646424e-95
-2.0825816e-106
3.8843464e-117
-3.360822e-127
3.4252863e-136
6.8285093e-145
2.1550391e-153
1.7715046e-161
3.5507682e-169
1.1148755e-176
4.0305037e-184
1.5443301e-191
6.0189423e-199
2.4328095e-206
1.0074436e-213
4.0464725e-221
2.7685296e-228
-7.2890515e-235
7.4641865e-241
-2.0062607e-246
1.4873203e-251
-1.7865508e-255
-1.4610752e-261
-1.0373485e-267
1.7515177e-272
-9.5678182e-279
1.4487068e-284
5.260178e-292
2.3143134e-298
-1.9493264e-305
6.5915039e-312
-1.2061721e-312
2.4596401e-313
-1.0382559e-09
5.1359727e-22
-1.7942123e-34
6.199318e-47
-2.6680272e-59
1.7073733e-71
-1.9173839e-83
4.5001596e-95
-2.6631176e-106
4.8932264e-117
-3.6091025e-127
1.6222346e-136
-8.8787342e-144
-6.0938033e-152
-9.1018034e-160
-3.6826117e-167
-2.7976292e-174
-2.8175667e-181
-3.2519303e-188
-3.6690588e-195
-5.7313961e-202
-1.0010041e-209
-4.3243649e-215
2.3076012e-221
-1.7887768e-227
1.7108425e-233
-5.2708769e-239
-2.6095871e-243
-4.3270996e-248
-3.7953061e-254
-2.9615427e-260
6.1983453e-265
-2.8056987e-271
2.7550616e-277
5.3574656e-285
-2.3544832e-292
1.9105982e-299
-4.1526806e-306
1.8108709e-311
-7.3024759e-312
-1.0384563e-09
5.1385701e-22
-1.7974385e-34
6.2454164e-47
-2.7355564e-59
1.8142878e-71
-2.1440944e-83
5.3193395e-95
-3.2874859e-106
6.0738306e-117
-4.121945e-127
1.3406019e-136
-3.3796848e-145
-2.0804545e-152
-7.5627876e-160
-8.0831547e-167
-4.2099338e-173
1.6683222e-178
-6.7637774e-184
5.9648185e-190
-4.6762454e-196
3.0941859e-202
-1.7379764e-208
1.2907004e-214
-9.6317065e-221
8.3000839e-227
-4.4076795e-232
-1.1311495e-235
-1.3221283e-241
-1.463938e-247
-1.6804611e-253
8.2237815e-258
-2.3763155e-264
2.6329779e-271
-1.7947722e-278
1.1017059e-285
-9.5632772e-293
1.7394462e-299
-9.4556014e-306
6.5507793e-313
-1.038539e-09
5.1392208e-22
-1.7986719e-34
6.2695469e-47
-2.7772038e-59
1.8888409e-71
-2.3203802e-83
6.0220904e-95
-3.8703984e-106
7.2600775e-117
-4.7390244e-127
1.3175859e-136
-2.0354524e-145
2.7984811e-153
-8.7077345e-159
8.9511849e-165
-2.2673498e-171
4.3374391e-178
-7.3826159e-185
1.3753959e-191
-2.4508028e-198
4.4265999e-205
-7.7866148e-212
1.3691188e-218
-2.4376851e-225
4.130068e-232
4.9931462e-240
2.0860023e-242
2.175944e-248
2.7156241e-254
2.5188877e-260
-1.2629446e-264
4.083665e-271
-5.000722e-278
3.9583983e-285
-3.1062249e-292
3.6093097e-299
-1.0219633e-305
4.4513462e-312
1.0968082e-311
-1.0388818e-09
5.1407477e-22
-1.7994001e-34
6.2853731e-47
-2.8104771e-59
1.9580122e-71
-2.507072e-83
6.8645432e-95
-4.6563174e-106
9.0611951e-117
-5.874856e-127
1.4855345e-136
-1.7443671e-145
1.1548858e-153
-5.0277759e-161
6.7772754e-168
-1.1482013e-174
2.3341935e-181
-3.7404106e-188
6.7286014e-195
-1.1012866e-201
1.9807633e-208
-3.671014e-215
6.6053902e-222
-1.1045582e-228
1.9662537e-235
-3.6069743e-242
2.6113813e-249
-3.914522e-255
-3.5543953e-261
-3.1526767e-267
1.4335332e-271
-5.2975211e-278
7.2526915e-285
-7.283909e-292
6.6720892e-299
-1.0037726e-305
3.6268977e-312
2.152293e-312
-7.536508e-312
)
;

boundaryField
{
    wall
    {
        type            fixedValue;
        value           uniform 350;
    }
    sides
    {
        type            zeroGradient;
    }
    frontAndBack
    {
        type            empty;
    }
    inlet
    {
        type            fixedValue;
        value           uniform 300;
    }
    outlet
    {
        type            zeroGradient;
    }
}


// ************************************************************************* //
