/*--------------------------------*- C++ -*----------------------------------*\
  =========                 |
  \\      /  F ield         | OpenFOAM: The Open Source CFD Toolbox
   \\    /   O peration     | Website:  https://openfoam.org
    \\  /    A nd           | Version:  10
     \\/     M anipulation  |
\*---------------------------------------------------------------------------*/
FoamFile
{
    format      ascii;
    class       volScalarField;
    location    "0.16";
    object      TporMedia_0;
}
// * * * * * * * * * * * * * * * * * * * * * * * * * * * * * * * * * * * * * //

dimensions      [0 0 0 1 0 0 0];

internalField   nonuniform List<scalar> 
4000
(
-4.6291848e-05
2.3346958e-05
0.00045947217
0.00097705435
0.00098142251
0.00066052154
0.00064922881
0.0005735245
0.0010827626
0.00064102478
0.00079857611
0.0011231157
0.00066972186
0.00088669931
0.00051263651
0.0005771429
0.0010298703
0.00096654095
0.0009408114
0.00060869136
0.0010198698
0.00064759851
0.00075389635
0.00090718198
0.00074805755
0.00055343682
0.00071370998
0.00054757026
0.00071195991
0.00048031422
0.00062951459
0.00073510099
0.00090727539
0.00066314153
0.00073354596
0.00056065783
0.00056512913
0.00063422408
0.00050221643
0.00051106745
-4.7885353e-06
3.2058666e-13
1.938805e-11
1.1419211e-09
1.0334705e-09
4.5154255e-10
5.586049e-10
6.7112379e-10
1.0439645e-09
5.3288433e-10
8.1073087e-10
1.6018262e-09
4.0127288e-10
5.7512257e-10
4.9064053e-10
4.5959142e-10
1.005176e-09
8.7366041e-10
7.8477891e-10
6.5274575e-10
6.2361777e-10
7.5404574e-10
6.17814e-10
6.3041414e-10
5.0320945e-10
4.8135398e-10
3.803495e-10
6.2451645e-10
6.0142713e-10
3.5027582e-10
3.9770159e-10
5.0162795e-10
7.3325441e-10
4.3649482e-10
9.586937e-10
4.7587658e-10
3.0776709e-10
4.3174002e-10
4.9147408e-10
5.0297888e-10
-1.9699417e-06
-1.2099886e-13
2.442364e-19
1.7588334e-16
-1.044855e-15
3.6015433e-16
9.4347619e-16
5.754376e-16
9.5903705e-16
4.9859876e-16
1.1214679e-15
1.279451e-15
3.1682525e-16
8.9276084e-16
4.6272835e-16
4.8922078e-16
4.7838003e-15
9.3155784e-16
7.7308584e-16
6.2083872e-16
5.0129632e-16
5.7963856e-16
8.3634967e-16
5.8242009e-16
5.823093e-16
5.0396881e-16
5.0248941e-16
5.7413013e-16
3.5578486e-16
3.4153583e-16
8.5071323e-16
3.997733e-16
1.4840764e-15
2.7435077e-16
9.8197363e-16
5.0746592e-16
4.0800098e-16
3.0143374e-16
4.0757532e-16
5.3273322e-16
-1.0807266e-06
6.7805312e-15
4.5683941e-23
5.120078e-24
5.596337e-22
-3.0116939e-21
6.6130733e-22
6.2038983e-22
8.5237397e-22
4.1654021e-22
1.1962937e-21
1.3856656e-21
2.9617081e-22
5.8699851e-22
3.6357846e-22
4.5115568e-22
3.6172546e-21
6.5962402e-22
1.2430147e-21
4.6668706e-22
6.9770183e-22
7.2333915e-22
5.0340306e-22
4.7682006e-22
4.4178662e-22
5.544281e-22
5.3217737e-22
6.5538938e-22
4.2991777e-22
3.9101949e-22
5.3255089e-22
2.5797874e-22
1.3445528e-21
2.3692219e-22
7.1934822e-22
4.4862059e-22
2.8191303e-22
2.1721474e-22
3.0283513e-22
4.3668957e-22
-6.9349274e-07
1.3713445e-15
7.1706984e-24
1.3150137e-31
4.1162005e-28
1.4384218e-27
1.2894302e-27
4.266891e-28
1.2008269e-27
2.8611798e-28
1.4273741e-27
9.5936969e-28
4.5979474e-28
5.3758398e-28
2.9187069e-28
3.6722739e-28
2.3592539e-27
1.2785368e-27
1.1168995e-27
4.2212926e-28
5.5217698e-28
7.0972048e-28
3.8689533e-28
3.8664658e-28
4.3802832e-28
3.9223523e-28
3.6501474e-28
6.2694565e-28
2.9907011e-28
3.6996142e-28
2.924552e-28
1.6167364e-28
1.3222395e-27
1.5407488e-28
4.8693245e-28
3.1371045e-28
1.6896055e-28
1.3918697e-28
1.9224932e-28
3.1405287e-28
-4.9339364e-07
4.7444649e-16
3.1147847e-24
1.6767906e-32
2.2667984e-35
-2.780726e-34
4.8259902e-33
3.516984e-34
1.112188e-33
2.1916583e-33
1.1947336e-33
1.2804908e-33
2.8156393e-34
4.9096488e-34
2.9720664e-34
3.5903127e-34
2.1638875e-33
1.3812316e-33
8.2781751e-34
9.0694714e-34
4.6771691e-34
7.4167812e-34
4.74546e-34
5.3770787e-34
2.461602e-34
2.8599313e-34
2.5030632e-34
4.1392524e-34
2.68975e-34
2.0218718e-34
3.3403418e-34
1.079366e-34
9.5367434e-34
1.5013881e-34
2.8681908e-34
2.3741918e-34
1.3842318e-34
7.7132534e-35
1.211625e-34
2.5552565e-34
-3.7730839e-07
2.1350831e-16
-1.5819488e-23
-5.2524281e-32
-9.2432467e-40
3.7881168e-41
-2.5513025e-39
2.5965056e-40
7.7872819e-40
1.7893293e-39
1.2702889e-39
8.6704443e-40
2.0063939e-40
7.3684123e-40
4.0490775e-40
3.8088303e-40
2.8229961e-39
8.1435381e-40
6.2699435e-40
8.1899578e-40
3.9436937e-40
5.2777653e-40
4.4539299e-40
4.1057477e-40
1.5167682e-40
4.0385548e-40
1.8340314e-40
3.2079948e-40
1.4475144e-40
1.2810593e-40
2.5198292e-40
6.2020426e-41
7.1768304e-40
1.2951972e-40
1.8766641e-40
1.6273733e-40
1.3807612e-40
3.9219715e-41
8.9532068e-41
2.5728738e-40
-3.0411927e-07
1.1346657e-16
-3.2277736e-25
-7.7603418e-34
-6.1516791e-42
-6.0886466e-48
5.4310709e-46
1.9098686e-46
6.927362e-46
1.1869184e-45
8.2427618e-46
6.5947106e-46
1.445453e-46
6.9170451e-46
3.7986411e-46
2.6759996e-46
2.030948e-45
6.887396e-46
7.4029494e-46
4.193923e-46
3.8905414e-46
4.8706725e-46
4.3094014e-46
4.4842712e-46
1.192528e-46
3.551853e-46
2.6345341e-46
4.0277401e-46
1.2063641e-46
1.2107704e-46
2.3242648e-46
3.3746595e-47
4.7102984e-46
1.4168671e-46
1.4586808e-46
1.027694e-46
8.2560987e-47
2.2398006e-47
6.4852113e-47
1.9231743e-46
-2.5368328e-07
6.7158964e-17
-7.5066282e-26
-1.4977123e-34
-6.4940408e-43
-8.9460142e-50
-5.9671514e-53
-3.8888716e-52
5.9218642e-52
9.8329856e-52
6.1267608e-52
1.2019313e-51
1.2479448e-52
3.9145361e-52
4.3700984e-52
1.603674e-52
1.7746553e-51
6.1251111e-52
1.0111719e-51
3.9764455e-52
2.4811549e-52
7.7731176e-52
2.7646965e-52
4.6442911e-52
1.207485e-52
1.7987881e-52
1.8609239e-52
3.1929698e-52
6.5963969e-53
1.0737801e-52
1.2545985e-52
3.2842515e-53
3.313424e-52
1.5403899e-52
9.4516587e-53
7.3235301e-53
3.9920892e-53
1.8327645e-53
5.9387384e-53
1.4932997e-52
-2.1596305e-07
4.2694221e-17
-2.5532501e-26
-4.874048e-35
-1.3166857e-43
-3.7914652e-51
2.8997846e-58
1.5261894e-58
4.079979e-58
1.0556481e-57
6.173259e-58
1.8028567e-57
8.7000642e-59
4.5465268e-58
3.8789604e-58
1.259881e-58
1.5849754e-57
5.6390936e-58
8.4404162e-58
2.6624225e-58
4.2222197e-58
9.4036006e-58
2.210961e-58
5.4150617e-58
8.9211152e-59
1.702433e-58
1.7172737e-58
2.7841263e-58
4.6081713e-59
1.2910113e-58
1.1604598e-58
2.7510287e-59
2.8301875e-58
1.1186472e-58
5.6487437e-59
5.6925978e-59
2.8856862e-59
1.0326756e-59
5.8223138e-59
1.0679404e-58
-1.8502347e-07
2.8317473e-17
-1.0450435e-26
-2.3282593e-35
-4.3164187e-44
-5.0730761e-52
3.0934453e-59
-3.561663e-65
4.3010158e-64
1.3985245e-63
3.9156797e-64
3.9737247e-63
1.3147999e-64
2.6493776e-64
4.5760324e-64
8.9652037e-65
2.1428416e-63
4.8435716e-64
7.6998647e-64
3.0504906e-64
3.7953643e-64
7.3847362e-64
2.3520036e-64
5.9069927e-64
1.2885798e-64
2.1754567e-64
1.8628545e-64
3.5566289e-64
3.9900218e-65
1.4089551e-64
9.9276729e-65
3.0360851e-65
2.8502241e-64
1.0885889e-64
4.6352708e-65
2.8908566e-65
1.3827782e-65
8.360431e-66
6.4878566e-65
8.504534e-65
-1.5834716e-07
1.92516e-17
-4.7709621e-27
-1.9953353e-35
-2.738518e-44
-1.6760596e-52
1.035122e-59
-1.0546191e-66
1.65615e-69
1.1160535e-69
3.7390683e-70
3.9130045e-69
1.489691e-70
3.4110419e-70
3.7928396e-70
7.1400389e-71
2.0080868e-69
3.371409e-70
8.0561781e-70
3.9796321e-70
4.8612607e-70
8.759014e-70
2.6213154e-70
3.9723571e-70
8.5331994e-71
2.2306413e-70
1.383053e-70
4.0390196e-70
2.4238341e-71
1.5701532e-70
7.6022439e-71
2.4495896e-71
1.9523038e-70
8.3603379e-71
2.6113776e-71
2.1433505e-71
1.1771751e-71
6.0819584e-72
4.525512e-71
6.6261882e-71
-1.3482528e-07
1.3264394e-17
-2.3363905e-27
1.645122e-35
1.7779129e-44
6.4841596e-53
-8.0754191e-60
5.34079e-67
-4.757763e-73
8.5961177e-76
3.3307504e-76
3.8578144e-75
1.0554773e-76
4.3456839e-76
2.6976763e-76
1.353278e-76
1.9891877e-75
9.033502e-76
8.2814016e-76
5.7860861e-76
6.0058498e-76
8.9490107e-76
1.3817777e-76
3.9754112e-76
8.4841499e-77
2.2507854e-76
9.6688531e-77
3.3645973e-76
3.4575477e-77
1.0931209e-76
1.0660166e-76
2.8560195e-77
1.6360969e-76
5.6606386e-77
2.7800758e-77
1.6080993e-77
1.755263e-77
4.1829341e-78
5.2573525e-77
5.9240553e-77
-1.1415004e-07
9.2116785e-18
-1.2004506e-27
1.6370357e-36
1.4763627e-45
3.4891275e-54
2.8889005e-61
-1.3201119e-68
4.832312e-75
6.7116817e-81
2.3546958e-82
4.1540883e-81
1.6825606e-82
4.6478277e-82
3.0852529e-82
1.8342851e-82
1.9920435e-81
8.1719375e-82
6.9924705e-82
6.5015749e-82
4.2538965e-82
6.5194744e-82
9.7002457e-83
6.458681e-82
7.7414114e-83
1.9194741e-82
7.2221361e-83
2.3770861e-82
4.701654e-83
8.5889162e-83
8.8247772e-83
2.1297549e-83
2.3623018e-82
5.8508982e-83
3.3886067e-83
9.7972987e-84
1.4263423e-83
4.189778e-84
4.0152616e-83
1.0544874e-82
-9.6354718e-08
6.4422664e-18
-6.398287e-28
4.0539996e-37
3.2170173e-46
5.2699917e-55
1.0970438e-62
-4.0595301e-70
7.3676562e-77
7.0222867e-83
2.4334164e-88
6.413296e-87
1.355311e-88
4.580659e-88
2.1055717e-88
2.4565432e-88
2.7386968e-87
1.9841853e-87
8.7057039e-88
5.0525313e-88
3.8604131e-88
1.3585675e-87
9.1521301e-89
6.4898538e-88
7.2158733e-89
2.0912331e-88
1.5054105e-88
2.2242925e-88
6.0747103e-89
8.6527292e-89
5.3256916e-89
1.4149242e-89
2.2537286e-88
4.788342e-89
1.9585503e-89
1.0873981e-89
1.274799e-89
3.4898343e-90
5.1642059e-89
1.0657623e-88
-8.1267182e-08
4.5365858e-18
-3.5136855e-28
1.2904835e-37
9.5408579e-47
1.1414707e-55
1.0877674e-63
-3.4485022e-71
3.3773587e-78
3.8507495e-83
4.0123377e-89
4.2901475e-93
3.0245758e-94
9.6433845e-94
3.570835e-94
3.3319707e-94
7.1535243e-93
2.2736652e-93
1.2457354e-93
7.2645447e-94
9.9748532e-94
8.9055535e-94
9.8937706e-95
8.5037205e-94
7.7086354e-95
2.0584893e-94
1.1741161e-94
2.6985502e-94
1.478027e-94
7.0379674e-95
5.9870087e-95
1.2795228e-95
1.9984372e-94
4.302293e-95
1.5591717e-95
8.4912783e-96
9.0464669e-96
3.2794159e-96
7.9962442e-95
2.0488339e-94
-6.8630396e-08
3.2182513e-18
-1.9792281e-28
4.6918479e-38
3.4530355e-47
3.1488533e-56
1.6751548e-64
-5.175731e-72
3.4074543e-79
1.6750496e-84
1.4582665e-90
2.3190374e-96
5.4785318e-100
1.2815722e-99
3.8790342e-100
2.6606227e-100
1.3395327e-98
2.4248615e-99
1.5704909e-99
5.6006296e-100
9.4684893e-100
1.0050362e-99
1.0100757e-100
6.6291907e-100
5.691076e-100
6.6382111e-100
2.353675e-100
3.8060278e-100
1.4132386e-100
1.5044361e-100
5.9506772e-101
1.3815121e-101
1.5356144e-100
4.0982698e-101
1.106401e-101
9.5053638e-102
1.191286e-101
3.112529e-102
1.0394328e-100
2.1474963e-100
-5.8110486e-08
2.3004702e-18
-1.1397616e-28
1.8610837e-38
1.496576e-47
1.0777715e-56
3.5736733e-65
-1.3044535e-72
5.8812605e-80
-3.1674661e-86
-3.3934264e-92
-8.2817118e-98
-5.3959955e-104
2.3640832e-105
5.1790415e-106
-6.0307732e-105
1.5466006e-104
1.0583694e-103
1.749274e-105
5.6901897e-106
1.2678491e-105
9.1902703e-106
1.2227615e-106
6.0947931e-106
5.904848e-106
1.6914792e-105
1.7721214e-106
2.3015999e-106
4.6376102e-106
1.5170485e-106
6.6959565e-107
1.9682627e-107
2.7122512e-106
4.9697345e-107
8.0019038e-108
9.6968637e-108
1.0856715e-107
2.8089218e-108
2.0315213e-106
7.6308452e-106
-4.9355002e-08
1.6564966e-18
-6.6909733e-29
7.8693492e-39
8.1140154e-48
4.7604859e-57
1.0570895e-65
-7.4914951e-73
2.5737901e-80
-7.3154342e-87
-1.0761099e-92
-1.2838681e-98
-2.7149917e-104
-2.5708509e-110
6.7188021e-112
-8.0442361e-111
2.010534e-110
1.5924618e-109
2.2228369e-111
2.2225885e-111
2.0108975e-111
1.1991156e-111
2.0686283e-112
7.6876389e-112
9.3754215e-112
2.3867071e-111
2.5295066e-112
2.4651147e-112
7.1524383e-112
1.1332112e-112
7.7788071e-113
1.7487363e-113
2.0285304e-112
4.1507315e-113
5.7695399e-114
8.2580359e-114
1.1598325e-113
2.5683205e-114
2.5134798e-112
-1.351494e-111
-4.2054151e-08
1.2011408e-18
-3.9949858e-29
3.4962577e-39
7.1067816e-48
3.4979888e-57
5.4676612e-66
5.2529968e-73
-1.418275e-80
1.8765184e-87
2.482891e-93
3.0127565e-99
2.7874978e-105
3.7976835e-111
1.1476762e-116
-2.2115544e-116
2.3271313e-116
1.67253e-115
3.0791444e-117
3.7525527e-117
1.4506879e-116
5.9064478e-117
1.4000488e-118
1.2382552e-117
2.9236626e-117
1.9379613e-117
4.5201756e-118
3.5248632e-118
7.7068392e-118
1.6210855e-118
1.2130795e-118
2.3891688e-119
2.7896293e-118
7.0614904e-119
9.6180394e-120
1.5637591e-119
9.6613918e-120
2.3816201e-120
3.6009118e-118
1.6110666e-117
-3.5936537e-08
8.7634663e-19
-2.4202925e-29
1.6161115e-39
-6.7434424e-48
-2.8598871e-57
-3.2793354e-66
-6.4005552e-74
1.44838e-81
-1.3048737e-88
-7.2260011e-94
-9.6485789e-100
-2.316865e-105
-6.130557e-111
-1.271194e-116
-2.5338082e-121
2.7916865e-122
2.9033651e-121
6.4314204e-123
6.053813e-123
2.1152387e-122
-2.1748789e-119
2.5134657e-124
1.0598795e-123
1.1328045e-122
2.0877032e-123
3.484009e-124
4.3450245e-124
1.2243178e-123
2.8347254e-124
2.6948661e-124
2.8206351e-125
3.0730582e-124
6.7493132e-125
7.5164573e-126
1.4345276e-125
7.4450117e-126
2.1904333e-126
1.7957512e-123
-1.0515489e-123
-3.0776321e-08
6.4267954e-19
-1.4846162e-29
7.7158999e-40
-6.0203457e-49
-2.2600565e-58
-1.9646166e-67
-1.738881e-75
3.5498311e-83
-2.2232883e-90
3.8842156e-96
4.3190928e-102
-7.6410972e-106
2.1804856e-110
1.7883757e-115
5.7574798e-121
1.1245155e-126
5.3891064e-127
-2.4774871e-127
1.7008152e-126
3.5505487e-128
-5.9113682e-125
4.663531e-130
-5.5320105e-129
2.8565823e-128
6.9213802e-129
4.2234584e-130
6.7356549e-130
2.5355161e-129
2.7380775e-130
3.0366465e-130
4.1318821e-131
3.3093045e-130
1.0404328e-130
8.5451894e-132
1.5818571e-131
1.3085175e-131
1.9986295e-132
1.0123057e-128
5.4474857e-130
-2.6400645e-08
4.733639e-19
-9.203925e-30
3.7844508e-40
-1.4031503e-49
-4.790266e-59
-3.2447574e-68
-1.6485122e-76
3.155725e-84
-1.4244773e-91
9.5960754e-98
1.7695755e-103
2.4965674e-109
5.742734e-115
2.5214848e-120
5.7716083e-125
1.704003e-130
1.7933805e-132
-7.7097035e-133
3.4838424e-132
4.8582657e-133
-8.7282045e-131
3.9492424e-136
1.3792168e-134
9.2283831e-134
1.7367425e-134
7.3486828e-136
5.4342257e-136
4.4097952e-135
6.5940126e-136
4.2675624e-136
9.4849645e-137
3.4199446e-136
1.8637762e-136
8.1621845e-138
2.418999e-137
1.1864504e-137
3.8965877e-138
-2.437104e-134
-2.098729e-136
-2.2671752e-08
3.4985094e-19
-5.7574552e-30
1.8986271e-40
-4.1640063e-50
-1.3329459e-59
-7.2080713e-69
-2.3222919e-77
4.6672322e-85
-1.5785414e-92
4.2220242e-99
4.8081499e-105
7.8697695e-111
-3.2458096e-115
-8.37089e-121
-1.4022028e-126
-2.4510964e-132
-1.1850066e-138
-2.9688907e-138
6.7475721e-138
3.8979357e-138
-1.0615577e-136
1.0351063e-139
1.801969e-140
4.4466787e-139
5.1944369e-140
9.8257597e-142
6.1697655e-141
4.0515078e-141
7.0019934e-142
3.7555557e-142
8.2705219e-143
3.0325339e-142
8.1286936e-142
6.0334632e-144
1.7038664e-143
2.6578099e-143
4.1395993e-144
5.0803418e-140
4.5651397e-143
-1.9481451e-08
2.5925297e-19
-3.6288144e-30
9.709599e-41
-1.3977746e-50
-4.3452895e-60
-1.9165924e-69
-4.190463e-78
1.0232119e-85
-2.7918097e-93
4.4664922e-100
3.6677121e-106
1.1169937e-111
-7.6951026e-117
-4.5470553e-122
3.1608192e-127
-7.0280185e-132
-1.4435442e-136
7.2599618e-142
1.1203357e-143
6.4928331e-144
-3.9978731e-141
4.7546415e-145
-3.4608438e-146
1.5288585e-144
1.2637001e-145
7.638e-147
1.2598196e-146
5.1553926e-147
1.0782807e-147
2.6048356e-146
7.967519e-149
5.6365754e-148
7.1797956e-148
5.8351154e-150
2.2038408e-149
1.0266069e-148
-2.1537602e-149
-4.7845064e-146
-1.0174061e-149
-1.6747395e-08
1.9253371e-19
-2.3021062e-30
5.0482586e-41
-5.0742129e-51
-1.6007687e-60
-5.8711096e-70
-9.144407e-79
3.9042878e-86
-8.6579067e-94
1.0008375e-100
4.1422074e-106
1.0562187e-111
1.6737302e-117
-4.7904668e-122
-1.8442939e-126
-6.6575874e-132
-2.0966291e-136
-5.8817363e-142
3.0831252e-147
-1.2785167e-148
-5.8598974e-146
-1.0564524e-149
-4.886101e-152
4.6882503e-150
2.7308132e-151
1.1003535e-152
1.2406766e-152
1.0221883e-152
-8.8586717e-153
2.5266294e-151
3.4581942e-154
1.0750862e-153
8.1488137e-154
6.2416676e-156
2.7649653e-155
3.9421484e-154
1.177741e-154
2.843573e-152
1.9865204e-156
-1.4401037e-08
1.432292e-19
-1.4685775e-30
2.6623921e-41
-1.9483998e-51
-6.6281307e-61
-2.0582181e-70
-2.3667122e-79
-3.2964936e-86
6.2055892e-94
-5.0122931e-101
-1.4615246e-105
-3.9265509e-111
8.6073977e-117
1.4705424e-121
3.410745e-127
7.7854609e-133
2.0017102e-138
1.1482313e-143
1.6490428e-149
4.8923015e-154
6.2301653e-151
5.0560729e-155
-4.2021501e-157
1.3250574e-155
-1.0108407e-156
1.9198193e-157
-1.2823882e-157
2.3720777e-158
-1.8494273e-158
7.3728363e-157
8.3621603e-160
4.6054213e-159
1.5963198e-159
6.5038881e-162
1.3879666e-160
7.3002123e-160
9.9874266e-160
-1.4370989e-158
-4.1160779e-163
-1.238698e-08
1.0670618e-19
-9.4144772e-31
1.4219084e-41
-7.8108586e-52
-3.1576784e-61
-8.4451821e-71
-7.3785521e-80
-1.4037521e-87
2.3232988e-95
-1.3437418e-102
1.1041332e-108
9.6053977e-115
-1.4210699e-120
2.6844055e-126
1.2203167e-131
-5.5586672e-136
4.6223761e-141
-1.6419685e-146
6.2579941e-152
-1.1598716e-157
8.6704087e-157
7.7670119e-161
1.8910458e-162
6.4301999e-161
1.9498922e-160
-1.1617235e-162
9.4598814e-163
3.2719888e-164
-4.1761214e-164
3.3955371e-162
1.03273e-165
3.8181974e-165
2.0537761e-165
7.3776749e-168
3.4670547e-166
5.4639249e-165
-1.3607998e-165
6.7631247e-165
1.5193118e-169
-1.0657736e-08
7.959191e-20
-6.0607365e-31
7.6782559e-42
-3.2414227e-52
-1.8911228e-61
-4.4284278e-71
-3.0126564e-80
-2.5975489e-88
3.9240598e-96
-1.7593138e-103
1.0182904e-109
5.1493276e-115
7.0534508e-120
6.8573267e-125
-3.7651792e-130
8.0879307e-136
-2.1949159e-141
1.0371158e-146
-4.672135e-152
1.9650714e-157
2.3036856e-161
-2.5918032e-166
4.0695029e-166
3.8012138e-166
9.1491014e-166
3.7179753e-168
-1.6886979e-167
4.8166896e-169
-1.1980376e-169
1.1713082e-167
1.076656e-170
3.7915621e-171
-1.3039306e-170
7.9922817e-174
4.447525e-172
-6.2237828e-170
6.9322939e-171
-3.6011861e-171
2.1513965e-175
-9.1726081e-09
5.9423935e-20
-3.9158851e-31
4.1866441e-42
-1.384086e-52
-2.3229176e-61
-4.8435893e-71
-2.6201257e-80
-1.2936501e-88
1.8656454e-96
-6.532418e-104
2.0468043e-110
2.4884242e-115
-2.1630239e-120
2.4849046e-126
8.7995538e-131
-1.4439373e-136
3.2467574e-142
-1.1880996e-147
-9.2576008e-153
1.9977432e-157
-1.1892014e-162
2.1973394e-167
-5.1260112e-172
-3.9226587e-171
-2.9683622e-171
2.6241958e-173
8.6251392e-173
1.8196042e-174
9.3245918e-175
1.3381633e-172
5.3110393e-176
2.2310137e-176
-1.228742e-176
-7.0814403e-179
2.8749579e-176
-6.5276068e-175
-2.0697587e-176
2.156619e-177
6.1119132e-182
-7.8970251e-09
4.4400614e-20
-2.5379338e-31
2.3023721e-42
-6.0535494e-53
6.3306512e-62
1.1950255e-71
5.2347502e-81
1.6572878e-89
-2.4264497e-97
6.8319487e-105
-1.3421158e-111
-3.9410537e-117
3.4905908e-122
-1.1976856e-127
1.0590261e-132
1.8636258e-137
-3.8453359e-143
6.2624403e-149
-2.8009595e-154
-7.5953621e-160
4.4445013e-165
-2.487993e-170
3.6597532e-175
7.3016422e-177
1.4273422e-176
-3.8976565e-179
-9.1682686e-178
-3.4718041e-180
6.3261743e-180
4.6086325e-178
-1.4268555e-181
-2.5281903e-181
-2.3573739e-181
-1.3964124e-184
6.2705429e-182
2.5983588e-180
2.3358865e-182
-1.3012009e-183
8.6767404e-189
-6.8017725e-09
3.3198159e-20
-1.6493137e-31
1.2758006e-42
-2.7028858e-53
8.9346325e-63
1.5544506e-72
5.6054417e-82
1.2216473e-90
-2.0025053e-98
4.7104933e-106
-6.7093308e-113
9.3729385e-119
-7.9916309e-124
1.1424238e-127
-1.6312917e-133
5.7191835e-139
-2.2939564e-144
9.2216808e-150
-2.2918537e-155
2.5522676e-161
-1.7301867e-166
2.2517854e-172
-3.1058483e-178
-1.2745405e-182
-7.3091685e-182
1.0226805e-184
-3.7670411e-183
2.2902064e-185
-1.0621361e-185
-1.5168394e-182
2.7837932e-187
-2.2858556e-186
-1.3003592e-186
1.7904108e-189
-1.5237314e-186
-2.7993674e-186
-1.7523296e-188
-3.0547286e-189
6.1928862e-196
-5.8620091e-09
2.4839884e-20
-1.0744448e-31
7.1179488e-43
-1.2287344e-53
2.1546036e-63
3.5222755e-73
1.0615064e-82
1.6679362e-91
-3.5553746e-99
6.9451121e-107
-6.462222e-114
2.6457128e-119
-5.1582301e-125
1.2841236e-130
-4.0691201e-136
3.7218414e-142
-9.0379146e-148
1.406011e-153
-1.8874582e-159
5.0388315e-165
-1.880686e-170
3.5312563e-176
-3.9847978e-182
1.5228999e-187
4.0972109e-187
-1.5366536e-190
4.8445518e-189
-3.3470961e-191
1.2859638e-191
2.0325089e-188
3.4933226e-192
-8.1034454e-192
1.9330187e-191
-4.6821672e-195
6.6545254e-192
1.3384945e-191
1.7595694e-194
-2.6461707e-195
-1.9358427e-202
-5.0567926e-09
1.8602938e-20
-7.015889e-32
3.9963238e-43
-5.6758002e-54
6.2432979e-64
9.799e-74
2.5026025e-83
2.9334344e-92
-1.2750382e-99
2.1811385e-107
-1.6089204e-114
1.4061868e-120
-6.2390866e-126
6.533942e-132
-4.5252506e-138
1.5458017e-143
-1.0735219e-149
9.4552556e-156
-9.2087996e-162
7.6924123e-168
-3.9675692e-173
6.9271736e-179
-9.0491539e-185
9.2617128e-191
-1.075209e-192
1.9913519e-196
-1.3575225e-194
2.6304633e-196
-2.9206699e-197
5.4057708e-193
-7.5265441e-197
1.2719115e-197
-4.513231e-197
9.2504567e-201
-1.0240265e-197
-1.3279018e-197
-1.91444e-200
-1.352836e-201
-1.3756485e-208
-4.3680108e-09
1.3949819e-20
-4.5924931e-32
2.2572166e-43
-2.6600905e-54
1.9995303e-64
3.0920442e-74
6.781274e-84
6.0940701e-93
4.6711656e-100
-7.0381633e-108
3.8850684e-115
-1.9210289e-121
1.8081316e-127
-4.042774e-133
3.9098056e-139
-3.7891199e-145
3.2373647e-151
-2.3271424e-157
2.070407e-163
-4.1822476e-169
3.4614023e-175
-5.1542306e-181
4.0655647e-187
-4.9242782e-193
2.6622327e-198
-9.0516246e-202
1.9002845e-200
-4.3701596e-202
6.1473593e-203
-3.3359644e-198
1.40749e-202
-2.825436e-202
-4.6251434e-202
-1.4752694e-206
9.2974631e-204
1.2849561e-203
1.2131257e-206
-4.6941759e-208
-4.936779e-215
-3.7800512e-09
1.0479653e-20
-3.0144896e-32
1.2825324e-43
-1.2636297e-54
6.8442991e-65
1.076406e-74
2.052547e-84
1.4474746e-93
2.2837565e-101
-3.1590448e-109
1.3834797e-116
-4.7559511e-123
7.9812507e-129
-7.1696979e-135
4.0336488e-141
-3.4070253e-147
4.7777339e-153
-9.4125059e-159
7.5547007e-165
-7.0360401e-171
6.1456052e-177
-5.794787e-183
5.7160002e-189
-9.6290009e-195
8.5902256e-201
-6.2942143e-207
-3.3448042e-206
4.366586e-208
-7.3017288e-209
3.0630994e-204
-3.1527316e-208
4.3759171e-207
6.8383789e-208
1.4473578e-212
-1.3683862e-209
-6.6907477e-210
-2.2310772e-212
-1.3207262e-214
-1.4584845e-221
-3.2792856e-09
7.8927276e-21
-1.9851927e-32
7.3319597e-44
-6.0802518e-55
2.4613513e-65
4.1080407e-75
6.8948194e-85
3.8899782e-94
2.9654658e-102
-3.9293082e-110
1.4066085e-117
-3.3199482e-124
2.777129e-130
-1.734619e-136
1.1811771e-142
-8.2921444e-149
6.6366505e-155
-3.4191895e-161
2.8532392e-167
-2.5759565e-173
1.9516349e-179
-1.5891047e-185
1.4022484e-191
-9.7299644e-198
6.0418481e-204
-5.6675608e-210
2.1665422e-212
-3.9618546e-214
6.4552904e-215
-2.1577313e-210
4.1327376e-214
-3.6546647e-213
-8.46969e-214
-1.7660739e-218
9.4762315e-216
5.6957688e-216
3.9892685e-218
-2.6929637e-221
-3.2781224e-228
-2.8539076e-09
5.9651618e-21
-1.3126828e-32
4.2193515e-44
-2.9629077e-55
9.2098801e-66
1.7353544e-75
2.59391e-85
1.1906611e-94
5.4316223e-103
-7.045322e-111
2.0409741e-118
-3.2505132e-125
2.4388963e-131
-1.8048608e-137
9.3550261e-144
-6.3337779e-150
4.2727044e-156
-2.2955687e-162
1.374354e-168
-1.2234301e-174
6.2769985e-181
-5.7845699e-187
3.0243103e-193
-1.7075701e-199
1.4444637e-205
-8.184733e-212
3.189433e-218
2.8953498e-220
-4.6909263e-221
2.2329313e-216
-3.4899324e-220
3.7234057e-219
9.8654542e-220
1.4890957e-224
-6.288749e-222
-2.6113795e-222
-4.0929132e-224
-5.8517125e-228
-6.4620373e-235
-2.4935403e-09
4.5292223e-21
-8.7243752e-33
2.4460871e-44
-1.4624628e-55
3.5649861e-66
8.4141595e-76
1.1337402e-85
4.299477e-95
1.3010449e-103
-1.757626e-111
4.4134881e-119
-5.4348504e-126
4.2861278e-132
-2.4073962e-138
1.282011e-144
-6.4192092e-151
3.8970578e-157
-2.2469106e-163
1.0576641e-169
-8.1647813e-176
3.5124529e-182
-1.7783303e-188
9.6648979e-195
-5.6016386e-201
3.3909751e-207
-2.6926565e-213
1.8618245e-219
-2.1099685e-225
2.9654859e-227
-2.0417838e-222
4.0061927e-226
-5.1004796e-225
-8.280959e-226
-1.0371825e-230
2.9784434e-228
1.0763727e-228
8.2582894e-230
-8.5806591e-235
-1.0259665e-241
-2.1892119e-09
3.4596145e-21
-5.8360342e-33
1.4301855e-44
-7.3165473e-56
1.4225792e-66
5.2547341e-76
6.4609046e-86
2.0526771e-95
4.3964815e-104
-6.661785e-112
1.4349608e-119
-1.4417862e-126
5.1005927e-133
-2.3125775e-139
1.0768711e-145
-4.6634211e-152
1.9456947e-158
-8.734016e-165
3.8324171e-171
-1.9817382e-177
1.0416735e-183
-4.4023167e-190
2.0175108e-196
-9.8931501e-203
5.7063837e-209
-2.5694495e-215
1.5467242e-221
-7.4904874e-228
-1.7037168e-233
1.1958219e-228
-2.3773665e-232
3.491247e-231
6.0890134e-232
4.7587567e-237
-1.0946166e-234
-4.6883373e-235
-3.1879228e-234
-5.5821292e-241
-4.3497502e-248
-1.9331013e-09
2.6627151e-21
-3.9358467e-33
8.4460865e-45
-3.7140371e-56
5.8421276e-67
9.1466154e-76
1.0393354e-85
2.800934e-95
4.4347623e-104
-8.649159e-112
1.6482459e-119
-1.2600144e-126
3.7638173e-133
-2.026038e-139
8.8578246e-146
-4.042722e-152
1.9093386e-158
-8.2807609e-165
3.3740352e-171
-1.2308969e-177
5.7983568e-184
-2.4179293e-190
9.7836286e-197
-4.6064603e-203
1.8635843e-209
-8.0563109e-216
4.2470321e-222
-2.1548525e-228
8.7998211e-235
-7.8087108e-235
1.5964799e-238
-2.0249139e-237
-2.8312112e-238
-1.5939494e-243
3.773092e-241
1.6467343e-241
3.0143962e-239
3.7630944e-246
2.4170238e-253
-1.7184434e-09
2.068716e-21
-2.6815016e-33
5.0477288e-45
-1.9159833e-56
2.4677328e-67
-1.2002194e-76
-1.2773771e-86
-2.9554351e-96
-3.5739115e-105
1.2161295e-112
-2.0890622e-120
1.338378e-127
-3.600475e-134
1.5790843e-140
-6.8601739e-147
2.5154747e-153
-9.1907307e-160
3.7789737e-166
-1.412965e-172
6.0730019e-179
-2.0356435e-185
1.0031249e-191
-3.5006743e-198
1.1823097e-204
-4.1743788e-211
1.5303355e-217
-5.7073888e-224
2.4304271e-230
-9.5404869e-237
3.1856156e-241
-6.1570409e-245
1.1277474e-243
1.2850614e-244
5.5847981e-250
-1.0360288e-247
-6.5934707e-248
-2.1867807e-244
-2.8630773e-251
-1.8282512e-258
-1.5394362e-09
1.6256627e-21
-1.8500063e-33
3.0600869e-45
-1.00658e-56
1.0727457e-67
-1.9613673e-77
-1.9838815e-87
-3.9858283e-97
-3.776929e-106
-1.3062575e-112
2.0582707e-120
-1.0572407e-127
2.5458462e-134
-9.4472523e-141
3.062435e-147
-1.0152928e-153
3.4264024e-160
-1.0767042e-166
4.1220291e-173
-1.5518352e-179
5.0683942e-186
-1.6723124e-192
6.6406955e-199
-2.232724e-205
9.2557e-212
-3.1561669e-218
1.1411551e-224
-4.5584652e-231
2.3500074e-237
-9.3129721e-244
4.4277877e-250
-4.6296774e-250
-7.0120396e-251
-1.6757481e-256
2.5799955e-254
2.1253105e-254
-8.2319769e-250
-9.9811582e-257
-6.4944489e-264
-1.3910862e-09
1.2949284e-21
-1.2959703e-33
1.8869926e-45
-5.3992882e-57
4.8058555e-68
-4.9551041e-78
-4.8409737e-88
-8.5406709e-98
-6.4778567e-107
-1.4564328e-114
2.1941364e-122
-9.4407407e-130
1.7644489e-136
-5.3430209e-143
1.5234815e-149
-5.1374129e-156
1.4843672e-162
-4.1348699e-169
1.2336513e-175
-3.9007524e-182
1.2122816e-188
-3.5049393e-195
1.1776211e-201
-3.5531757e-208
1.4014701e-214
-5.0556401e-221
1.9050378e-227
-7.3650608e-234
2.592208e-240
-7.8694632e-247
2.7365496e-253
2.0011362e-256
2.3923249e-257
3.8511174e-263
-6.2158305e-261
-4.8983551e-261
-9.5118373e-256
-1.1570429e-262
-7.6471514e-270
-1.2691465e-09
1.0478797e-21
-9.2453835e-34
1.1873323e-45
-2.9660437e-57
2.2235775e-68
-1.4978656e-78
-1.4398959e-88
-2.2545814e-98
-1.3947199e-107
-1.3891148e-115
2.0284764e-123
-7.6477753e-131
1.0495388e-137
-2.9171755e-144
6.9931125e-151
-1.7759308e-157
4.7193493e-164
-1.5169866e-170
4.1909195e-177
-1.3084977e-183
3.4502047e-190
-8.1114566e-197
2.4658252e-203
-7.796811e-210
2.3262602e-216
-7.3231946e-223
2.3888078e-229
-8.3735849e-236
2.8139691e-242
-8.7513195e-249
4.0795007e-255
-1.5895368e-261
-7.6212945e-264
-6.7976827e-270
1.3154228e-267
1.5559407e-267
-1.0852164e-261
-1.3509918e-268
-9.0519808e-276
-1.1700004e-09
8.6332532e-22
-6.7375935e-34
7.6493672e-46
-1.6743875e-57
1.0654543e-68
-5.0717878e-79
-4.9039884e-89
-6.8878675e-99
-3.5344251e-108
-2.0916625e-116
3.1208771e-124
-1.0049918e-131
1.3160318e-138
-3.2537248e-145
7.9193779e-152
-2.18852e-158
5.4937522e-165
-1.3627726e-171
3.4195047e-178
-8.3013308e-185
2.1274447e-191
-6.2189955e-198
1.8880506e-204
-4.6423111e-211
1.2483305e-217
-3.5445404e-224
1.35108e-230
-1.1889549e-237
2.4801769e-243
5.9865806e-249
4.0257467e-255
9.3234287e-262
8.2234584e-268
1.9335197e-273
-2.2505246e-274
9.4133883e-275
-1.6553059e-267
-1.9104901e-274
-1.2789961e-281
-1.0905868e-09
7.2562878e-22
-5.0312181e-34
5.0638033e-46
-9.7490039e-58
5.3039225e-69
-1.8751677e-79
-1.8738255e-89
-2.3861571e-99
-1.0308937e-108
-4.0817227e-117
6.4431623e-125
-1.862188e-132
1.9224433e-139
-4.0080458e-146
1.113125e-152
-2.3492869e-159
5.9904453e-166
-1.326247e-172
3.0919356e-179
-7.5912135e-186
2.0324411e-192
-4.7267312e-199
1.1575066e-205
-2.3285576e-212
2.4571253e-218
6.7733678e-226
-1.1013544e-229
-3.0311876e-235
3.7060344e-241
2.011046e-246
-1.402349e-251
-1.7049328e-257
-2.546896e-263
-6.2409321e-269
7.5776969e-276
4.6630394e-280
-1.9332603e-273
-2.4394266e-280
-1.599739e-287
-1.0283211e-09
6.2328387e-22
-3.8609292e-34
3.4566854e-46
-5.8763857e-58
2.7524701e-69
-7.4854963e-80
-8.0093427e-90
-9.348646e-100
-3.4472792e-109
-9.7873563e-118
1.7557354e-125
-4.5717127e-133
4.1935389e-140
-8.4932565e-147
1.8505026e-153
-4.4468263e-160
1.0030582e-166
-1.9747466e-173
4.5532494e-180
-9.276187e-187
-3.4488499e-192
-2.0493769e-198
3.0782124e-202
-9.9913758e-209
4.3257693e-213
-5.341691e-219
-2.5138796e-224
-3.8370458e-229
3.2426191e-235
3.519051e-240
-3.994739e-245
-1.0700834e-251
-3.8160057e-257
-2.1572668e-263
6.1162416e-270
-1.8925579e-276
-2.1758753e-279
-2.4227092e-286
-1.6201243e-293
-9.8099493e-10
5.4783676e-22
-3.0524623e-34
2.4411278e-46
-3.6800688e-58
1.494079e-69
-3.209925e-80
-3.8635384e-90
-4.1791782e-100
-1.3325884e-109
-2.8411493e-118
6.4375803e-126
-1.5620639e-133
1.1628919e-140
-2.0440464e-147
3.7683322e-154
-7.2878348e-161
2.5791869e-167
4.3854583e-173
1.0994932e-177
5.9235021e-182
-1.8015738e-186
-2.6760534e-192
1.065039e-197
-4.5381351e-203
3.9293807e-208
-1.2545563e-213
-1.2430278e-218
-8.6789255e-224
1.9136325e-229
4.0296792e-235
-3.6721014e-240
-7.4817918e-246
-1.0449028e-251
1.1736658e-257
-4.2571831e-264
1.719995e-270
2.6452289e-275
2.1194989e-283
8.518111e-291
-9.4669598e-10
4.930878e-22
-2.4910505e-34
1.7884281e-46
-2.4020015e-58
8.5093101e-70
-1.4753612e-80
-2.1561411e-90
-2.1869248e-100
-6.1050228e-110
-1.0138167e-118
3.7782891e-126
-8.6409326e-134
5.6846192e-141
-9.2298793e-148
1.6522693e-154
-2.7890451e-161
5.4171778e-168
-8.1618395e-175
3.9062353e-180
-7.4765878e-186
4.8301999e-191
-6.7986106e-197
2.6014379e-202
-1.3520563e-207
4.1917073e-213
-5.2673252e-219
5.7746991e-224
4.2511582e-230
-9.5212751e-235
9.0919119e-241
6.3287338e-246
-1.2241598e-251
5.1933627e-256
-2.9665488e-262
9.2374194e-269
-3.3748673e-275
-2.0916709e-280
1.0378586e-288
1.485457e-295
-9.2372394e-10
4.5448594e-22
-2.1008008e-34
1.3620407e-46
-1.6381724e-58
5.097873e-70
-7.2616196e-81
-1.4815686e-90
-1.4260862e-100
-3.5257283e-110
-4.6840204e-119
1.1338073e-125
-2.4799477e-133
1.4279101e-140
-2.1318629e-147
3.8242555e-154
-6.9854864e-161
1.1656407e-167
-2.2884981e-174
4.2019932e-181
-7.4535765e-188
1.3742077e-194
-3.0180666e-201
5.9618232e-208
9.9788742e-214
-1.626674e-218
-5.5214228e-224
7.6488642e-230
3.6610839e-235
-6.4908753e-241
-9.7255119e-246
-1.6163001e-251
4.1624948e-257
-1.3715191e-261
7.9075208e-268
-2.3399832e-274
7.897691e-281
1.0871892e-286
-1.0281393e-293
-7.8060575e-301
-9.1048715e-10
4.2866075e-22
-1.8312384e-34
1.0795098e-46
-1.1693004e-58
3.2181894e-70
-3.8247083e-81
-1.5666756e-90
-1.4495908e-100
-3.2116045e-110
-3.4954144e-119
-1.3884467e-126
2.9879853e-134
-1.5324545e-141
1.9935524e-148
-3.0031936e-155
4.9505865e-162
-8.2714338e-169
1.3120089e-175
-2.3339721e-182
3.7775978e-189
-6.8473361e-196
1.5260677e-202
-4.4306248e-209
2.3220782e-215
-1.570182e-221
9.9705762e-228
-8.2030392e-234
7.3813203e-240
-2.4850113e-246
2.5574368e-252
4.9481657e-256
-3.9696644e-262
1.5673075e-267
-8.3941538e-274
2.6705816e-280
-1.001507e-286
-3.1153662e-292
5.0804538e-300
4.4744845e-307
-9.0542085e-10
4.13068e-22
-1.6485482e-34
8.9041042e-47
-8.740242e-59
2.142277e-70
-2.1536316e-81
3.740254e-90
3.373266e-100
6.7715588e-110
6.1597892e-119
1.0298297e-126
-2.2509802e-134
1.0915444e-141
-1.2308724e-148
1.7716745e-155
-2.6634936e-162
4.5033005e-169
-7.2487706e-176
1.0974689e-182
-1.8743434e-189
2.901283e-196
-4.9963662e-203
8.4898937e-210
-1.4761743e-216
2.2792672e-223
-4.4386116e-230
6.268489e-237
-5.4083858e-244
-2.1792772e-250
2.8356996e-256
-1.5081623e-261
1.3401615e-267
-1.6607788e-273
6.6280349e-280
-1.9989094e-286
7.0263324e-293
-4.988294e-299
-1.9900504e-305
-3.3290467e-312
-9.0689864e-10
4.0569628e-22
-1.5297544e-34
7.6343792e-47
-6.8372483e-59
1.503095e-70
-1.2942501e-81
3.0988874e-91
2.7662685e-101
5.0892292e-111
3.9363173e-120
3.8397773e-128
-8.8524941e-136
3.9316778e-143
-3.9087767e-150
5.4247319e-157
-7.6476076e-164
1.0422988e-170
-1.5993585e-177
2.3898021e-184
-3.5796958e-191
5.8937129e-198
-8.7477358e-205
1.2551077e-211
-1.8503125e-218
2.8762895e-225
-4.1109702e-232
6.5275048e-239
-8.2432144e-246
2.6469201e-253
5.8385278e-259
-5.9284875e-265
2.9394341e-271
-1.3441655e-277
3.8175476e-284
-6.9920815e-291
1.6935002e-297
1.2122002e-302
2.0075406e-310
-5.6416837e-313
-9.1317522e-10
4.0483254e-22
-1.4588499e-34
6.7880436e-47
-5.5870402e-59
1.1096988e-70
-8.2793315e-82
9.8810115e-92
8.8807434e-102
1.51435e-111
1.0125063e-120
6.6759767e-129
-1.6967682e-136
6.9666893e-144
-6.2896764e-151
8.3640438e-158
-1.1987821e-164
1.6866809e-171
-2.3934754e-178
3.3287628e-185
-4.6895514e-192
5.803733e-199
-8.9406049e-206
1.2143852e-212
-1.742025e-219
2.5576939e-226
-3.7374327e-233
5.9135055e-240
-1.0015642e-246
1.5223268e-253
-2.2098505e-260
2.568605e-267
1.2056371e-274
-1.6366807e-280
4.3202404e-287
-7.5487438e-294
1.7664139e-300
1.3086273e-305
-2.7650588e-312
5.1481969e-313
-9.2236417e-10
4.088698e-22
-1.4241352e-34
6.2369025e-47
-4.7540848e-59
8.5948301e-71
-5.6167673e-82
4.2592548e-92
3.931042e-102
6.282643e-112
3.6832519e-121
1.7837433e-129
-5.4178231e-137
2.0945564e-144
-1.7181975e-151
2.0311744e-158
-2.5526003e-165
3.2491551e-172
-4.3013107e-179
5.7892307e-186
-7.8114855e-193
9.3498259e-200
-1.205209e-206
1.6216636e-213
-2.2375509e-220
3.0460071e-227
-3.9588213e-234
5.4041799e-241
-8.0996599e-248
1.1608814e-254
-1.5912571e-261
1.8814425e-268
-3.7435245e-276
-4.2995745e-282
1.2584558e-288
-2.1452454e-295
5.0360461e-302
1.2523765e-307
5.131669e-312
-7.1942659e-315
-9.3249191e-10
4.161709e-22
-1.4163752e-34
5.8948644e-47
-4.1945873e-59
6.9546185e-71
-4.021704e-82
2.1630999e-92
2.0978687e-102
3.1778862e-112
1.6557909e-121
6.1713744e-130
-2.5700844e-137
9.6202175e-145
-7.2579328e-152
8.4304444e-159
-1.0571116e-165
1.3256684e-172
-1.5665763e-179
2.005263e-186
-2.3813141e-193
2.9259014e-200
-3.8040298e-207
4.572256e-214
-5.8066501e-221
7.1273603e-228
-9.517712e-235
1.2728651e-241
-1.5718585e-248
2.0412638e-255
-2.68005e-262
3.4279054e-269
-2.8188406e-276
-7.2309843e-284
6.3129799e-290
-1.254233e-296
2.944969e-303
1.8950966e-308
1.415601e-312
-4.590326e-315
-9.416156e-10
4.2500248e-22
-1.4275168e-34
5.7008904e-47
-3.8176744e-59
5.8488143e-71
-3.0218949e-82
1.2298759e-92
1.2890633e-102
1.8713041e-112
8.7710199e-122
2.6076732e-130
-1.9932329e-137
7.3817275e-145
-5.6185177e-152
6.1569798e-159
-7.4145281e-166
8.8888632e-173
-1.0608369e-179
1.2868012e-186
-1.5299013e-193
1.8351578e-200
-2.2126584e-207
2.8491874e-214
-3.310047e-221
4.0863662e-228
-5.1401749e-235
6.5327789e-242
-8.2496427e-249
1.2099994e-255
-1.7520503e-262
2.5787682e-269
-3.7494649e-276
4.6744244e-283
-4.7769221e-290
4.6066385e-297
-6.4515832e-304
2.8914843e-309
-1.7667443e-312
2.5938998e-313
-9.4801078e-10
4.3356155e-22
-1.4498788e-34
5.6083695e-47
-3.5633741e-59
5.0822171e-71
-2.3675491e-82
7.6179157e-93
8.9381921e-103
1.2566149e-112
5.3579219e-122
1.3073986e-130
-5.4525926e-135
2.0854074e-142
-1.4183354e-149
1.4860929e-156
-1.674287e-163
1.9063829e-170
-2.2987119e-177
2.6902901e-184
-3.2313925e-191
3.532483e-198
-4.0409286e-205
4.5855261e-212
-5.4811258e-219
6.1793121e-226
-7.1853117e-233
8.8148276e-240
-1.1093563e-246
1.4021444e-253
-1.8749902e-260
2.5201982e-267
-3.2939677e-274
3.5399578e-281
-3.1430742e-288
2.8250539e-295
-3.4658837e-302
-2.0971286e-307
3.3800381e-312
6.7141077e-313
-9.5038643e-10
4.4011141e-22
-1.4758183e-34
5.578735e-47
-3.3899962e-59
4.5340753e-71
-1.9209151e-82
5.0464093e-93
6.9517893e-103
9.5659031e-113
3.7469411e-122
7.660902e-131
4.7128626e-138
-1.8136234e-145
1.2183691e-152
-1.2276989e-159
1.3222589e-166
-1.5308453e-173
1.7023534e-180
-1.8214332e-187
2.016899e-194
-2.226421e-201
2.6131089e-208
-2.9483912e-215
3.5580127e-222
-3.9838336e-229
4.6700696e-236
-5.4732333e-243
6.6409567e-250
-8.725377e-257
1.2020417e-263
-1.5733746e-270
1.8212518e-277
-1.9357735e-284
1.6917257e-291
-1.404143e-298
1.8293498e-305
9.7163326e-311
-1.3860282e-312
-1.7954337e-313
-9.4805423e-10
4.4319139e-22
-1.4978437e-34
5.5779276e-47
-3.2668216e-59
4.1266642e-71
-1.6029833e-82
3.5252615e-93
6.1309129e-103
8.348204e-113
3.0348523e-122
5.3113282e-131
1.5188845e-138
-6.3701336e-146
4.0524627e-153
-3.6520104e-160
3.7257584e-167
-3.9897518e-174
4.1595464e-181
-4.231505e-188
4.5855715e-195
-4.5989152e-202
4.6806973e-209
-4.8072707e-216
4.9834195e-223
-5.0111634e-230
5.4172982e-237
-6.0680864e-244
7.2800749e-251
-8.5376761e-258
1.0868823e-264
-1.3632515e-271
1.6669997e-278
-1.6493047e-285
1.4308658e-292
-1.2180124e-299
1.4173379e-306
-1.0186868e-312
-2.819259e-314
-6.3935531e-313
-9.4101129e-10
4.4185573e-22
-1.5091813e-34
5.5752975e-47
-3.1700773e-59
3.8081235e-71
-1.3668018e-82
2.5672572e-93
6.4318262e-103
8.7742036e-113
2.9937186e-122
4.5708157e-131
8.2464479e-139
-3.68978e-146
2.1317824e-153
-1.7400178e-160
1.5809034e-167
-1.4276024e-174
1.2881489e-181
-1.12218e-188
1.0249152e-195
-9.0962774e-203
8.0379766e-210
-7.5468213e-217
7.1977432e-224
-6.8733089e-231
6.9872082e-238
-7.2781126e-245
7.0354166e-252
-7.5387445e-259
8.7880166e-266
-1.1071203e-272
1.2578543e-279
-1.3239633e-286
1.0704568e-293
-9.1390573e-301
7.9055036e-308
-5.7363824e-311
-8.6361313e-313
-5.2300662e-313
-9.2988502e-10
4.3583806e-22
-1.5045746e-34
5.5441217e-47
-3.0807967e-59
3.5425878e-71
-1.1834993e-82
1.9302138e-93
9.8115573e-103
1.3617569e-112
4.4140164e-122
5.9877137e-131
7.7418476e-139
-3.7502698e-146
1.9563457e-153
-1.3799986e-160
1.0470566e-167
-7.6895953e-175
5.8186289e-182
-4.4701987e-189
3.2480072e-196
-2.4674955e-203
1.9687618e-210
-1.4902086e-217
1.1488348e-224
-9.0253191e-232
7.6229686e-239
-6.7692932e-246
5.928716e-253
-5.3066504e-260
5.2945285e-267
-5.9171657e-274
5.9839861e-281
-5.6375581e-288
4.5973734e-295
-3.4450932e-302
3.2771367e-309
4.0035536e-312
-1.9285166e-312
-2.6961453e-313
-9.1577351e-10
4.2557964e-22
-1.481102e-34
5.4634659e-47
-2.984055e-59
3.3047026e-71
-1.0347541e-82
1.4857209e-93
-4.3495761e-102
-6.2642539e-112
-1.9575739e-121
-2.4045279e-130
-2.4037371e-138
1.2481936e-145
-5.8461485e-153
3.4067511e-160
-2.1099338e-167
1.3422146e-174
-8.0204797e-182
4.9575666e-189
-3.0805717e-196
1.8816814e-203
-1.1801087e-210
7.3661324e-218
-4.9730909e-225
3.2008464e-232
-2.1273847e-239
1.5277301e-246
-1.1210228e-253
9.0935105e-261
-7.7372888e-268
6.9799168e-275
-6.1477682e-282
5.2594234e-289
-3.8936836e-296
2.7593096e-303
-2.7189522e-310
-8.5665271e-312
-1.2583874e-313
5.3798703e-313
-9.0002737e-10
4.1209622e-22
-1.4386708e-34
5.3204971e-47
-2.8690359e-59
3.0766217e-71
-9.0864517e-83
1.1621852e-93
-3.9495846e-103
-6.0450349e-113
-1.8482435e-122
-2.0894803e-131
-1.6997555e-139
1.0350951e-146
-4.2579876e-154
2.0927926e-161
-1.1140314e-168
5.864229e-176
-3.1826975e-183
1.6586978e-190
-9.1904157e-198
5.0500552e-205
-2.7175719e-212
1.469567e-219
-8.2710565e-227
4.6322227e-234
-2.714879e-241
1.54258e-248
-9.6033219e-256
6.1190304e-263
-4.1256419e-270
3.0924205e-277
-2.2928892e-284
1.6698047e-291
-1.0720424e-298
6.934475e-306
-3.8543104e-312
8.205096e-313
-1.7191263e-312
-1.3809849e-312
-8.8402639e-10
3.9673052e-22
-1.3799653e-34
5.1124346e-47
-2.7296648e-59
2.8467075e-71
-7.9737012e-83
9.1778724e-94
-1.580239e-103
-2.6396943e-113
-7.9964822e-123
-8.4080502e-132
-5.6770491e-140
4.587758e-147
-1.8528929e-154
8.3772781e-162
-4.1345704e-169
2.0612966e-176
-1.0462879e-183
5.2456497e-191
-2.6479467e-198
1.3484572e-205
-6.96806e-213
3.5424805e-220
-1.8247233e-227
9.439022e-235
-4.998775e-242
2.5943472e-249
-1.3861589e-256
7.5209128e-264
-4.4667888e-271
2.7910388e-278
-1.7284986e-285
1.0877465e-292
-6.0967326e-300
3.5867641e-307
3.8144963e-313
1.9222696e-312
-1.0127456e-313
-7.3910372e-313
-8.6902006e-10
3.8088308e-22
-1.3098124e-34
4.8470644e-47
-2.5653129e-59
2.6093742e-71
-6.9613839e-83
7.2747276e-94
-8.2091615e-104
-1.5334411e-113
-4.6254866e-123
-4.5318446e-132
-2.5461487e-140
4.2979646e-147
-1.7804952e-154
8.4159832e-162
-4.2903236e-169
2.283641e-176
-1.2152491e-183
6.552281e-191
-3.6676575e-198
2.0177338e-205
-1.1170937e-212
6.0533064e-220
-3.3196742e-227
1.7247861e-234
-9.3219087e-242
4.8990498e-249
-2.6142016e-256
1.384802e-263
-7.4145982e-271
4.0356262e-278
-2.1931577e-285
1.1456716e-292
-5.6676028e-300
3.0996797e-307
2.301832e-312
-6.3802984e-313
-7.6716311e-313
4.7954408e-313
-8.5602041e-10
3.6579545e-22
-1.2341164e-34
4.5410243e-47
-2.3808752e-59
2.3652303e-71
-6.0265391e-83
5.7609277e-94
-4.8062552e-104
-1.0179973e-113
-3.0380262e-123
-2.7504335e-132
-1.2811783e-140
-2.1403251e-147
1.0854078e-154
-6.3627719e-162
4.1621282e-169
-2.869531e-176
2.0449688e-183
-1.5215246e-190
1.1368573e-197
-8.5641412e-205
6.4423829e-212
-4.6626662e-219
3.109736e-226
-1.3083001e-233
-1.4113448e-240
6.1968517e-247
-1.3221639e-253
2.0596248e-260
-2.6645871e-267
2.8739764e-274
-2.5637568e-281
1.9568509e-288
-1.3871102e-295
1.0914059e-302
-1.5600862e-309
-3.4036206e-312
1.4322458e-312
-2.2543729e-313
-8.4576553e-10
3.5242971e-22
-1.1587113e-34
4.2159504e-47
-2.1856575e-59
2.1205555e-71
-5.1670967e-83
4.5465026e-94
-3.0190449e-104
-7.2121493e-114
-2.0912891e-123
-1.7187643e-132
-6.563704e-141
-3.0310159e-148
2.5785706e-155
-2.4560547e-162
3.1922851e-169
-4.8302982e-176
8.0522747e-183
-1.4653906e-189
2.71782e-196
-4.224294e-203
7.3316445e-210
-1.1540691e-216
2.1636587e-223
-4.0312273e-231
2.5960904e-236
-1.5772998e-242
7.3595822e-249
-1.8651907e-255
2.8423375e-262
-3.1244498e-269
2.2850397e-276
-1.4573157e-283
9.2049831e-291
-8.6996147e-298
1.2805854e-304
-5.6292801e-311
-4.5006449e-313
-3.1033447e-314
-8.3871955e-10
3.414373e-22
-1.0884612e-34
3.8935758e-47
-1.9909966e-59
1.8853108e-71
-4.3953517e-83
3.5777285e-94
-1.9861856e-104
-5.2265367e-114
-1.4392482e-123
-1.0586946e-132
-3.3325728e-141
-8.187945e-149
4.4405786e-155
-1.8906758e-161
-3.3160504e-167
-1.6869788e-173
-9.4525372e-180
-4.4565725e-186
-1.9344018e-192
-9.0467601e-199
-4.5168931e-205
-2.4418064e-211
-1.478165e-217
-1.6575412e-223
-1.8666844e-229
1.3014346e-235
-7.062185e-242
2.0864433e-248
-3.7690735e-255
4.7372323e-262
-4.0271429e-269
2.7585418e-276
-1.8027184e-283
1.3723202e-290
-1.2708415e-297
2.1300775e-304
1.5644894e-311
-8.1725741e-313
-8.3510449e-10
3.3319077e-22
-1.0268084e-34
3.5915011e-47
-1.8073243e-59
1.6699667e-71
-3.7282422e-83
2.8194539e-94
-1.3490617e-104
-3.8313833e-114
-9.898375e-124
-6.5038309e-133
-1.7213361e-141
-2.9107987e-149
-4.7875363e-156
-1.1501461e-162
-1.9302133e-169
-3.0318185e-176
-4.9423294e-183
-8.013514e-190
-1.3991466e-196
-2.2667187e-203
-3.8359554e-210
-6.8494164e-217
-1.4887562e-223
-5.4185162e-230
-4.1872284e-236
1.7099303e-242
-1.1029474e-248
2.5826765e-255
-5.0718824e-262
4.9318322e-269
-2.4799599e-276
-3.6810027e-284
2.2281524e-290
-3.3706855e-297
3.5312916e-304
-7.6617768e-311
1.153511e-312
-8.9163912e-313
-8.3492861e-10
3.2783857e-22
-9.7574307e-35
3.320876e-47
-1.641749e-59
1.4822054e-71
-3.1772749e-83
2.2423392e-94
-9.3789815e-105
-2.9639826e-114
-7.2855656e-124
-4.3752447e-133
-1.0143371e-141
-1.4032082e-149
-1.7372947e-156
-5.4204084e-163
-1.2680956e-169
-3.6627741e-176
-1.1577332e-182
-4.761729e-189
-2.446134e-195
-1.7388881e-201
-1.4584209e-207
-7.6266028e-214
-3.0144166e-220
-1.0439237e-226
-2.6794611e-233
-5.8198871e-240
-9.0090482e-247
-1.3351282e-253
-1.8621909e-260
-3.1411263e-267
-8.2517061e-274
1.4538523e-279
-3.4444376e-286
3.3575322e-293
-1.7525457e-300
2.3917764e-307
-3.4138228e-313
8.4459519e-313
-8.3803121e-10
3.2536876e-22
-9.3607962e-35
3.0863897e-47
-1.4969775e-59
1.3248799e-71
-2.7424411e-83
1.8167435e-94
-6.6444176e-105
-2.7547044e-114
-6.7943344e-124
-3.9279145e-133
-8.5924288e-142
-1.1649561e-149
1.9652597e-155
-2.1479922e-162
2.0981192e-169
-1.685836e-176
1.2293886e-183
-8.2184433e-191
5.1967224e-198
-3.280492e-205
2.0311888e-212
-1.338915e-219
1.2521222e-226
-1.8254447e-234
3.1100204e-240
4.25725e-247
1.4870009e-253
2.1003799e-260
6.3276005e-268
-4.4510892e-274
-2.0097442e-280
4.7791614e-286
-3.5305358e-293
1.0470014e-301
6.0316389e-308
8.1768351e-313
-5.5381666e-313
2.8430446e-313
-8.4410713e-10
3.2565636e-22
-9.0782496e-35
2.8878248e-47
-1.3715904e-59
1.1955546e-71
-2.4111917e-83
1.5117335e-94
-4.7989015e-105
-5.4294084e-114
-1.5008352e-123
-9.1915793e-133
-2.1024522e-141
-3.6122113e-149
1.6097205e-156
-4.5553852e-164
1.183722e-171
-2.8312269e-179
6.4575689e-187
-1.3959553e-194
2.9854009e-202
-6.3700238e-210
1.3827805e-217
-3.0629123e-225
6.8258978e-233
-1.6569674e-240
-4.0144484e-248
-1.2273752e-254
-5.2366574e-261
-8.1527078e-268
1.4334123e-275
7.8007739e-281
5.905362e-287
-1.9740512e-292
1.9604019e-299
-6.5881086e-307
8.7388319e-313
1.6186913e-313
-3.8017356e-313
6.8144136e-315
-8.5274885e-10
3.2850399e-22
-8.9055108e-35
2.7224282e-47
-1.2614095e-59
1.0873708e-71
-2.1605369e-83
1.2962542e-94
-3.547814e-105
2.0411216e-114
7.9682068e-124
6.118994e-133
1.7535104e-141
8.0695936e-149
-1.4224573e-156
1.9286674e-164
-2.4297053e-172
2.9112812e-180
-3.3668927e-188
3.8313313e-196
-4.3339665e-204
4.8840975e-212
-5.5299635e-220
6.4011043e-228
-7.6643601e-236
9.5736174e-244
-1.2675042e-251
1.8213186e-259
-2.8668564e-267
6.9432842e-275
-1.9745688e-282
-2.4751468e-288
-2.4978941e-294
9.3563345e-300
-9.271871e-307
6.4778472e-313
1.1481441e-313
2.8003616e-313
6.0067701e-313
-1.4358631e-313
-8.6346724e-10
3.3366422e-22
-8.8367197e-35
2.5871391e-47
-1.1614385e-59
9.9072235e-72
-1.9596854e-83
1.1399604e-94
-2.6945406e-105
4.8551741e-115
6.1218233e-124
8.7879093e-133
4.7386065e-141
-1.444633e-148
1.461197e-156
-1.2301471e-164
9.6923599e-173
-7.4188016e-181
5.574376e-189
-4.1199904e-197
3.0296378e-205
-2.2381898e-213
1.6568743e-221
-1.2478792e-229
9.5913201e-238
-7.5855979e-246
6.2412756e-254
-5.4284474e-262
5.0895034e-270
-5.2836117e-278
6.3924167e-286
-9.2171176e-294
2.0445017e-301
-1.8135063e-307
-1.9412041e-313
1.8374777e-313
-1.5737065e-313
2.9059669e-313
4.4579611e-313
6.8720597e-313
-8.7573876e-10
3.4086265e-22
-8.86648e-35
2.4802518e-47
-1.0679907e-59
8.9586794e-72
-1.7733198e-83
1.0128737e-94
-2.0958077e-105
2.036007e-115
-1.2721217e-124
8.0172024e-133
-1.7850906e-140
1.8542071e-148
-1.3286519e-156
8.2129932e-165
-4.7896221e-173
2.7363542e-181
-1.5443991e-189
8.682673e-198
-4.8730732e-206
2.7380404e-214
-1.5536109e-222
8.8648083e-231
-5.1187275e-239
3.0084791e-247
-1.8182932e-255
1.1377028e-263
-7.4609378e-272
5.2092437e-280
-4.0070127e-288
3.4635838e-296
-3.4046424e-304
3.5989481e-312
5.3205894e-314
-1.9350749e-313
2.2979885e-314
-3.0033334e-313
6.395373e-313
-2.5204872e-313
-8.8903235e-10
3.4980627e-22
-8.9907483e-35
2.4020891e-47
-9.8024334e-60
7.9646138e-72
-1.5688353e-83
8.8663819e-95
-1.6458449e-105
1.0748042e-115
-2.4993754e-125
2.1642215e-134
-7.0170319e-143
4.4668528e-151
-2.6293268e-159
1.3638274e-167
-6.7457454e-176
3.2816015e-184
-1.5931083e-192
7.7412582e-201
-3.7719017e-209
1.8448846e-217
-9.0372749e-226
4.4516541e-234
-2.2105952e-242
1.1085726e-250
-5.6246748e-259
2.8993216e-267
-1.5300706e-275
8.388942e-284
-4.8585108e-292
3.0212621e-300
-2.0547563e-308
1.5796855e-314
-9.2699525e-314
-1.8701795e-313
1.6572686e-313
-3.1395151e-313
6.7327737e-313
4.8531342e-313
-9.028514e-10
3.6019604e-22
-9.2071722e-35
2.354916e-47
-9.0052323e-60
6.9274254e-72
-1.3299626e-83
7.4113345e-95
-1.2731262e-105
6.4853521e-116
-9.5815592e-126
4.5911484e-135
-8.4247831e-144
4.3051454e-152
-2.4238684e-160
1.2074638e-168
-5.7087224e-177
2.6944946e-185
-1.2757879e-193
6.0859818e-202
-2.9226081e-210
1.4120876e-218
-6.8351527e-227
3.3108314e-235
-1.6045084e-243
7.7810599e-252
-3.7671315e-260
1.8190113e-268
-8.8083797e-277
4.3122203e-285
-2.1586012e-293
1.1210827e-301
-6.1424296e-310
1.4582973e-314
-1.359658e-313
1.9759438e-313
-1.7281826e-313
-3.252536e-313
-6.8888569e-313
-1.1806856e-312
-9.167545e-10
3.7172871e-22
-9.5145585e-35
2.3423162e-47
-8.3312368e-60
5.9160383e-72
-1.0689629e-83
5.7553105e-95
-9.4342322e-106
4.2513349e-116
-5.1038387e-126
1.900444e-135
-2.8118538e-144
1.4541286e-152
-9.3050615e-161
5.13991e-169
-2.6981028e-177
1.4116733e-185
-7.5532128e-194
4.1021731e-202
-2.2502525e-210
1.2424957e-218
-6.8791076e-227
3.7888578e-235
-2.0798432e-243
1.1233997e-251
-5.9873123e-260
3.127547e-268
-1.6040314e-276
8.051041e-285
-3.9925333e-293
1.9818415e-301
-1.0049626e-309
7.1989469e-314
-1.3006303e-313
7.0778135e-314
1.7447817e-313
3.3196401e-313
-7.5408715e-313
-9.6431505e-313
-9.3038376e-10
3.8410364e-22
-9.9120107e-35
2.3685515e-47
-7.8257084e-60
5.0252067e-72
-8.2069654e-84
4.1122496e-95
-6.572239e-106
2.9620758e-116
-3.5506026e-126
1.3323112e-135
-2.1613009e-144
1.6549373e-152
-1.6003312e-160
1.2184948e-168
-8.6293601e-177
6.2192045e-185
-4.6091676e-193
3.5302575e-201
-2.7454011e-209
2.1733321e-217
-1.7202408e-225
1.3677508e-233
-1.0819187e-241
8.6490473e-250
-7.0620147e-258
5.9082977e-266
-4.989769e-274
4.1511881e-282
-3.3035583e-290
2.4993519e-298
-1.8804118e-306
2.7302381e-314
-1.1591353e-313
1.9826365e-313
1.1109592e-313
3.4565626e-313
7.8083714e-313
1.1048015e-312
-9.434595e-10
3.9701764e-22
-1.0397409e-34
2.4380038e-47
-7.5245693e-60
4.3257144e-72
-6.1792334e-84
2.754342e-95
-4.3031495e-106
2.2186439e-116
-3.4623621e-126
1.9083724e-135
-6.3891443e-144
-3.7296725e-150
1.9070435e-157
-3.2745174e-165
4.8467853e-173
-7.4425577e-181
1.264963e-188
-2.3357528e-196
4.5482982e-204
-9.1012994e-212
1.8114787e-219
-3.4804051e-227
6.287904e-235
-1.0413261e-242
1.5466992e-250
-2.0218013e-258
2.316499e-266
-2.3126952e-274
2.0373909e-282
-1.6091196e-290
1.2188453e-298
-1.1024323e-306
1.9149493e-313
1.3103501e-312
-1.8224581e-313
3.465566e-313
-4.4622009e-313
-1.2027898e-312
-9.5578637e-10
4.1016637e-22
-1.0965812e-34
2.5547694e-47
-7.4530802e-60
3.8451141e-72
-4.7299118e-84
1.8071001e-95
-2.6998202e-106
1.8808194e-116
-7.3754306e-126
1.0059077e-133
3.3069325e-142
1.611162e-150
1.9020311e-158
6.1366525e-166
3.0666968e-173
1.2754644e-180
4.3225564e-188
1.2688735e-195
3.4654448e-203
8.8424918e-211
2.3106085e-218
6.3164178e-226
1.956928e-233
6.9380989e-241
3.3936183e-248
3.0963057e-255
-2.8250241e-261
1.7439469e-268
-5.2156848e-276
1.0320813e-283
-1.7033112e-291
3.3641884e-299
-5.08743e-306
-9.0486948e-314
1.8804534e-313
3.720874e-313
7.3644559e-313
-1.2371404e-312
-9.6722801e-10
4.2324184e-22
-1.1607689e-34
2.7221427e-47
-7.630766e-60
3.5804767e-72
-3.8053624e-84
1.2245967e-95
-1.6783954e-106
2.0176064e-116
7.4782638e-126
3.1136503e-135
2.6951287e-144
5.7907901e-153
2.9189977e-161
2.3914401e-169
2.1655234e-177
1.8867922e-185
1.5815646e-193
1.2900835e-201
1.0508395e-209
9.0007175e-218
8.958689e-226
1.2203997e-233
2.6064169e-241
8.193468e-249
3.8208804e-256
3.4104785e-263
-3.0565487e-269
1.8628457e-276
-5.5822752e-284
1.1131005e-291
-1.912283e-299
3.9279029e-307
-2.2797515e-313
1.2648684e-313
1.9393526e-313
-4.0011613e-313
2.6425808e-313
-1.4929872e-312
-9.7768555e-10
4.3593113e-22
-1.230742e-34
2.9417896e-47
-8.0768277e-60
3.5201355e-72
-3.2920304e-84
8.9609575e-96
-1.0785404e-106
3.6800728e-116
4.3883668e-126
8.3642727e-136
3.8897099e-145
5.1455081e-154
1.6650387e-162
8.1209474e-171
4.2446875e-179
2.1878742e-187
1.1038342e-195
5.4905147e-204
2.7114936e-212
1.3349986e-220
6.5795628e-229
3.2658975e-237
1.6391437e-245
8.3733877e-254
4.4117365e-262
2.5704158e-270
-1.5795238e-277
1.0267952e-284
-2.9880601e-292
5.9577249e-300
-1.0588217e-307
-9.1559563e-314
9.703998e-314
-1.2820924e-313
-1.9975253e-313
4.5665693e-313
1.5224845e-312
-6.4295499e-313
-9.8709771e-10
4.4793361e-22
-1.3042941e-34
3.2126382e-47
-8.812416e-60
3.6589317e-72
-3.0949845e-84
7.2751124e-96
-7.4812262e-107
-3.0274558e-115
-2.2630585e-125
-2.8406062e-135
-9.0570056e-145
-8.7138505e-154
-2.1482626e-162
-8.0064998e-171
-3.1795015e-179
-1.2536075e-187
-4.8762253e-196
-1.887413e-204
-7.3033708e-213
-2.8253098e-221
-1.0943324e-229
-4.2523844e-238
-1.6607149e-246
-6.5271688e-255
-2.5836629e-263
-1.0377182e-271
-4.2473719e-280
-1.784992e-288
-7.7809051e-297
-3.5741632e-305
-1.8967013e-313
-4.687334e-314
-3.6493169e-314
-1.3255668e-313
-2.1474557e-313
-6.233853e-313
-2.211213e-312
1.814828e-312
-9.954148e-10
4.5897043e-22
-1.378638e-34
3.5294483e-47
-9.8575454e-60
4.0043337e-72
-3.1623823e-84
6.6167425e-96
-5.7890696e-107
-3.1696454e-115
-1.9024146e-125
-1.8903577e-135
-4.7897003e-145
-3.7624031e-154
-7.9263123e-163
-2.5804112e-171
-8.9809586e-180
-3.1125982e-188
-1.0798494e-196
-3.7490913e-205
-1.2989473e-213
-4.5146868e-222
-1.5704584e-230
-5.4803766e-239
-1.9102426e-247
-6.6437726e-256
-2.3159499e-264
-8.066744e-273
-2.8201385e-281
-9.877833e-290
-3.5046552e-298
-1.2766763e-306
7.3174873e-314
8.6719027e-314
8.0269691e-314
-1.3122124e-313
-2.4187404e-313
-7.9163074e-313
-1.0900733e-312
-7.2660893e-313
-1.0026113e-09
4.688113e-22
-1.4506649e-34
3.8816766e-47
-1.1222782e-59
4.5760234e-72
-3.4846083e-84
6.7149001e-96
-5.0743954e-107
1.5058735e-116
8.5453993e-127
7.6500811e-137
1.7202342e-146
1.2086425e-155
2.3630763e-164
7.3768444e-173
2.4881978e-181
8.4396736e-190
2.8723075e-198
9.824476e-207
3.3712586e-215
1.1616179e-223
4.0077361e-232
1.380104e-240
4.7356606e-249
1.6173837e-257
5.4698232e-266
1.8380277e-274
6.1255858e-283
2.0157835e-291
6.6143859e-300
2.1936879e-308
7.4726344e-314
-4.8409108e-314
-1.0328946e-313
1.4483499e-313
6.5690931e-314
-1.098507e-312
1.9943868e-312
5.2951232e-313
-1.0086799e-09
4.7729042e-22
-1.5173129e-34
4.2531404e-47
-1.2896225e-59
5.4000519e-72
-4.086594e-84
7.5026331e-96
-5.0283408e-107
5.0944951e-117
3.1506835e-127
2.828129e-137
6.1977887e-147
4.2177151e-156
8.2044957e-165
2.658691e-173
9.48903e-182
3.4152766e-190
1.2382797e-198
4.5297789e-207
1.6691183e-215
6.1688621e-224
2.2893363e-232
8.4560384e-241
3.1043927e-249
1.1315875e-257
4.0729354e-266
1.4426193e-274
5.0073665e-283
1.7013472e-291
5.7019136e-300
1.9065969e-308
-8.1491136e-314
8.8509447e-314
-1.0580624e-313
-1.7340187e-313
-3.4543893e-313
-1.6786101e-312
2.0308866e-312
-2.0258229e-312
-1.0136455e-09
4.843267e-22
-1.5760203e-34
4.6233208e-47
-1.4829652e-59
6.497601e-72
-5.0175836e-84
9.0535145e-96
-5.5505291e-107
3.0444835e-117
2.3960442e-127
2.3810362e-137
5.5312862e-147
3.9216069e-156
8.107909e-165
2.9183733e-173
1.1834382e-181
4.877097e-190
2.0360269e-198
8.5980375e-207
3.6649023e-215
1.5700546e-223
6.7296277e-232
2.8798122e-240
1.2189017e-248
5.1010292e-257
2.0957109e-265
8.427446e-274
3.3048142e-282
1.2590008e-290
4.6773461e-299
1.7249401e-307
2.9223766e-314
-3.6107149e-315
-1.2048128e-313
-6.0698775e-314
4.2480601e-313
-2.32908e-312
3.5388077e-312
-1.3985172e-312
-1.0175629e-09
4.8992547e-22
-1.6250821e-34
4.9703367e-47
-1.6929979e-59
7.868674e-72
-6.335103e-84
1.1538964e-95
-6.6744793e-107
2.4577536e-117
3.091135e-127
3.7646804e-137
1.0058949e-146
7.97165e-156
1.8660925e-164
7.9814474e-173
3.9429034e-181
2.0021765e-189
1.0322902e-197
5.4100041e-206
2.8722833e-214
1.5303208e-222
8.1781351e-231
4.3525649e-239
2.2882832e-247
1.189562e-255
6.0270759e-264
2.9775777e-272
1.4209718e-280
6.5430219e-289
2.9214022e-297
1.286735e-305
1.6915573e-313
1.2285065e-313
-6.0301927e-314
-3.8235047e-314
8.864718e-313
-1.0140815e-312
3.5999079e-312
-7.4265366e-313
-1.0205243e-09
4.9417671e-22
-1.6638557e-34
5.275077e-47
-1.9064317e-59
9.4748317e-72
-8.0795559e-84
1.5178682e-95
-8.5206812e-107
2.4021189e-117
8.849412e-127
1.4901739e-136
4.9804595e-146
4.7350635e-155
1.3289489e-163
7.2113842e-172
4.6915073e-180
3.1618946e-188
2.1896029e-196
1.5368372e-204
1.0947438e-212
7.8426131e-221
5.6481731e-229
4.0379336e-237
2.8517761e-245
1.9733597e-253
1.3285585e-261
8.6606842e-270
5.4124079e-278
2.9339096e-286
-4.871659e-294
-2.5826967e-300
2.0044158e-305
-1.935506e-311
-8.4201282e-314
1.1720698e-313
-6.7478383e-313
-2.7864549e-313
1.2347367e-313
2.9012354e-312
-1.0226492e-09
4.97233e-22
-1.6927058e-34
5.5248694e-47
-2.1081913e-59
1.1229274e-71
-1.024088e-83
2.0159661e-95
-1.1250799e-106
2.6574977e-117
-1.159862e-126
-3.2246372e-136
-1.4847732e-145
-1.824009e-154
-6.5748826e-163
-4.8579132e-171
-4.4981442e-179
-4.4037441e-187
-4.4197972e-195
-4.5615459e-203
-4.746606e-211
-5.0222298e-219
-5.2870787e-227
-5.5564561e-235
-5.7404245e-243
-5.8379706e-251
-8.6665598e-259
-1.2898164e-265
-2.7359056e-272
-5.7942543e-279
-1.1913757e-285
-4.5973286e-292
3.3547877e-297
-2.7756408e-303
-2.1385412e-309
1.9333941e-313
2.5004567e-312
-2.5653781e-312
5.236138e-312
1.593029e-313
-1.0240781e-09
4.9929104e-22
-1.712792e-34
5.7154155e-47
-2.2848349e-59
1.3004472e-71
-1.2729996e-83
2.6522859e-95
-1.5001897e-106
3.1692203e-117
-4.8216263e-127
-3.3128827e-136
-2.3918633e-145
-4.1391357e-154
-2.0657039e-162
-2.2498008e-170
-3.2852205e-178
-5.1738749e-186
-8.3769008e-194
-1.3945547e-201
-2.3861496e-209
-4.100884e-217
-7.1149107e-225
-1.3392689e-232
-5.4112905e-239
-5.7252701e-245
-3.0449463e-251
-1.3161808e-257
-3.058318e-264
-6.8428167e-271
-1.4857047e-277
-5.765302e-284
3.909614e-289
-2.6802227e-295
-1.2732333e-301
7.1094012e-308
-1.7523023e-313
-2.135275e-312
6.521874e-312
1.916137e-312
-1.024958e-09
5.0056315e-22
-1.7257347e-34
5.8502245e-47
-2.4277068e-59
1.4659918e-71
-1.5375026e-83
3.4055573e-95
-1.9800438e-106
3.9254336e-117
-3.9698186e-127
1.2245443e-135
1.7453947e-144
4.7747058e-153
3.575892e-161
6.3292055e-169
1.6383973e-176
4.8202396e-184
1.4927209e-191
4.7755119e-199
1.5529288e-206
5.3324648e-214
-5.5997197e-220
-7.0391708e-226
-3.0727489e-231
-3.4718355e-237
-1.9293547e-243
-8.7013166e-250
-2.1543682e-256
-5.1438481e-263
-1.1920851e-269
-4.6218728e-276
2.8332073e-281
-1.5239593e-287
-3.7367395e-294
2.5088527e-301
-1.882262e-308
2.7413427e-312
-4.3523484e-312
-1.1468283e-312
-1.0254366e-09
5.0125921e-22
-1.7333015e-34
5.9382671e-47
-2.5344237e-59
1.6080094e-71
-1.7956289e-83
4.2263353e-95
-2.5487872e-106
4.9109815e-117
-4.0221213e-127
2.3929537e-136
1.5504761e-144
8.1304456e-153
1.0434404e-160
3.4604205e-168
2.0144821e-175
1.4288417e-182
1.117927e-189
9.5249299e-197
2.6524528e-203
4.8500634e-208
-1.7449253e-212
-2.1623015e-218
-9.4570119e-224
-1.1260301e-229
-6.5058792e-236
-3.0972809e-242
-8.2859747e-249
-2.1362148e-255
-5.2931722e-262
-2.0577358e-268
1.0690199e-273
-4.0167223e-280
-2.5157072e-287
6.9204956e-295
-6.2556531e-302
1.9984409e-308
-1.2184017e-312
2.4596403e-313
-1.0256504e-09
5.0156733e-22
-1.7371541e-34
5.9909258e-47
-2.6081594e-59
1.7202879e-71
-2.026758e-83
5.0464081e-95
-3.170086e-106
6.0831687e-117
-4.4535572e-127
1.6918634e-136
-6.7038934e-145
-1.2328156e-152
-3.4301041e-160
-2.8643273e-167
-7.0319791e-174
-5.1761382e-180
-6.3306918e-186
-6.1489201e-192
2.127741e-196
5.2286503e-201
-1.9963335e-205
-2.4813008e-211
-1.1333372e-216
-1.4420345e-222
-8.7921505e-229
-4.5378636e-235
-1.3839462e-241
-3.7373466e-248
-9.884296e-255
-3.7910192e-261
1.4686024e-266
-2.137287e-273
1.5767567e-280
-9.6511925e-288
7.8318601e-295
-1.3746496e-301
5.8609088e-308
-7.3400401e-312
-1.025727e-09
5.0165281e-22
-1.7387075e-34
6.0194633e-47
-2.6556269e-59
1.8029417e-71
-2.2185291e-83
5.804164e-95
-3.8003087e-106
7.3817772e-117
-5.1172762e-127
1.5767977e-136
-2.9545073e-145
6.8629039e-153
1.0149329e-159
1.9418315e-165
-6.2813146e-172
1.403971e-178
-3.0943992e-185
6.1527125e-192
-1.2855354e-198
2.806248e-205
-1.6006743e-212
5.4145976e-218
2.3566906e-223
2.5026734e-229
1.3524565e-235
6.8902225e-242
1.9115575e-248
4.7615477e-255
1.2794817e-261
4.2661606e-268
-1.8408052e-273
3.0539548e-280
-2.7673477e-287
2.2030586e-294
-2.5249965e-301
6.5142122e-308
-2.516356e-312
5.302984e-312
-1.0257438e-09
5.0162428e-22
-1.7390167e-34
6.0330444e-47
-2.6835844e-59
1.8581232e-71
-2.3606717e-83
6.4214538e-95
-4.3588018e-106
8.6250084e-117
-5.851176e-127
1.6255251e-136
-2.2834817e-145
2.1467964e-153
-1.6497581e-160
3.4739665e-167
-6.621236e-174
1.0490393e-180
-1.7151082e-187
2.6155047e-194
-3.7427135e-201
5.8726717e-208
-9.5314071e-215
1.4493778e-221
-2.3155708e-228
2.9146208e-235
-6.1806964e-242
-1.0189918e-249
-2.8786311e-255
-2.8739486e-262
-1.4182792e-268
-3.3625209e-275
1.7498167e-280
-3.3881062e-287
3.692606e-294
-3.6538585e-301
5.3413512e-308
-2.0851517e-312
9.5031767e-313
1.0967921e-311
-1.0260619e-09
5.0174038e-22
-1.7393051e-34
6.0422118e-47
-2.7059141e-59
1.9083119e-71
-2.5060725e-83
7.1284186e-95
-5.0731981e-106
1.0408667e-116
-7.0977532e-127
1.8621455e-136
-2.1970372e-145
1.3709267e-153
-4.9676665e-161
7.1633613e-168
-1.1936306e-174
2.3107745e-181
-4.2020772e-188
7.5977242e-195
-1.5467831e-201
2.9702219e-208
-6.4348883e-215
1.1473911e-221
-2.0101354e-228
3.8339904e-235
-7.2291532e-242
1.3688187e-248
-2.4275193e-255
5.0697011e-262
-7.1882075e-269
9.1379553e-276
-8.6986491e-283
6.6290431e-290
-4.5867957e-297
3.18467e-304
-2.9012342e-311
-2.1069977e-312
2.1522237e-312
-7.536508e-312
)
;

boundaryField
{
    wall
    {
        type            fixedValue;
        value           uniform 350;
    }
    sides
    {
        type            zeroGradient;
    }
    frontAndBack
    {
        type            empty;
    }
    inlet
    {
        type            fixedValue;
        value           uniform 300;
    }
    outlet
    {
        type            zeroGradient;
    }
}


// ************************************************************************* //
