/*--------------------------------*- C++ -*----------------------------------*\
  =========                 |
  \\      /  F ield         | OpenFOAM: The Open Source CFD Toolbox
   \\    /   O peration     | Website:  https://openfoam.org
    \\  /    A nd           | Version:  10
     \\/     M anipulation  |
\*---------------------------------------------------------------------------*/
FoamFile
{
    format      ascii;
    class       volScalarField;
    location    "0.18";
    object      T_0;
}
// * * * * * * * * * * * * * * * * * * * * * * * * * * * * * * * * * * * * * //

dimensions      [0 0 0 1 0 0 0];

internalField   nonuniform List<scalar> 
4000
(
303.10135
299.34291
299.99042
300.00082
299.99993
300
300
300
300
300
300
300
300
300
300
300
300
300
300
300
300
300
300
300
300
300
300
300
300
300
300
300
300
300
300
300
300
300
300
300.00001
309.66344
298.49297
299.77921
300.00184
300.0008
299.99999
300
300
300
300
300
300
300
300
300
300
300
300
300
300
300
300
300
300
300
300
300
300
300
300
300
300
300
300
300
300
300
300
299.99999
300.00002
316.00423
298.68456
299.3922
299.97569
300.00406
300.00025
299.99999
300
300
300
300
300
300
300
300
300
300
300
300
300
300
300
300
300
300
300
300
300
300
300
300
300
300
300
300
300
300
299.99999
299.99999
300.00002
321.74223
299.84589
298.9848
299.89491
300.00716
300.00138
300
299.99999
300
300
300
300
300
300
300
300
300
300
300
300
300
300
300
300
300
300
300
300
300
300
300
300
300
300
300
300
299.99999
299.99999
299.99999
300.00003
326.67099
301.70044
298.71
299.75313
300.00322
300.00379
300.00017
299.99998
300
300
300
300
300
300
300
300
300
300
300
300
300
300
300
300
300
300
300
300
300
300
300
300
300
300
299.99999
299.99999
299.99999
299.99998
299.99999
300.00004
330.68487
303.94792
298.66326
299.56831
299.98426
300.00696
300.00071
299.99996
299.99999
300
300
300
300
300
300
300
300
300
300
300
300
300
300
300
300
300
300
300
300
300
300
300
300
299.99999
299.99999
299.99999
299.99999
299.99998
300
300.00004
333.77412
306.33059
298.87086
299.37371
299.94516
300.00937
300.0018
300
299.99998
299.99999
300
300
300
300
300
300
300
300
300
300
300
300
300
300
300
300
300
300
300
300
300
300
299.99999
299.99999
299.99999
299.99999
299.99998
299.99998
300
300.00004
336.02151
308.66393
299.3077
299.20385
299.88579
300.00889
300.00344
300.00014
299.99996
299.99999
300
300
300
300
300
300
300
300
300
300
300
300
300
300
300
300
300
300
300
300
300
299.99999
299.99999
299.99999
299.99999
299.99999
299.99998
299.99998
300.00001
300.00004
337.57359
310.8371
299.92403
299.08466
299.81051
300.00351
300.0054
300.00045
299.99995
299.99999
299.99999
300
300
300
300
300
300
300
300
300
300
300
300
300
300
300
300
300
300
300
299.99999
299.99999
299.99999
299.99999
299.99999
299.99998
299.99998
299.99998
300.00001
300.00004
338.6017
312.79735
300.6653
299.0306
299.72636
299.99191
300.00724
300.00099
299.99996
299.99998
299.99999
299.99999
300
300
300
300
300
300
300
300
300
300
300
300
300
300
300
300
300
299.99999
299.99999
299.99999
299.99999
299.99999
299.99999
299.99998
299.99998
299.99998
300.00002
300.00004
339.26856
314.53178
301.48287
299.04609
299.64109
299.97368
300.00839
300.00175
300
299.99996
299.99999
299.99999
299.99999
300
300
300
300
300
300
300
300
300
300
300
300
300
300
300
299.99999
299.99999
299.99999
299.99999
299.99999
299.99999
299.99998
299.99998
299.99998
299.99999
300.00002
300.00004
339.70746
316.05167
302.33837
299.12844
299.5617
299.94927
300.00833
300.00267
300.00011
299.99995
299.99999
299.99999
299.99999
299.99999
300
300
300
300
300
300
300
300
300
300
300
300
300
299.99999
299.99999
299.99999
299.99999
299.99999
299.99999
299.99999
299.99998
299.99998
299.99998
299.99999
300.00002
300.00004
340.015
317.38044
303.20414
299.27094
299.4938
299.91977
300.0066
300.00366
300.00029
299.99995
299.99998
299.99999
299.99999
299.99999
299.99999
299.99999
300
300
300
300
300
300
300
300
300
299.99999
299.99999
299.99999
299.99999
299.99999
299.99999
299.99999
299.99999
299.99999
299.99998
299.99998
299.99998
299.99999
300.00003
300.00004
340.25384
318.54558
304.06179
299.46521
299.44133
299.88663
300.00292
300.0046
300.00055
299.99995
299.99998
299.99999
299.99999
299.99999
299.99999
299.99999
299.99999
299.99999
300
300
300
300
300
299.99999
299.99999
299.99999
299.99999
299.99999
299.99999
299.99999
299.99999
299.99999
299.99999
299.99998
299.99998
299.99998
299.99998
300
300.00003
300.00004
340.46043
319.57391
304.89994
299.70267
299.40674
299.85146
299.99715
300.00533
300.00089
299.99997
299.99997
299.99999
299.99999
299.99999
299.99999
299.99999
299.99999
299.99999
299.99999
299.99999
299.99999
299.99999
299.99999
299.99999
299.99999
299.99999
299.99999
299.99999
299.99999
299.99999
299.99999
299.99999
299.99999
299.99998
299.99998
299.99997
299.99998
300
300.00003
300.00003
340.65349
320.48928
305.7122
299.97538
299.39127
299.81586
299.98929
300.00572
300.00128
300.00001
299.99996
299.99999
299.99999
299.99999
299.99999
299.99999
299.99999
299.99999
299.99999
299.99999
299.99999
299.99999
299.99999
299.99999
299.99999
299.99999
299.99999
299.99999
299.99999
299.99999
299.99999
299.99999
299.99999
299.99998
299.99998
299.99997
299.99998
300
300.00003
300.00003
340.84108
321.31168
306.49549
300.2764
299.39529
299.78127
299.97949
300.00566
300.00172
300.00008
299.99996
299.99998
299.99999
299.99999
299.99999
299.99999
299.99999
299.99999
299.99999
299.99999
299.99999
299.99999
299.99999
299.99999
299.99999
299.99999
299.99999
299.99999
299.99999
299.99999
299.99999
299.99999
299.99998
299.99998
299.99998
299.99997
299.99998
300
300.00003
300.00003
341.0255
322.05732
307.24874
300.59981
299.41851
299.749
299.96798
300.00502
300.00215
300.00018
299.99996
299.99998
299.99999
299.99999
299.99999
299.99999
299.99999
299.99999
299.99999
299.99999
299.99999
299.99999
299.99999
299.99999
299.99999
299.99999
299.99999
299.99999
299.99999
299.99999
299.99999
299.99999
299.99998
299.99998
299.99998
299.99997
299.99998
300.00001
300.00003
300.00003
341.2064
322.739
307.97208
300.94067
299.46024
299.72013
299.95506
300.00375
300.00256
300.0003
299.99996
299.99998
299.99999
299.99999
299.99999
299.99999
299.99999
299.99999
299.99999
299.99999
299.99999
299.99999
299.99999
299.99999
299.99999
299.99999
299.99999
299.99999
299.99999
299.99999
299.99999
299.99999
299.99998
299.99998
299.99998
299.99997
299.99998
300.00001
300.00003
300.00003
341.38252
323.36671
308.66629
301.29488
299.51952
299.69556
299.94107
300.0018
300.0029
300.00044
299.99997
299.99998
299.99999
299.99999
299.99999
299.99999
299.99999
299.99999
299.99999
299.99999
299.99999
299.99999
299.99999
299.99999
299.99999
299.99999
299.99999
299.99999
299.99999
299.99999
299.99999
299.99998
299.99998
299.99998
299.99998
299.99997
299.99999
300.00001
300.00003
300.00003
341.55258
323.94817
309.33243
301.65905
299.59526
299.67601
299.92637
299.99914
300.00313
300.00061
299.99999
299.99997
299.99999
299.99999
299.99999
299.99999
299.99999
299.99999
299.99999
299.99999
299.99999
299.99999
299.99999
299.99999
299.99999
299.99999
299.99999
299.99999
299.99999
299.99999
299.99999
299.99998
299.99998
299.99998
299.99997
299.99998
299.99999
300.00001
300.00003
300.00003
341.71557
324.48941
309.97166
302.03035
299.68629
299.66203
299.91132
299.9958
300.00322
300.00078
300.00002
299.99997
299.99998
299.99999
299.99999
299.99999
299.99999
299.99999
299.99999
299.99999
299.99999
299.99999
299.99999
299.99999
299.99999
299.99999
299.99999
299.99999
299.99999
299.99999
299.99998
299.99998
299.99998
299.99998
299.99997
299.99998
299.99999
300.00002
300.00003
300.00003
341.8709
324.99516
310.58517
302.40642
299.7914
299.65403
299.89631
299.99178
300.00314
300.00096
300.00006
299.99997
299.99998
299.99999
299.99999
299.99999
299.99999
299.99999
299.99999
299.99999
299.99999
299.99999
299.99999
299.99999
299.99999
299.99999
299.99999
299.99999
299.99999
299.99999
299.99998
299.99998
299.99998
299.99998
299.99997
299.99998
299.99999
300.00002
300.00004
300.00003
342.01831
325.4692
311.17409
302.78527
299.90941
299.65229
299.88168
299.98716
300.00286
300.00114
300.0001
299.99997
299.99998
299.99999
299.99999
299.99999
299.99999
299.99999
299.99999
299.99999
299.99999
299.99999
299.99999
299.99999
299.99999
299.99999
299.99999
299.99999
299.99999
299.99999
299.99998
299.99998
299.99998
299.99998
299.99997
299.99998
299.99999
300.00002
300.00004
300.00003
342.15785
325.91462
311.7395
303.16523
300.03916
299.65699
299.86775
299.98199
300.00236
300.0013
300.00016
299.99998
299.99998
299.99999
299.99999
299.99999
299.99999
299.99999
299.99999
299.99999
299.99999
299.99999
299.99999
299.99999
299.99999
299.99999
299.99999
299.99999
299.99999
299.99998
299.99998
299.99998
299.99998
299.99998
299.99997
299.99998
300
300.00002
300.00004
300.00003
342.28974
326.33399
312.28241
303.54488
300.17951
299.66822
299.85485
299.97636
300.00163
300.00143
300.00022
299.99998
299.99998
299.99999
299.99999
299.99999
299.99999
299.99999
299.99999
299.99999
299.99999
299.99999
299.99999
299.99999
299.99999
299.99999
299.99999
299.99999
299.99999
299.99998
299.99998
299.99998
299.99998
299.99998
299.99997
299.99998
300
300.00002
300.00004
300.00003
342.41431
326.72953
312.80378
303.92303
300.32939
299.68598
299.84325
299.97035
300.00065
300.00153
300.00028
299.99999
299.99998
299.99998
299.99999
299.99999
299.99999
299.99999
299.99999
299.99999
299.99999
299.99999
299.99999
299.99999
299.99999
299.99999
299.99999
299.99999
299.99998
299.99998
299.99998
299.99998
299.99998
299.99997
299.99997
299.99998
300
300.00002
300.00003
300.00003
342.53197
327.10311
313.30452
304.29863
300.48778
299.71021
299.83321
299.96407
299.99942
300.00158
300.00035
300
299.99998
299.99998
299.99999
299.99999
299.99999
299.99999
299.99999
299.99999
299.99999
299.99999
299.99999
299.99999
299.99999
299.99999
299.99999
299.99999
299.99998
299.99998
299.99998
299.99998
299.99998
299.99997
299.99997
299.99998
300
300.00002
300.00003
300.00003
342.64312
327.45642
313.78548
304.67083
300.65372
299.7408
299.82495
299.95762
299.99795
300.00157
300.00042
300.00002
299.99998
299.99998
299.99999
299.99999
299.99999
299.99999
299.99999
299.99999
299.99999
299.99999
299.99999
299.99999
299.99999
299.99999
299.99999
299.99998
299.99998
299.99998
299.99998
299.99998
299.99998
299.99997
299.99997
299.99998
300
300.00003
300.00003
300.00003
342.74816
327.7909
314.24746
305.03888
300.82627
299.77759
299.81867
299.9511
299.99624
300.00149
300.00049
300.00003
299.99998
299.99998
299.99998
299.99999
299.99999
299.99999
299.99999
299.99999
299.99999
299.99999
299.99999
299.99999
299.99999
299.99999
299.99999
299.99998
299.99998
299.99998
299.99998
299.99998
299.99998
299.99997
299.99997
299.99998
300
300.00003
300.00003
300.00003
342.84747
328.10787
314.69122
305.40214
301.0046
299.82039
299.81453
299.94463
299.9943
300.00134
300.00056
300.00006
299.99998
299.99998
299.99998
299.99999
299.99999
299.99999
299.99999
299.99999
299.99999
299.99999
299.99999
299.99999
299.99999
299.99999
299.99998
299.99998
299.99998
299.99998
299.99998
299.99998
299.99998
299.99997
299.99997
299.99998
300
300.00003
300.00003
300.00003
342.94138
328.40845
315.11747
305.76007
301.18788
299.86896
299.81268
299.93831
299.99216
300.00111
300.00061
300.00008
299.99998
299.99998
299.99998
299.99998
299.99999
299.99999
299.99999
299.99999
299.99999
299.99999
299.99999
299.99999
299.99999
299.99998
299.99998
299.99998
299.99998
299.99998
299.99998
299.99998
299.99998
299.99997
299.99997
299.99998
300.00001
300.00003
300.00003
300.00003
343.03017
328.69366
315.52689
306.11219
301.37535
299.92306
299.81323
299.93225
299.98984
300.0008
300.00066
300.0001
299.99998
299.99998
299.99998
299.99998
299.99998
299.99999
299.99999
299.99999
299.99999
299.99999
299.99999
299.99999
299.99998
299.99998
299.99998
299.99998
299.99998
299.99998
299.99998
299.99998
299.99997
299.99997
299.99997
299.99999
300.00001
300.00003
300.00003
300.00003
343.1141
328.96436
315.92007
306.4581
301.56631
299.98241
299.81627
299.92655
299.98736
300.00039
300.00069
300.00013
299.99999
299.99998
299.99998
299.99998
299.99998
299.99998
299.99998
299.99999
299.99999
299.99999
299.99999
299.99998
299.99998
299.99998
299.99998
299.99998
299.99998
299.99998
299.99998
299.99998
299.99997
299.99997
299.99997
299.99999
300.00001
300.00003
300.00003
300.00003
343.19337
329.22132
316.29759
306.79746
301.76008
300.04673
299.82186
299.92131
299.98475
299.9999
300.0007
300.00015
299.99999
299.99998
299.99998
299.99998
299.99998
299.99998
299.99998
299.99998
299.99998
299.99998
299.99998
299.99998
299.99998
299.99998
299.99998
299.99998
299.99998
299.99998
299.99998
299.99998
299.99997
299.99997
299.99998
299.99999
300.00001
300.00003
300.00003
300.00004
343.26811
329.46517
316.65994
307.12993
301.95602
300.11573
299.83004
299.91662
299.98204
299.99931
300.00069
300.00018
300
299.99998
299.99998
299.99998
299.99998
299.99998
299.99998
299.99998
299.99998
299.99998
299.99998
299.99998
299.99998
299.99998
299.99998
299.99998
299.99998
299.99998
299.99998
299.99998
299.99997
299.99997
299.99998
299.99999
300.00001
300.00003
300.00003
300.00004
343.33846
329.69643
317.00758
307.45526
302.15354
300.18909
299.84084
299.91257
299.97927
299.99864
300.00065
300.00021
300.00001
299.99998
299.99998
299.99998
299.99998
299.99998
299.99998
299.99998
299.99998
299.99998
299.99998
299.99998
299.99998
299.99998
299.99998
299.99998
299.99998
299.99998
299.99998
299.99998
299.99997
299.99997
299.99998
299.99999
300.00001
300.00003
300.00003
300.00004
343.40449
329.91554
317.34089
307.77317
302.35207
300.2665
299.85426
299.90924
299.97648
299.99788
300.00059
300.00023
300.00002
299.99998
299.99998
299.99998
299.99998
299.99998
299.99998
299.99998
299.99998
299.99998
299.99998
299.99998
299.99998
299.99998
299.99998
299.99998
299.99998
299.99998
299.99998
299.99998
299.99997
299.99997
299.99998
299.99999
300.00001
300.00003
300.00004
300.00004
343.46622
330.12282
317.66021
308.08343
302.55107
300.34764
299.87028
299.9067
299.9737
299.99704
300.0005
300.00025
300.00002
299.99998
299.99998
299.99998
299.99998
299.99998
299.99998
299.99998
299.99998
299.99998
299.99998
299.99998
299.99998
299.99998
299.99998
299.99998
299.99998
299.99998
299.99998
299.99997
299.99997
299.99997
299.99998
299.99999
300.00001
300.00003
300.00004
300.00004
343.52367
330.31848
317.96578
308.38582
302.75003
300.43219
299.88886
299.90501
299.97096
299.99613
300.00038
300.00026
300.00003
299.99998
299.99998
299.99998
299.99998
299.99998
299.99998
299.99998
299.99998
299.99998
299.99998
299.99998
299.99998
299.99998
299.99998
299.99998
299.99998
299.99998
299.99998
299.99997
299.99997
299.99997
299.99998
299.99999
300.00001
300.00003
300.00004
300.00004
343.5768
330.50266
318.25782
308.68009
302.94846
300.51981
299.90996
299.90424
299.96831
299.99515
300.00023
300.00027
300.00004
299.99998
299.99998
299.99998
299.99998
299.99998
299.99998
299.99998
299.99998
299.99998
299.99998
299.99998
299.99998
299.99998
299.99998
299.99998
299.99998
299.99998
299.99998
299.99997
299.99997
299.99997
299.99998
299.99999
300.00001
300.00003
300.00004
300.00004
343.62557
330.67539
318.53643
308.96603
303.14587
300.61019
299.93352
299.90443
299.96579
299.99412
300.00004
300.00027
300.00005
299.99999
299.99998
299.99998
299.99998
299.99998
299.99998
299.99998
299.99998
299.99998
299.99998
299.99998
299.99998
299.99998
299.99998
299.99998
299.99998
299.99998
299.99998
299.99997
299.99997
299.99997
299.99998
299.99999
300.00002
300.00003
300.00004
300.00005
343.6699
330.83661
318.80166
309.24339
303.3418
300.70298
299.95945
299.90562
299.96343
299.99304
299.99982
300.00027
300.00006
299.99999
299.99998
299.99998
299.99998
299.99998
299.99998
299.99998
299.99998
299.99998
299.99998
299.99998
299.99998
299.99998
299.99998
299.99998
299.99998
299.99998
299.99998
299.99997
299.99997
299.99997
299.99998
299.99999
300.00002
300.00003
300.00004
300.00005
343.70972
330.9862
319.05348
309.51192
303.5358
300.79784
299.98766
299.90786
299.96126
299.99192
299.99957
300.00025
300.00007
299.99999
299.99998
299.99998
299.99998
299.99998
299.99998
299.99998
299.99998
299.99998
299.99998
299.99998
299.99998
299.99998
299.99998
299.99998
299.99998
299.99998
299.99997
299.99997
299.99997
299.99997
299.99998
300
300.00002
300.00003
300.00004
300.00005
343.74495
331.12394
319.29179
309.77133
303.72743
300.89445
300.01804
299.91115
299.95933
299.99078
299.99929
300.00023
300.00007
299.99999
299.99998
299.99998
299.99998
299.99998
299.99998
299.99998
299.99998
299.99998
299.99998
299.99998
299.99998
299.99998
299.99998
299.99998
299.99998
299.99998
299.99997
299.99997
299.99997
299.99997
299.99998
300
300.00002
300.00003
300.00004
300.00005
343.77552
331.24958
319.5164
310.02132
303.91624
300.99246
300.05049
299.91552
299.95766
299.98963
299.99898
300.0002
300.00008
300
299.99998
299.99998
299.99998
299.99998
299.99998
299.99998
299.99998
299.99998
299.99998
299.99998
299.99998
299.99998
299.99998
299.99998
299.99998
299.99998
299.99997
299.99997
299.99997
299.99997
299.99998
300
300.00002
300.00003
300.00004
300.00005
343.80141
331.3628
319.72704
310.26157
304.10179
301.09153
300.08487
299.92098
299.95628
299.98848
299.99864
300.00015
300.00008
300
299.99998
299.99998
299.99998
299.99998
299.99998
299.99998
299.99998
299.99998
299.99998
299.99998
299.99998
299.99998
299.99998
299.99998
299.99998
299.99998
299.99997
299.99997
299.99997
299.99997
299.99998
300
300.00002
300.00003
300.00004
300.00005
343.82262
331.46332
319.92338
310.4917
304.28364
301.19132
300.12104
299.92753
299.95523
299.98736
299.99827
300.0001
300.00009
300
299.99998
299.99998
299.99998
299.99998
299.99998
299.99998
299.99998
299.99998
299.99998
299.99998
299.99998
299.99998
299.99998
299.99998
299.99998
299.99997
299.99997
299.99997
299.99997
299.99997
299.99998
300
300.00002
300.00003
300.00004
300.00005
343.83923
331.55086
320.10503
310.71131
304.46133
301.29147
300.15887
299.93515
299.95453
299.98626
299.99788
300.00003
300.00009
300
299.99998
299.99998
299.99998
299.99998
299.99998
299.99998
299.99998
299.99998
299.99998
299.99998
299.99998
299.99998
299.99998
299.99998
299.99998
299.99997
299.99997
299.99997
299.99997
299.99997
299.99998
300
300.00002
300.00003
300.00005
300.00006
343.85139
331.62525
320.27157
310.91997
304.63443
301.39163
300.19818
299.94383
299.95419
299.98521
299.99748
299.99995
300.00008
300.00001
299.99998
299.99998
299.99998
299.99998
299.99998
299.99998
299.99998
299.99998
299.99998
299.99998
299.99998
299.99998
299.99998
299.99998
299.99998
299.99997
299.99997
299.99997
299.99997
299.99997
299.99998
300
300.00002
300.00003
300.00005
300.00006
343.85934
331.68647
320.42258
311.11721
304.80246
301.49145
300.23881
299.95354
299.95425
299.98422
299.99705
299.99986
300.00008
300.00001
299.99998
299.99998
299.99998
299.99998
299.99998
299.99998
299.99998
299.99998
299.99998
299.99998
299.99998
299.99998
299.99998
299.99998
299.99997
299.99997
299.99997
299.99997
299.99997
299.99997
299.99998
300
300.00002
300.00004
300.00005
300.00006
343.8634
331.73466
320.55767
311.30257
304.96497
301.59059
300.2806
299.96425
299.95471
299.9833
299.99662
299.99976
300.00007
300.00001
299.99998
299.99998
299.99998
299.99998
299.99998
299.99998
299.99998
299.99998
299.99998
299.99998
299.99998
299.99998
299.99998
299.99998
299.99997
299.99997
299.99997
299.99997
299.99997
299.99997
299.99998
300
300.00002
300.00004
300.00005
300.00006
343.864
331.77025
320.67656
311.47555
305.12149
301.68867
300.32335
299.97592
299.95559
299.98247
299.99618
299.99965
300.00006
300.00001
299.99998
299.99998
299.99998
299.99998
299.99998
299.99998
299.99998
299.99998
299.99998
299.99998
299.99998
299.99998
299.99998
299.99998
299.99997
299.99997
299.99997
299.99997
299.99997
299.99997
299.99998
300
300.00002
300.00004
300.00005
300.00006
343.86163
331.79394
320.77909
311.63571
305.27157
301.78535
300.3669
299.98851
299.9569
299.98174
299.99574
299.99953
300.00004
300.00001
299.99998
299.99998
299.99998
299.99998
299.99998
299.99998
299.99998
299.99998
299.99998
299.99998
299.99998
299.99998
299.99998
299.99997
299.99997
299.99997
299.99997
299.99997
299.99997
299.99997
299.99998
300
300.00002
300.00004
300.00005
300.00006
343.85685
331.80673
320.86535
311.78266
305.41477
301.88029
300.41104
300.00195
299.95863
299.98112
299.9953
299.9994
300.00002
300.00001
299.99998
299.99998
299.99998
299.99998
299.99998
299.99998
299.99998
299.99998
299.99998
299.99998
299.99998
299.99998
299.99998
299.99997
299.99997
299.99997
299.99997
299.99997
299.99997
299.99997
299.99998
300
300.00002
300.00004
300.00005
300.00006
343.85026
331.80989
320.93565
311.91609
305.55068
301.97313
300.45559
300.01619
299.9608
299.98062
299.99487
299.99926
300
300.00001
299.99998
299.99998
299.99998
299.99998
299.99998
299.99998
299.99998
299.99998
299.99998
299.99998
299.99998
299.99998
299.99997
299.99997
299.99997
299.99997
299.99997
299.99997
299.99997
299.99997
299.99998
300
300.00002
300.00004
300.00005
300.00007
343.84243
331.80495
320.99066
312.03584
305.67892
302.06357
300.50035
300.03116
299.9634
299.98026
299.99445
299.99912
299.99997
300.00001
299.99998
299.99998
299.99998
299.99998
299.99998
299.99998
299.99998
299.99998
299.99998
299.99998
299.99998
299.99997
299.99997
299.99997
299.99997
299.99997
299.99997
299.99997
299.99997
299.99997
299.99998
300
300.00002
300.00004
300.00006
300.00007
343.83394
331.7936
321.03133
312.14191
305.79919
302.1513
300.54514
300.04679
299.96642
299.98003
299.99405
299.99897
299.99994
300.00001
299.99998
299.99998
299.99997
299.99998
299.99998
299.99998
299.99998
299.99998
299.99998
299.99998
299.99997
299.99997
299.99997
299.99997
299.99997
299.99997
299.99997
299.99997
299.99997
299.99997
299.99998
300
300.00002
300.00004
300.00006
300.00007
343.82526
331.77759
321.05897
312.23451
305.91127
302.23604
300.58978
300.06301
299.96985
299.97995
299.99368
299.99881
299.9999
300
299.99998
299.99998
299.99997
299.99997
299.99997
299.99998
299.99998
299.99998
299.99997
299.99997
299.99997
299.99997
299.99997
299.99997
299.99997
299.99997
299.99997
299.99997
299.99997
299.99997
299.99999
300
300.00002
300.00004
300.00006
300.00007
343.81683
331.75865
321.07521
312.31411
306.01502
302.31755
300.63409
300.07973
299.97368
299.98002
299.99333
299.99865
299.99986
300
299.99998
299.99998
299.99997
299.99997
299.99997
299.99997
299.99997
299.99997
299.99997
299.99997
299.99997
299.99997
299.99997
299.99997
299.99997
299.99997
299.99997
299.99997
299.99997
299.99997
299.99999
300
300.00002
300.00004
300.00006
300.00007
343.80894
331.73839
321.08191
312.3814
306.11045
302.39565
300.67791
300.0969
299.97789
299.98024
299.99302
299.9985
299.99982
299.99999
299.99998
299.99998
299.99997
299.99997
299.99997
299.99997
299.99997
299.99997
299.99997
299.99997
299.99997
299.99997
299.99997
299.99997
299.99997
299.99997
299.99997
299.99997
299.99997
299.99997
299.99999
300
300.00002
300.00004
300.00006
300.00007
343.80178
331.7182
321.08109
312.43733
306.19767
302.47017
300.72109
300.11442
299.98245
299.98062
299.99274
299.99834
299.99978
299.99998
299.99998
299.99998
299.99997
299.99997
299.99997
299.99997
299.99997
299.99997
299.99997
299.99997
299.99997
299.99997
299.99997
299.99997
299.99997
299.99997
299.99997
299.99997
299.99997
299.99997
299.99999
300
300.00002
300.00004
300.00006
300.00007
343.79545
331.69919
321.07485
312.48308
306.27695
302.54105
300.7635
300.13223
299.98736
299.98116
299.9925
299.99818
299.99973
299.99998
299.99998
299.99998
299.99997
299.99997
299.99997
299.99997
299.99997
299.99997
299.99997
299.99997
299.99997
299.99997
299.99997
299.99997
299.99997
299.99997
299.99997
299.99997
299.99997
299.99997
299.99999
300
300.00003
300.00004
300.00006
300.00007
343.78992
331.68215
321.06524
312.52002
306.34869
302.60823
300.80502
300.15025
299.99259
299.98186
299.9923
299.99803
299.99968
299.99997
299.99998
299.99997
299.99997
299.99997
299.99997
299.99997
299.99997
299.99997
299.99997
299.99997
299.99997
299.99997
299.99997
299.99997
299.99997
299.99997
299.99997
299.99997
299.99997
299.99997
299.99999
300.00001
300.00003
300.00005
300.00006
300.00008
343.78508
331.66749
321.05414
312.54964
306.41342
302.67176
300.84556
300.16842
299.99811
299.98271
299.99215
299.99788
299.99963
299.99996
299.99998
299.99997
299.99997
299.99997
299.99997
299.99997
299.99997
299.99997
299.99997
299.99997
299.99997
299.99997
299.99997
299.99997
299.99997
299.99997
299.99997
299.99997
299.99997
299.99997
299.99999
300.00001
300.00003
300.00005
300.00006
300.00008
343.78074
331.65532
321.04316
312.5735
306.47176
302.73173
300.88506
300.18666
300.0039
299.98371
299.99204
299.99774
299.99958
299.99994
299.99998
299.99997
299.99997
299.99997
299.99997
299.99997
299.99997
299.99997
299.99997
299.99997
299.99997
299.99997
299.99997
299.99997
299.99997
299.99997
299.99997
299.99997
299.99997
299.99997
299.99999
300.00001
300.00003
300.00005
300.00006
300.00008
343.77667
331.6454
321.03357
312.59312
306.52444
302.78828
300.92346
300.20494
300.00993
299.98485
299.99199
299.99761
299.99952
299.99993
299.99998
299.99997
299.99997
299.99997
299.99997
299.99997
299.99997
299.99997
299.99997
299.99997
299.99997
299.99997
299.99997
299.99997
299.99997
299.99997
299.99997
299.99996
299.99997
299.99997
299.99999
300.00001
300.00003
300.00005
300.00007
300.00008
343.77261
331.63723
321.02619
312.60995
306.57224
302.8416
300.96075
300.22318
300.01618
299.98615
299.99198
299.99749
299.99947
299.99992
299.99997
299.99997
299.99997
299.99997
299.99997
299.99997
299.99997
299.99997
299.99997
299.99997
299.99997
299.99997
299.99997
299.99997
299.99997
299.99997
299.99996
299.99996
299.99997
299.99997
299.99999
300.00001
300.00003
300.00005
300.00007
300.00008
343.76829
331.63009
321.02139
312.62522
306.61594
302.89193
300.99692
300.24136
300.02262
299.98757
299.99203
299.99737
299.99942
299.9999
299.99997
299.99997
299.99997
299.99997
299.99997
299.99997
299.99997
299.99997
299.99997
299.99997
299.99997
299.99997
299.99997
299.99997
299.99997
299.99997
299.99996
299.99996
299.99997
299.99997
299.99999
300.00001
300.00003
300.00005
300.00007
300.00008
343.7635
331.62315
321.01907
312.63994
306.6563
302.93952
301.03197
300.25942
300.02923
299.98913
299.99213
299.99727
299.99936
299.99989
299.99997
299.99997
299.99997
299.99997
299.99997
299.99997
299.99997
299.99997
299.99997
299.99997
299.99997
299.99997
299.99997
299.99997
299.99997
299.99996
299.99996
299.99996
299.99997
299.99997
299.99999
300.00001
300.00003
300.00005
300.00007
300.00008
343.75802
331.6155
321.01871
312.6548
306.69402
302.98463
301.06593
300.27735
300.036
299.99082
299.99228
299.99718
299.99931
299.99987
299.99996
299.99997
299.99997
299.99997
299.99997
299.99997
299.99997
299.99997
299.99997
299.99997
299.99997
299.99997
299.99997
299.99997
299.99997
299.99996
299.99996
299.99996
299.99997
299.99997
299.99999
300.00001
300.00003
300.00005
300.00007
300.00008
343.75172
331.6063
321.01942
312.67015
306.72971
303.02753
301.09883
300.2951
300.04289
299.99262
299.99248
299.99711
299.99926
299.99985
299.99996
299.99997
299.99997
299.99997
299.99997
299.99997
299.99997
299.99997
299.99997
299.99997
299.99997
299.99997
299.99997
299.99997
299.99997
299.99996
299.99996
299.99996
299.99997
299.99997
299.99999
300.00001
300.00003
300.00005
300.00007
300.00008
343.74453
331.59479
321.02005
312.68597
306.76383
303.06848
301.13072
300.31266
300.04989
299.99454
299.99274
299.99705
299.99921
299.99983
299.99996
299.99997
299.99997
299.99997
299.99997
299.99997
299.99997
299.99997
299.99997
299.99997
299.99997
299.99997
299.99997
299.99997
299.99996
299.99996
299.99996
299.99996
299.99996
299.99997
299.99999
300.00001
300.00003
300.00005
300.00007
300.00008
343.73644
331.58038
321.0193
312.70193
306.79669
303.1077
301.16165
300.33001
300.05698
299.99656
299.99304
299.997
299.99916
299.99982
299.99995
299.99997
299.99997
299.99997
299.99997
299.99997
299.99997
299.99997
299.99997
299.99997
299.99997
299.99997
299.99997
299.99996
299.99996
299.99996
299.99996
299.99996
299.99996
299.99997
299.99999
300.00001
300.00003
300.00005
300.00007
300.00008
343.72751
331.56271
321.01585
312.71737
306.82841
303.14538
301.19167
300.34714
300.06414
299.99867
299.9934
299.99697
299.99911
299.9998
299.99995
299.99997
299.99997
299.99997
299.99997
299.99997
299.99997
299.99997
299.99997
299.99997
299.99997
299.99996
299.99996
299.99996
299.99996
299.99996
299.99996
299.99996
299.99996
299.99997
299.99999
300.00001
300.00003
300.00005
300.00007
300.00008
343.71787
331.54163
321.00851
312.73143
306.85894
303.18165
301.22084
300.36404
300.07135
300.00088
299.9938
299.99696
299.99907
299.99978
299.99994
299.99996
299.99997
299.99996
299.99996
299.99996
299.99996
299.99996
299.99996
299.99996
299.99996
299.99996
299.99996
299.99996
299.99996
299.99996
299.99996
299.99996
299.99996
299.99997
299.99999
300.00001
300.00003
300.00005
300.00007
300.00008
343.70766
331.51724
320.99628
312.74309
306.88801
303.21654
301.24917
300.3807
300.07861
300.00316
299.99424
299.99695
299.99903
299.99976
299.99993
299.99996
299.99996
299.99996
299.99996
299.99996
299.99996
299.99996
299.99996
299.99996
299.99996
299.99996
299.99996
299.99996
299.99996
299.99996
299.99996
299.99996
299.99996
299.99997
299.99999
300.00001
300.00003
300.00005
300.00007
300.00009
343.69708
331.48982
320.97847
312.75133
306.91522
303.25001
301.27667
300.3971
300.08589
300.00552
299.99473
299.99697
299.99899
299.99974
299.99993
299.99996
299.99996
299.99996
299.99996
299.99996
299.99996
299.99996
299.99996
299.99996
299.99996
299.99996
299.99996
299.99996
299.99996
299.99996
299.99996
299.99996
299.99996
299.99997
299.99999
300.00001
300.00003
300.00005
300.00007
300.00009
343.68633
331.45985
320.95472
312.75522
306.94006
303.28193
301.3033
300.41322
300.09318
300.00794
299.99526
299.997
299.99896
299.99972
299.99992
299.99996
299.99996
299.99996
299.99996
299.99996
299.99996
299.99996
299.99996
299.99996
299.99996
299.99996
299.99996
299.99996
299.99996
299.99996
299.99996
299.99996
299.99996
299.99997
299.99999
300.00001
300.00003
300.00005
300.00008
300.00009
343.67561
331.42792
320.92502
312.75397
306.96201
303.3121
301.32899
300.42902
300.10046
300.01044
299.99584
299.99705
299.99893
299.99971
299.99992
299.99996
299.99996
299.99996
299.99996
299.99996
299.99996
299.99996
299.99996
299.99996
299.99996
299.99996
299.99996
299.99996
299.99996
299.99996
299.99996
299.99996
299.99996
299.99997
299.99999
300.00001
300.00003
300.00005
300.00008
300.00009
343.66511
331.39466
320.88966
312.74704
306.9806
303.34032
301.35363
300.44446
300.10772
300.013
299.99648
299.99712
299.99891
299.99969
299.99991
299.99995
299.99996
299.99996
299.99996
299.99996
299.99996
299.99996
299.99996
299.99996
299.99996
299.99996
299.99996
299.99996
299.99996
299.99996
299.99996
299.99996
299.99996
299.99997
299.99999
300.00001
300.00003
300.00005
300.00008
300.00009
343.65501
331.36077
320.84919
312.73408
306.99548
303.36644
301.37716
300.45947
300.11494
300.01562
299.99716
299.99722
299.9989
299.99968
299.99991
299.99995
299.99996
299.99996
299.99996
299.99996
299.99996
299.99996
299.99996
299.99996
299.99996
299.99996
299.99996
299.99996
299.99996
299.99996
299.99996
299.99996
299.99996
299.99997
299.99999
300.00001
300.00003
300.00005
300.00008
300.00009
343.64544
331.32687
320.80431
312.71493
307.00641
303.3904
301.39957
300.47405
300.12209
300.0183
299.99789
299.99734
299.99889
299.99966
299.9999
299.99995
299.99996
299.99996
299.99996
299.99996
299.99996
299.99996
299.99996
299.99996
299.99996
299.99996
299.99996
299.99996
299.99996
299.99996
299.99996
299.99996
299.99996
299.99997
299.99999
300.00001
300.00003
300.00005
300.00008
300.00009
343.6365
331.29357
320.75584
312.68955
307.01326
303.4123
301.42094
300.48821
300.12917
300.02101
299.99867
299.99748
299.99889
299.99965
299.99989
299.99995
299.99996
299.99996
299.99996
299.99996
299.99996
299.99996
299.99996
299.99996
299.99996
299.99996
299.99996
299.99996
299.99996
299.99996
299.99996
299.99996
299.99996
299.99997
299.99999
300.00001
300.00003
300.00006
300.00008
300.00009
343.62829
331.26137
320.70463
312.65792
307.01585
303.43228
301.44147
300.50204
300.13617
300.02375
299.99947
299.99764
299.99889
299.99964
299.99989
299.99995
299.99996
299.99996
299.99996
299.99996
299.99996
299.99996
299.99996
299.99996
299.99996
299.99996
299.99996
299.99996
299.99996
299.99996
299.99996
299.99996
299.99996
299.99997
299.99999
300
300.00003
300.00006
300.00008
300.00009
343.62084
331.23071
320.65155
312.62008
307.01388
303.45047
301.46143
300.51568
300.14311
300.02647
300.00027
299.99778
299.99889
299.99962
299.99988
299.99994
299.99995
299.99996
299.99996
299.99995
299.99995
299.99995
299.99995
299.99995
299.99995
299.99995
299.99995
299.99995
299.99995
299.99995
299.99995
299.99996
299.99996
299.99997
299.99998
300
300.00003
300.00006
300.00008
300.00009
343.61417
331.20192
320.59747
312.57606
307.00682
303.46679
301.48108
300.52933
300.15006
300.02916
300.00104
299.99792
299.99888
299.99961
299.99987
299.99994
299.99995
299.99995
299.99995
299.99995
299.99995
299.99995
299.99995
299.99995
299.99995
299.99995
299.99995
299.99995
299.99995
299.99995
299.99995
299.99995
299.99996
299.99997
299.99998
300
300.00003
300.00006
300.00008
300.00009
343.60827
331.17525
320.54324
312.52601
306.99384
303.48082
301.50051
300.54318
300.15709
300.03183
300.00176
299.99802
299.99886
299.99958
299.99986
299.99993
299.99994
299.99994
299.99994
299.99994
299.99994
299.99994
299.99994
299.99994
299.99994
299.99994
299.99994
299.99994
299.99994
299.99994
299.99995
299.99995
299.99995
299.99996
299.99998
300
300.00003
300.00006
300.00008
300.00009
343.60313
331.15088
320.48973
312.47027
306.97393
303.49169
301.51953
300.5573
300.16426
300.03449
300.00242
299.99807
299.99882
299.99955
299.99984
299.99992
299.99993
299.99993
299.99993
299.99993
299.99993
299.99993
299.99993
299.99993
299.99993
299.99993
299.99994
299.99994
299.99994
299.99994
299.99994
299.99994
299.99995
299.99996
299.99997
299.99999
300.00003
300.00006
300.00008
300.00009
343.59869
331.12891
320.43778
312.4095
306.94609
303.49807
301.53751
300.57162
300.17165
300.03717
300.00304
299.99809
299.99876
299.99952
299.99982
299.99991
299.99992
299.99993
299.99993
299.99993
299.99993
299.99993
299.99993
299.99993
299.99993
299.99993
299.99993
299.99993
299.99993
299.99993
299.99993
299.99994
299.99994
299.99995
299.99997
299.99999
300.00003
300.00007
300.00009
300.00009
343.59492
331.10939
320.3882
312.34471
306.90955
303.49833
301.55342
300.5858
300.17925
300.03994
300.00365
299.99809
299.99868
299.99947
299.9998
299.9999
299.99992
299.99992
299.99992
299.99992
299.99992
299.99992
299.99992
299.99992
299.99992
299.99992
299.99992
299.99992
299.99992
299.99992
299.99992
299.99993
299.99994
299.99995
299.99996
299.99999
300.00003
300.00007
300.00009
300.00009
343.59175
331.0923
320.34176
312.27733
306.86409
303.49086
301.56584
300.59922
300.18693
300.04284
300.0043
299.99808
299.9986
299.99943
299.99979
299.99989
299.99991
299.99991
299.99991
299.99991
299.99991
299.99991
299.99991
299.99991
299.99991
299.99991
299.99991
299.99991
299.99991
299.99991
299.99992
299.99992
299.99993
299.99994
299.99996
299.99999
300.00003
300.00007
300.00009
300.00009
343.58914
331.07759
320.29913
312.20908
306.81023
303.47436
301.57325
300.61104
300.19447
300.0459
300.00507
299.99812
299.99853
299.99939
299.99977
299.99988
299.9999
299.99991
299.99991
299.99991
299.99991
299.99991
299.99991
299.99991
299.99991
299.99991
299.99991
299.99991
299.99991
299.99991
299.99991
299.99991
299.99992
299.99994
299.99996
299.99999
300.00004
300.00007
300.00009
300.00009
343.58702
331.06516
320.26085
312.14189
306.74934
303.44825
301.57428
300.6203
300.20151
300.04909
300.006
299.99825
299.9985
299.99936
299.99976
299.99988
299.9999
299.99991
299.99991
299.99991
299.99991
299.99991
299.99991
299.99991
299.99991
299.99991
299.99991
299.99991
299.99991
299.99991
299.99991
299.99991
299.99992
299.99993
299.99996
300
300.00004
300.00007
300.00009
300.00009
343.58535
331.0549
320.22728
312.07768
306.68353
303.41287
301.56802
300.62611
300.20764
300.05234
300.00714
299.9985
299.99852
299.99935
299.99975
299.99988
299.9999
299.99991
299.99991
299.99991
299.99991
299.99991
299.99991
299.99991
299.99991
299.99991
299.99991
299.99991
299.99991
299.99991
299.99991
299.99991
299.99992
299.99993
299.99996
300
300.00005
300.00008
300.00009
300.00009
343.58409
331.04664
320.19861
312.01821
306.61542
303.3695
301.55427
300.62782
300.21242
300.0555
300.00847
299.9989
299.9986
299.99936
299.99976
299.99988
299.99991
299.99991
299.99992
299.99992
299.99992
299.99992
299.99992
299.99992
299.99992
299.99992
299.99991
299.99991
299.99991
299.99991
299.99991
299.99991
299.99992
299.99994
299.99997
300.00001
300.00005
300.00008
300.00009
300.00009
343.5832
331.0402
320.17479
311.96488
306.54798
303.32044
301.53375
300.62526
300.21557
300.0584
300.00996
299.99945
299.99875
299.9994
299.99977
299.99989
299.99992
299.99992
299.99992
299.99992
299.99993
299.99993
299.99993
299.99993
299.99992
299.99992
299.99992
299.99992
299.99992
299.99992
299.99992
299.99992
299.99993
299.99995
299.99997
300.00001
300.00005
300.00008
300.00009
300.00009
343.58267
331.03546
320.15562
311.91837
306.48321
303.26744
301.50705
300.61826
300.21677
300.06087
300.01153
300.00014
299.99898
299.99946
299.99979
299.9999
299.99993
299.99993
299.99993
299.99994
299.99994
299.99994
299.99994
299.99994
299.99994
299.99993
299.99993
299.99993
299.99993
299.99993
299.99993
299.99993
299.99994
299.99996
299.99998
300.00002
300.00006
300.00008
300.00009
300.00009
343.58245
331.0321
320.14105
311.8811
306.42787
303.21884
301.48018
300.60959
300.21669
300.06278
300.01297
300.00082
299.99923
299.99953
299.99981
299.99991
299.99994
299.99994
299.99995
299.99995
299.99995
299.99995
299.99995
299.99995
299.99995
299.99995
299.99994
299.99994
299.99994
299.99994
299.99994
299.99994
299.99995
299.99996
299.99999
300.00003
300.00006
300.00008
300.00009
300.00009
343.58298
331.0303
320.12695
311.83822
306.35473
303.14492
301.43212
300.58927
300.21258
300.06431
300.01497
300.00198
299.99971
299.99969
299.99986
299.99994
299.99996
299.99996
299.99996
299.99996
299.99996
299.99996
299.99996
299.99996
299.99996
299.99996
299.99996
299.99996
299.99996
299.99996
299.99996
299.99996
299.99997
299.99998
300.00001
300.00004
300.00006
300.00008
300.00009
300.00009
)
;

boundaryField
{
    wall
    {
        type            fixedValue;
        value           uniform 350;
    }
    sides
    {
        type            zeroGradient;
    }
    frontAndBack
    {
        type            empty;
    }
    inlet
    {
        type            fixedValue;
        value           uniform 300;
    }
    outlet
    {
        type            zeroGradient;
    }
}


// ************************************************************************* //
