/*--------------------------------*- C++ -*----------------------------------*\
  =========                 |
  \\      /  F ield         | OpenFOAM: The Open Source CFD Toolbox
   \\    /   O peration     | Website:  https://openfoam.org
    \\  /    A nd           | Version:  10
     \\/     M anipulation  |
\*---------------------------------------------------------------------------*/
FoamFile
{
    format      ascii;
    class       volScalarField;
    location    "0.18";
    object      TporMedia_0;
}
// * * * * * * * * * * * * * * * * * * * * * * * * * * * * * * * * * * * * * //

dimensions      [0 0 0 1 0 0 0];

internalField   nonuniform List<scalar> 
4000
(
-0.00010075794
4.4144525e-05
0.00029204403
0.00038552579
0.00034267716
0.00040678374
0.00043635382
0.0003900556
0.0003643666
0.00033711833
0.00030376607
0.00036759718
0.00037734817
0.00038634612
0.00039271934
0.00037730369
0.00033300813
0.00048413782
0.0003576441
0.00043696097
0.00031976279
0.00039948426
0.0003389349
0.00035256798
0.00036214779
0.00038531756
0.00037186233
0.00033058755
0.00036839961
0.0003576147
0.00033223694
0.00037653833
0.00038249815
0.00033236601
0.00036765415
0.0003821364
0.00044362137
0.00035317411
0.0003688177
0.00032512485
-1.0150228e-05
1.1768552e-12
2.2728765e-11
2.8003496e-10
1.9761401e-10
2.1057033e-10
2.3776392e-10
1.8953524e-10
1.9204577e-10
2.204387e-10
1.4621098e-10
1.9283212e-10
1.8353655e-10
2.0695905e-10
1.5780426e-10
1.8149102e-10
2.2781442e-10
3.0703823e-10
1.6504509e-10
1.9369519e-10
2.4480653e-10
1.8766948e-10
1.6689353e-10
2.0455169e-10
1.2947792e-10
2.048525e-10
1.6087442e-10
1.7743849e-10
2.2746305e-10
2.177334e-10
1.5967802e-10
1.8098556e-10
2.5154312e-10
1.2590182e-10
2.3529881e-10
1.6770761e-10
1.9547169e-10
1.7305548e-10
1.6019429e-10
1.7196206e-10
-4.1051503e-06
-4.1673852e-13
5.6537939e-19
6.6625132e-17
3.5368661e-16
1.49076e-16
1.3142996e-16
9.7184944e-17
1.6378531e-16
1.1108364e-16
1.0151929e-16
1.9326995e-16
9.1197398e-17
1.2322533e-16
7.1792329e-17
1.0461405e-16
9.2335919e-17
1.5461317e-16
8.8117537e-17
1.1601322e-16
1.5669771e-16
9.6497218e-17
8.283802e-17
9.7592473e-17
7.0009236e-17
9.5123029e-17
1.5000544e-16
1.3351007e-16
1.6506583e-16
1.1439673e-16
1.0295211e-16
9.6263188e-17
1.4276155e-16
8.5357198e-17
1.2196198e-16
7.5564519e-17
1.1709879e-16
9.8635491e-17
1.0509152e-16
1.0109496e-16
-2.2400466e-06
2.924311e-14
4.0198502e-22
3.8305396e-24
8.9396931e-22
1.0373752e-22
7.166016e-23
6.8467699e-23
8.6331492e-23
6.896016e-23
4.8274902e-23
9.8171817e-23
3.9910004e-23
1.2910831e-22
4.7786604e-23
5.7602957e-23
6.0197112e-23
7.9057878e-23
5.1584801e-23
5.4222237e-23
9.6302023e-23
4.7240673e-23
4.5347029e-23
5.6684961e-23
6.2503464e-23
5.8462228e-23
7.3024401e-23
6.4915121e-23
7.6789053e-23
8.7234654e-23
5.6917062e-23
5.2149198e-23
7.2545705e-23
5.1012933e-23
8.6801136e-23
4.4255022e-23
6.1346223e-23
4.8264865e-23
5.1617514e-23
5.4797168e-23
-1.4322114e-06
5.8809903e-15
6.3186503e-23
1.4446032e-30
5.4508256e-28
2.2314612e-28
6.2859694e-29
5.6682173e-29
5.0707935e-29
3.2191215e-29
3.2363029e-29
6.7832812e-29
2.0985542e-29
8.1769617e-29
3.4824161e-29
3.3478217e-29
4.7710639e-29
5.1623498e-29
2.882961e-29
3.2207451e-29
6.3819212e-29
2.318891e-29
3.5043688e-29
3.2116322e-29
3.8627103e-29
4.2288037e-29
4.9155067e-29
3.9723765e-29
5.2525342e-29
5.4794879e-29
2.4012999e-29
2.7463047e-29
4.1425966e-29
3.2879005e-29
5.260685e-29
3.1667746e-29
2.8276788e-29
2.8331281e-29
2.9373129e-29
3.3802251e-29
-1.0157584e-06
2.0157361e-15
2.6755045e-23
2.9325688e-31
5.3962943e-35
-1.1741656e-34
4.6099952e-35
3.3685471e-35
3.4184619e-35
1.6854259e-35
1.9340794e-35
4.9145182e-35
2.0571566e-35
5.9502094e-35
3.0608288e-35
2.2437076e-35
4.0800443e-35
2.6449287e-35
2.1001085e-35
1.876121e-35
3.3858578e-35
1.4773566e-35
2.4580295e-35
1.6240454e-35
1.7781272e-35
2.5868695e-35
2.3648746e-35
2.3989242e-35
3.1012679e-35
4.3685395e-35
1.2360697e-35
1.8456693e-35
2.008695e-35
1.9958878e-35
2.9601887e-35
1.6406733e-35
1.3608011e-35
1.4957373e-35
1.7824197e-35
2.1767793e-35
-7.7483746e-07
9.0155758e-16
-1.4694789e-22
-9.9850742e-31
-3.526895e-38
4.0837438e-41
9.4158557e-41
1.9149574e-41
2.6881719e-41
1.0170455e-41
2.4202815e-41
3.9266013e-41
3.1131363e-41
3.3036529e-41
2.0121463e-41
1.700401e-41
2.8951654e-41
1.2755657e-41
1.3137259e-41
1.9804315e-41
1.9176885e-41
9.0214998e-42
1.5128577e-41
1.2579283e-41
1.0385573e-41
1.2933751e-41
1.2329065e-41
1.4106836e-41
2.764901e-41
2.4595924e-41
7.277231e-42
8.1268127e-42
1.0246265e-41
1.3115138e-41
1.6592868e-41
6.3055855e-42
8.000938e-42
7.1478835e-42
1.2798805e-41
1.2676847e-41
-6.2332978e-07
4.7677161e-16
-2.7938169e-24
-1.3737961e-32
-2.2184784e-40
1.269234e-46
-6.8732341e-47
1.5896584e-47
2.1626013e-47
6.9818179e-48
1.4491586e-47
2.0750634e-47
1.7374243e-47
3.2052205e-47
1.4690513e-47
8.6570514e-48
1.7508887e-47
7.516594e-48
6.9975879e-48
1.2695462e-47
1.0943514e-47
6.3195645e-48
7.6091252e-48
7.527228e-48
5.6736597e-48
6.4767354e-48
1.1704687e-47
1.285138e-47
1.7152524e-47
2.0387935e-47
4.4219867e-48
5.2789611e-48
5.2473127e-48
6.9687517e-48
1.0632842e-47
3.1384577e-48
3.8557207e-48
5.3706349e-48
5.9806855e-48
9.6011964e-48
-5.1949861e-07
2.8148419e-16
-6.4354136e-25
-2.6195088e-33
-2.3104446e-41
-4.9756338e-48
2.2648427e-53
1.6146592e-53
1.3625891e-53
4.8388827e-54
8.9654728e-54
1.4360724e-53
1.2614865e-53
1.8933306e-53
1.1442405e-53
8.0169035e-54
1.2167896e-53
4.9542372e-54
8.718419e-54
1.0152255e-53
5.1910069e-54
3.9656485e-54
5.3355938e-54
7.984355e-54
4.7801451e-54
3.3215133e-54
7.4070491e-54
9.3676047e-54
1.450691e-53
1.221884e-53
2.0654969e-54
4.0228558e-54
4.4248058e-54
6.0194905e-54
7.0120449e-54
1.5423356e-54
2.5252924e-54
2.4829552e-54
3.2180064e-54
4.9452866e-54
-4.419478e-07
1.7846102e-16
-2.1796243e-25
-8.4941834e-34
-4.6730827e-42
-2.6488951e-49
4.3012085e-56
-4.3764139e-59
8.4734989e-60
2.6016271e-60
5.9695429e-60
1.5545804e-59
5.9869042e-60
1.6443163e-59
5.8283098e-60
4.4716434e-60
1.4519085e-59
3.222859e-60
6.5825366e-60
6.0630844e-60
3.7853612e-60
3.1318849e-60
2.930442e-60
4.6305118e-60
2.964088e-60
2.7010077e-60
4.9462186e-60
5.3599116e-60
1.0570038e-59
7.3823394e-60
1.2069021e-60
3.1547805e-60
2.3955241e-60
4.4383202e-60
4.0631119e-60
8.8911236e-61
2.0163468e-60
1.3420223e-60
2.6225689e-60
2.9671462e-60
-3.7862604e-07
1.1817051e-16
-8.8893933e-26
-4.0217494e-34
-1.5134456e-42
-3.5684578e-50
4.6151431e-57
-4.6959182e-63
6.5171984e-66
1.838199e-66
3.821677e-66
1.2787447e-65
4.0311231e-66
1.1182947e-65
4.1721447e-66
3.0344464e-66
1.1949367e-65
2.6764427e-66
4.5545724e-66
3.312169e-66
2.4221629e-66
1.8263642e-66
2.2821227e-66
2.3837978e-66
1.916931e-66
1.6452143e-66
2.7648816e-66
3.3828869e-66
6.0055152e-66
3.8042701e-66
9.3240723e-67
2.6624704e-66
1.2094179e-66
3.5740114e-66
2.310555e-66
5.7155726e-67
1.0221364e-66
6.9459602e-67
1.3524777e-66
1.8336474e-66
-3.2417494e-07
8.027614e-17
-4.0474456e-26
-3.4499408e-34
-9.6036759e-43
-1.1803967e-50
1.7193173e-57
-4.3759189e-64
-2.7801944e-70
1.3667448e-72
1.905421e-72
8.2504346e-72
2.5215356e-72
5.0765274e-72
2.7524386e-72
2.9291188e-72
7.0852263e-72
1.7956997e-72
4.1019519e-72
3.0068913e-72
1.9579571e-72
1.8484248e-72
1.4373365e-72
1.522798e-72
2.0028609e-72
9.6622629e-73
1.7372094e-72
2.9021284e-72
3.9911167e-72
1.8119154e-72
6.3690586e-73
1.395e-72
9.2342e-73
1.6233115e-72
1.4165516e-72
2.7560181e-73
5.8904369e-73
5.3626674e-73
6.4281507e-73
9.3217786e-73
-2.7618382e-07
5.529718e-17
-1.9785622e-26
2.8379432e-34
6.2128433e-43
4.5600026e-51
-1.7987708e-57
2.8385745e-64
1.4957595e-69
1.2885984e-75
1.2087627e-78
4.2965178e-78
1.8455195e-78
2.6525494e-78
3.2990273e-78
1.7318045e-78
6.0548808e-78
1.1461486e-78
3.0264418e-78
1.7362797e-78
1.60301e-78
1.2046765e-78
7.6304593e-79
1.3279021e-78
1.3767352e-78
4.1592471e-79
1.2224682e-78
1.9667557e-78
2.5182187e-78
1.4948829e-78
5.1258593e-79
8.189973e-79
5.1694975e-79
1.0662831e-78
8.6800534e-79
2.141492e-79
4.1716718e-79
2.5155069e-79
4.3461245e-79
5.3049691e-79
-2.3406879e-07
3.8421562e-17
-1.0158287e-26
2.8037965e-35
5.1133411e-44
2.4396795e-52
3.245629e-59
-3.5696102e-66
9.6234618e-72
4.6724619e-78
4.1091018e-84
2.3864882e-84
9.8358069e-85
1.8239792e-84
2.3161286e-84
1.2519623e-84
4.2108196e-84
5.4778399e-85
1.5527243e-84
1.0575455e-84
9.4918158e-85
7.4588231e-85
4.2772977e-85
8.5325929e-85
8.5928245e-85
2.5076482e-85
6.5145244e-85
1.1115303e-84
1.7294898e-84
7.9409776e-85
2.9353224e-85
5.4147392e-85
2.6616046e-85
4.5586761e-85
5.2164433e-85
9.0186516e-86
2.0568394e-85
1.298723e-85
1.8791357e-85
4.2116088e-85
-1.9785407e-07
2.6903603e-17
-5.4173916e-27
6.941555e-36
1.1147558e-44
3.6806416e-53
1.4826488e-60
-1.272258e-67
8.8291709e-74
4.8599014e-80
3.5314721e-86
1.5004379e-90
7.2585411e-91
1.3656924e-90
1.5113535e-90
6.8542961e-91
2.2802377e-90
3.0489845e-91
7.9080119e-91
6.7049454e-91
7.6796654e-91
4.0477163e-91
2.8994172e-91
4.6624874e-91
3.976845e-91
1.476657e-91
3.5163182e-91
6.73507e-91
1.4007019e-90
4.4573307e-91
1.6641073e-91
3.9206831e-91
1.8494378e-91
2.529023e-91
4.8510942e-91
4.5704055e-92
1.1169893e-91
8.5089207e-92
9.726665e-92
2.9397078e-91
-1.6708958e-07
1.8972578e-17
-2.9776451e-27
2.2101746e-36
3.3017086e-45
7.9596981e-54
1.4953192e-61
-1.0065393e-68
2.5071055e-75
1.724184e-81
8.3696964e-88
5.3238423e-94
5.8905533e-97
9.3636606e-97
1.1591029e-96
4.6055778e-97
1.963203e-96
1.9098831e-97
5.4691028e-97
6.7850639e-97
4.7531875e-97
1.997438e-97
1.618116e-97
2.891512e-97
2.3439501e-97
7.2391937e-98
1.7778577e-97
3.2988567e-97
7.0553255e-97
2.5785653e-97
7.7277221e-98
2.5703282e-97
1.0275515e-97
1.2714734e-97
2.5219756e-97
3.1414303e-98
7.3531447e-98
4.5555245e-98
5.3206173e-98
2.5078522e-97
-1.4134913e-07
1.3487716e-17
-1.680161e-27
8.0437825e-37
1.1971798e-45
2.1989709e-54
2.3284359e-62
-1.5904274e-69
2.4704583e-76
2.4824643e-82
1.1316283e-88
6.3995212e-95
4.7649204e-101
5.3322058e-103
5.0200353e-103
2.8859173e-103
1.5401473e-102
1.0064305e-103
2.7482564e-103
4.2421801e-103
2.6337153e-103
1.8903208e-103
1.1057258e-103
1.9096746e-103
1.1189128e-103
4.5870116e-104
9.5673896e-104
1.8709856e-103
3.7425162e-103
1.0853786e-103
4.5973006e-104
1.2417824e-103
5.3903951e-104
5.2405292e-104
1.3662779e-103
1.9407791e-104
3.0552229e-104
2.4078716e-104
2.8206892e-104
1.5450372e-103
-1.1991286e-07
9.6645279e-18
-9.6954315e-28
3.1946909e-37
5.1957196e-46
7.5377303e-55
4.9971898e-63
-4.0479173e-70
4.3006047e-77
1.6898957e-82
1.1349579e-88
5.9171258e-95
3.2438561e-101
2.4608015e-107
2.8060036e-109
2.5802801e-109
9.9706942e-109
7.5094784e-110
1.7156968e-109
2.2549499e-109
2.0069654e-109
1.018634e-109
5.0644611e-110
8.9642646e-110
6.3320578e-110
4.5666458e-110
9.2089574e-110
9.1019386e-110
2.0727411e-109
6.0994995e-110
1.9528714e-110
7.0061529e-110
2.8297617e-110
2.6118924e-110
6.142979e-110
9.8633117e-111
2.8768344e-110
1.5727586e-110
2.0002831e-110
9.5511912e-110
-1.0210274e-07
6.9815483e-18
-5.708764e-28
1.3541192e-37
2.8359056e-46
3.3517405e-55
1.4902444e-63
-2.4855238e-70
1.8678512e-77
-2.1996606e-83
-1.3563247e-89
-8.6276266e-96
-5.3001403e-102
-3.582843e-108
-2.2334806e-114
2.1786677e-115
8.3040394e-115
3.7653084e-116
1.1187845e-115
1.1928775e-115
1.2968828e-115
5.1278303e-116
3.3962073e-116
4.4164982e-116
4.315019e-116
3.4661172e-116
5.7720379e-116
6.8460115e-116
1.6645896e-115
2.9905219e-116
1.0846254e-116
4.1205271e-116
1.3766469e-116
2.4953609e-116
2.4968832e-116
5.4160726e-117
1.955185e-116
7.909919e-117
1.1732716e-116
7.0300464e-116
-8.7251266e-08
5.0813923e-18
-3.4208802e-28
6.0339896e-38
2.5197939e-46
2.4976408e-55
7.8163167e-64
1.0873401e-70
-6.6149363e-78
3.4418161e-84
1.7046535e-90
1.6536791e-96
1.0033431e-102
9.3318013e-109
5.0649096e-115
4.0895421e-121
6.818802e-121
2.2021192e-122
5.5079253e-122
6.0407736e-122
6.4905765e-122
3.6183003e-122
2.0455024e-122
3.3611162e-122
2.8413502e-122
1.8431776e-122
2.9258246e-122
4.3306591e-122
1.1997918e-121
2.1399826e-122
5.9671059e-123
2.1141594e-122
1.0402832e-122
1.1420591e-122
1.7169476e-122
3.7000037e-123
1.086166e-122
4.0019503e-123
6.0526323e-123
6.2839958e-122
-7.4823684e-08
3.7245725e-18
-2.0819213e-28
2.7998724e-38
-2.2305662e-46
-1.9040484e-55
-4.37361e-64
-1.5933437e-71
7.582555e-79
-1.8152912e-85
-1.4555969e-91
-9.1273668e-98
-5.7616042e-104
-3.4265457e-110
-2.103679e-116
-1.4346774e-122
3.8788498e-127
1.5292386e-128
4.0488786e-128
4.1001719e-128
4.9251939e-128
2.8513244e-128
1.3356346e-128
2.1109956e-128
2.2697824e-128
1.1242246e-128
1.3576175e-128
2.5266892e-128
6.1990058e-128
1.0771147e-128
3.5421707e-129
1.0356294e-128
4.4928626e-129
6.7249337e-129
1.126571e-128
1.8618893e-129
4.6931919e-129
1.977399e-129
4.7881565e-129
6.6540747e-128
-6.4368734e-08
2.7476239e-18
-1.2846437e-28
1.3438416e-38
-2.0753702e-47
-1.5662472e-56
-2.724325e-65
-4.747733e-73
2.0688269e-80
-2.9971302e-87
-3.4134177e-93
-2.0722483e-99
-1.1569523e-105
-1.0322029e-111
-5.1877964e-118
-3.5108575e-124
-2.1461136e-130
8.1175464e-135
3.1113358e-134
3.7209383e-134
3.136701e-134
1.8371723e-134
6.8675114e-135
1.7861196e-134
1.3177868e-134
9.3794168e-135
9.4030182e-135
1.1792356e-134
3.554938e-134
7.860261e-135
3.43341e-135
8.7815348e-135
2.8626038e-135
6.1518817e-135
6.6052415e-135
9.653732e-136
3.6338009e-135
1.0982031e-135
2.0712966e-135
2.1381659e-133
-5.5519761e-08
2.038293e-18
-8.022698e-29
6.636022e-39
-4.8911349e-48
-3.3558108e-57
-4.5439244e-66
-4.5478803e-74
1.8075543e-81
-1.8016023e-88
-5.8815296e-94
-4.5366204e-100
-2.3093182e-106
-1.7480471e-112
-1.5514676e-118
-9.74648e-125
-7.6280285e-131
-4.4549408e-137
2.1028435e-140
2.3586269e-140
1.8414858e-140
1.5140555e-140
4.3266417e-141
1.3768006e-140
7.190443e-141
5.8555784e-141
5.0608712e-141
8.249673e-141
1.8925248e-140
4.9653794e-141
1.6336344e-141
4.1008104e-141
1.7959301e-141
5.5430368e-141
3.5002002e-141
5.5461563e-142
1.491191e-141
7.1748566e-142
1.5676253e-141
-9.3424405e-139
-4.7995298e-08
1.5196682e-18
-5.0638891e-29
3.3573511e-39
-1.4660369e-48
-9.4308432e-58
-1.0190084e-66
-6.4996697e-75
2.7355401e-82
-2.0466646e-89
9.7267055e-95
5.5462947e-101
3.3098583e-107
2.2632155e-113
3.3606999e-119
2.7641259e-125
1.9721882e-131
1.0643468e-137
1.00258e-143
1.5889329e-146
1.5287871e-146
1.0380286e-146
2.9717717e-147
1.1483169e-146
2.8691481e-147
5.1569218e-147
3.1053623e-147
5.7301319e-147
1.0764902e-146
3.174567e-147
1.0467641e-147
2.121408e-147
1.1619794e-147
3.5303129e-147
3.2681269e-147
3.454642e-148
6.9247107e-148
7.2945613e-148
1.5960789e-147
1.0177716e-144
-4.1568888e-08
1.1380627e-18
-3.2268865e-29
1.7349884e-39
-4.9703989e-49
-3.1051785e-58
-2.7326776e-67
-1.182988e-75
6.0663052e-83
-3.4837846e-90
2.7639611e-96
1.8088634e-102
1.5093705e-108
9.5724613e-115
7.1460233e-121
5.2134031e-127
3.9275286e-133
3.2181849e-139
3.5179009e-145
2.3476951e-151
8.7482356e-153
7.6212576e-153
2.6490059e-153
9.314767e-153
2.7317305e-153
4.329461e-153
1.9961555e-153
3.526468e-153
8.7751708e-153
1.5589804e-153
6.2376455e-154
1.5982925e-153
7.2041869e-154
2.369345e-153
1.8969972e-153
1.8028287e-154
4.399774e-154
3.342413e-154
3.3658012e-153
-1.4913577e-150
-3.6052146e-08
8.55414e-19
-2.0731734e-29
9.1311703e-40
-1.8257465e-49
-1.1594425e-58
-8.4713968e-68
-2.6082051e-76
2.5659455e-83
-1.2153862e-90
4.1005005e-97
2.2656726e-103
1.9336624e-109
1.5215815e-115
1.0419915e-121
9.6761334e-128
7.5265755e-134
5.7549133e-140
3.2113763e-146
2.7143342e-152
3.1519675e-158
6.0010979e-159
1.3726602e-159
8.2681576e-159
1.8409682e-159
2.9558319e-159
1.5040306e-159
2.2211943e-159
4.4753626e-159
1.1877914e-159
6.4589333e-160
8.5175775e-160
4.3351786e-160
1.0999237e-159
7.5036253e-160
1.9802662e-160
2.2667664e-160
3.9210233e-160
4.3362159e-159
7.8851555e-157
-3.1304389e-08
6.4509027e-19
-1.3418822e-29
4.8840874e-40
-7.1058859e-50
-4.8805921e-59
-3.0154335e-68
-6.8467582e-77
-1.5148059e-83
5.8891906e-91
-1.0357213e-97
-9.6384335e-104
-7.5304899e-110
-6.6781858e-116
-5.9222818e-122
-4.187226e-128
-2.4806629e-134
-3.8384167e-140
-2.7558923e-146
-2.9253683e-152
-2.1322335e-158
-1.0849351e-164
9.6754466e-166
7.2720893e-165
1.490442e-165
2.3645621e-165
1.2126272e-165
1.3521901e-165
3.9586409e-165
8.412896e-166
4.7258209e-166
4.9657414e-166
3.1585826e-166
8.426113e-166
4.187926e-166
1.2886354e-166
1.4561067e-166
2.8884061e-166
2.6421592e-164
-2.9438392e-163
-2.7205496e-08
4.8781842e-19
-8.7415802e-30
2.6498488e-40
-2.8915273e-50
-2.3753477e-59
-1.2625307e-68
-2.1778835e-77
-7.6022418e-85
2.5151179e-92
-3.4539929e-99
-3.8712326e-105
-2.4379785e-111
-1.7975014e-117
-2.1929698e-123
-1.7302729e-129
-2.4005168e-135
-1.4018626e-141
-8.9997355e-148
-8.0218616e-154
-1.2946977e-159
-1.1733733e-165
-1.3853329e-172
5.0355382e-171
1.4081719e-171
2.7348678e-171
7.7157447e-172
7.3964173e-172
3.2249794e-171
4.1406139e-172
3.3522544e-172
3.68672e-172
1.5745003e-172
6.4752521e-172
4.1473997e-172
1.4544164e-172
8.8075842e-173
1.7600358e-172
1.1842999e-169
1.0605224e-169
-2.3660552e-08
3.6977565e-19
-5.7277037e-30
1.4560266e-40
-1.2200081e-50
-1.4741823e-59
-6.8559412e-69
-9.1846545e-78
-1.5249437e-85
4.6805529e-93
-4.4757932e-100
-9.475529e-106
-8.4321757e-112
-8.8891551e-118
-8.0755829e-124
-7.9415765e-130
-6.7977609e-136
-1.1706078e-141
-1.1126217e-147
-6.9200874e-154
-7.8014527e-160
-5.2904684e-166
-3.8390934e-172
4.55744e-177
1.1471552e-177
1.7943027e-177
1.2548764e-177
5.5427838e-178
2.5138934e-177
3.4741562e-178
2.3858176e-178
1.9780167e-178
8.8115447e-179
5.4546138e-178
2.3388752e-178
1.2514151e-178
7.7230731e-179
1.2573382e-178
-1.0085206e-175
-4.0191024e-176
-2.0588645e-08
2.8085996e-19
-3.772002e-30
8.0911381e-41
-5.3038667e-51
-2.0885838e-59
-8.6392324e-69
-9.1872633e-78
-8.7716318e-86
2.5183042e-93
-1.8427023e-100
4.6411505e-106
5.6384726e-112
5.4659957e-118
7.184355e-124
1.2424922e-129
1.148885e-135
1.1878845e-141
1.0339552e-147
7.4736855e-154
6.5659354e-160
4.9080133e-166
5.5465736e-172
6.7749389e-178
1.5463217e-183
1.7044147e-183
1.3325517e-183
4.6150829e-184
1.568446e-183
3.9282192e-184
1.827534e-184
2.1646838e-184
5.0840752e-185
3.4750371e-184
1.6882347e-184
8.5881669e-185
8.0782499e-185
1.7490451e-184
-5.0279001e-181
2.0683236e-182
-1.7923983e-08
2.1369796e-19
-2.4953205e-30
4.5420493e-41
-2.3656788e-51
4.3363621e-60
1.6224323e-69
1.3932777e-78
8.5531383e-87
-2.525815e-94
1.4330098e-101
-9.3612897e-108
-1.1773184e-113
-1.9761539e-119
-1.6208761e-125
-1.5007811e-131
-1.6510923e-137
-1.6143959e-143
-1.0900809e-149
-1.0820449e-155
-1.1829363e-161
-8.6376746e-168
-1.0030281e-173
-7.0954867e-180
-7.8897946e-186
1.2782626e-189
1.0666138e-189
5.8694626e-190
1.6109299e-189
3.0640662e-190
1.2956578e-190
1.9652361e-190
3.2784962e-191
1.9607604e-190
1.4023092e-190
5.273896e-191
7.9014566e-191
2.3344785e-190
8.717986e-187
-1.226749e-187
-1.5608979e-08
1.6281843e-19
-1.6571999e-30
2.5727335e-41
-1.0786989e-51
6.6947761e-61
2.3078351e-70
1.6289305e-79
6.873912e-88
-2.283075e-95
1.0695991e-102
-4.1156432e-109
-3.4746624e-115
-5.1591527e-121
-3.2415983e-127
-4.2739664e-133
-3.2919773e-139
-3.4665431e-145
-3.3668284e-151
-3.8158143e-157
-2.8134989e-163
-6.584133e-169
-8.2858555e-175
-1.1942925e-180
-8.2358945e-187
-1.0613037e-192
1.0248446e-195
4.948778e-196
1.2562592e-195
4.128521e-196
1.1633353e-196
1.2934256e-196
2.6751838e-197
1.3936446e-196
1.1688567e-196
5.4824461e-197
6.9967225e-197
2.8983985e-196
8.1384023e-192
-6.5413863e-194
-1.359611e-08
1.2419134e-19
-1.1043446e-30
1.469008e-41
-5.0141297e-52
1.6741518e-61
5.4230674e-71
3.1910853e-80
9.6441228e-89
-4.1427892e-96
1.6447596e-103
-3.9590185e-110
-5.0566035e-116
-5.5797927e-122
-1.222266e-127
-8.5119069e-134
-8.4942296e-140
-6.9997835e-146
-1.1333652e-151
-1.413687e-157
-1.7180457e-163
-2.1067887e-169
-2.1895842e-175
-3.9403491e-181
-4.3829397e-187
-5.4878328e-193
-6.1607373e-199
3.5582173e-202
1.8451373e-201
6.1241841e-202
8.7504675e-203
7.6097805e-203
1.5254162e-203
7.316594e-203
6.7728476e-203
5.7614318e-203
7.856322e-203
-2.4087848e-202
-4.4137537e-196
-1.6175212e-200
-1.1845085e-08
9.4812064e-20
-7.3809019e-31
8.4482212e-42
-2.3702926e-52
4.9897889e-62
1.553141e-71
7.7293789e-81
1.7441182e-89
-1.6540824e-96
5.5894122e-104
-1.0328013e-110
-1.8320426e-116
-1.4599999e-122
-2.1253067e-128
-2.9955816e-134
-4.4991113e-140
-3.1902881e-146
-3.7116599e-152
-1.0563052e-157
-1.1423938e-163
-2.1217956e-169
-2.2355463e-175
-3.6433787e-181
-5.3859776e-187
-5.4224079e-193
-4.5791707e-199
-4.4482883e-205
1.3525332e-207
7.8105309e-208
6.4993005e-209
5.5785228e-209
1.6792799e-209
5.2111135e-209
1.0718337e-208
9.2847322e-209
7.4764194e-209
-5.8152171e-208
-7.8344352e-202
-2.8230643e-207
-1.0321558e-08
7.2435852e-20
-4.9457905e-31
4.889985e-42
-1.1375013e-52
1.6397719e-62
5.0371509e-72
2.1472129e-81
3.7029509e-90
4.3608499e-97
-1.310697e-104
1.4944476e-111
1.1169754e-116
2.0968106e-122
3.6238493e-128
4.701449e-134
8.3787141e-140
9.3311316e-146
1.5726486e-151
1.8156883e-157
1.8562407e-163
3.2280561e-169
1.0361164e-174
1.3598028e-180
1.294952e-186
3.0499863e-192
6.6770452e-198
1.1204558e-203
1.7034786e-209
1.7172468e-213
1.2777186e-214
5.4733912e-215
1.4523921e-215
3.8759541e-215
1.7841465e-214
1.1773157e-214
7.5084955e-215
7.5354882e-214
-4.3233331e-208
-4.2662946e-214
-8.9960208e-09
5.5372993e-20
-3.3214203e-31
2.8467739e-42
-5.5323801e-53
5.7488534e-63
1.802709e-72
6.6636685e-82
8.979549e-91
2.5512006e-98
-6.8603875e-106
6.3058679e-113
-1.3231964e-118
-1.9800974e-124
-2.7085389e-130
-3.3340281e-136
-6.074639e-142
-2.1004884e-147
-1.3766099e-152
-1.8912814e-158
-3.518325e-164
-3.4939817e-170
-4.2337497e-176
-1.5677342e-181
-1.4387537e-187
-2.4446596e-193
-2.9591244e-199
-3.6897024e-205
-6.504603e-211
-5.1740668e-217
1.2807646e-220
5.3356312e-221
1.245571e-221
3.8538346e-221
1.5473894e-220
2.7681237e-220
2.2255672e-220
8.6270565e-219
-2.524321e-214
-8.00496e-221
-7.8433401e-09
4.2354096e-20
-2.2350252e-31
1.6660065e-42
-2.7234601e-53
2.1142823e-63
7.0839388e-73
2.2991354e-82
2.4705198e-91
3.4783555e-99
-8.9022671e-107
6.4939303e-114
-6.7363971e-120
-2.3597605e-125
-3.8069615e-130
-7.0267062e-136
-8.0387272e-142
-1.6325107e-147
-4.648094e-153
8.3147991e-159
1.4105619e-164
1.4276631e-170
2.7914147e-176
3.8693276e-182
1.0456168e-187
2.4024352e-193
2.704015e-199
4.9732612e-205
1.2651188e-210
1.6246165e-216
2.0206784e-222
5.5584222e-227
1.3958561e-227
1.5394453e-226
5.0001944e-226
5.8271537e-226
8.391668e-225
1.0334789e-224
-1.1657753e-220
-2.1198589e-227
-6.8421127e-09
3.2417683e-20
-1.5068401e-31
9.7976429e-43
-1.3556209e-53
8.0730207e-64
3.0955373e-73
8.926469e-83
7.7676657e-92
6.5633387e-100
-1.6506886e-107
9.4485128e-115
-5.3772427e-121
-9.7603254e-127
1.5931144e-131
2.3273114e-137
6.5507627e-143
1.1356906e-148
2.4775044e-154
2.8773849e-160
1.4037767e-165
1.5874437e-171
5.7980114e-177
9.4034106e-183
3.6941769e-188
5.8068982e-194
1.120002e-199
1.5212845e-205
3.4140217e-211
5.7988447e-217
1.1022721e-222
1.1497344e-228
1.4479898e-233
1.4174363e-232
1.5752137e-231
1.5696007e-231
5.8828466e-230
1.5771532e-230
-3.9553841e-227
-6.1236772e-234
-5.9734024e-09
2.4833652e-20
-1.017833e-31
5.7886205e-43
-6.8170672e-54
3.1794316e-64
1.5716399e-73
4.0751953e-83
2.9173704e-92
1.6382233e-100
-4.1889492e-108
2.1017335e-115
-6.1383566e-122
-2.1753719e-127
-2.8512389e-133
3.0991119e-138
-1.2209593e-143
-3.1580871e-148
-6.0217123e-154
-2.0794727e-159
9.6439924e-165
5.4653409e-170
4.1849264e-175
9.8407489e-181
2.1363028e-186
4.962392e-192
2.8031666e-197
5.1552346e-203
6.4772391e-209
1.2847545e-214
1.2111358e-220
1.0129755e-226
8.674765e-233
2.690637e-238
1.4321428e-237
9.4050192e-237
2.8739805e-235
2.0447188e-236
-9.1076161e-234
-1.4144058e-240
-5.2209077e-09
1.9046449e-20
-6.889337e-32
3.4355391e-43
-3.4613517e-54
1.2856047e-64
1.0837562e-73
2.5580583e-83
1.5267309e-92
6.0306175e-101
-1.7216405e-108
7.1251527e-116
-1.6024147e-122
3.3343834e-127
4.5210651e-133
1.1268676e-138
2.2070459e-143
1.4810928e-148
-5.3161576e-154
-1.5494353e-159
1.1602481e-164
2.2009225e-170
-3.6661788e-175
-5.3638847e-181
-1.208126e-186
-1.8075412e-192
-5.1931751e-198
-1.6048058e-203
-2.4105002e-209
-5.1558569e-215
-8.4380823e-221
-7.8401881e-227
-1.3239564e-232
-2.4600625e-238
3.3730653e-243
3.5550431e-242
-3.875721e-241
2.6623526e-242
-1.8847184e-240
-2.9057556e-247
-4.570319e-09
1.4631819e-20
-4.6740589e-32
2.0483796e-43
-1.7738815e-54
5.3198259e-65
1.0392204e-72
2.2613296e-82
1.1385821e-91
3.3017468e-100
-1.2351814e-107
4.4648673e-115
-7.2419316e-122
-9.1361444e-127
-3.0294735e-132
6.4467444e-138
2.4829792e-143
-2.7389935e-148
-1.0802047e-153
2.0589625e-159
-3.8830214e-165
-6.1239988e-171
5.6673976e-176
1.893697e-181
1.4852569e-186
3.6022348e-192
1.3265612e-197
3.9484977e-200
6.5918251e-206
-2.4267641e-211
-6.4694954e-217
-1.9006704e-222
-2.7546369e-228
-4.4111831e-234
-1.4613437e-239
4.3242569e-244
2.6968339e-246
2.9749608e-248
-3.5466171e-247
-5.5619423e-254
-4.0090777e-09
1.1265962e-20
-3.1801412e-32
1.2272865e-43
-9.1746785e-55
2.2480856e-65
-1.5685989e-74
-3.1903009e-84
-1.3709692e-93
-3.0189467e-102
2.0800357e-109
-6.6230356e-117
8.0868338e-124
-1.6547393e-129
-3.8749027e-135
1.7958416e-140
-8.6576698e-146
4.3446402e-151
-1.1524545e-156
2.2838057e-162
9.6759548e-168
-3.1340312e-172
1.0128761e-177
4.1408934e-183
-1.8555562e-188
1.0187521e-192
1.836948e-198
3.0486147e-204
-1.3535989e-209
-2.9242915e-215
-5.1650086e-221
-8.8800682e-227
-4.3709897e-232
-4.3311579e-238
-2.4339583e-243
3.485129e-249
-4.850825e-252
2.0698694e-254
-5.4102198e-254
-8.1853998e-261
-3.5260377e-09
8.7007245e-21
-2.171295e-32
7.3926456e-44
-4.7895505e-55
9.6870088e-66
-2.9143166e-75
-5.6222208e-85
-2.0853169e-94
-3.5695116e-103
-1.2523151e-109
3.6947016e-117
-3.8022941e-124
2.6089793e-130
-1.0498873e-135
1.7023015e-141
-1.1078942e-146
1.8024704e-152
3.496817e-158
-2.2176243e-163
7.729694e-169
-1.0589177e-173
3.9813635e-179
-2.6311645e-184
-8.6549178e-189
6.3816388e-194
-4.1475235e-199
-3.1301166e-204
-5.719339e-210
-2.6452283e-215
-1.31841e-219
-2.6044183e-225
-7.0414849e-230
2.1210237e-235
1.8064719e-240
-4.797516e-246
1.1892901e-250
1.1576858e-256
-8.1880071e-261
-1.2831664e-267
-3.1114298e-09
6.746474e-21
-1.489022e-32
4.4800422e-44
-2.5247323e-55
4.2525532e-66
-7.4850733e-76
-1.3925839e-85
-4.5042098e-95
-6.1156083e-104
-2.3331771e-111
6.3413502e-119
-5.4403772e-126
3.8829762e-132
3.9445926e-137
-1.86537e-142
7.6111202e-148
-7.697608e-154
2.1592636e-159
-3.508199e-165
5.3756051e-171
2.3947679e-176
-6.8722699e-182
-2.005872e-186
-1.812323e-191
6.2130763e-197
-1.2800143e-202
2.2353355e-207
3.9544701e-213
-1.0217712e-218
6.6444565e-224
1.3424424e-229
1.7538215e-235
1.0764411e-240
-7.8754999e-246
1.174845e-251
-1.4911613e-256
-1.9911176e-263
-1.1320258e-267
-1.746214e-274
-2.7566098e-09
5.258082e-21
-1.0268138e-32
2.7341408e-44
-1.3448096e-55
1.9014955e-66
-2.2178472e-76
-4.0564017e-86
-1.155643e-95
-1.2704296e-104
-2.2096688e-112
5.7832213e-120
-4.2048441e-127
1.6627439e-133
-6.9909454e-139
2.5386349e-144
-4.417113e-150
1.0247345e-155
-1.8136438e-161
3.1128844e-167
-1.2176035e-171
2.0935146e-177
-8.4489449e-183
-1.0009133e-187
4.1483571e-193
6.567177e-198
-1.756706e-203
2.0003324e-208
-3.0166251e-214
-1.3719779e-219
-3.0983239e-225
4.3580493e-230
9.7106928e-236
-4.8383862e-241
9.6493244e-247
-1.32208e-252
2.4440842e-258
1.3451085e-264
1.6074591e-271
1.1825427e-278
-2.4539741e-09
4.1245848e-21
-7.130141e-33
1.6825409e-44
-7.2456691e-56
8.6617401e-67
-7.1765997e-77
-1.3209958e-86
-3.3473186e-96
-3.0194776e-105
-3.0790382e-113
8.0514989e-121
-4.8377448e-128
1.6909254e-134
-3.8886912e-140
6.2195e-146
-5.1917089e-151
4.1795962e-157
-5.7475667e-163
4.2427193e-168
-5.4305691e-174
3.9523845e-180
-7.9954534e-186
1.0953064e-191
-1.6222837e-197
1.7664667e-203
-1.7960785e-211
-8.329608e-214
6.8064152e-219
6.0661342e-224
-8.4020201e-230
1.0092511e-235
3.1865077e-240
9.4734179e-246
-1.2225149e-251
1.1460335e-257
-1.6607655e-263
-6.768052e-270
-8.5369871e-277
-5.9136526e-284
-2.196835e-09
3.2612661e-21
-4.9939878e-33
1.0457053e-44
-3.9543097e-56
4.0225609e-67
-2.4761272e-77
-4.7216181e-87
-1.0749646e-96
-8.0741559e-106
-5.4515128e-114
1.4523582e-121
-7.7122375e-129
2.0026855e-135
-1.7607112e-141
2.5566995e-147
-2.7854653e-153
5.814997e-159
-9.4305394e-165
1.7052092e-170
-1.3387614e-176
1.234185e-182
-6.9546984e-188
1.0172733e-193
-9.9378559e-200
2.0999764e-205
-3.332041e-211
4.3739274e-217
-5.6028271e-223
7.5999635e-229
-1.960586e-234
3.3745353e-239
-4.853805e-245
7.0756066e-251
-3.7182546e-257
1.8630694e-263
-2.2083585e-270
-3.4959097e-276
-4.5267234e-283
-3.5714062e-290
-1.9793158e-09
2.6034833e-21
-3.5349029e-33
6.5761836e-45
-2.189714e-56
1.9067726e-67
-9.0025652e-78
-1.849758e-87
-3.8199872e-97
-2.4190224e-106
-1.1611657e-114
3.4720744e-122
-1.6119209e-129
3.1159149e-136
-2.1936271e-142
3.409985e-148
-2.2353103e-154
2.0023729e-160
-1.1187859e-166
1.8106371e-172
-1.1650951e-178
9.8347715e-185
-6.3843622e-191
8.5085982e-197
-9.7053309e-203
1.3767101e-208
-2.1889928e-214
2.2758766e-220
-9.051863e-226
8.3749454e-232
-7.02486e-238
1.1617071e-243
-1.3131518e-249
2.1814483e-255
-1.1843972e-261
5.4090687e-268
-3.3923524e-274
-1.7665123e-280
-1.9777652e-287
-1.3576996e-294
-1.796283e-09
2.1020536e-21
-2.5341273e-33
4.1939247e-45
-1.2329354e-56
9.2410185e-68
-3.4281304e-78
-8.0359125e-88
-1.5206422e-97
-8.2152022e-107
-2.9178871e-115
1.067163e-122
-4.3247932e-130
6.2218587e-137
-3.5433376e-143
2.9938119e-149
-2.1857103e-155
1.8051301e-161
-1.4783642e-167
1.0981334e-173
-1.1195981e-179
7.5614475e-186
-7.9053323e-192
1.0215903e-197
-1.1695778e-203
7.956225e-210
-1.238681e-215
1.7167345e-221
-1.8596742e-227
2.6559247e-233
-3.0943301e-239
3.8360047e-245
-3.950422e-251
4.4044571e-257
-3.0169905e-263
1.2854119e-269
-7.7598675e-276
-2.9924621e-282
-3.1234874e-289
-2.2470753e-296
-1.6432625e-09
1.7196069e-21
-1.8442549e-33
2.719102e-45
-7.0757719e-57
4.5884118e-68
-1.3632409e-78
-4.0036256e-88
-7.0158173e-98
-3.2670726e-107
-8.9210941e-116
5.0820013e-123
-1.9122302e-130
2.465472e-137
-1.1844998e-143
9.6143926e-150
-4.666532e-156
3.2517488e-162
-1.6676344e-168
1.0523413e-174
-4.863779e-181
2.5588622e-187
-1.2455455e-193
1.143086e-199
-5.7436768e-206
6.2176019e-212
-4.9764442e-218
3.8409137e-224
-4.7955776e-230
5.3839616e-236
-5.2882341e-242
5.4912765e-248
-5.6720277e-254
2.3412984e-260
-1.1648039e-266
4.9690251e-273
-3.2675469e-279
-1.3050162e-285
-1.3269665e-292
-9.2536476e-300
-1.5163849e-09
1.4278351e-21
-1.3659169e-33
1.7970568e-45
-4.1501324e-57
2.3398236e-68
-5.6560219e-79
-2.5222811e-88
-4.136817e-98
-1.6791889e-107
-3.6045728e-116
7.4357418e-123
-2.6233528e-130
2.7942362e-137
-1.1109955e-143
6.0139773e-150
-3.1633954e-156
1.5393795e-162
-8.333199e-169
3.8854693e-175
-2.1486895e-181
9.7992798e-188
-6.1288243e-194
4.4569167e-200
-2.7007453e-206
1.3729576e-212
-7.588773e-219
4.6859514e-225
-3.0378559e-231
1.7816163e-237
-1.7633908e-243
2.366e-249
-1.636095e-255
1.5121584e-261
-5.5511034e-268
2.2623943e-274
-1.0911919e-280
-4.0551576e-287
-4.686546e-294
-3.1170975e-301
-1.4122852e-09
1.2053026e-21
-1.0320447e-33
1.2140598e-45
-2.4948471e-57
1.2286924e-68
-2.4490334e-79
-3.3236643e-88
-5.1609245e-98
-1.8439619e-107
-3.1853937e-116
-2.3464561e-123
7.7281529e-131
-7.2477962e-138
1.9706985e-144
-1.0638569e-150
4.4601041e-157
-2.0718027e-163
9.9622257e-170
-4.2721174e-176
2.2368641e-182
-1.0605593e-188
6.4607235e-195
-2.7221324e-201
1.5073548e-207
-7.3050287e-214
3.0423468e-220
-1.3554988e-226
6.3208758e-233
-3.4979297e-239
2.0692912e-245
-1.6177006e-251
1.0391467e-257
-6.3886023e-264
2.0576322e-270
-6.6031005e-277
4.2303255e-283
1.5284185e-289
1.4804501e-296
1.0314933e-303
-1.3280832e-09
1.0358694e-21
-7.9736934e-34
8.4077172e-46
-1.5417003e-57
6.6631064e-69
-1.1079249e-79
9.6032765e-89
1.4297654e-98
4.5417559e-108
6.4312912e-117
1.78542e-124
-5.9656874e-132
4.850138e-139
-1.2780361e-145
4.8572004e-152
-2.1146216e-158
8.3186302e-165
-3.413371e-171
1.6853209e-177
-7.2911978e-184
3.6698215e-190
-1.8366651e-196
8.4777839e-203
-3.5171117e-209
1.6962103e-215
-6.8300558e-222
3.205062e-228
-1.2804115e-234
7.973656e-241
-4.4746282e-247
3.195648e-253
-2.1445574e-259
8.3950364e-266
-2.2759429e-272
5.7083707e-279
-2.7277119e-285
-8.3466353e-292
-8.2444128e-299
-5.6770947e-306
-1.2612679e-09
9.0736508e-22
-6.3125063e-34
5.9843692e-46
-9.8213579e-58
3.7420449e-69
-5.2449181e-80
1.5109702e-89
2.1866459e-99
6.2336391e-109
7.3486324e-118
1.1485886e-125
-3.8238613e-133
2.759751e-140
-6.0971967e-147
2.0569692e-153
-6.6429534e-160
2.5748989e-166
-8.5010961e-173
3.2000505e-179
-1.1270699e-185
4.1470133e-192
-1.5595644e-198
6.5284413e-205
-2.0962395e-211
1.1051559e-217
-3.9315557e-224
1.7060331e-230
-8.0224853e-237
2.9869209e-243
-1.4376633e-249
5.6797889e-256
-3.650298e-262
8.9204484e-269
-9.0073731e-275
4.9092783e-281
-6.1820695e-287
3.3117911e-293
8.4750376e-301
3.0020631e-308
-1.2096678e-09
8.10656e-22
-5.1292514e-34
4.3881117e-46
-6.4671146e-58
2.1822452e-69
-2.6027024e-80
4.159535e-90
5.9430654e-100
1.5354488e-109
1.529591e-118
1.5703994e-126
-5.4346612e-134
3.4878541e-141
-6.5019061e-148
1.9763099e-154
-6.0583666e-161
1.774892e-167
-7.3150756e-174
2.4741394e-180
-9.8638411e-187
3.1333651e-193
-1.024689e-199
4.8067697e-206
2.0192239e-213
2.8304664e-218
4.8672941e-223
6.4122022e-229
6.9764862e-235
2.6860636e-240
2.6575241e-246
6.0838018e-252
1.6745829e-258
4.1802178e-264
-5.4484644e-270
2.6759984e-276
-3.0749532e-282
3.1408821e-288
1.7717518e-295
1.0540998e-302
-1.1713766e-09
7.388874e-22
-4.2827848e-34
3.3211012e-46
-4.4117122e-58
1.3246238e-69
-1.3561609e-80
1.420177e-90
2.0399175e-100
4.8241052e-110
4.1155532e-119
3.0036296e-127
-1.1837212e-134
6.9446876e-142
-1.0934161e-148
2.960928e-155
-9.512923e-162
3.1556204e-168
-1.015969e-174
3.4219994e-181
-1.1048327e-187
3.4071444e-194
-9.7202546e-201
1.8925284e-207
-7.7299122e-213
-1.6893729e-218
-8.8735242e-224
-1.2277763e-229
-5.0228989e-235
-3.2788056e-240
-1.5277005e-245
-1.9729814e-251
-1.6653225e-257
-2.3128179e-263
4.3900587e-269
-2.041421e-275
1.4336814e-281
-1.0728234e-286
-3.2471764e-294
-7.7264534e-302
-1.1446728e-09
6.8689676e-22
-3.6767516e-34
2.5978031e-46
-3.123406e-58
8.3850271e-70
-7.4301808e-81
5.553312e-91
8.193321e-101
1.7906279e-110
1.3248997e-119
7.2209262e-128
-3.4809474e-135
1.877258e-142
-2.4813601e-149
6.7196231e-156
-2.1434712e-162
6.1972393e-169
-1.767038e-175
4.6237928e-182
-1.2259472e-188
3.0509857e-193
8.5174068e-199
2.2506752e-204
-4.4326743e-210
1.1865116e-215
-1.313874e-220
-3.0127424e-225
-7.8954706e-231
-2.1172704e-236
-5.7229357e-242
-5.2031186e-248
-4.6163875e-253
4.2516997e-258
-3.292116e-264
1.5003599e-270
-1.4239312e-276
3.4535814e-282
1.8241814e-289
1.0185632e-296
-1.1279632e-09
6.5077651e-22
-3.2451008e-34
2.1015334e-46
-2.2975741e-58
5.5426638e-70
-4.2844271e-81
2.4102959e-91
3.7512788e-101
7.6518822e-111
4.9680941e-120
2.0994683e-128
-1.4843194e-135
7.9453178e-143
-1.0021952e-149
2.0544253e-156
-5.9066417e-163
1.5623557e-169
-3.7107331e-176
9.5222556e-183
-1.163885e-191
-5.8206532e-194
5.8302061e-199
1.3493343e-202
-6.5400951e-208
4.6441308e-213
9.3830964e-219
6.8684307e-224
-1.1965146e-229
4.704721e-235
3.6740538e-240
-1.8658338e-245
-1.7108331e-250
1.8617791e-255
-8.9222902e-262
2.9736021e-268
-1.9548273e-274
7.6956371e-280
4.4535541e-287
2.4191736e-294
-1.1196996e-09
6.275065e-22
-2.9421829e-34
1.7580469e-46
-1.7567317e-58
3.8282753e-70
-2.6010839e-81
1.1431022e-91
1.9431058e-101
3.7379157e-111
2.1533571e-120
7.2925286e-129
-1.4140306e-135
7.0015608e-143
-7.7849308e-150
1.6451012e-156
-4.219058e-163
1.0817498e-169
-2.4208856e-176
5.8034679e-183
-1.5467962e-189
3.7611674e-196
-1.5070399e-202
-6.996017e-209
7.1940721e-214
-1.0556782e-218
-1.5196577e-225
-7.9870245e-230
2.8010977e-235
-1.026355e-240
2.3419891e-245
-2.9107041e-250
7.242741e-256
-2.3321778e-261
1.2701248e-267
-4.0458919e-274
3.2968018e-280
-7.5420864e-286
-1.4666735e-293
-2.3477413e-301
-1.1183213e-09
6.1467456e-22
-2.7361132e-34
1.5195206e-46
-1.3956172e-58
2.7624226e-70
-1.6619524e-81
5.8672884e-92
1.1431496e-101
2.0961157e-111
1.0826437e-120
2.999367e-129
5.0113563e-136
-2.3995738e-143
2.5664491e-150
-4.6404396e-157
1.0093785e-163
-2.2398681e-170
4.8618398e-177
-1.1060384e-183
2.7149985e-190
-5.6260459e-197
1.3562093e-203
-2.6096613e-210
3.8484672e-217
2.8483028e-223
-3.9274905e-229
8.2712238e-235
1.8429868e-240
-8.4383118e-246
-2.0623171e-250
3.6296955e-255
-6.6491879e-261
6.3108736e-267
-2.5390059e-273
6.1502999e-280
-6.583677e-286
-1.0784148e-292
-3.2827548e-299
-2.6805187e-306
-1.1222003e-09
6.1023397e-22
-2.6041372e-34
1.3546658e-46
-1.1505832e-58
2.0803892e-70
-1.1163032e-81
3.2368613e-92
7.7852693e-102
1.3758575e-111
6.4400784e-121
1.4912666e-129
7.4982366e-137
-3.7855623e-144
3.4894527e-151
-5.7127866e-158
1.1408007e-164
-2.467677e-171
5.6790688e-178
-1.2616795e-184
2.9384888e-191
-5.8916169e-198
1.4189937e-204
-3.0435537e-211
6.9222076e-218
-1.6640614e-224
3.2528214e-231
-6.4705474e-238
9.8725566e-245
-2.6338189e-250
8.8869265e-256
-4.2157836e-261
8.4346889e-267
-5.6899727e-273
1.9608654e-279
-3.9485644e-286
5.1904829e-292
1.2104429e-298
7.4762482e-306
2.8288856e-312
-1.1295978e-09
6.1230255e-22
-2.5293718e-34
1.2425883e-46
-9.8232113e-59
1.632118e-70
-7.8664493e-82
1.9081958e-92
6.4806698e-102
1.1170015e-111
4.7847875e-121
9.4033253e-130
2.6095468e-137
-1.3663189e-144
1.2132809e-151
-1.9087903e-158
3.8497295e-165
-7.5687896e-172
1.4700056e-178
-2.843855e-185
5.4337442e-192
-1.1622302e-198
2.173323e-205
-4.0555929e-212
8.2795122e-219
-1.7824488e-225
3.8359518e-232
-8.1684403e-239
1.6417273e-245
-2.5384092e-252
-6.2514275e-260
4.039262e-265
-3.7303259e-271
1.5442805e-277
-4.2163444e-284
9.8219907e-291
-4.7981416e-297
-8.8431889e-303
-4.0875872e-310
-4.5818303e-313
-1.1386985e-09
6.1902118e-22
-2.4985203e-34
1.1689416e-46
-8.6598624e-59
1.3302288e-70
-5.7991735e-82
1.1954736e-92
8.0617941e-102
1.3723941e-111
5.4340609e-121
9.2187087e-130
1.7053185e-137
-9.8385221e-145
8.4868206e-152
-1.2937417e-158
2.3800631e-165
-4.5321597e-172
8.735984e-179
-1.5784467e-185
3.5074948e-192
-6.6354246e-199
1.3643332e-205
-2.8889487e-212
6.2512722e-219
-1.2415414e-225
2.5481444e-232
-5.0979043e-239
1.2264992e-245
-3.5703056e-252
8.2945571e-259
-2.5219034e-265
7.5772685e-272
-1.7863558e-278
3.7808786e-285
-7.5223298e-292
2.9847933e-298
5.1287898e-304
1.9379759e-311
2.8674634e-312
-1.1476503e-09
6.2844774e-22
-2.5001362e-34
1.123415e-46
-7.8540926e-59
1.1223574e-70
-4.456172e-82
7.9142553e-93
-3.391767e-101
-5.7811822e-111
-2.1370492e-120
-3.1744246e-129
-4.195768e-137
2.7135681e-144
-2.1040845e-151
2.7496272e-158
-4.3267996e-165
7.7505742e-172
-1.2809151e-178
2.1010225e-185
-3.5229999e-192
5.4352829e-199
-1.0566698e-205
1.8424801e-212
-3.2993131e-219
6.2857336e-226
-1.1058161e-232
2.1173367e-239
-3.8736143e-246
8.1557854e-253
-1.7669722e-259
3.4951696e-266
-7.1251462e-273
1.0400335e-279
-1.2964188e-286
1.6801805e-293
-3.6726642e-300
-9.5750808e-307
-8.1464249e-313
1.3270536e-312
-1.1547026e-09
6.3854477e-22
-2.5234736e-34
1.0981242e-46
-7.2968254e-59
9.7615233e-71
-3.5534574e-82
5.5038442e-93
-2.4940931e-102
-4.3218333e-112
-1.5059156e-121
-1.9820629e-130
-1.9899278e-138
1.6979851e-145
-1.233706e-152
1.5276375e-159
-2.4249071e-166
3.5873895e-173
-6.0598217e-180
9.5443234e-187
-1.6209642e-193
2.7938529e-200
-4.9140558e-207
8.2369887e-214
-1.3773335e-220
2.3278386e-227
-3.9055699e-234
7.4653157e-241
-1.5213476e-247
2.8260997e-254
-5.432843e-261
1.0435158e-267
-2.0412493e-274
2.7870726e-281
-3.2257523e-288
3.8744401e-295
-9.4735586e-302
-4.8960449e-309
8.5114221e-313
-4.2733231e-313
-1.1583559e-09
6.4725239e-22
-2.5578043e-34
1.0865592e-46
-6.910923e-59
8.7094349e-71
-2.9259316e-82
3.9956865e-93
-9.0082408e-103
-1.6145244e-112
-5.3556339e-122
-6.3312114e-131
-5.058669e-139
6.4238978e-146
-4.8980767e-153
5.6893714e-160
-8.1822486e-167
1.2235038e-173
-1.7809137e-180
2.595914e-187
-3.8198701e-194
5.9340203e-201
-9.3810544e-208
1.5530014e-214
-2.4799466e-221
3.554965e-228
-5.9966823e-235
9.6144457e-242
-1.7502206e-248
3.0676591e-255
-5.152094e-262
9.4501284e-269
-1.5396551e-275
2.0767916e-282
-2.4387883e-289
2.99429e-296
-6.5038793e-303
-2.8438798e-309
-2.6112447e-313
1.1961254e-313
-1.1575503e-09
6.5266626e-22
-2.5923149e-34
1.0829663e-46
-6.6388852e-59
7.930387e-71
-2.4742757e-82
3.0087739e-93
-4.3525566e-103
-8.2322282e-113
-2.6245607e-122
-2.8126106e-131
-1.8421723e-139
5.8613314e-146
-4.2960833e-153
4.790081e-160
-6.99424e-167
1.0000609e-173
-1.5676823e-180
2.3053744e-187
-3.1662635e-194
4.4547466e-201
-7.125485e-208
1.0368388e-214
-1.4497763e-221
2.1235399e-228
-3.1734968e-235
4.8172628e-242
-7.8143865e-249
1.3504502e-255
-2.2540335e-262
3.9108147e-269
-6.0510714e-276
7.800827e-283
-8.4653604e-290
1.0196187e-296
-2.4689462e-303
-1.2791431e-309
-2.6921138e-312
-3.8654529e-313
-1.1517834e-09
6.532682e-22
-2.6165416e-34
1.0820604e-46
-6.4355448e-59
7.330174e-71
-2.1367872e-82
2.3346814e-93
-2.4250986e-103
-4.9563542e-113
-1.5326197e-122
-1.5038113e-131
-8.2400206e-140
-2.8700413e-146
2.2516352e-153
-2.3132605e-160
2.9365833e-167
-4.308242e-174
5.7722537e-181
-7.4288159e-188
1.0761455e-194
-1.5809784e-201
2.2756878e-208
-3.2502453e-215
4.6412658e-222
-6.8684146e-229
1.0942906e-235
-1.6334138e-242
2.5502936e-249
-3.9407918e-256
7.0633741e-263
-1.0189762e-269
1.4907338e-276
-1.8219727e-283
1.956652e-290
-2.1108828e-297
4.8190044e-304
2.1497412e-310
3.8991802e-313
2.9981529e-313
-1.1411801e-09
6.4816954e-22
-2.6213305e-34
1.0790407e-46
-6.2643539e-59
6.8421318e-71
-1.8741263e-82
1.8549699e-93
-1.4764129e-103
-3.3571974e-113
-1.0158154e-122
-9.2056144e-132
-4.281811e-140
-4.3417957e-147
3.474005e-154
-3.4135072e-161
4.5507917e-168
-5.9670078e-175
7.6927228e-182
-1.0183763e-188
1.4258088e-195
-2.0027265e-202
2.9069572e-209
-4.1084096e-216
6.0424883e-223
-9.2066425e-230
1.2770322e-236
-1.8677324e-243
2.8193958e-250
-4.1479256e-257
6.9111895e-264
-1.0915592e-270
1.5856202e-277
-1.8876049e-284
1.9038312e-291
-2.1174478e-298
4.2822892e-305
3.0524327e-312
8.3014922e-313
-3.011984e-313
-1.12642e-09
6.3724782e-22
-2.5999659e-34
1.0698032e-46
-6.0957902e-59
6.4184102e-71
-1.6607378e-82
1.5001621e-93
-9.55161e-104
-2.5103948e-113
-7.4982054e-123
-6.3269528e-132
-2.5474381e-140
-1.3883887e-147
1.1744296e-154
-1.1377558e-161
1.3616916e-168
-1.8581381e-175
2.3879712e-182
-2.9643478e-189
3.9280952e-196
-5.3110049e-203
6.7400056e-210
-8.8342388e-217
1.1551275e-223
-1.6440266e-230
2.4357635e-237
-3.5639051e-244
5.1085809e-251
-8.2367183e-258
1.3351959e-264
-1.3921986e-271
3.8371063e-278
6.1783931e-286
4.4714698e-292
1.1909298e-298
8.6531038e-304
-1.0680819e-307
1.087837e-311
3.0767056e-313
-1.1086035e-09
6.2115146e-22
-2.5492288e-34
1.0512907e-46
-5.9072657e-59
6.0253273e-71
-1.4800278e-82
1.228456e-93
-6.4536005e-104
-2.0724287e-113
-6.1657075e-123
-4.8807712e-132
-1.721154e-140
-6.4649115e-148
6.0077248e-155
-5.554931e-162
6.575741e-169
-7.7822775e-176
9.7498678e-183
-1.2340001e-189
1.4707494e-196
-1.7545936e-203
2.2085198e-210
-2.7893775e-217
3.4147292e-224
-4.2916968e-231
5.2859847e-238
-6.9580212e-245
9.6864108e-252
-1.544405e-258
2.3038683e-265
-3.5055295e-272
4.5196259e-279
-5.0261216e-286
4.7928952e-293
-5.0790013e-300
8.1858381e-307
-1.2307576e-312
-2.4565147e-312
-3.3709585e-312
-1.0890607e-09
6.0114382e-22
-2.4699223e-34
1.0218289e-46
-5.683678e-59
5.6407179e-71
-1.3214504e-82
1.0141458e-93
-4.4993158e-104
-1.9376305e-113
-5.8016079e-123
-4.3462745e-132
-1.3639191e-140
-3.8301562e-148
3.6797498e-155
-3.3831402e-162
3.2551171e-169
-3.7974651e-176
4.3470636e-183
-4.3896097e-190
4.767324e-197
-5.0204635e-204
5.0838313e-211
-5.3297496e-218
5.6474955e-225
-6.4653295e-232
8.0803083e-239
-9.6078209e-246
1.20774e-252
-1.5421417e-259
2.3203833e-266
-3.2052539e-273
4.0442307e-280
-4.2304811e-287
4.2046009e-294
-4.0988223e-301
6.7831866e-308
-1.7714761e-311
-1.6025752e-312
1.6962414e-312
-1.0691496e-09
5.7882396e-22
-2.366578e-34
9.8129452e-47
-5.417648e-59
5.2518445e-71
-1.1785418e-82
8.4115725e-94
-3.2090726e-104
-2.2641445e-113
-6.9165944e-123
-4.9625036e-132
-1.4079671e-140
-3.0948996e-148
3.2736853e-155
-2.6080368e-162
2.2221798e-169
-1.8913982e-176
1.6883886e-183
-1.5107125e-190
1.3328972e-197
-1.1945626e-204
1.0435452e-211
-9.3398475e-219
9.1092395e-226
-8.6409206e-233
8.3283467e-240
-8.4255222e-247
9.4185194e-254
-1.0332647e-260
1.3007553e-267
-1.7576623e-274
2.2093714e-281
-2.2070914e-288
1.9732977e-295
-1.9672908e-302
3.4223104e-309
1.0050163e-311
5.7226806e-313
-7.3919302e-313
-1.0501127e-09
5.5585027e-22
-2.2465171e-34
9.3109302e-47
-5.1095341e-59
4.8538178e-71
-1.0475883e-82
6.9913937e-94
-2.3269928e-104
-6.0224791e-113
-1.9112596e-122
-1.3290754e-131
-3.4714581e-140
-6.3791923e-148
7.0569874e-155
-4.6738455e-162
3.4702967e-169
-2.5604456e-176
1.8237664e-183
-1.3422843e-190
9.7033497e-198
-7.0386501e-205
5.1908718e-212
-3.9345318e-219
2.9025829e-226
-2.39302e-233
1.9019561e-240
-1.6774906e-247
1.4250057e-254
-1.3986979e-261
1.5153812e-268
-1.743668e-275
1.8722571e-282
-1.6811033e-289
1.4762191e-296
-1.2531552e-303
1.8539099e-310
1.2087459e-311
2.0415642e-312
6.4444886e-313
-1.0329743e-09
5.3370387e-22
-2.1183857e-34
8.7385976e-47
-4.7664862e-59
4.4476966e-71
-9.2656944e-83
5.8111919e-94
-1.7076572e-104
2.1889888e-113
7.3846764e-123
5.0504729e-132
1.2302941e-140
1.9620646e-148
-2.0640091e-155
1.197271e-162
-7.2113393e-170
4.4212442e-177
-2.8421793e-184
1.7728846e-191
-1.0656316e-198
6.6561294e-206
-4.1816054e-213
2.6809443e-220
-1.6983882e-227
1.0781996e-234
-7.2768955e-242
4.9930724e-249
-3.8254305e-256
2.9306121e-263
-2.5260163e-270
2.3750056e-277
-1.9886897e-284
1.6043776e-291
-1.1947218e-298
9.1802746e-306
4.3696714e-313
6.4753039e-312
2.0489717e-312
-5.3256813e-313
-1.018503e-09
5.1355413e-22
-1.9906639e-34
8.1296074e-47
-4.400865e-59
4.0388743e-71
-8.1447647e-83
4.8214894e-94
-1.2635341e-104
6.0792011e-114
2.2375772e-123
1.5229436e-132
3.4935597e-141
4.8215655e-149
-5.4179555e-156
2.8560078e-163
-1.555679e-170
8.6106054e-178
-4.776978e-185
2.7068475e-192
-1.5641878e-199
8.6725534e-207
-4.8486246e-214
2.8356581e-221
-1.5838202e-228
9.2126787e-236
-5.315941e-243
3.2773881e-250
-2.0298426e-257
1.3082348e-264
-9.1512637e-272
6.6922036e-279
-4.9932758e-286
3.0562206e-293
-1.5688106e-300
5.4892455e-308
2.590698e-312
9.0200096e-313
-1.8424918e-312
5.2916921e-313
-1.0072107e-09
4.9621724e-22
-1.8705054e-34
7.5191205e-47
-4.0281213e-59
3.6356406e-71
-7.109328e-83
3.9857796e-94
-9.3976985e-105
2.7022066e-114
1.1131658e-123
7.5921382e-133
1.6390994e-141
1.9375061e-149
-3.6613861e-156
1.9751997e-163
-1.0631624e-170
5.9304378e-178
-3.5235674e-185
2.1144916e-192
-1.2372378e-199
7.3172141e-207
-4.2958445e-214
2.4153185e-221
-1.4208128e-228
8.5337385e-236
-4.9540723e-243
2.7841115e-250
-1.6322753e-257
1.0052346e-264
-6.181985e-272
3.7881273e-279
-2.3512951e-286
1.366765e-293
-8.0266884e-301
5.5698773e-308
-5.1220122e-312
-1.798683e-312
8.1500599e-313
-2.3565224e-313
-9.9938393e-10
4.821852e-22
-1.7631259e-34
6.9384362e-47
-3.6644268e-59
3.2480344e-71
-6.1607339e-83
3.2778704e-94
-7.0071915e-105
1.422176e-114
6.667382e-124
4.5253055e-133
9.1316272e-142
9.0890711e-150
2.0892538e-155
-1.3703926e-162
8.8428583e-170
-6.2381213e-177
4.4112059e-184
-3.2047553e-191
2.3247608e-198
-1.6841649e-205
1.2158131e-212
-8.8347619e-220
6.2454672e-227
-4.3003386e-234
2.7954801e-241
-1.4050377e-248
-1.5017477e-255
7.2637608e-262
-1.4446158e-268
1.9508053e-275
-2.0178922e-282
1.7000512e-289
-1.3731297e-296
1.5697376e-303
-4.4548347e-310
-2.2779335e-311
-1.1038535e-312
-1.0154376e-312
-9.9511131e-10
4.716816e-22
-1.671688e-34
6.4111857e-47
-3.3243156e-59
2.8865857e-71
-5.3050325e-83
2.6802174e-94
-5.2286267e-105
8.2163749e-115
4.3673273e-124
2.896063e-133
5.3319932e-142
4.3372955e-150
4.6279409e-157
-4.7656397e-164
4.7483579e-171
-5.1955881e-178
6.8170178e-185
-8.7682378e-192
1.2186023e-198
-1.2861876e-205
-4.9533353e-212
3.1116545e-218
-4.2057208e-224
-1.8216383e-230
5.000588e-236
-3.610933e-242
2.2692903e-248
-7.0182421e-255
1.2909991e-261
-1.7087119e-268
1.7520404e-275
-1.4801809e-282
1.2215822e-289
-1.3025912e-296
2.4074929e-303
-2.4686835e-309
-5.4093774e-313
1.5363879e-312
-9.9433458e-10
4.6473538e-22
-1.5975902e-34
5.9517805e-47
-3.0188189e-59
2.560901e-71
-4.5514406e-83
2.1822922e-94
-3.9052773e-105
5.0451268e-115
2.9601381e-124
1.8654171e-133
3.0697192e-142
2.0357436e-150
9.4465046e-158
-5.1470438e-164
1.8238851e-170
-1.6165473e-176
1.6776311e-182
-4.8425909e-188
4.3934273e-194
-2.3259873e-199
5.0506099e-205
-3.4548418e-211
1.6431189e-217
-6.8489378e-224
2.5973308e-230
-6.8326959e-237
1.3250768e-243
-1.96166e-250
2.1381149e-257
-1.8638415e-264
1.3350956e-271
-8.5915909e-279
5.6619185e-286
-4.640269e-293
5.056207e-300
-4.2570522e-306
-2.3650108e-312
-9.5981161e-313
-9.9686974e-10
4.6123698e-22
-1.5408908e-34
5.5656741e-47
-2.7542729e-59
2.2780233e-71
-3.9089054e-83
1.7774545e-94
-2.9298538e-105
3.2335806e-115
2.0125577e-124
1.1792518e-133
1.7160955e-142
9.3350448e-151
2.6546831e-158
3.8506834e-165
1.0347377e-171
2.1111721e-178
4.3882964e-185
9.3333629e-192
1.791591e-198
3.2561076e-205
1.8326761e-211
-3.5216646e-218
3.0414553e-224
-1.011178e-230
4.5788895e-237
-7.215487e-244
5.1068411e-250
1.0470195e-255
-7.3869451e-262
1.419349e-268
-1.7073673e-275
1.5908471e-282
-1.5426678e-289
1.4289666e-296
-1.2744738e-303
1.2963381e-309
-1.0191556e-312
1.104818e-312
-1.0024423e-09
4.6098955e-22
-1.5007795e-34
5.2510542e-47
-2.5320679e-59
2.0411438e-71
-3.3819148e-83
1.4594493e-94
-2.2237417e-105
2.1394865e-115
1.4007995e-124
7.6251466e-134
9.9261652e-143
4.6269428e-151
1.0298193e-158
1.0353778e-165
1.8289578e-172
3.1308646e-179
5.7594312e-186
1.0292501e-192
2.219288e-199
5.5111882e-206
1.1815202e-212
2.3497743e-219
4.8194363e-226
9.3578906e-233
1.4503322e-239
-1.0160268e-246
-1.1771418e-252
-4.2889881e-259
-1.3054921e-265
-7.2976513e-272
4.5212278e-278
-1.7628644e-284
2.2379267e-291
-1.5713685e-298
9.0321987e-306
-6.4503383e-311
6.4151962e-313
-1.2027309e-312
-1.0107074e-09
4.6374099e-22
-1.4759706e-34
5.0011179e-47
-2.3491463e-59
1.848998e-71
-2.9674945e-83
1.2199089e-94
-1.72534e-105
1.4521031e-115
1.0809354e-124
5.6520517e-134
6.8404348e-143
2.917397e-151
6.1987336e-159
1.0230556e-165
5.5622511e-171
-2.4151994e-177
8.6071482e-184
-2.4699578e-190
5.4543028e-197
-1.3212449e-203
2.9163568e-210
-8.4801702e-217
3.0784329e-223
-1.9589919e-229
-9.8526646e-235
-7.7194631e-241
-1.9437205e-247
-3.6728379e-254
-5.7683697e-261
-9.3276286e-268
-2.6226658e-274
2.6723732e-278
-4.4706914e-285
2.8155499e-292
-1.3462371e-299
-6.5803845e-306
3.426127e-313
-1.2371404e-312
-1.0212638e-09
4.6920444e-22
-1.4650046e-34
4.806415e-47
-2.1990223e-59
1.6960042e-71
-2.6544273e-83
1.0478555e-94
-1.3841647e-105
1.010427e-115
1.1547284e-124
6.2770164e-134
7.612573e-143
3.2782156e-151
8.9757228e-159
-9.9671178e-166
5.6952475e-173
-2.7758464e-180
1.2363593e-187
-5.3223483e-195
2.091422e-202
-7.7545761e-210
1.9608184e-217
2.7866552e-224
-1.4998334e-230
1.088519e-236
5.9703914e-242
5.7798654e-248
1.5722545e-254
4.6995836e-261
-1.9689857e-267
-1.1861467e-273
-5.7210874e-280
-1.9621948e-284
2.2864984e-291
-1.0267356e-298
4.4626962e-306
-7.4513101e-313
2.6425794e-313
-1.4929872e-312
-1.033671e-09
4.7707397e-22
-1.46648e-34
4.6571165e-47
-2.0731532e-59
1.5729012e-71
-2.4239702e-83
9.3047002e-95
-1.1589477e-105
7.2481604e-116
-1.2113793e-123
-7.983139e-133
-1.1007276e-141
-5.6185104e-150
-4.9066513e-157
1.4010916e-164
-3.0009848e-172
5.9141219e-180
-1.1044957e-187
1.9890705e-195
-3.4979427e-203
6.2447118e-211
-1.1154868e-218
2.0517537e-226
-3.9479933e-234
8.0888442e-242
-3.2012001e-249
-1.4013322e-255
-4.3336218e-262
-1.7360438e-268
1.2781488e-274
1.0267219e-280
6.6381836e-287
1.7586464e-291
-1.7137285e-298
7.0472694e-306
-5.7299301e-313
3.853015e-313
-8.3206948e-313
-6.4295528e-313
-1.0474681e-09
4.870345e-22
-1.4792128e-34
4.5449962e-47
-1.9626423e-59
1.4678189e-71
-2.2507201e-83
8.5367329e-95
-1.0161428e-105
5.4088071e-116
-3.3978008e-125
-3.9387987e-134
-7.9355408e-143
-6.7092967e-151
2.2925852e-158
-3.1763997e-166
3.7420194e-174
-4.1569823e-182
4.4916476e-190
-4.7187731e-198
4.9153746e-206
-5.0959047e-214
5.365017e-222
-5.7335124e-230
6.3178501e-238
-7.2899057e-246
8.9343946e-254
-1.1758217e-261
2.4169323e-269
2.6226564e-276
-2.8436175e-282
-2.8066216e-288
-2.2176712e-294
-5.5717622e-299
5.1279017e-306
3.1384316e-314
2.0356192e-313
3.9947251e-313
-8.6995617e-313
1.8148282e-312
-1.0621872e-09
4.9876551e-22
-1.5023202e-34
4.4648849e-47
-1.8601636e-59
1.368009e-71
-2.1032075e-83
8.0148963e-95
-9.2722187e-106
4.2238219e-116
-1.1331564e-125
7.7194195e-134
6.0198046e-142
-6.6415486e-148
8.1088025e-156
-7.112399e-164
5.6329626e-172
-4.2778483e-180
3.1826401e-188
-2.3221221e-196
1.690265e-204
-1.2307752e-212
9.0373639e-221
-6.7300416e-229
5.1056438e-237
-3.9988625e-245
3.2584464e-253
-2.8019652e-261
2.6093385e-269
-2.7004494e-277
3.2178508e-285
-4.5000135e-293
7.6168843e-301
8.8899776e-307
5.4669144e-314
-2.712818e-313
2.090513e-313
-4.1083632e-313
9.1097544e-313
-7.2660869e-313
-1.0773809e-09
5.1195175e-22
-1.5352688e-34
4.4155181e-47
-1.7618446e-59
1.2628178e-71
-1.9467328e-83
7.547762e-95
-8.6406845e-106
3.4342041e-116
-5.4570811e-126
3.7740921e-135
-1.0579457e-143
6.9931756e-152
-5.1057638e-160
3.3650174e-168
-2.0713312e-176
1.2277772e-184
-7.1865581e-193
4.1787036e-201
-2.4316959e-209
1.4147956e-217
-8.3021644e-226
4.9151515e-234
-2.9443012e-242
1.799395e-250
-1.1282826e-258
7.3193289e-267
-4.9820681e-275
3.6493411e-283
-2.9400717e-291
2.6777474e-299
-2.7169564e-307
-1.455234e-313
-1.6163626e-313
-2.7918675e-313
6.6707904e-314
-4.251411e-313
8.9840322e-313
5.2951203e-313
-1.0926437e-09
5.2628755e-22
-1.5778468e-34
4.399487e-47
-1.6682807e-59
1.1474102e-71
-1.7521437e-83
6.9213147e-95
-7.9561016e-106
2.8452205e-116
-3.186198e-126
1.1123185e-135
-1.2434784e-144
4.0113423e-153
-2.1696377e-161
1.2193135e-169
-6.5300377e-178
3.4105049e-186
-1.7622436e-194
9.1583988e-203
-4.7674904e-211
2.4880641e-219
-1.3055893e-227
6.8884213e-236
-3.6474318e-244
1.9449988e-252
-1.0471739e-260
5.7481366e-269
-3.2521366e-277
1.9016292e-285
-1.1767201e-293
7.8432927e-302
-5.6011992e-310
-1.2168459e-313
8.1535239e-314
2.8511688e-313
2.208057e-313
4.3986875e-313
9.8393833e-313
-2.0258232e-312
-1.1076321e-09
5.414829e-22
-1.6300821e-34
4.4224825e-47
-1.5840865e-59
1.0251408e-71
-1.5105821e-83
5.9743093e-95
-6.9223053e-106
2.3126321e-116
-2.0761042e-126
5.0230772e-136
-3.6320252e-145
8.1793549e-154
-3.8679311e-162
2.1043245e-170
-1.1071969e-178
5.7084224e-187
-2.9538498e-195
1.5422548e-203
-8.101473e-212
4.2728492e-220
-2.2616194e-228
1.1953815e-236
-6.3207244e-245
3.3330159e-253
-1.7505459e-261
9.1923832e-270
-4.8460645e-278
2.5680201e-286
-1.3972859e-294
7.8741221e-303
-4.6943981e-311
1.4162899e-313
8.5019165e-314
-8.0093588e-314
-2.2757972e-313
4.5102587e-313
1.0705927e-312
-1.3985182e-312
-1.1220804e-09
5.572664e-22
-1.6921138e-34
4.4921815e-47
-1.5161882e-59
9.0603233e-72
-1.2426871e-83
4.7283646e-95
-5.4348848e-106
1.7612667e-116
-1.4204972e-126
2.8818233e-136
-1.7049615e-145
3.3318976e-154
-1.6239044e-162
9.9092418e-171
-5.8677091e-179
3.4264407e-187
-2.029679e-195
1.2193185e-203
-7.4077516e-212
4.5329325e-220
-2.7750349e-228
1.6937742e-236
-1.0239162e-244
6.0987528e-253
-3.5562438e-261
2.0330362e-269
-1.1344535e-277
6.206156e-286
-3.3514679e-294
1.8210444e-302
-1.0244731e-310
9.2452675e-314
4.2294632e-314
-4.2772449e-313
-2.3552932e-313
-4.6115759e-313
-1.1758917e-312
-7.4265517e-313
-1.1358056e-09
5.7338654e-22
-1.7640257e-34
4.6170915e-47
-1.4718675e-59
8.0178181e-72
-9.8756964e-84
3.4218743e-95
-3.7449874e-106
1.2113422e-116
-9.838115e-127
1.9873022e-136
-1.179966e-145
2.5068573e-154
-1.5953631e-162
1.3699189e-170
-1.116989e-178
8.9865815e-187
-7.4410409e-195
6.3272214e-203
-5.494927e-211
4.8492768e-219
-4.2691554e-227
3.7094159e-235
-3.1568807e-243
2.5979216e-251
-2.0437232e-259
1.5200121e-267
-1.0623752e-275
6.9419746e-284
-4.2718234e-292
2.4986189e-300
-1.4001559e-308
1.2855545e-313
-9.5039132e-314
7.3076852e-314
2.3392736e-313
-2.7864518e-313
1.2347173e-313
2.9012354e-312
-1.1486935e-09
5.8960244e-22
-1.845635e-34
4.8055102e-47
-1.4575402e-59
7.2109473e-72
-7.7803281e-84
2.3306612e-95
-2.2895093e-106
7.4482029e-117
-6.9170272e-127
1.7271649e-136
-1.3668752e-145
4.6926347e-154
-7.6059672e-162
1.6436383e-169
-2.940989e-177
5.1424458e-185
-9.5581303e-193
1.9223851e-200
-4.1115984e-208
9.1885331e-216
-2.0302486e-223
4.3894692e-231
-8.6833794e-239
1.5580772e-246
-2.4876169e-254
3.4852072e-262
-4.6009751e-270
6.3254273e-278
-9.1779306e-286
1.3620995e-293
-2.2710232e-301
6.900216e-309
4.1291954e-313
1.1182522e-313
-2.4554095e-313
-4.6705478e-313
-1.4030498e-312
1.5930855e-313
-1.1606999e-09
6.0568849e-22
-1.9363285e-34
5.0646826e-47
-1.4785719e-59
6.6830495e-72
-6.2646598e-84
1.5715273e-95
-1.3096013e-106
4.1828817e-117
-5.2101946e-127
2.4893209e-136
-6.2077012e-145
-1.7147761e-152
-2.2174719e-160
-5.0971683e-168
-2.1189028e-175
-1.0138205e-182
-4.0164368e-190
-1.3610654e-197
-4.3024979e-205
-1.2771173e-212
-3.8379904e-220
-1.2304134e-227
-4.3876493e-235
-1.9956435e-242
-1.2888743e-249
-2.5924557e-256
3.5187453e-263
-1.6007481e-270
4.191935e-278
-8.0964006e-286
1.487525e-293
-4.6328373e-301
-2.4110728e-308
-7.6043966e-314
-1.6924653e-313
4.7898303e-313
1.826482e-312
1.9161482e-312
-1.1718164e-09
6.2142136e-22
-2.0348742e-34
5.3997482e-47
-1.5396463e-59
6.4474327e-72
-5.2916717e-84
1.1047255e-95
-7.5489581e-107
2.2412789e-117
-4.7517561e-127
-8.6422867e-136
-1.0294637e-144
-2.0823727e-153
-8.323613e-162
-5.9338022e-170
-5.5618222e-178
-5.4455937e-186
-5.201217e-194
-4.7713507e-202
-4.3098571e-210
-3.8476639e-218
-3.4698327e-226
-3.2553335e-234
-3.4480719e-242
-5.3317388e-250
-1.9208198e-257
-3.2423308e-264
4.2570396e-271
-1.9375181e-278
5.1128813e-286
-9.7112986e-294
1.9914439e-301
-6.209314e-309
2.0972416e-314
1.5388529e-313
2.4756777e-313
-5.5678978e-313
1.9589923e-312
-1.1468313e-312
-1.1820665e-09
6.3658441e-22
-2.1393351e-34
5.8125482e-47
-1.6452524e-59
6.5094138e-72
-4.7705866e-84
8.4130651e-96
-4.6900071e-107
1.2137518e-117
-7.2307381e-127
-2.0751762e-136
-9.0580636e-146
-8.7787159e-155
-2.0006647e-163
-8.525464e-172
-4.6771315e-180
-2.6863382e-188
-1.5169046e-196
-8.4745667e-205
-4.6776723e-213
-2.5842116e-221
-1.423076e-229
-7.9182366e-238
-4.458192e-246
-2.5598213e-254
-1.5162768e-262
-9.5357927e-271
-3.4529241e-279
-1.6154372e-286
2.7563936e-294
-6.0865704e-302
1.2812383e-309
-1.0097461e-313
-1.1463989e-313
-1.6139359e-313
-2.5499852e-313
-5.6755362e-313
-1.2062863e-312
2.4596401e-313
-1.1915229e-09
6.5100802e-22
-2.2472074e-34
6.300001e-47
-1.7993063e-59
6.877923e-72
-4.6213399e-84
7.0779135e-96
-3.2753412e-107
7.0621699e-118
2.5701893e-126
4.1598933e-136
1.1148601e-145
7.0695551e-155
1.137482e-163
3.602881e-172
1.4877019e-180
6.4394286e-189
2.7801377e-197
1.1942779e-205
5.1001708e-214
2.1833786e-222
9.3085673e-231
3.9915918e-239
1.7201166e-247
7.469603e-256
3.2855744e-264
1.474409e-272
6.7950057e-281
3.2429863e-289
1.6201691e-297
8.5887747e-306
1.018776e-313
8.7749783e-314
-1.1957276e-313
1.6231351e-313
2.7676564e-313
-7.1188133e-313
2.8656203e-312
-7.3024601e-312
-1.2002245e-09
6.6452102e-22
-2.355742e-34
6.8574026e-47
-2.0085528e-59
7.602342e-72
-4.8309852e-84
6.6579752e-96
-2.6393352e-107
4.6661095e-118
1.1441421e-126
1.4226417e-136
2.911656e-146
1.4296898e-155
1.8509751e-164
4.9452327e-173
1.7599183e-181
6.6316358e-190
2.50073e-198
9.4517868e-207
3.5727723e-215
1.3520208e-223
5.1273219e-232
1.9393226e-240
7.3521118e-249
2.7975168e-257
1.0636215e-265
4.0668675e-274
1.5621985e-282
6.0742371e-291
2.4145051e-299
9.9190463e-308
-6.4584597e-314
-3.425618e-314
1.1942024e-313
-1.6757189e-313
3.0218983e-313
8.9491609e-313
1.1625947e-312
-5.8980597e-312
-1.2085225e-09
6.7701885e-22
-2.4584925e-34
7.4323792e-47
-2.2499425e-59
8.5684953e-72
-5.2761982e-84
6.7593305e-96
-2.3840003e-107
3.5497594e-118
-4.6722098e-127
-5.1452533e-137
-9.0354784e-147
-3.7953509e-156
-4.2949328e-165
-1.042759e-173
-3.4595166e-182
-1.2280743e-190
-4.3996656e-199
-1.5836295e-207
-5.7101868e-216
-2.0634016e-224
-7.4500136e-233
-2.690677e-241
-9.6963404e-250
-3.4799596e-258
-1.241593e-266
-4.3945772e-275
-1.5489367e-283
-5.4374088e-292
-1.9176576e-300
-6.9115897e-309
5.5382063e-314
-5.6871336e-314
-1.2105795e-313
-1.8096689e-313
3.2654371e-313
-9.4436069e-313
-2.1489687e-312
8.8659251e-312
-1.2179014e-09
6.9205368e-22
-2.5947141e-34
8.3356185e-47
-2.7203173e-59
1.0974788e-71
-6.8844298e-84
8.5361041e-96
-2.7283101e-107
3.2711139e-118
-4.8683893e-128
-6.3586746e-138
-1.1443874e-147
-4.7131481e-157
-5.2205916e-166
-1.2979158e-174
-4.6264693e-183
-1.7951064e-191
-7.0951353e-200
-2.8272889e-208
-1.1360324e-216
-4.5912822e-225
-1.8559832e-233
-7.4848081e-242
-2.998562e-250
-1.1872483e-258
-4.6465147e-267
-1.7824961e-275
-6.717249e-284
-2.484756e-292
-9.1283041e-301
-3.3938323e-309
7.7738922e-314
1.6390347e-314
-1.3615931e-313
2.1913556e-313
5.1374232e-313
-1.4003504e-312
-1.6297484e-312
-7.5246368e-312
)
;

boundaryField
{
    wall
    {
        type            fixedValue;
        value           uniform 350;
    }
    sides
    {
        type            zeroGradient;
    }
    frontAndBack
    {
        type            empty;
    }
    inlet
    {
        type            fixedValue;
        value           uniform 300;
    }
    outlet
    {
        type            zeroGradient;
    }
}


// ************************************************************************* //
