/*--------------------------------*- C++ -*----------------------------------*\
  =========                 |
  \\      /  F ield         | OpenFOAM: The Open Source CFD Toolbox
   \\    /   O peration     | Website:  https://openfoam.org
    \\  /    A nd           | Version:  10
     \\/     M anipulation  |
\*---------------------------------------------------------------------------*/
FoamFile
{
    format      ascii;
    class       volScalarField;
    location    "0.06";
    object      T;
}
// * * * * * * * * * * * * * * * * * * * * * * * * * * * * * * * * * * * * * //

dimensions      [0 0 0 1 0 0 0];

internalField   nonuniform List<scalar> 
4000
(
303.10053
299.34363
299.99041
300.00081
299.99993
300
300
300
300
300
300
300
300
300
300
300
300
300
300
300
300
300
300
300
300
300
300
300
300
300
300
300
300
300
300
300
300
300
300
300.00001
309.65832
298.49484
299.77992
300.00182
300.0008
299.99999
300
300
300
300
300
300
300
300
300
300
300
300
300
300
300
300
300
300
300
300
300
300
300
300
300
300
300
300
300
300
300
300
299.99999
300.00001
315.99096
298.68513
299.39474
299.97588
300.00401
300.00024
299.99999
300
300
300
300
300
300
300
300
300
300
300
300
300
300
300
300
300
300
300
300
300
300
300
300
300
300
300
300
300
300
299.99999
299.99999
300.00002
321.71642
299.84055
298.98971
299.89599
300.00706
300.00135
300
299.99999
300
300
300
300
300
300
300
300
300
300
300
300
300
300
300
300
300
300
300
300
300
300
300
300
300
300
300
299.99999
299.99999
299.99999
299.99999
300.00003
326.62827
301.68275
298.71646
299.75619
300.00323
300.00369
300.00016
299.99998
299.99999
300
300
300
300
300
300
300
300
300
300
300
300
300
300
300
300
300
300
300
300
300
300
300
300
299.99999
299.99999
299.99999
299.99999
299.99998
299.99999
300.00004
330.62118
303.91002
298.66862
299.57457
299.98481
300.00677
300.00068
299.99996
299.99999
300
300
300
300
300
300
300
300
300
300
300
300
300
300
300
300
300
300
300
300
300
300
300
299.99999
299.99999
299.99999
299.99999
299.99998
299.99998
299.99999
300.00004
333.68584
306.2636
298.87056
299.38407
299.94702
300.0091
300.00171
299.99999
299.99998
299.99999
299.99999
300
300
300
300
300
300
300
300
300
300
300
300
300
300
300
300
300
300
300
299.99999
299.99999
299.99999
299.99999
299.99999
299.99999
299.99998
299.99998
300
300.00004
335.90509
308.55807
299.29537
299.21846
299.89005
300.00869
300.00326
300.00012
299.99996
299.99999
299.99999
299.99999
299.99999
299.99999
300
300
300
300
300
300
300
300
300
300
300
300
300
299.99999
299.99999
299.99999
299.99999
299.99999
299.99999
299.99999
299.99999
299.99998
299.99998
299.99998
300
300.00004
337.42457
310.68163
299.8916
299.10269
299.81846
300.0037
300.00507
300.00041
299.99995
299.99998
299.99999
299.99999
299.99999
299.99999
299.99999
299.99999
299.99999
299.99999
299.99999
299.99999
299.99999
299.99999
299.99999
299.99999
299.99999
299.99999
299.99999
299.99999
299.99999
299.99999
299.99999
299.99999
299.99999
299.99999
299.99999
299.99998
299.99998
299.99998
300.00001
300.00004
338.41339
312.5802
300.60298
299.05
299.73935
299.99304
300.00675
300.00089
299.99996
299.99998
299.99999
299.99999
299.99999
299.99999
299.99999
299.99999
299.99999
299.99999
299.99999
299.99999
299.99999
299.99999
299.99999
299.99999
299.99999
299.99999
299.99999
299.99999
299.99999
299.99999
299.99999
299.99999
299.99999
299.99999
299.99998
299.99998
299.99997
299.99998
300.00001
300.00004
339.02977
314.2388
301.37908
299.06346
299.66032
299.97654
300.0078
300.00155
299.99999
299.99996
299.99999
299.99999
299.99999
299.99999
299.99999
299.99999
299.99999
299.99999
299.99999
299.99999
299.99999
299.99999
299.99999
299.99999
299.99999
299.99999
299.99999
299.99999
299.99999
299.99999
299.99999
299.99999
299.99999
299.99998
299.99998
299.99998
299.99997
299.99998
300.00001
300.00003
339.39766
315.66521
302.17946
299.13896
299.58813
299.95485
300.00775
300.00233
300.00008
299.99996
299.99998
299.99999
299.99999
299.99999
299.99999
299.99999
299.99999
299.99999
299.99999
299.99999
299.99999
299.99999
299.99999
299.99999
299.99999
299.99999
299.99999
299.99999
299.99999
299.99999
299.99999
299.99999
299.99998
299.99998
299.99998
299.99997
299.99997
299.99998
300.00002
300.00003
339.59893
316.87709
302.97395
299.26822
299.52792
299.92927
300.00629
300.00315
300.00023
299.99995
299.99998
299.99999
299.99999
299.99999
299.99999
299.99999
299.99999
299.99999
299.99999
299.99999
299.99999
299.99999
299.99999
299.99999
299.99999
299.99999
299.99999
299.99999
299.99999
299.99999
299.99999
299.99998
299.99998
299.99998
299.99998
299.99997
299.99997
299.99999
300.00002
300.00002
339.6823
317.89351
303.74086
299.44113
299.4831
299.9014
300.00326
300.00389
300.00043
299.99995
299.99997
299.99999
299.99999
299.99999
299.99999
299.99999
299.99999
299.99999
299.99999
299.99999
299.99999
299.99999
299.99999
299.99999
299.99999
299.99999
299.99999
299.99999
299.99999
299.99999
299.99998
299.99998
299.99998
299.99998
299.99998
299.99997
299.99997
299.99999
300.00002
300.00002
339.68087
318.73081
304.46453
299.64718
299.45541
299.87292
299.99865
300.00443
300.00068
299.99997
299.99997
299.99998
299.99999
299.99999
299.99999
299.99999
299.99999
299.99999
299.99999
299.99999
299.99999
299.99999
299.99999
299.99999
299.99999
299.99999
299.99999
299.99999
299.99999
299.99998
299.99998
299.99998
299.99998
299.99998
299.99997
299.99997
299.99997
299.99999
300.00002
300.00001
339.62416
319.40181
305.13313
299.87622
299.44529
299.84544
299.99263
300.00469
300.00095
300
299.99996
299.99998
299.99998
299.99999
299.99999
299.99999
299.99999
299.99999
299.99999
299.99999
299.99999
299.99999
299.99999
299.99999
299.99999
299.99999
299.99999
299.99999
299.99998
299.99998
299.99998
299.99998
299.99998
299.99998
299.99997
299.99997
299.99997
299.99999
300.00002
300.00001
339.53878
319.91667
305.73708
300.11862
299.45206
299.82033
299.98549
300.00458
300.00124
300.00004
299.99996
299.99998
299.99998
299.99998
299.99998
299.99998
299.99998
299.99999
299.99999
299.99999
299.99999
299.99999
299.99999
299.99999
299.99998
299.99998
299.99998
299.99998
299.99998
299.99998
299.99998
299.99998
299.99998
299.99997
299.99997
299.99997
299.99997
300
300.00002
300.00002
339.4435
320.28432
306.2684
300.36545
299.47426
299.79869
299.97758
300.00409
300.0015
300.0001
299.99996
299.99998
299.99998
299.99998
299.99998
299.99998
299.99998
299.99998
299.99998
299.99998
299.99998
299.99998
299.99998
299.99998
299.99998
299.99998
299.99998
299.99998
299.99998
299.99998
299.99998
299.99998
299.99998
299.99997
299.99997
299.99997
299.99997
300
300.00002
300.00003
339.34716
320.51377
306.72064
300.60852
299.50989
299.78133
299.96929
300.0032
300.00172
300.00016
299.99996
299.99997
299.99998
299.99998
299.99998
299.99998
299.99998
299.99998
299.99998
299.99998
299.99998
299.99998
299.99998
299.99998
299.99998
299.99998
299.99998
299.99998
299.99998
299.99998
299.99998
299.99998
299.99997
299.99997
299.99997
299.99997
299.99997
300
300.00002
300.00004
339.25154
320.61503
307.08937
300.84061
299.55665
299.76882
299.96105
300.00195
300.00187
300.00024
299.99997
299.99997
299.99998
299.99998
299.99998
299.99998
299.99998
299.99998
299.99998
299.99998
299.99998
299.99998
299.99998
299.99998
299.99998
299.99998
299.99998
299.99998
299.99998
299.99998
299.99998
299.99997
299.99997
299.99997
299.99997
299.99997
299.99997
300
300.00002
300.00005
339.15637
320.60006
307.3727
301.05566
299.61209
299.76149
299.95327
300.0004
300.00194
300.00031
299.99998
299.99997
299.99998
299.99998
299.99998
299.99998
299.99998
299.99998
299.99998
299.99998
299.99998
299.99998
299.99998
299.99998
299.99998
299.99998
299.99998
299.99998
299.99998
299.99998
299.99997
299.99997
299.99997
299.99997
299.99996
299.99996
299.99997
300
300.00003
300.00006
339.06295
320.48452
307.57177
301.24898
299.67365
299.75933
299.94626
299.99861
300.00191
300.00039
299.99999
299.99997
299.99998
299.99998
299.99998
299.99998
299.99998
299.99998
299.99998
299.99998
299.99998
299.99998
299.99998
299.99998
299.99998
299.99998
299.99998
299.99998
299.99998
299.99998
299.99997
299.99997
299.99997
299.99997
299.99996
299.99996
299.99998
300
300.00003
300.00007
338.97493
320.29011
307.69118
301.41717
299.73848
299.76181
299.94023
299.99668
300.0018
300.00045
300
299.99997
299.99998
299.99998
299.99998
299.99998
299.99998
299.99998
299.99998
299.99998
299.99998
299.99998
299.99998
299.99998
299.99998
299.99998
299.99998
299.99998
299.99998
299.99998
299.99998
299.99997
299.99997
299.99997
299.99997
299.99997
299.99998
300
300.00003
300.00007
338.89706
320.04567
307.73933
301.55826
299.80349
299.76786
299.93514
299.99467
300.00161
300.00051
300.00002
299.99997
299.99997
299.99998
299.99998
299.99998
299.99998
299.99998
299.99998
299.99998
299.99998
299.99998
299.99998
299.99998
299.99998
299.99998
299.99998
299.99998
299.99998
299.99998
299.99997
299.99997
299.99997
299.99997
299.99997
299.99997
299.99998
300
300.00003
300.00008
338.83314
319.78477
307.72838
301.67174
299.86559
299.77596
299.93072
299.99262
300.00137
300.00056
300.00004
299.99997
299.99997
299.99997
299.99997
299.99997
299.99997
299.99997
299.99997
299.99997
299.99997
299.99997
299.99997
299.99997
299.99997
299.99997
299.99997
299.99997
299.99997
299.99997
299.99997
299.99997
299.99997
299.99997
299.99996
299.99997
299.99998
300
300.00003
300.00008
338.78448
319.53937
307.67348
301.75876
299.92246
299.78469
299.92667
299.99054
300.0011
300.0006
300.00005
299.99996
299.99996
299.99996
299.99996
299.99996
299.99996
299.99996
299.99996
299.99996
299.99996
299.99996
299.99996
299.99996
299.99996
299.99996
299.99996
299.99996
299.99996
299.99996
299.99996
299.99996
299.99996
299.99996
299.99996
299.99996
299.99998
300
300.00003
300.00009
338.74953
319.33238
307.59109
301.82223
299.97329
299.79344
299.92287
299.98845
300.00081
300.00064
300.00006
299.99994
299.99994
299.99994
299.99994
299.99994
299.99994
299.99994
299.99994
299.99994
299.99994
299.99994
299.99994
299.99994
299.99994
299.99994
299.99994
299.99994
299.99994
299.99994
299.99994
299.99994
299.99994
299.99994
299.99995
299.99995
299.99997
299.99999
300.00003
300.00009
338.72469
319.17288
307.49654
301.86662
300.01917
299.80289
299.91968
299.98642
300.00049
300.00068
300.00006
299.99993
299.99992
299.99992
299.99992
299.99992
299.99992
299.99992
299.99992
299.99992
299.99992
299.99992
299.99992
299.99992
299.99992
299.99992
299.99992
299.99992
299.99992
299.99992
299.99992
299.99992
299.99992
299.99993
299.99993
299.99994
299.99995
299.99998
300.00004
300.00009
338.70577
319.05667
307.40148
301.89722
300.06272
299.81494
299.91797
299.98465
300.00015
300.0007
300.00007
299.99991
299.9999
299.99991
299.99991
299.99991
299.99991
299.99991
299.99991
299.99991
299.99991
299.99991
299.99991
299.99991
299.99991
299.99991
299.99991
299.99991
299.99991
299.99991
299.99991
299.99991
299.99991
299.99991
299.99991
299.99992
299.99994
299.99997
300.00005
300.0001
338.68943
318.97144
307.31237
301.91898
300.10687
299.83188
299.91892
299.98344
299.99979
300.0007
300.00008
299.99991
299.99989
299.9999
299.9999
299.9999
299.9999
299.9999
299.9999
299.9999
299.9999
299.9999
299.9999
299.9999
299.9999
299.9999
299.9999
299.9999
299.9999
299.9999
299.9999
299.9999
299.9999
299.9999
299.9999
299.99991
299.99993
299.99998
300.00006
300.0001
338.67384
318.90362
307.23084
301.93534
300.1535
299.85525
299.92347
299.9831
299.99945
300.00065
300.00009
299.99991
299.9999
299.9999
299.9999
299.99991
299.99991
299.99991
299.99991
299.99991
299.99991
299.99991
299.99991
299.99991
299.99991
299.99991
299.99991
299.99991
299.99991
299.99991
299.99991
299.9999
299.9999
299.9999
299.9999
299.99991
299.99993
299.99999
300.00007
300.0001
338.65869
318.84357
307.15562
301.94768
300.20237
299.88485
299.93185
299.98379
299.99916
300.00056
300.0001
299.99993
299.99991
299.99992
299.99992
299.99992
299.99992
299.99992
299.99992
299.99992
299.99992
299.99992
299.99993
299.99993
299.99992
299.99992
299.99992
299.99992
299.99992
299.99992
299.99992
299.99992
299.99991
299.99991
299.99991
299.99992
299.99994
300
300.00008
300.0001
338.64457
318.78736
307.08506
301.95567
300.25111
299.91857
299.94331
299.98549
299.99898
300.00044
300.0001
299.99995
299.99993
299.99994
299.99994
299.99994
299.99994
299.99994
299.99995
299.99995
299.99995
299.99995
299.99995
299.99995
299.99995
299.99995
299.99995
299.99994
299.99994
299.99994
299.99994
299.99994
299.99993
299.99993
299.99993
299.99994
299.99996
300.00002
300.00009
300.0001
338.6323
318.73548
307.01877
301.95833
300.29614
299.95301
299.95637
299.9879
299.99892
300.00032
300.00009
299.99997
299.99996
299.99996
299.99997
299.99997
299.99997
299.99997
299.99997
299.99997
299.99997
299.99997
299.99997
299.99997
299.99997
299.99997
299.99997
299.99997
299.99997
299.99997
299.99996
299.99996
299.99996
299.99996
299.99995
299.99996
299.99999
300.00004
300.00009
300.0001
338.6224
318.69022
306.95795
301.95518
300.33407
299.98467
299.96929
299.99061
299.99897
300.0002
300.00008
300
299.99998
299.99999
299.99999
299.99999
299.99999
299.99999
299.99999
299.99999
299.99999
299.99999
299.99999
299.99999
299.99999
299.99999
299.99999
299.99999
299.99999
299.99999
299.99999
299.99998
299.99998
299.99998
299.99998
299.99998
300.00001
300.00005
300.00009
300.0001
338.61495
318.65346
306.90453
301.94685
300.36287
300.01099
299.98066
299.99321
299.99911
300.00011
300.00007
300.00001
300
300
300
300
300.00001
300.00001
300.00001
300.00001
300.00001
300.00001
300.00001
300.00001
300.00001
300.00001
300.00001
300.00001
300
300
300
300
300
300
300
300
300.00002
300.00006
300.0001
300.0001
338.60964
318.62556
306.86008
301.93497
300.38232
300.03084
299.98969
299.99543
299.99929
300.00005
300.00005
300.00002
300.00001
300.00001
300.00002
300.00002
300.00002
300.00002
300.00002
300.00002
300.00002
300.00002
300.00002
300.00002
300.00002
300.00002
300.00002
300.00002
300.00002
300.00001
300.00001
300.00001
300.00001
300.00001
300.00001
300.00002
300.00004
300.00007
300.0001
300.0001
338.60596
318.60548
306.82507
301.92162
300.39374
300.04449
299.99623
299.99714
299.99947
300.00001
300.00004
300.00002
300.00002
300.00002
300.00002
300.00002
300.00002
300.00002
300.00002
300.00002
300.00002
300.00002
300.00002
300.00002
300.00002
300.00002
300.00002
300.00002
300.00002
300.00002
300.00002
300.00002
300.00002
300.00002
300.00002
300.00003
300.00004
300.00007
300.0001
300.0001
338.60339
318.59136
306.79871
301.90865
300.39925
300.05307
300.00059
299.99835
299.99963
300
300.00003
300.00002
300.00002
300.00002
300.00002
300.00002
300.00002
300.00002
300.00002
300.00002
300.00002
300.00002
300.00002
300.00002
300.00002
300.00002
300.00002
300.00002
300.00002
300.00002
300.00002
300.00002
300.00002
300.00002
300.00002
300.00003
300.00004
300.00007
300.00009
300.0001
338.60152
318.5813
306.77941
301.89729
300.40106
300.05804
300.00331
299.99915
299.99975
299.99999
300.00002
300.00002
300.00002
300.00002
300.00002
300.00002
300.00002
300.00002
300.00002
300.00002
300.00002
300.00002
300.00002
300.00002
300.00002
300.00002
300.00002
300.00002
300.00002
300.00002
300.00002
300.00002
300.00002
300.00002
300.00002
300.00003
300.00004
300.00007
300.00009
300.0001
338.60005
318.57377
306.76531
301.88803
300.40097
300.06073
300.00492
299.99966
299.99983
299.99999
300.00002
300.00002
300.00002
300.00002
300.00002
300.00002
300.00002
300.00002
300.00002
300.00002
300.00002
300.00002
300.00002
300.00002
300.00002
300.00002
300.00002
300.00002
300.00002
300.00002
300.00002
300.00002
300.00002
300.00002
300.00002
300.00003
300.00004
300.00007
300.00009
300.0001
338.59883
318.56775
306.75472
301.88083
300.40018
300.06215
300.00587
299.99997
299.99989
300
300.00002
300.00002
300.00002
300.00002
300.00002
300.00002
300.00002
300.00002
300.00002
300.00002
300.00002
300.00002
300.00002
300.00002
300.00002
300.00002
300.00002
300.00002
300.00002
300.00002
300.00002
300.00002
300.00002
300.00002
300.00002
300.00003
300.00004
300.00006
300.00009
300.0001
338.59778
318.56268
306.74642
301.8753
300.39932
300.06296
300.00644
300.00016
299.99993
300
300.00002
300.00002
300.00002
300.00002
300.00002
300.00002
300.00002
300.00002
300.00002
300.00002
300.00002
300.00002
300.00002
300.00002
300.00002
300.00002
300.00002
300.00002
300.00002
300.00002
300.00002
300.00002
300.00002
300.00002
300.00002
300.00003
300.00004
300.00006
300.00009
300.0001
338.59685
318.55829
306.7396
301.87103
300.39863
300.0635
300.00683
300.00029
299.99996
300
300.00002
300.00002
300.00002
300.00002
300.00002
300.00002
300.00002
300.00002
300.00002
300.00002
300.00002
300.00002
300.00002
300.00002
300.00002
300.00002
300.00002
300.00002
300.00002
300.00002
300.00002
300.00002
300.00002
300.00002
300.00002
300.00002
300.00004
300.00006
300.00009
300.0001
338.59602
318.55445
306.73382
301.86763
300.39815
300.06393
300.00713
300.00039
299.99998
300.00001
300.00002
300.00002
300.00002
300.00002
300.00002
300.00002
300.00002
300.00002
300.00002
300.00002
300.00002
300.00002
300.00002
300.00002
300.00002
300.00002
300.00002
300.00002
300.00002
300.00002
300.00002
300.00002
300.00002
300.00002
300.00002
300.00002
300.00004
300.00006
300.00009
300.0001
338.5953
318.5511
306.72885
301.86485
300.39782
300.06431
300.00737
300.00046
299.99999
300.00001
300.00002
300.00002
300.00002
300.00002
300.00002
300.00002
300.00002
300.00002
300.00002
300.00002
300.00002
300.00002
300.00002
300.00002
300.00002
300.00002
300.00002
300.00002
300.00002
300.00002
300.00002
300.00002
300.00002
300.00002
300.00002
300.00002
300.00004
300.00006
300.00009
300.0001
338.59466
318.54819
306.72456
301.86251
300.39759
300.06465
300.00757
300.00052
300
300.00001
300.00002
300.00002
300.00002
300.00002
300.00002
300.00002
300.00002
300.00002
300.00002
300.00002
300.00002
300.00002
300.00002
300.00002
300.00002
300.00002
300.00002
300.00002
300.00002
300.00002
300.00002
300.00002
300.00002
300.00002
300.00002
300.00002
300.00004
300.00006
300.00009
300.0001
338.59411
318.54566
306.72088
301.86051
300.39742
300.06494
300.00774
300.00057
300.00001
300.00001
300.00002
300.00002
300.00002
300.00002
300.00002
300.00002
300.00002
300.00002
300.00002
300.00002
300.00002
300.00002
300.00002
300.00002
300.00002
300.00002
300.00002
300.00002
300.00002
300.00002
300.00002
300.00002
300.00002
300.00002
300.00002
300.00002
300.00004
300.00006
300.00009
300.0001
338.59362
318.54348
306.71771
301.85881
300.39727
300.06519
300.00789
300.00062
300.00002
300.00001
300.00002
300.00002
300.00002
300.00002
300.00002
300.00002
300.00002
300.00002
300.00002
300.00002
300.00002
300.00002
300.00002
300.00002
300.00002
300.00002
300.00002
300.00002
300.00002
300.00002
300.00002
300.00002
300.00002
300.00002
300.00002
300.00002
300.00004
300.00006
300.00009
300.0001
338.59319
318.54159
306.71499
301.85734
300.39713
300.0654
300.00801
300.00065
300.00003
300.00001
300.00001
300.00002
300.00002
300.00002
300.00002
300.00002
300.00002
300.00002
300.00002
300.00002
300.00002
300.00002
300.00002
300.00002
300.00002
300.00002
300.00002
300.00002
300.00002
300.00002
300.00002
300.00002
300.00002
300.00002
300.00002
300.00002
300.00004
300.00006
300.00009
300.0001
338.59281
318.53994
306.71265
301.85609
300.39701
300.06557
300.00811
300.00068
300.00003
300.00001
300.00001
300.00002
300.00002
300.00002
300.00002
300.00002
300.00002
300.00002
300.00002
300.00002
300.00002
300.00002
300.00002
300.00002
300.00002
300.00002
300.00002
300.00002
300.00002
300.00002
300.00002
300.00002
300.00002
300.00002
300.00002
300.00002
300.00004
300.00006
300.00009
300.0001
338.59249
318.53851
306.71064
301.85501
300.3969
300.06572
300.0082
300.00071
300.00004
300.00001
300.00001
300.00001
300.00002
300.00002
300.00002
300.00002
300.00002
300.00002
300.00002
300.00002
300.00002
300.00002
300.00002
300.00002
300.00002
300.00002
300.00002
300.00002
300.00002
300.00002
300.00002
300.00002
300.00002
300.00002
300.00002
300.00002
300.00004
300.00006
300.00009
300.0001
338.5922
318.53727
306.70889
301.85408
300.39681
300.06584
300.00827
300.00073
300.00004
300.00001
300.00001
300.00001
300.00001
300.00001
300.00001
300.00001
300.00001
300.00001
300.00001
300.00001
300.00001
300.00001
300.00001
300.00001
300.00001
300.00001
300.00001
300.00001
300.00001
300.00001
300.00001
300.00001
300.00001
300.00002
300.00002
300.00002
300.00004
300.00006
300.00009
300.0001
338.59194
318.53617
306.70738
301.85328
300.39673
300.06594
300.00833
300.00075
300.00004
300.00001
300.00001
300.00001
300.00001
300.00001
300.00001
300.00001
300.00001
300.00001
300.00001
300.00001
300.00001
300.00001
300.00001
300.00001
300.00001
300.00001
300.00001
300.00001
300.00001
300.00001
300.00001
300.00001
300.00001
300.00001
300.00002
300.00002
300.00003
300.00006
300.00009
300.0001
338.59172
318.53522
306.70607
301.85259
300.39665
300.06603
300.00839
300.00076
300.00005
300.00001
300.00001
300.00001
300.00001
300.00001
300.00001
300.00001
300.00001
300.00001
300.00001
300.00001
300.00001
300.00001
300.00001
300.00001
300.00001
300.00001
300.00001
300.00001
300.00001
300.00001
300.00001
300.00001
300.00001
300.00001
300.00002
300.00002
300.00003
300.00006
300.00009
300.0001
338.59152
318.53438
306.70493
301.85199
300.39659
300.0661
300.00843
300.00078
300.00005
300.00001
300.00001
300.00001
300.00001
300.00001
300.00001
300.00001
300.00001
300.00001
300.00001
300.00001
300.00001
300.00001
300.00001
300.00001
300.00001
300.00001
300.00001
300.00001
300.00001
300.00001
300.00001
300.00001
300.00001
300.00001
300.00002
300.00002
300.00003
300.00006
300.00009
300.0001
338.59134
318.53365
306.70393
301.85147
300.39654
300.06617
300.00847
300.00079
300.00005
300.00001
300.00001
300.00001
300.00001
300.00001
300.00001
300.00001
300.00001
300.00001
300.00001
300.00001
300.00001
300.00001
300.00001
300.00001
300.00001
300.00001
300.00001
300.00001
300.00001
300.00001
300.00001
300.00001
300.00001
300.00001
300.00002
300.00002
300.00003
300.00006
300.00009
300.0001
338.59119
318.533
306.70306
301.85102
300.39649
300.06622
300.0085
300.0008
300.00005
300.00001
300.00001
300.00001
300.00001
300.00001
300.00001
300.00001
300.00001
300.00001
300.00001
300.00001
300.00001
300.00001
300.00001
300.00001
300.00001
300.00001
300.00001
300.00001
300.00001
300.00001
300.00001
300.00001
300.00001
300.00001
300.00002
300.00002
300.00003
300.00006
300.00009
300.0001
338.59106
318.53244
306.7023
301.85062
300.39645
300.06627
300.00853
300.00081
300.00006
300.00001
300.00001
300.00001
300.00001
300.00001
300.00001
300.00001
300.00001
300.00001
300.00001
300.00001
300.00001
300.00001
300.00001
300.00001
300.00001
300.00001
300.00001
300.00001
300.00001
300.00001
300.00001
300.00001
300.00001
300.00001
300.00001
300.00002
300.00003
300.00006
300.00009
300.0001
338.59094
318.53195
306.70164
301.85028
300.39641
300.06631
300.00855
300.00081
300.00006
300.00001
300.00001
300.00001
300.00001
300.00001
300.00001
300.00001
300.00001
300.00001
300.00001
300.00001
300.00001
300.00001
300.00001
300.00001
300.00001
300.00001
300.00001
300.00001
300.00001
300.00001
300.00001
300.00001
300.00001
300.00001
300.00001
300.00002
300.00003
300.00006
300.00009
300.0001
338.59084
318.53151
306.70105
301.84998
300.39638
300.06635
300.00857
300.00082
300.00006
300.00001
300.00001
300.00001
300.00001
300.00001
300.00001
300.00001
300.00001
300.00001
300.00001
300.00001
300.00001
300.00001
300.00001
300.00001
300.00001
300.00001
300.00001
300.00001
300.00001
300.00001
300.00001
300.00001
300.00001
300.00001
300.00001
300.00002
300.00003
300.00006
300.00009
300.0001
338.59076
318.53114
306.70055
301.84972
300.39635
300.06638
300.00859
300.00083
300.00006
300.00001
300.00001
300.00001
300.00001
300.00001
300.00001
300.00001
300.00001
300.00001
300.00001
300.00001
300.00001
300.00001
300.00001
300.00001
300.00001
300.00001
300.00001
300.00001
300.00001
300.00001
300.00001
300.00001
300.00001
300.00001
300.00001
300.00002
300.00003
300.00006
300.00009
300.0001
338.59069
318.53081
306.7001
301.84949
300.39632
300.0664
300.00861
300.00083
300.00006
300.00001
300.00001
300.00001
300.00001
300.00001
300.00001
300.00001
300.00001
300.00001
300.00001
300.00001
300.00001
300.00001
300.00001
300.00001
300.00001
300.00001
300.00001
300.00001
300.00001
300.00001
300.00001
300.00001
300.00001
300.00001
300.00001
300.00002
300.00003
300.00006
300.00009
300.0001
338.59063
318.53053
306.69972
301.84929
300.3963
300.06643
300.00862
300.00083
300.00006
300.00001
300.00001
300.00001
300.00001
300.00001
300.00001
300.00001
300.00001
300.00001
300.00001
300.00001
300.00001
300.00001
300.00001
300.00001
300.00001
300.00001
300.00001
300.00001
300.00001
300.00001
300.00001
300.00001
300.00001
300.00001
300.00001
300.00002
300.00003
300.00006
300.00009
300.0001
338.59058
318.5303
306.69939
301.84911
300.39628
300.06645
300.00863
300.00084
300.00006
300.00001
300.00001
300.00001
300.00001
300.00001
300.00001
300.00001
300.00001
300.00001
300.00001
300.00001
300.00001
300.00001
300.00001
300.00001
300.00001
300.00001
300.00001
300.00001
300.00001
300.00001
300.00001
300.00001
300.00001
300.00001
300.00001
300.00002
300.00003
300.00006
300.00009
300.0001
338.59055
318.5301
306.6991
301.84896
300.39627
300.06647
300.00865
300.00084
300.00006
300.00001
300.00001
300.00001
300.00001
300.00001
300.00001
300.00001
300.00001
300.00001
300.00001
300.00001
300.00001
300.00001
300.00001
300.00001
300.00001
300.00001
300.00001
300.00001
300.00001
300.00001
300.00001
300.00001
300.00001
300.00001
300.00001
300.00002
300.00003
300.00006
300.00009
300.0001
338.59052
318.52994
306.69886
301.84883
300.39626
300.06648
300.00865
300.00084
300.00006
300.00001
300.00001
300.00001
300.00001
300.00001
300.00001
300.00001
300.00001
300.00001
300.00001
300.00001
300.00001
300.00001
300.00001
300.00001
300.00001
300.00001
300.00001
300.00001
300.00001
300.00001
300.00001
300.00001
300.00001
300.00001
300.00001
300.00002
300.00003
300.00006
300.00009
300.00009
338.59051
318.52981
306.69865
301.84872
300.39625
300.0665
300.00866
300.00084
300.00006
300.00001
300.00001
300.00001
300.00001
300.00001
300.00001
300.00001
300.00001
300.00001
300.00001
300.00001
300.00001
300.00001
300.00001
300.00001
300.00001
300.00001
300.00001
300.00001
300.00001
300.00001
300.00001
300.00001
300.00001
300.00001
300.00001
300.00002
300.00003
300.00006
300.00009
300.00009
338.5905
318.52971
306.69848
301.84863
300.39624
300.06651
300.00867
300.00085
300.00006
300.00001
300.00001
300.00001
300.00001
300.00001
300.00001
300.00001
300.00001
300.00001
300.00001
300.00001
300.00001
300.00001
300.00001
300.00001
300.00001
300.00001
300.00001
300.00001
300.00001
300.00001
300.00001
300.00001
300.00001
300.00001
300.00001
300.00002
300.00003
300.00006
300.00009
300.00009
338.59051
318.52965
306.69835
301.84855
300.39623
300.06652
300.00868
300.00085
300.00006
300.00001
300.00001
300.00001
300.00001
300.00001
300.00001
300.00001
300.00001
300.00001
300.00001
300.00001
300.00001
300.00001
300.00001
300.00001
300.00001
300.00001
300.00001
300.00001
300.00001
300.00001
300.00001
300.00001
300.00001
300.00001
300.00001
300.00002
300.00003
300.00006
300.00009
300.00009
338.59053
318.52961
306.69824
301.84849
300.39623
300.06653
300.00868
300.00085
300.00006
300.00001
300.00001
300.00001
300.00001
300.00001
300.00001
300.00001
300.00001
300.00001
300.00001
300.00001
300.00001
300.00001
300.00001
300.00001
300.00001
300.00001
300.00001
300.00001
300.00001
300.00001
300.00001
300.00001
300.00001
300.00001
300.00001
300.00002
300.00003
300.00006
300.00008
300.00009
338.59056
318.52961
306.69817
301.84844
300.39622
300.06654
300.00869
300.00085
300.00006
300.00001
300.00001
300.00001
300.00001
300.00001
300.00001
300.00001
300.00001
300.00001
300.00001
300.00001
300.00001
300.00001
300.00001
300.00001
300.00001
300.00001
300.00001
300.00001
300.00001
300.00001
300.00001
300.00001
300.00001
300.00001
300.00001
300.00002
300.00003
300.00006
300.00008
300.00009
338.59059
318.52963
306.69812
301.84841
300.39622
300.06655
300.00869
300.00085
300.00006
300.00001
300.00001
300.00001
300.00001
300.00001
300.00001
300.00001
300.00001
300.00001
300.00001
300.00001
300.00001
300.00001
300.00001
300.00001
300.00001
300.00001
300.00001
300.00001
300.00001
300.00001
300.00001
300.00001
300.00001
300.00001
300.00001
300.00002
300.00003
300.00006
300.00008
300.00009
338.59065
318.52968
306.6981
301.84838
300.39622
300.06655
300.00869
300.00085
300.00006
300.00001
300.00001
300.00001
300.00001
300.00001
300.00001
300.00001
300.00001
300.00001
300.00001
300.00001
300.00001
300.00001
300.00001
300.00001
300.00001
300.00001
300.00001
300.00001
300.00001
300.00001
300.00001
300.00001
300.00001
300.00001
300.00001
300.00001
300.00003
300.00006
300.00008
300.00009
338.59071
318.52977
306.69811
301.84837
300.39623
300.06656
300.0087
300.00085
300.00006
300.00001
300.00001
300.00001
300.00001
300.00001
300.00001
300.00001
300.00001
300.00001
300.00001
300.00001
300.00001
300.00001
300.00001
300.00001
300.00001
300.00001
300.00001
300.00001
300.00001
300.00001
300.00001
300.00001
300.00001
300.00001
300.00001
300.00001
300.00003
300.00005
300.00008
300.00009
338.59078
318.52988
306.69815
301.84837
300.39623
300.06656
300.0087
300.00085
300.00006
300.00001
300.00001
300.00001
300.00001
300.00001
300.00001
300.00001
300.00001
300.00001
300.00001
300.00001
300.00001
300.00001
300.00001
300.00001
300.00001
300.00001
300.00001
300.00001
300.00001
300.00001
300.00001
300.00001
300.00001
300.00001
300.00001
300.00001
300.00003
300.00005
300.00008
300.00009
338.59087
318.53003
306.69822
301.84839
300.39624
300.06657
300.0087
300.00085
300.00006
300.00001
300.00001
300.00001
300.00001
300.00001
300.00001
300.00001
300.00001
300.00001
300.00001
300.00001
300.00001
300.00001
300.00001
300.00001
300.00001
300.00001
300.00001
300.00001
300.00001
300.00001
300.00001
300.00001
300.00001
300.00001
300.00001
300.00001
300.00003
300.00005
300.00008
300.00009
338.59098
318.53021
306.69832
301.84841
300.39625
300.06657
300.0087
300.00085
300.00006
300.00001
300.00001
300.00001
300.00001
300.00001
300.00001
300.00001
300.00001
300.00001
300.00001
300.00001
300.00001
300.00001
300.00001
300.00001
300.00001
300.00001
300.00001
300.00001
300.00001
300.00001
300.00001
300.00001
300.00001
300.00001
300.00001
300.00001
300.00003
300.00005
300.00008
300.00009
338.5911
318.53043
306.69844
301.84845
300.39626
300.06658
300.0087
300.00086
300.00006
300.00001
300.00001
300.00001
300.00001
300.00001
300.00001
300.00001
300.00001
300.00001
300.00001
300.00001
300.00001
300.00001
300.00001
300.00001
300.00001
300.00001
300.00001
300.00001
300.00001
300.00001
300.00001
300.00001
300.00001
300.00001
300.00001
300.00001
300.00003
300.00005
300.00008
300.00009
338.59124
318.53069
306.6986
301.8485
300.39627
300.06658
300.00871
300.00086
300.00006
300.00001
300.00001
300.00001
300.00001
300.00001
300.00001
300.00001
300.00001
300.00001
300.00001
300.00001
300.00001
300.00001
300.00001
300.00001
300.00001
300.00001
300.00001
300.00001
300.00001
300.00001
300.00001
300.00001
300.00001
300.00001
300.00001
300.00001
300.00003
300.00005
300.00008
300.00009
338.5914
318.53099
306.69879
301.84857
300.39628
300.06659
300.00871
300.00086
300.00006
300.00001
300.00001
300.00001
300.00001
300.00001
300.00001
300.00001
300.00001
300.00001
300.00001
300.00001
300.00001
300.00001
300.00001
300.00001
300.00001
300.00001
300.00001
300.00001
300.00001
300.00001
300.00001
300.00001
300.00001
300.00001
300.00001
300.00001
300.00003
300.00005
300.00008
300.00009
338.59159
318.53134
306.69902
301.84865
300.3963
300.06659
300.00871
300.00085
300.00006
300.00001
300.00001
300.00001
300.00001
300.00001
300.00001
300.00001
300.00001
300.00001
300.00001
300.00001
300.00001
300.00001
300.00001
300.00001
300.00001
300.00001
300.00001
300.00001
300.00001
300.00001
300.00001
300.00001
300.00001
300.00001
300.00001
300.00001
300.00003
300.00005
300.00008
300.00009
338.5918
318.53175
306.69929
301.84874
300.39632
300.06659
300.00871
300.00085
300.00006
300.00001
300
300.00001
300.00001
300.00001
300.00001
300.00001
300.00001
300.00001
300.00001
300.00001
300.00001
300.00001
300.00001
300.00001
300.00001
300.00001
300.00001
300.00001
300.00001
300.00001
300.00001
300.00001
300.00001
300.00001
300.00001
300.00001
300.00003
300.00005
300.00008
300.00009
338.59203
318.53221
306.6996
301.84885
300.39634
300.06659
300.00871
300.00085
300.00006
300.00001
300
300
300.00001
300.00001
300.00001
300.00001
300.00001
300.00001
300.00001
300.00001
300.00001
300.00001
300.00001
300.00001
300.00001
300.00001
300.00001
300.00001
300.00001
300.00001
300.00001
300.00001
300.00001
300.00001
300.00001
300.00001
300.00003
300.00005
300.00008
300.00009
338.59231
318.53273
306.69996
301.84898
300.39637
300.0666
300.00871
300.00085
300.00006
300.00001
300
300
300
300
300
300
300
300
300
300
300
300
300
300
300
300
300
300
300
300
300
300
300
300.00001
300.00001
300.00001
300.00003
300.00005
300.00008
300.00009
338.59262
318.53333
306.70037
301.84913
300.3964
300.0666
300.00871
300.00085
300.00006
300
300
300
300
300
300
300
300
300
300
300
300
300
300
300
300
300
300
300
300
300
300
300
300
300
300.00001
300.00001
300.00002
300.00005
300.00008
300.00009
338.59297
318.53402
306.70084
301.8493
300.39644
300.0666
300.0087
300.00085
300.00006
300
300
300
300
300
300
300
300
300
300
300
300
300
300
300
300
300
300
300
300
300
300
300
300
300
300.00001
300.00001
300.00002
300.00005
300.00008
300.00009
338.59338
318.5348
306.70138
301.84949
300.39647
300.0666
300.0087
300.00085
300.00006
300
300
300
300
300
300
300
300
300
300
300
300
300
300
300
300
300
300
300
300
300
300
300
300
300
300.00001
300.00001
300.00002
300.00005
300.00008
300.00009
338.59385
318.5357
306.702
301.84971
300.39652
300.06661
300.0087
300.00085
300.00006
300
300
300
300
300
300
300
300
300
300
300
300
300
300
300
300
300
300
300
300
300
300
300
300
300
300.00001
300.00001
300.00002
300.00005
300.00008
300.00009
338.59439
318.53673
306.70271
301.84997
300.39657
300.06661
300.0087
300.00085
300.00006
300
300
300
300
300
300
300
300
300
300
300
300
300
300
300
300
300
300
300
300
300
300
300
300
300
300.00001
300.00001
300.00002
300.00005
300.00008
300.00009
338.59502
318.53791
306.70352
301.85026
300.39662
300.06661
300.0087
300.00085
300.00006
300
300
300
300
300
300
300
300
300
300
300
300
300
300
300
300
300
300
300
300
300
300
300
300
300
300
300.00001
300.00002
300.00005
300.00008
300.00009
338.59575
318.53928
306.70445
301.85059
300.39668
300.06661
300.00869
300.00085
300.00006
300
300
300
300
300
300
300
300
300
300
300
300
300
300
300
300
300
300
300
300
300
300
300
300
300
300
300.00001
300.00002
300.00005
300.00008
300.00009
338.59662
318.54086
306.70552
301.85097
300.39675
300.06661
300.00869
300.00085
300.00005
300
300
300
300
300
300
300
300
300
300
300
300
300
300
300
300
300
300
300
300
300
300
300
300
300
300
300.00001
300.00002
300.00005
300.00008
300.00009
338.59764
318.54271
306.70676
301.85141
300.39683
300.06661
300.00869
300.00084
300.00005
300
300
300
300
300
300
300
300
300
300
300
300
300
300
300
300
300
300
300
300
300
300
300
300
300
300
300.00001
300.00002
300.00005
300.00008
300.00009
338.59886
318.54488
306.7082
301.85191
300.39692
300.06661
300.00868
300.00084
300.00005
300
300
300
300
300
300
300
300
300
300
300
300
300
300
300
300
300
300
300
300
300
300
300
300
300
300
300.00001
300.00002
300.00005
300.00008
300.00009
338.60036
318.54747
306.7099
301.8525
300.39703
300.06661
300.00868
300.00084
300.00005
300
300
300
300
300
300
300
300
300
300
300
300
300
300
300
300
300
300
300
300
300
300
300
300
300
300
300.00001
300.00002
300.00005
300.00008
300.00009
338.60222
318.55054
306.71187
301.85317
300.39714
300.06661
300.00867
300.00084
300.00005
300
300
300
300
300
300
300
300
300
300
300
300
300
300
300
300
300
300
300
300
300
300
300
300
300
300
300.00001
300.00002
300.00005
300.00008
300.00009
338.60471
318.55452
306.71433
301.85399
300.39728
300.06661
300.00866
300.00084
300.00005
300
300
300
300
300
300
300
300
300
300
300
300
300
300
300
300
300
300
300
300
300
300
300
300
300
300
300.00001
300.00002
300.00005
300.00008
300.00009
338.60767
318.55847
306.71671
301.85476
300.39741
300.06661
300.00865
300.00083
300.00005
300
300
300
300
300
300
300
300
300
300
300
300
300
300
300
300
300
300
300
300
300
300
300
300
300
300
300.00001
300.00002
300.00005
300.00008
300.00009
338.61552
318.56928
306.72246
301.85655
300.3977
300.0666
300.00864
300.00083
300.00005
300
300
300
300
300
300
300
300
300
300
300
300
300
300
300
300
300
300
300
300
300
300
300
300
300
300
300.00001
300.00002
300.00005
300.00008
300.00009
)
;

boundaryField
{
    wall
    {
        type            fixedValue;
        value           uniform 350;
    }
    sides
    {
        type            zeroGradient;
    }
    frontAndBack
    {
        type            empty;
    }
    inlet
    {
        type            fixedValue;
        value           uniform 300;
    }
    outlet
    {
        type            zeroGradient;
    }
}


// ************************************************************************* //
