/*--------------------------------*- C++ -*----------------------------------*\
  =========                 |
  \\      /  F ield         | OpenFOAM: The Open Source CFD Toolbox
   \\    /   O peration     | Website:  https://openfoam.org
    \\  /    A nd           | Version:  10
     \\/     M anipulation  |
\*---------------------------------------------------------------------------*/
FoamFile
{
    format      ascii;
    class       volScalarField;
    location    "0.06";
    object      TporMedia;
}
// * * * * * * * * * * * * * * * * * * * * * * * * * * * * * * * * * * * * * //

dimensions      [0 0 0 1 0 0 0];

internalField   nonuniform List<scalar> 
4000
(
-7.8653081e-07
4.1018682e-07
-2.4305456e-05
-2.4163345e-05
-4.1231825e-05
-3.5983044e-05
-3.5494133e-05
-3.4862301e-05
-3.4818311e-05
-3.5600848e-05
-3.4342249e-05
-3.3890133e-05
-3.3868075e-05
-3.4479822e-05
-3.3797588e-05
-3.3766797e-05
-3.3950581e-05
-3.3876338e-05
-3.3815103e-05
-3.3148743e-05
-3.3626268e-05
-3.4069054e-05
-3.3485081e-05
-3.3683526e-05
-3.4495841e-05
-3.467298e-05
-3.535693e-05
-3.5197519e-05
-3.544811e-05
-3.5926482e-05
-3.5375424e-05
-3.6971668e-05
-3.6901722e-05
-3.692689e-05
-3.905719e-05
-3.8538541e-05
-3.8892784e-05
-4.0318197e-05
-4.0619858e-05
-4.143417e-05
-7.0959858e-08
8.7476783e-17
-1.7165777e-14
3.6627731e-13
1.3075639e-12
2.3251973e-12
2.0931084e-12
1.966054e-12
2.0835272e-12
2.0491692e-12
1.9489265e-12
1.9505076e-12
1.9088605e-12
1.9376133e-12
1.900246e-12
1.8411603e-12
1.870498e-12
1.9162121e-12
1.8109638e-12
1.8900263e-12
1.831343e-12
1.9277751e-12
1.8941743e-12
1.8393392e-12
1.9610887e-12
1.9998158e-12
1.9890668e-12
2.0660676e-12
2.0193727e-12
2.0755431e-12
2.0757451e-12
2.1929409e-12
2.2832596e-12
2.271599e-12
2.3805446e-12
2.4775827e-12
2.3874746e-12
2.6979868e-12
2.7417939e-12
2.8115443e-12
-2.8126011e-08
-2.2185207e-17
-3.3291634e-24
1.0373639e-21
-1.1134807e-20
-9.1981961e-20
-1.2380112e-19
-1.0667699e-19
-1.1699048e-19
-1.1233616e-19
-1.0644635e-19
-1.0492946e-19
-1.0369082e-19
-1.0434464e-19
-1.037855e-19
-9.979954e-20
-9.5462472e-20
-1.0049217e-19
-9.7344945e-20
-9.9018134e-20
-9.7398525e-20
-1.0158773e-19
-9.9872498e-20
-9.7638552e-20
-1.0645723e-19
-1.0728822e-19
-1.0880913e-19
-1.1155597e-19
-1.1249865e-19
-1.1521936e-19
-1.1798043e-19
-1.2936377e-19
-1.3210133e-19
-1.3550952e-19
-1.4144263e-19
-1.5258041e-19
-1.5114558e-19
-1.6899623e-19
-1.7690884e-19
-1.8935762e-19
-1.4743298e-08
1.3370441e-18
1.3117517e-28
4.7950849e-31
5.3019486e-29
1.2537972e-27
6.9909497e-27
6.0485484e-27
6.3808408e-27
6.0428387e-27
5.7351835e-27
5.6435623e-27
5.4427709e-27
5.5717684e-27
5.500312e-27
5.0499092e-27
4.9425664e-27
5.156193e-27
5.0115702e-27
5.0359587e-27
5.0170593e-27
5.3256233e-27
5.3384584e-27
5.092645e-27
5.6903719e-27
5.5947624e-27
5.8552778e-27
6.027677e-27
6.2393009e-27
6.5312986e-27
6.6615114e-27
7.2959866e-27
7.4311302e-27
7.767344e-27
8.2987673e-27
9.4370411e-27
9.4440097e-27
1.0777367e-26
1.0933935e-26
1.2446695e-26
-9.0039311e-09
2.4440752e-19
1.7891326e-29
2.9308395e-39
-2.3397485e-35
-6.2519252e-36
-2.3887973e-34
-3.7316121e-34
-3.4478454e-34
-3.220864e-34
-2.9859407e-34
-2.9191993e-34
-2.8211869e-34
-2.7928101e-34
-2.7849706e-34
-2.5724463e-34
-2.5391685e-34
-2.6293421e-34
-2.5187549e-34
-2.5350644e-34
-2.5645371e-34
-2.6760413e-34
-2.6683727e-34
-2.5623115e-34
-2.8878831e-34
-2.9258263e-34
-3.0488372e-34
-3.1350742e-34
-3.2636146e-34
-3.4849462e-34
-3.5820089e-34
-4.1005296e-34
-4.1161103e-34
-4.3757637e-34
-4.9773464e-34
-5.5733234e-34
-5.5974447e-34
-6.905279e-34
-6.7212471e-34
-7.9695806e-34
-6.0505973e-09
7.6501664e-20
6.5958951e-30
5.0722056e-40
-2.1563261e-44
1.5708373e-44
3.1887249e-42
2.4148605e-41
1.9032363e-41
1.6349911e-41
1.4967509e-41
1.4775187e-41
1.4412988e-41
1.4246449e-41
1.3931305e-41
1.2522102e-41
1.241628e-41
1.3369684e-41
1.23366e-41
1.242477e-41
1.3210182e-41
1.3130009e-41
1.3338092e-41
1.2934617e-41
1.4307646e-41
1.4489501e-41
1.5108378e-41
1.5889207e-41
1.7231376e-41
1.776357e-41
1.9208188e-41
2.1920318e-41
2.2148808e-41
2.4595411e-41
2.7990016e-41
3.1976989e-41
3.2905157e-41
4.1689024e-41
4.1327271e-41
5.0196974e-41
-4.3302848e-09
3.0920551e-20
-1.1110489e-28
-5.0926907e-39
-1.345224e-48
-2.8306601e-53
-1.7116629e-50
-1.1672954e-48
-1.0865704e-48
-8.4203524e-49
-7.2511216e-49
-7.3506528e-49
-7.0652781e-49
-7.0079791e-49
-6.8217803e-49
-6.0644088e-49
-5.9388379e-49
-6.5333439e-49
-5.9693251e-49
-6.0401265e-49
-6.2934921e-49
-6.2764437e-49
-6.3261327e-49
-6.2350624e-49
-6.8936256e-49
-7.0464678e-49
-7.348721e-49
-7.6704948e-49
-8.513148e-49
-9.0720607e-49
-9.6513425e-49
-1.145714e-48
-1.1503617e-48
-1.3341383e-48
-1.494718e-48
-1.8339083e-48
-1.8960532e-48
-2.4839871e-48
-2.448984e-48
-2.9954116e-48
-3.2170074e-09
1.4492153e-20
-5.5429108e-31
-1.7717637e-41
-2.0152645e-51
4.8281417e-60
4.4488384e-59
2.7287135e-56
7.1102113e-56
4.2509984e-56
3.4766005e-56
3.4663129e-56
3.340129e-56
3.2417776e-56
3.2344604e-56
2.8210206e-56
2.8145914e-56
3.0080471e-56
2.749619e-56
2.7659681e-56
2.9770568e-56
2.9720347e-56
2.938446e-56
2.9316596e-56
3.2926803e-56
3.3047193e-56
3.4441346e-56
3.6645187e-56
4.0879711e-56
4.3738941e-56
4.6983502e-56
5.5737181e-56
5.8617671e-56
6.8086155e-56
7.7844936e-56
1.0209652e-55
1.0582855e-55
1.4239636e-55
1.3737818e-55
1.6723722e-55
-2.4339694e-09
7.4221932e-21
-1.0594684e-31
-2.6950686e-42
-1.6238193e-52
-4.4689681e-61
-6.6179898e-68
-2.7499749e-64
-4.9192445e-63
-2.1870161e-63
-1.6051486e-63
-1.6112288e-63
-1.4847651e-63
-1.4466132e-63
-1.4463379e-63
-1.2891593e-63
-1.2692453e-63
-1.3861886e-63
-1.2292999e-63
-1.2378713e-63
-1.3665608e-63
-1.3340649e-63
-1.2993046e-63
-1.3138329e-63
-1.4969221e-63
-1.5430673e-63
-1.5608572e-63
-1.6715522e-63
-1.8609455e-63
-2.0364671e-63
-2.2104208e-63
-2.7189383e-63
-2.871189e-63
-3.4416471e-63
-3.9384779e-63
-5.3103205e-63
-5.6381225e-63
-7.715579e-63
-7.5232017e-63
-8.5761512e-63
-1.8509444e-09
4.0042547e-21
-2.9398748e-32
-6.7904281e-43
-2.4790678e-53
-1.0953251e-62
1.1243548e-71
1.3028195e-72
2.9305213e-70
1.1970206e-70
7.0854147e-71
6.9996201e-71
6.6258256e-71
6.3738513e-71
6.2213107e-71
5.5435019e-71
5.4399875e-71
5.9401175e-71
5.1596584e-71
5.3095426e-71
5.9431967e-71
5.7555242e-71
5.6609514e-71
5.6734451e-71
6.5291847e-71
6.6933536e-71
6.7433992e-71
7.3733446e-71
8.1716314e-71
9.1526502e-71
9.7961639e-71
1.2784832e-70
1.3426984e-70
1.6087608e-70
1.896128e-70
2.6087031e-70
2.9267696e-70
3.9770943e-70
3.8224416e-70
4.3096146e-70
-1.3791234e-09
2.1810149e-21
-9.5101784e-33
-2.3647461e-43
-5.7657537e-54
-9.9952217e-64
8.3379002e-73
-5.4173285e-81
-9.5395949e-78
-7.4540992e-78
-3.0066977e-78
-2.9436019e-78
-2.7889242e-78
-2.6798108e-78
-2.5783431e-78
-2.3533655e-78
-2.2444421e-78
-2.4211071e-78
-2.1112778e-78
-2.1238621e-78
-2.4022229e-78
-2.4138776e-78
-2.3188933e-78
-2.3027008e-78
-2.7235092e-78
-2.7090293e-78
-2.7906237e-78
-3.0988039e-78
-3.4250885e-78
-3.9178966e-78
-4.1610126e-78
-5.5296107e-78
-5.8217958e-78
-7.3771267e-78
-8.730141e-78
-1.254852e-77
-1.4385549e-77
-1.9431993e-77
-1.7979123e-77
-1.9975063e-77
-9.7429643e-10
1.1431369e-21
-3.2183974e-33
-1.2029058e-43
-2.1110937e-54
-1.8582242e-64
1.5917629e-73
-2.4312349e-82
1.4559689e-85
4.9910151e-85
1.3041704e-85
1.1962585e-85
1.1035713e-85
1.0623639e-85
1.001061e-85
9.3317714e-86
8.7294829e-86
9.3702738e-86
8.2203188e-86
8.3471959e-86
9.1548229e-86
9.3921574e-86
9.0263188e-86
8.9532841e-86
1.0585379e-85
1.0455168e-85
1.0998911e-85
1.2287174e-85
1.3525947e-85
1.5574436e-85
1.6958139e-85
2.2696873e-85
2.3965111e-85
3.1770313e-85
3.8472707e-85
5.713972e-85
6.6120714e-85
8.721385e-85
7.7001647e-85
6.1721236e-85
-6.591294e-10
5.7556851e-22
-1.1045456e-33
1.9978765e-42
2.6802992e-53
1.3767482e-63
-2.0841469e-72
2.1162719e-81
-1.61403e-89
-3.6288418e-92
-5.9254898e-93
-4.5421695e-93
-4.2245288e-93
-4.0536459e-93
-3.8474481e-93
-3.5801975e-93
-3.3341673e-93
-3.5412058e-93
-3.0319731e-93
-3.1423154e-93
-3.4524362e-93
-3.381483e-93
-3.3882977e-93
-3.3641766e-93
-3.9988926e-93
-3.9646723e-93
-4.2335049e-93
-4.54771e-93
-5.1781059e-93
-5.9398957e-93
-6.6232842e-93
-8.9256313e-93
-9.5424505e-93
-1.2804546e-92
-1.5800764e-92
-2.3944329e-92
-2.8515143e-92
-3.6413497e-92
-2.8220154e-92
-1.1151052e-92
-4.519916e-10
2.9353884e-22
-3.9841908e-34
8.7982224e-45
9.4905422e-56
3.1221135e-66
5.5057442e-75
-4.0668232e-84
1.7144682e-92
1.2125424e-99
2.806424e-100
1.7179417e-100
1.5529985e-100
1.4807104e-100
1.4071969e-100
1.3190519e-100
1.2285191e-100
1.2864206e-100
1.1198616e-100
1.1507543e-100
1.246726e-100
1.2273969e-100
1.2261536e-100
1.2206366e-100
1.432923e-100
1.4495417e-100
1.532722e-100
1.6483188e-100
1.8747694e-100
2.2125167e-100
2.4613543e-100
3.3290848e-100
3.5551832e-100
4.9503577e-100
6.3538438e-100
9.6981142e-100
1.1461377e-99
1.3615243e-99
8.5235329e-100
1.5399198e-100
-3.3006253e-10
1.5994301e-22
-1.5757191e-34
1.41255e-45
1.2829615e-56
2.9011598e-67
1.0505113e-76
-6.1625657e-86
1.5803001e-94
-6.0463545e-102
-1.4529942e-107
-6.381747e-108
-5.5970114e-108
-5.2028675e-108
-4.9312477e-108
-4.6560309e-108
-4.2963461e-108
-4.4706816e-108
-3.9636485e-108
-4.0239688e-108
-4.3218591e-108
-4.3850436e-108
-4.2886621e-108
-4.2786933e-108
-5.0709342e-108
-5.1025701e-108
-5.3601923e-108
-5.7216617e-108
-6.732014e-108
-7.8987465e-108
-8.9605221e-108
-1.2264929e-107
-1.3019484e-107
-1.8988434e-107
-2.4894843e-107
-3.7520662e-107
-4.2696284e-107
-4.6295345e-107
-2.1715162e-107
-2.5725725e-108
-2.607705e-10
9.5347812e-23
-6.9514342e-35
3.3957668e-46
2.7229627e-57
4.4878053e-68
7.3130708e-78
-3.7541799e-87
6.4000326e-96
-1.3231009e-103
6.9309428e-111
2.2181638e-115
1.8226863e-115
1.6618358e-115
1.5576531e-115
1.4678996e-115
1.3763674e-115
1.3971097e-115
1.2353271e-115
1.2517056e-115
1.3526407e-115
1.4026798e-115
1.3423785e-115
1.3787683e-115
1.6202893e-115
1.651853e-115
1.6921921e-115
1.8369422e-115
2.1678465e-115
2.5746581e-115
2.9397836e-115
3.975481e-115
4.4143386e-115
6.5811011e-115
9.0946027e-115
1.3617522e-114
1.5292708e-114
1.3854577e-114
5.2274646e-115
1.8837953e-115
-2.210493e-10
6.2162162e-23
-3.4115865e-35
1.0294023e-46
7.6863085e-58
9.7030138e-69
8.9336862e-79
-4.5126367e-88
5.5220333e-97
-6.1821635e-105
2.6892688e-112
-8.0415635e-120
-5.0241076e-123
-4.5121514e-123
-4.2015664e-123
-3.9869925e-123
-3.616437e-123
-3.725686e-123
-3.3113318e-123
-3.3999069e-123
-3.6125644e-123
-3.7120081e-123
-3.5820307e-123
-3.6475941e-123
-4.2908704e-123
-4.5060777e-123
-4.5299974e-123
-4.937259e-123
-5.8991112e-123
-7.0647025e-123
-8.1903844e-123
-1.1382116e-122
-1.2625065e-122
-1.9695343e-122
-2.8202045e-122
-4.4294408e-122
-4.7612551e-122
-3.6187634e-122
-1.3074587e-122
4.6538264e-123
-1.9750609e-10
4.3795991e-23
-1.8430171e-35
3.7005734e-47
2.7330227e-58
2.7485349e-69
1.6063821e-79
-9.4645811e-89
8.8472981e-98
-5.909803e-106
1.9277225e-113
-4.975922e-121
1.1614005e-128
1.0321173e-130
9.6903727e-131
9.1293286e-131
8.3474721e-131
8.4864288e-131
7.5831997e-131
7.7471397e-131
8.1908698e-131
8.5710204e-131
8.1779401e-131
8.3513867e-131
9.8695943e-131
1.0351658e-130
1.0356174e-130
1.1404412e-130
1.3800916e-130
1.6343268e-130
1.906452e-130
2.7110847e-130
3.0254462e-130
4.8651902e-130
7.2401882e-130
1.1700532e-129
1.2031587e-129
8.0637651e-130
3.7883376e-130
6.323452e-131
-1.8287814e-10
3.2873004e-23
-1.0839023e-35
1.531369e-47
1.1944922e-58
9.8291726e-70
3.9128862e-80
-3.8168432e-89
2.852005e-98
-1.2516211e-106
3.4050312e-114
-8.483339e-122
1.9043966e-129
-4.5303834e-137
-2.2085064e-138
-2.0707567e-138
-1.895901e-138
-1.9682111e-138
-1.7336466e-138
-1.7830197e-138
-1.8916488e-138
-1.9965999e-138
-1.8686848e-138
-1.9208659e-138
-2.2597489e-138
-2.333906e-138
-2.364541e-138
-2.5690713e-138
-3.106974e-138
-3.682334e-138
-4.2947081e-138
-5.9712165e-138
-6.7133641e-138
-1.0737502e-137
-1.6266597e-137
-2.5895807e-137
-2.5062412e-137
-1.5810536e-137
-1.5789692e-137
8.2750158e-139
-1.7352571e-10
2.5995093e-23
-6.8832522e-36
7.1787357e-48
6.3606962e-59
4.3555801e-70
1.2399193e-80
1.3907347e-88
-8.6173154e-98
2.6857137e-106
-8.0005809e-114
3.0146419e-121
-9.5602625e-129
2.9784331e-136
-9.3981693e-144
6.807243e-146
6.2522052e-146
6.4812963e-146
5.8576146e-146
5.9244987e-146
6.2657231e-146
6.6461802e-146
6.2344437e-146
6.3141251e-146
7.3378566e-146
7.5206849e-146
7.4686057e-146
7.9806993e-146
9.3337323e-146
1.0773409e-145
1.2293156e-145
1.6117007e-145
1.7832993e-145
2.6793775e-145
3.8156601e-145
5.5417868e-145
4.7265254e-145
3.0558894e-145
1.1058736e-144
1.3477377e-146
-1.6790568e-10
2.1538781e-23
-4.7021724e-36
3.7767608e-48
4.2417062e-59
2.4626127e-70
5.2456015e-81
3.1159048e-90
-1.6726541e-99
3.9793279e-108
-1.8834387e-115
2.2832078e-121
-3.3091859e-128
4.3163875e-135
-6.3113513e-142
1.059784e-148
-1.0981772e-152
-1.1311812e-152
-1.0253432e-152
-1.1835584e-152
-1.1081995e-152
-1.0286983e-152
-1.015047e-152
-8.8777426e-153
-1.0560482e-152
-9.5625604e-153
-8.5803004e-153
-8.6829748e-153
-9.0519198e-153
-9.0578529e-153
-9.1833415e-153
-1.0823295e-152
-1.0189091e-152
-1.2904512e-152
-1.4935515e-152
-1.5909198e-152
-1.0393272e-152
-7.0686505e-153
-8.8151614e-152
3.1543749e-154
-1.6553279e-10
1.8703692e-23
-3.4577785e-36
2.2180451e-48
4.2681029e-59
2.1802668e-70
3.6788174e-81
9.8192096e-91
-4.9245419e-100
9.6178043e-109
-8.7650218e-116
-3.8041363e-123
-2.4411483e-130
-1.7701889e-137
-1.2947296e-144
-9.2787401e-152
-7.7958272e-159
-8.5236485e-160
-8.2456664e-160
-9.5636933e-160
-9.3063459e-160
-8.6351179e-160
-9.5037388e-160
-7.9239186e-160
-1.0206426e-159
-9.8804953e-160
-8.6289619e-160
-9.1883433e-160
-1.0069295e-159
-1.0108315e-159
-1.1149487e-159
-1.4944553e-159
-1.6352636e-159
-3.2989697e-159
-4.621012e-158
1.5841904e-159
4.2159193e-160
2.3178676e-160
3.0847816e-159
9.9854223e-162
-1.6625242e-10
1.7077025e-23
-2.745594e-36
1.4496503e-48
-1.6875962e-58
-8.1237638e-70
-1.1725666e-80
-1.912635e-90
1.0276652e-99
-1.7870916e-108
6.0096489e-116
3.5309249e-123
4.5901719e-130
1.2187069e-136
5.6690937e-143
1.3701994e-148
-1.2723085e-154
5.9458851e-161
2.3198242e-166
2.4080026e-166
1.9603273e-166
1.9610757e-166
1.9613161e-166
1.6320537e-166
1.9912665e-166
2.5003867e-166
2.2076667e-166
4.0457463e-166
6.4519831e-166
-1.3435896e-165
-4.6389332e-166
-2.7604285e-166
-1.9299302e-166
-2.6573764e-166
-3.0654326e-165
1.4020188e-166
-8.0025876e-167
-7.9725631e-168
-5.2946237e-167
3.3326914e-169
-1.6976813e-10
1.6423002e-23
-2.3578421e-36
1.0509999e-48
-1.0156278e-59
-5.1253263e-71
-6.9723574e-82
-8.1936302e-92
6.190959e-101
-1.0811857e-109
1.1187012e-117
-2.4056219e-125
4.314089e-133
-6.9599575e-141
1.04601e-148
-3.5227357e-156
1.8398168e-162
-8.4244488e-169
-3.1068351e-174
-3.2164979e-174
-2.5816753e-174
-2.5895383e-174
-2.5769315e-174
-2.1645781e-174
-2.7026933e-174
-3.4822021e-174
-3.1632634e-174
-5.9872233e-174
-1.0190474e-173
2.2911203e-173
8.7023728e-174
6.0680549e-174
5.2225413e-174
1.0704159e-173
3.116539e-172
-3.5344548e-172
5.9669866e-174
1.3983875e-175
5.9886809e-175
9.2137259e-177
-1.7536581e-10
1.6572021e-23
-2.1812712e-36
8.4006208e-49
-3.5839359e-60
-2.1971902e-71
-3.135751e-82
-2.9743282e-92
8.7363951e-101
-1.8237237e-109
8.6040267e-118
-4.9781142e-126
2.8286085e-134
-1.550954e-142
8.3203332e-151
-4.3763607e-159
2.269835e-167
-1.121995e-175
1.6402011e-182
1.6367558e-182
1.3121715e-182
1.3185077e-182
1.3166976e-182
1.1169318e-182
1.4064634e-182
1.8364727e-182
1.6985269e-182
3.290012e-182
5.7500847e-182
-1.3444825e-181
-5.350689e-182
-3.996682e-182
-3.7717543e-182
-9.0194251e-182
-3.3231159e-180
5.1183376e-180
-8.0742627e-182
-1.1615147e-183
-6.099332e-183
2.0461996e-184
-1.8185089e-10
1.7346943e-23
-2.1483003e-36
7.3206834e-49
-1.8996885e-60
-1.6964792e-71
-2.7581017e-82
-2.2398806e-92
-2.3142334e-101
7.704541e-110
-2.2233796e-118
6.8253147e-127
-2.1323485e-135
6.6335057e-144
-2.0476446e-152
6.2891212e-161
-1.920172e-169
5.8611489e-178
-1.7858185e-186
-4.9943633e-191
-4.009121e-191
-4.0380212e-191
-4.0549659e-191
-3.4501749e-191
-4.3718908e-191
-5.7637328e-191
-5.3744836e-191
-1.0548693e-190
-1.8727048e-190
4.4611222e-190
1.8230153e-190
1.4070349e-190
1.3968635e-190
3.5986341e-190
1.4985735e-188
-2.6923792e-188
4.3997805e-190
5.8635595e-192
8.7465379e-191
3.8626257e-192
-1.8779773e-10
1.8508128e-23
-2.2101333e-36
6.8419493e-49
-1.3081016e-60
-1.9074253e-71
-3.3996667e-82
-2.2966915e-92
-9.7608022e-102
8.8179543e-110
-1.9289602e-118
4.3174487e-127
-1.0175989e-135
2.4320619e-144
-5.826746e-153
1.4021019e-161
-3.3829384e-170
8.1943704e-179
-1.9921667e-187
4.8624495e-196
9.8188376e-200
9.9292164e-200
1.0011784e-199
8.5600321e-200
1.0858929e-199
1.4385478e-199
1.3454554e-199
2.6538597e-199
4.729814e-199
-1.1334995e-198
-4.6658342e-199
-3.6422933e-199
-3.6812113e-199
-9.7760856e-199
-4.3058856e-197
8.340427e-197
-1.4561938e-198
-2.3565208e-200
-1.2968909e-197
6.974431e-200
-1.9209289e-10
1.9745936e-23
-2.3222653e-36
6.7220092e-49
-1.1042711e-60
-1.7590624e-71
-2.6788037e-82
-1.3436735e-92
-3.7550005e-102
8.3954551e-110
-1.6263361e-118
3.4416001e-127
-7.9980601e-136
1.9207582e-144
-4.679761e-153
1.1565752e-161
-2.8880812e-170
7.3022765e-179
-1.8595885e-187
4.7742658e-196
-1.2340828e-204
-2.5773778e-208
-2.6069749e-208
-2.2306962e-208
-2.8314662e-208
-3.7436097e-208
-3.4938708e-208
-6.8609846e-208
-1.2157501e-207
2.885339e-207
1.1756667e-207
9.087817e-208
9.0908362e-208
2.3943733e-207
1.0530695e-205
-2.0824522e-205
3.9916855e-207
1.0283366e-208
-1.8234871e-205
1.3332733e-207
-1.9443929e-10
2.0764056e-23
-2.4430173e-36
6.805731e-49
-1.1025002e-60
-9.590813e-72
-9.6268688e-83
-3.2332813e-93
-7.0634739e-103
2.8922553e-111
-5.4788366e-120
1.4588934e-128
-4.6844731e-137
1.6029249e-145
-5.6863265e-154
2.0711218e-162
-7.7559889e-171
2.9755497e-179
-1.1588324e-187
4.5797939e-196
-1.8266974e-204
6.9337066e-213
1.0529833e-216
9.0065449e-217
1.1339287e-216
1.4892482e-216
1.3710134e-216
2.6367163e-216
4.5591564e-216
-1.0489901e-215
-4.1356681e-216
-3.060398e-216
-2.9125951e-216
-7.2345312e-216
-2.9824399e-214
5.6886921e-214
-1.246447e-215
-8.0098533e-217
-1.3233737e-213
3.1107218e-215
-1.9538083e-10
2.1418799e-23
-2.5440128e-36
6.9913974e-49
-1.2647265e-60
-5.6999888e-72
-3.6040459e-83
-8.0137469e-94
-1.4573419e-103
1.9471089e-112
-3.685768e-121
2.0714979e-129
-2.3482251e-137
3.3368824e-145
-5.5186467e-153
1.0824863e-160
-2.4617302e-168
6.569016e-176
-2.0003776e-183
6.8086955e-191
-2.4752448e-198
9.3345931e-206
-3.5144649e-213
1.3256357e-220
-3.773339e-224
-4.5956623e-224
-3.5938063e-224
-5.9430499e-224
-8.5893691e-224
1.6466969e-223
5.3394979e-224
3.2906815e-224
2.5410678e-224
5.1114857e-224
1.6795414e-222
-2.7669713e-222
7.7190792e-224
-2.82556e-224
-7.6170752e-222
1.0453125e-222
-1.9583657e-10
2.1780613e-23
-2.6207102e-36
7.2221786e-49
-1.6031052e-60
-4.5345442e-72
-1.9802574e-83
-3.1189585e-94
-4.7514242e-104
3.3295791e-113
-6.064857e-122
-1.0106302e-129
-5.8262526e-138
-3.1387348e-146
-1.632662e-154
-8.2348744e-163
-4.0251555e-171
-1.9222285e-179
-9.0700448e-188
-4.2428943e-196
-1.9865982e-204
-8.7760331e-213
-5.718327e-221
3.5321107e-229
-1.7880307e-232
-2.2141176e-232
-1.7659991e-232
-3.0139411e-232
-4.5258505e-232
9.1426317e-232
3.1668208e-232
2.1433543e-232
1.8921498e-232
4.6948803e-232
2.3371368e-230
-7.1757481e-230
1.1842446e-231
-1.5225628e-232
-4.4403705e-230
6.6010058e-230
-1.9656693e-10
2.204582e-23
-2.6895944e-36
7.4782465e-49
-2.0624395e-60
-4.4392542e-72
-1.5241262e-83
-1.8871174e-94
-2.4096684e-104
1.1917191e-113
-2.0255921e-122
-7.7286319e-131
-1.9369237e-139
-4.8194472e-148
-1.199165e-156
-2.9729409e-165
-7.3335415e-174
-1.8036785e-182
-4.4243257e-191
-1.0833084e-199
-2.6542309e-208
-6.5130393e-217
-1.6043814e-225
-3.9540895e-234
-4.5350096e-241
-5.5154723e-241
-4.4257793e-241
-7.6174132e-241
-1.1579732e-240
2.3663739e-240
8.3400101e-241
5.7669263e-241
5.2519557e-241
1.3654817e-240
7.3384172e-239
-2.5055878e-238
4.2162834e-240
-5.1827629e-241
-3.1730772e-238
2.3053124e-236
-1.979062e-10
2.239233e-23
-2.7739035e-36
7.765543e-49
-2.3220129e-60
-4.5098758e-72
-1.3878756e-83
-1.514525e-94
-1.6691473e-104
7.2881803e-114
-1.1778598e-122
-3.1230115e-131
-5.9048512e-140
-1.1286999e-148
-2.1883021e-157
-4.2623184e-166
-8.3387086e-175
-1.636691e-183
-3.2253852e-192
-6.370105e-201
-1.2619298e-209
-2.5053412e-218
-4.9832662e-227
-9.9277135e-236
-1.9790731e-244
-1.1022464e-249
-8.8442268e-250
-1.521667e-249
-2.3099341e-249
4.7210616e-249
1.6621487e-249
1.1497864e-249
1.0458387e-249
2.7338526e-249
1.5029312e-247
-5.4278567e-247
1.0055947e-248
-1.5994679e-249
-3.4213741e-246
-2.7919057e-243
-1.9977955e-10
2.2896589e-23
-2.8899173e-36
8.1048755e-49
-2.1042154e-60
-4.3234049e-72
-1.3510691e-83
-1.454764e-94
-1.4708476e-104
6.8752625e-114
-1.1286779e-122
-2.8877544e-131
-5.3066149e-140
-9.9580755e-149
-1.9147253e-157
-3.7191893e-166
-7.2984513e-175
-1.4448815e-183
-2.8830194e-192
-5.7851775e-201
-1.1653456e-209
-2.3564015e-218
-4.7703439e-227
-9.659299e-236
-1.9545729e-244
-3.9415274e-253
-1.777629e-258
-3.0395324e-258
-4.5719254e-258
9.2528913e-258
3.2224891e-258
2.1962913e-258
1.9634924e-258
5.0401149e-258
2.7603345e-256
-1.0402364e-255
2.2430871e-257
-5.6999865e-258
-7.6513629e-254
2.0525412e-250
-2.0187325e-10
2.3530566e-23
-3.0404171e-36
8.518577e-49
-1.6942943e-60
-4.346606e-72
-1.5535745e-83
-1.8378249e-94
-1.8469184e-104
1.113611e-113
-2.0342844e-122
-6.3018324e-131
-1.3608648e-139
-3.0156524e-148
-6.8975349e-157
-1.6083247e-165
-3.8071916e-174
-9.132722e-183
-2.2127811e-191
-5.4014759e-200
-1.3272052e-208
-3.2703654e-217
-8.076662e-226
-1.9954242e-234
-4.3065998e-243
-1.8520746e-250
6.7992394e-257
-4.7329103e-263
-1.1300429e-266
2.1518146e-266
7.317669e-267
4.8643673e-267
4.215325e-267
1.0459282e-266
5.6159951e-265
-2.2042759e-264
5.8641836e-266
-2.9678123e-266
-1.2855368e-260
-1.1449345e-257
-2.0383359e-10
2.4202936e-23
-3.2147334e-36
9.014532e-49
-1.3779332e-60
-5.4480802e-72
-2.5043226e-83
-3.6014071e-94
-3.9223372e-104
3.7429448e-113
-8.3369012e-122
-3.8984494e-130
-1.1825796e-138
-3.6851685e-147
-1.1958193e-155
-3.9987391e-164
-1.3635255e-172
-4.7243179e-181
-1.6600926e-189
-5.9148732e-198
-2.1108773e-206
-9.8397657e-215
3.9045852e-222
-8.5313686e-229
2.2533131e-235
-6.5698265e-242
2.5893818e-248
-1.812285e-254
-1.9781777e-259
-9.4168074e-266
-1.9403595e-272
1.4911572e-275
1.2349319e-275
2.9215846e-275
1.5248593e-273
-6.2945908e-273
2.2278992e-274
-3.4250394e-274
6.6965846e-268
5.8118219e-265
-2.0541166e-10
2.4811987e-23
-3.3933406e-36
9.5755043e-49
-1.193226e-60
-1.0912873e-71
-7.3055062e-83
-1.4061049e-93
-1.8083715e-103
3.6746266e-112
-1.0871781e-120
-1.0578216e-128
-5.575703e-137
-3.0278066e-145
-1.7361938e-153
-1.0338219e-161
-6.3034512e-170
-3.9798143e-178
-1.9456447e-186
-1.3945884e-193
2.5899431e-200
-5.6227722e-207
1.0636658e-213
-2.1457669e-220
5.6407434e-227
-1.6403869e-233
6.4957531e-240
-4.5848879e-246
-5.0958656e-251
-2.4797394e-257
-5.2443889e-264
-6.6295504e-271
-5.1534013e-278
1.3187931e-283
6.7607787e-282
-3.0325585e-281
1.6389475e-282
6.8526086e-282
-2.0267307e-275
-3.0699675e-272
-2.065179e-10
2.5288268e-23
-3.5552605e-36
1.016069e-48
-1.1033892e-60
7.1855278e-71
8.1588192e-82
2.3091378e-92
3.8032916e-102
-3.8995187e-110
1.6447387e-118
9.335811e-126
1.2202396e-133
1.6412577e-141
2.4162392e-149
3.7231167e-157
7.8241926e-165
-2.7532137e-172
8.8127618e-179
-1.7700314e-185
3.5514227e-192
-7.2948793e-199
1.3422181e-205
-2.6421463e-212
6.775105e-219
-1.9479344e-225
7.6928293e-232
-5.5037994e-238
-6.2573069e-243
-3.1469236e-249
-6.9081595e-256
-9.0848268e-263
-7.484289e-270
-4.5142956e-277
-2.2547846e-284
-3.5426357e-289
2.5183042e-290
2.3771556e-288
5.4217803e-283
1.6214548e-279
-2.0719644e-10
2.5612162e-23
-3.6855209e-36
1.0718762e-48
-1.073524e-60
9.8926904e-72
2.4493135e-82
1.1246182e-92
2.5581448e-102
2.1275034e-110
-1.3657843e-118
4.095666e-126
1.3860885e-132
3.9076892e-139
5.0712944e-145
-2.7009522e-151
9.9156482e-158
-2.1681751e-164
4.338216e-171
-7.6739734e-178
1.2789436e-184
-2.0470692e-191
3.2051782e-198
-4.9540863e-205
8.9302269e-212
-1.7729131e-218
4.790706e-225
-2.0728869e-231
-1.4589689e-236
-7.3805806e-243
-1.7175554e-249
-2.1854707e-256
-1.7890163e-263
-1.1102518e-270
-7.0341983e-278
-2.2855715e-284
7.8668149e-292
-1.8266963e-296
-1.48004e-290
-9.2559534e-287
-2.0756038e-10
2.5805085e-23
-3.7791721e-36
1.1205359e-48
-1.0793474e-60
6.3798284e-72
8.4671623e-82
7.091025e-92
2.3860366e-101
1.1763488e-109
-1.2210128e-117
2.3603032e-125
-7.3691614e-133
2.3906654e-140
-7.7805521e-148
2.4206419e-155
-7.4711491e-163
2.3542222e-170
-8.5691483e-178
4.8530415e-185
-5.3684961e-192
7.8027384e-199
-1.1999417e-205
1.8774453e-212
-3.2805867e-219
6.3308528e-226
-1.703929e-232
7.0393085e-239
4.6870261e-244
2.321043e-250
5.0550795e-257
6.0346154e-264
4.464453e-271
2.5061343e-278
1.6173474e-285
5.4132492e-292
-2.264542e-299
-4.7988049e-305
4.3396126e-298
5.6265046e-294
-2.0773177e-10
2.5907441e-23
-3.8403345e-36
1.1596249e-48
-1.1040303e-60
5.4247475e-72
-4.2418638e-82
-7.7689835e-92
-4.1140379e-101
-2.0165593e-109
3.683471e-117
-7.3349331e-125
1.8065485e-132
-4.6301312e-140
1.2043933e-147
-3.1030251e-155
8.0063199e-163
-2.1111864e-170
5.5310561e-178
-1.4762432e-185
3.8982395e-193
-1.0249449e-200
2.6994291e-208
-7.1475796e-216
1.9096293e-223
-5.0456945e-231
1.3655597e-238
-5.468131e-246
-1.2185225e-251
-5.8441611e-258
-1.1893902e-264
-1.2576923e-271
-8.4110463e-279
-4.237225e-286
-2.8253418e-293
-9.8891808e-300
5.0791503e-307
1.1105216e-311
-1.375744e-305
-3.5379223e-301
-2.0780591e-10
2.5958543e-23
-3.8779094e-36
1.1890401e-48
-1.1358039e-60
5.1612817e-72
-2.1339229e-82
-1.4045933e-91
-1.2385039e-100
-7.2494685e-109
2.4369544e-116
-6.1753931e-124
1.7287856e-131
-5.061493e-139
1.5220991e-146
-4.6146311e-154
1.4336026e-161
-4.4560745e-169
1.398453e-176
-4.3019833e-184
1.3464105e-191
-4.2383242e-199
1.332531e-206
-4.2267019e-214
1.3405316e-221
-4.2053309e-229
1.2990989e-236
-3.9894635e-244
1.2306916e-251
-3.7683339e-259
1.1382436e-266
-3.3748667e-274
9.736297e-282
-2.66073e-289
6.4535026e-297
-1.1928483e-304
1.5159552e-312
-3.6201702e-313
6.571643e-313
2.3451381e-308
-2.0784204e-10
2.5986386e-23
-3.9011085e-36
1.210359e-48
-1.1670835e-60
5.1529081e-72
-1.7132124e-82
2.3159602e-91
3.6035769e-100
2.7823523e-108
-2.1505257e-115
7.8225983e-123
-2.9832903e-130
1.1983175e-137
-4.8351179e-145
1.9865113e-152
-8.2445678e-160
3.5695871e-167
-1.529536e-174
6.480418e-182
-2.8397356e-189
1.2059743e-196
-5.2224309e-204
2.2343704e-211
-9.3437566e-219
3.8566364e-226
-1.586402e-233
6.6002691e-241
-2.7402262e-248
1.0784502e-255
-4.2716474e-263
1.6793682e-270
-6.5702228e-278
2.662917e-285
-1.4564823e-292
1.0869023e-299
-7.0021789e-307
6.9227903e-313
-5.9791004e-313
1.4590685e-313
-2.0786915e-10
2.6006405e-23
-3.9168477e-36
1.2258153e-48
-1.1939893e-60
5.2317207e-72
-1.5848785e-82
7.8905742e-92
2.3559323e-100
2.4995928e-108
-4.4162799e-115
2.3485239e-122
-1.2926114e-129
7.1705202e-137
-4.1658193e-144
2.368144e-151
-1.3804252e-158
8.1824923e-166
-4.8181606e-173
2.8922101e-180
-1.7731067e-187
1.0214108e-194
-6.2405579e-202
3.7718521e-209
-2.1680812e-216
1.2641052e-223
-7.3440998e-231
4.1694869e-238
-2.3983686e-245
1.3295405e-252
-7.321709e-260
3.9044697e-267
-1.9509059e-274
8.9254873e-282
-3.3161121e-289
9.2625762e-297
-1.8908365e-304
3.8941551e-312
3.8923203e-313
1.6467232e-313
-2.0789727e-10
2.6024853e-23
-3.929177e-36
1.2374521e-48
-1.2154995e-60
5.3226423e-72
-1.53966e-82
5.5909197e-92
3.9958214e-100
5.9584326e-108
-2.0030022e-114
1.4903917e-121
-1.0950017e-128
7.786146e-136
-5.8180045e-143
4.3995545e-150
-3.1757834e-157
2.4425696e-164
-1.8930234e-171
1.4549027e-178
-1.1292761e-185
8.6495368e-193
-6.5988149e-200
5.0145894e-207
-3.7805472e-214
2.8052815e-221
-2.2045024e-228
1.655779e-235
-1.2308909e-242
9.051001e-250
-6.578479e-257
4.7766117e-264
-3.2431621e-271
2.0659714e-278
-1.0675992e-285
3.8278167e-293
-9.6957504e-301
2.1971479e-308
-1.4253703e-312
1.6633574e-312
-2.0792721e-10
2.6043027e-23
-3.9399204e-36
1.2467259e-48
-1.2322456e-60
5.3970119e-72
-1.5165809e-82
4.673602e-92
4.5858384e-99
1.0044838e-106
-3.4813528e-113
3.051209e-120
-2.6634207e-127
2.2128133e-134
-1.96869e-141
1.6817357e-148
-1.5534765e-155
1.4361992e-162
-1.2258259e-169
1.0909017e-176
-9.6439177e-184
8.315836e-191
-7.5560025e-198
6.6587686e-205
-5.4175423e-212
4.6728209e-219
-4.1028629e-226
3.4379011e-233
-3.0192461e-240
2.594941e-247
-2.2380646e-254
1.902994e-261
-1.4835329e-268
1.1629061e-275
-6.8487786e-283
2.7077526e-290
-7.1067503e-298
1.6520253e-305
1.1341956e-312
-1.5536083e-312
-2.0795716e-10
2.6060399e-23
-3.9496259e-36
1.2544877e-48
-1.2454256e-60
5.4503852e-72
-1.4970132e-82
4.1390942e-92
-4.8564593e-100
-1.601138e-107
4.1534494e-114
-3.792448e-121
3.4517361e-128
-3.0852468e-135
2.7487832e-142
-2.5292306e-149
2.2408752e-156
-2.0286483e-163
1.910567e-170
-1.7357461e-177
1.6765031e-184
-1.4805065e-191
1.3495218e-198
-1.188806e-205
1.1176099e-212
-1.014605e-219
8.9998906e-227
-8.348087e-234
7.3956075e-241
-6.7455352e-248
5.7603682e-255
-5.1748997e-262
4.2956834e-269
-3.3419075e-276
2.061334e-283
-8.3681316e-291
2.2667891e-298
-5.2356532e-306
2.0192359e-313
-1.7357826e-312
-2.0798512e-10
2.6076211e-23
-3.9583184e-36
1.2611593e-48
-1.2561241e-60
5.4879374e-72
-1.4775836e-82
3.764863e-92
-2.3598199e-100
-1.2250729e-107
2.2493576e-114
-2.0616228e-121
1.8270166e-128
-1.6152355e-135
1.4451045e-142
-1.2203676e-149
1.1093696e-156
-9.6686609e-164
8.6236004e-171
-7.522362e-178
6.5064107e-185
-5.6543189e-192
5.2058231e-199
-4.4973821e-206
3.7698609e-213
-3.3884381e-220
2.9312474e-227
-2.5935742e-234
2.3235554e-241
-1.960388e-248
1.7098277e-255
-1.4525344e-262
1.2120382e-269
-9.3904135e-277
5.9602558e-284
-2.3833254e-291
6.4748891e-299
-1.5055863e-306
-4.0032133e-314
7.346482e-313
-2.0801013e-10
2.6090081e-23
-3.9659369e-36
1.2669323e-48
-1.2650898e-60
5.5160935e-72
-1.4595035e-82
3.4852383e-92
-1.5713613e-100
-1.5654766e-107
2.6381563e-114
-2.4200808e-121
2.2064575e-128
-1.9870208e-135
1.7411634e-142
-1.5266034e-149
1.3312001e-156
-1.2558739e-163
1.0781309e-170
-9.4631668e-178
8.0620966e-185
-7.0749417e-192
6.4166841e-199
-5.5988892e-206
5.0741223e-213
-4.4547305e-220
3.96273e-227
-3.3909037e-234
2.9175483e-241
-2.499089e-248
2.1072648e-255
-1.75253e-262
1.5071113e-269
-1.1593906e-276
7.3245537e-284
-3.0422141e-291
8.1824277e-299
-1.9175056e-306
-2.9299411e-313
6.1990268e-313
-2.0803196e-10
2.6102001e-23
-3.9724911e-36
1.2719108e-48
-1.2727592e-60
5.5392579e-72
-1.4440741e-82
3.2731824e-92
-1.1879213e-100
-5.1894059e-107
8.3215706e-114
-7.7866024e-121
6.8776173e-128
-6.0836764e-135
5.616684e-142
-4.9907844e-149
4.5590437e-156
-4.0330658e-163
3.425778e-170
-3.0186993e-177
2.7108618e-184
-2.3275896e-191
1.9708422e-198
-1.8103392e-205
1.5887944e-212
-1.4739123e-219
1.2740263e-226
-1.054305e-233
9.3156616e-241
-8.1069223e-248
6.9507341e-255
-6.0108258e-262
4.8981759e-269
-3.6873893e-276
2.2785808e-283
-9.5473827e-291
2.5914668e-298
-6.1894095e-306
-8.1897795e-313
-6.8355107e-313
-2.0805077e-10
2.6112158e-23
-3.9780701e-36
1.2761789e-48
-1.2793776e-60
5.5597108e-72
-1.4318039e-82
3.1129683e-92
-9.7644717e-101
1.9304223e-107
-2.8125169e-114
2.6811842e-121
-2.4764419e-128
2.1363666e-135
-1.9830332e-142
1.8424144e-149
-1.6464303e-156
1.4325784e-163
-1.3357856e-170
1.2094869e-177
-1.0843196e-184
9.8594631e-192
-8.973469e-199
7.7279314e-206
-6.6088483e-213
5.6516042e-220
-5.0820463e-227
4.4386115e-234
-3.9915104e-241
3.3623305e-248
-2.9831032e-255
2.6082759e-262
-2.2040735e-269
1.721391e-276
-1.0765114e-283
4.4646867e-291
-1.2394251e-298
2.9497279e-306
-1.1160336e-312
1.8177502e-312
-2.0806701e-10
2.6120824e-23
-3.9828081e-36
1.2798248e-48
-1.2850958e-60
5.5781861e-72
-1.4223556e-82
2.9907795e-92
-8.3871044e-101
7.5944568e-108
-1.0182757e-114
9.7362668e-122
-8.6224564e-129
8.1140319e-136
-7.5095877e-143
6.9879724e-150
-6.2512084e-157
5.9025051e-164
-5.1800508e-171
4.8025245e-178
-4.3916353e-185
3.9144172e-192
-3.4267966e-199
3.1655375e-206
-2.8143343e-213
2.571771e-220
-2.228546e-227
2.0559381e-234
-1.7934916e-241
1.6234238e-248
-1.4960587e-255
1.329552e-262
-1.1645249e-269
8.9415597e-277
-5.6392612e-284
2.3489862e-291
-6.4318361e-299
1.5332766e-306
7.5689041e-314
1.1036555e-312
-2.0808107e-10
2.612825e-23
-3.9868419e-36
1.2829383e-48
-1.2900287e-60
5.5948675e-72
-1.4151993e-82
2.8967626e-92
-7.4669646e-101
4.9521873e-108
-7.1125572e-115
6.6938945e-122
-6.3688976e-129
5.863387e-136
-5.3534278e-143
4.7453917e-150
-4.2711751e-157
3.9539027e-164
-3.6638562e-171
3.5272217e-178
-3.2655997e-185
3.1330462e-192
-2.9077833e-199
2.6830135e-206
-2.5244859e-213
2.430206e-220
-2.3392128e-227
2.096351e-234
-1.9093477e-241
1.7173987e-248
-1.5899848e-255
1.5261713e-262
-1.3011447e-269
1.0599696e-276
-6.971372e-284
2.9923318e-291
-8.1995236e-299
1.9817156e-306
-2.5645873e-313
7.4548455e-313
-2.0809333e-10
2.6134653e-23
-3.990294e-36
1.2856024e-48
-1.2942807e-60
5.6097679e-72
-1.4097317e-82
2.8232623e-92
-6.8176413e-101
3.6401089e-108
-4.6704798e-115
4.9343377e-122
-4.7102802e-129
4.627711e-136
-4.5579151e-143
4.4963064e-150
-4.5446684e-157
4.3977126e-164
-4.1549162e-171
3.863774e-178
-3.5968047e-185
3.5438883e-192
-3.2878279e-199
3.1912752e-206
-3.0133056e-213
2.9146098e-220
-2.888047e-227
2.7048461e-234
-2.4570637e-241
2.2764321e-248
-2.1262665e-255
1.9634883e-262
-1.7493137e-269
1.4529332e-276
-9.8873747e-284
4.3513093e-291
-1.220933e-298
2.9866785e-306
-5.0311192e-313
3.1022578e-313
-2.0810399e-10
2.6140182e-23
-3.9932595e-36
1.2878885e-48
-1.2979461e-60
5.6229732e-72
-1.4054414e-82
2.7651438e-92
-6.3503336e-101
2.7786586e-108
-3.3839886e-115
3.5078383e-122
-3.6037678e-129
3.5540257e-136
-3.5718049e-143
3.4037681e-150
-3.1966614e-157
3.3087621e-164
-3.4806613e-171
3.3672351e-178
-3.3816979e-185
3.4133327e-192
-3.3405598e-199
3.1589615e-206
-3.1315498e-213
2.8498224e-220
-2.8166815e-227
2.6383647e-234
-2.5099083e-241
2.4828977e-248
-2.386428e-255
2.2538807e-262
-2.095324e-269
1.76967e-276
-1.1892012e-283
5.1305043e-291
-1.4370263e-298
3.5262732e-306
1.8092853e-313
5.0483318e-313
-2.0811331e-10
2.6144982e-23
-3.9958183e-36
1.2898581e-48
-1.3011129e-60
5.6345692e-72
-1.4020882e-82
2.7183554e-92
-5.9882416e-101
2.3813099e-108
-3.423833e-115
3.6139471e-122
-3.7979821e-129
3.8370202e-136
-3.8113552e-143
3.8039298e-150
-3.8919119e-157
3.7285967e-164
-3.8827527e-171
4.1265889e-178
-4.2892737e-185
4.2805363e-192
-4.0822798e-199
4.2441329e-206
-4.5172616e-213
4.5091838e-220
-4.6932543e-227
4.8456627e-234
-4.577327e-241
4.6858347e-248
-4.5190058e-255
4.2592753e-262
-4.0465251e-269
3.6158455e-276
-2.4441502e-283
1.1128463e-290
-3.1281256e-298
7.6712994e-306
1.5287718e-312
-2.0926723e-312
-2.0812153e-10
2.6149163e-23
-3.9980332e-36
1.2915598e-48
-1.303854e-60
5.6447535e-72
-1.3993621e-82
2.6803303e-92
-5.7014728e-101
2.0733759e-108
-2.7310406e-115
3.2101246e-122
-3.1955505e-129
3.5472268e-136
-3.6848353e-143
4.0194314e-150
-4.2771446e-157
4.5467185e-164
-4.8390617e-171
5.0961282e-178
-5.1310378e-185
5.4307392e-192
-5.6501007e-199
6.1103682e-206
-6.1714907e-213
6.2983783e-220
-6.519148e-227
6.6058842e-234
-6.3443985e-241
6.304425e-248
-6.5390055e-255
6.8086232e-262
-6.6560956e-269
6.0799125e-276
-4.3802825e-283
1.8964757e-290
-5.415056e-298
1.3294636e-305
-8.4107768e-314
-8.1584462e-313
-2.0812871e-10
2.6152803e-23
-3.9999539e-36
1.2930336e-48
-1.306233e-60
5.6537219e-72
-1.3971928e-82
2.6482976e-92
-5.4791044e-101
1.8450407e-108
-2.5027382e-115
2.697047e-122
-2.9463538e-129
2.9899062e-136
-3.1481901e-143
3.4996388e-150
-3.6612501e-157
3.7740697e-164
-4.0478135e-171
4.0160729e-178
-4.4885863e-185
4.7564844e-192
-4.8968261e-199
5.1487533e-206
-5.5668024e-213
5.718856e-220
-6.0329045e-227
6.0417985e-234
-6.5563395e-241
7.1298104e-248
-7.229377e-255
7.4007974e-262
-7.4242906e-269
6.805094e-276
-4.8519828e-283
2.2460857e-290
-6.5104579e-298
1.6042987e-305
2.947393e-313
2.1986417e-312
-2.0813505e-10
2.6155987e-23
-4.0016235e-36
1.2943132e-48
-1.3083011e-60
5.6615732e-72
-1.3953703e-82
2.6223086e-92
-5.298977e-101
1.6980045e-108
-2.2327793e-115
2.7116563e-122
-3.0881432e-129
3.5500341e-136
-3.985899e-143
4.1053469e-150
-4.4432952e-157
4.5182773e-164
-4.9152858e-171
5.4382497e-178
-5.5266653e-185
6.1172841e-192
-7.198506e-199
7.6268703e-206
-8.6399106e-213
9.2742998e-220
-9.8712193e-227
1.02371e-233
-1.0617083e-240
1.1739622e-247
-1.2692444e-254
1.3960888e-261
-1.3900825e-268
1.3379342e-275
-9.2489623e-283
4.2687059e-290
-1.2611582e-297
3.1867752e-305
-2.2179944e-312
1.1107191e-312
-2.0814058e-10
2.6158764e-23
-4.0030767e-36
1.2954256e-48
-1.3101035e-60
5.6685136e-72
-1.3938881e-82
2.6002379e-92
-5.1524974e-101
1.5348388e-108
-2.0544761e-115
2.3821702e-122
-2.804696e-129
3.0604761e-136
-3.4383596e-143
3.7510733e-150
-4.1703561e-157
4.8181728e-164
-5.4450436e-171
6.0558753e-178
-6.8297246e-185
7.2674907e-192
-7.9237505e-199
8.9874505e-206
-9.5272814e-213
1.0902191e-219
-1.2277178e-226
1.3559915e-233
-1.562788e-240
1.7526231e-247
-2.0229424e-254
2.1887331e-261
-2.3478794e-268
2.291412e-275
-1.749055e-282
8.1682414e-290
-2.3680298e-297
6.0255779e-305
-3.1242426e-312
-2.1601033e-312
-2.0814546e-10
2.6161201e-23
-4.0043446e-36
1.2963958e-48
-1.3116768e-60
5.6746326e-72
-1.3927213e-82
2.5817348e-92
-5.0332135e-101
1.4812011e-108
-1.9853137e-115
2.5264558e-122
-2.9762634e-129
3.5508147e-136
-4.2417619e-143
5.1225202e-150
-6.0486525e-157
7.0915872e-164
-8.1877291e-171
9.4041029e-178
-1.1205462e-184
1.2726733e-191
-1.4560622e-198
1.7471751e-205
-1.9959888e-212
2.3913441e-219
-2.6647073e-226
3.0094493e-233
-3.2207441e-240
3.5926415e-247
-3.9279765e-254
4.3167504e-261
-4.4658093e-268
4.3212565e-275
-3.1055651e-282
1.4633581e-289
-4.3567345e-297
1.1019294e-304
-4.6369887e-312
-1.1584253e-312
-2.0814975e-10
2.6163334e-23
-4.0054514e-36
1.2972416e-48
-1.3130526e-60
5.6800331e-72
-1.3917252e-82
2.5657637e-92
-4.933343e-101
1.4053798e-108
-1.7776471e-115
2.2293614e-122
-2.5997335e-129
2.9580041e-136
-3.5182442e-143
4.0355494e-150
-4.7818851e-157
5.4263861e-164
-6.3595928e-171
7.2159744e-178
-8.8036807e-185
1.0817319e-191
-1.2982588e-198
1.5829226e-205
-1.800353e-212
2.050454e-219
-2.48287e-226
2.9697016e-233
-3.3501041e-240
4.082708e-247
-4.7807733e-254
5.8684506e-261
-6.7295142e-268
7.0348183e-275
-5.5713178e-282
2.6616009e-289
-7.9955872e-297
2.0438857e-304
-8.3122683e-312
-1.0373378e-313
-2.0815351e-10
2.6165208e-23
-4.0064191e-36
1.2979806e-48
-1.3142548e-60
5.6847896e-72
-1.3908941e-82
2.552619e-92
-4.8509594e-101
1.3481629e-108
-1.765206e-115
2.1549198e-122
-2.6357832e-129
3.3577568e-136
-4.2031529e-143
5.1603437e-150
-6.8180556e-157
8.5583626e-164
-1.0244946e-170
1.2783128e-177
-1.495757e-184
1.7115288e-191
-2.1958567e-198
2.7921246e-205
-3.2669535e-212
4.1135093e-219
-4.4836277e-226
5.3422074e-233
-6.3889387e-240
7.3165006e-247
-8.7657718e-254
1.0676522e-260
-1.2249636e-267
1.2134389e-274
-9.7589296e-282
4.669529e-289
-1.3852191e-296
3.5963697e-304
-1.5701112e-311
-2.6790155e-312
-2.0815676e-10
2.6166839e-23
-4.0072636e-36
1.2986261e-48
-1.3153066e-60
5.6889607e-72
-1.3901871e-82
2.54083e-92
-4.782246e-101
1.3145751e-108
-1.9050182e-115
2.5958164e-122
-3.4526918e-129
4.3003993e-136
-5.7589284e-143
7.326306e-150
-9.2960636e-157
1.1415639e-163
-1.4280092e-170
1.9030637e-177
-2.4933864e-184
3.1475618e-191
-3.7180906e-198
4.4738466e-205
-5.5481635e-212
6.4331025e-219
-8.0847162e-226
1.0163659e-232
-1.253306e-239
1.6121532e-246
-1.9422346e-253
2.3891778e-260
-2.8242435e-267
2.9822667e-274
-2.4094531e-281
1.1794359e-288
-3.5571385e-296
9.1419473e-304
-3.9339369e-311
6.4434529e-313
-2.081596e-10
2.6168266e-23
-4.0080018e-36
1.29919e-48
-1.316228e-60
5.6926392e-72
-1.3896325e-82
2.5314278e-92
-4.722415e-101
1.2444477e-108
-1.7919203e-115
2.6207333e-122
-3.364441e-129
4.4944616e-136
-6.1735673e-143
8.0179836e-150
-9.6978709e-157
1.2410329e-163
-1.559201e-170
1.9852046e-177
-2.486859e-184
3.2775162e-191
-4.2911798e-198
5.3559606e-205
-6.1963708e-212
8.0538839e-219
-1.0056781e-225
1.322449e-232
-1.6793449e-239
2.1513932e-246
-2.8704922e-253
3.8094924e-260
-4.7084491e-267
5.3850933e-274
-4.4992177e-281
2.2387728e-288
-6.7776576e-296
1.7685617e-303
-7.9126994e-311
-6.1290761e-313
-2.0816201e-10
2.6169506e-23
-4.0086453e-36
1.2996821e-48
-1.317034e-60
5.6958962e-72
-1.3891352e-82
2.5227901e-92
-4.668505e-101
1.2446674e-108
-1.659484e-115
2.6546979e-122
-3.5629302e-129
4.9831836e-136
-6.9158738e-143
1.0727494e-149
-1.4929056e-156
2.0445264e-163
-2.7930954e-170
3.8644347e-177
-4.8137953e-184
6.3550164e-191
-8.6187118e-198
1.1396189e-204
-1.6424406e-211
2.1772494e-218
-2.9411568e-225
3.6607576e-232
-4.7959834e-239
6.0941975e-246
-8.1860775e-253
1.0758231e-259
-1.3346736e-266
1.4888104e-273
-1.3037336e-280
6.5508597e-288
-2.0146908e-295
5.2353862e-303
-2.3396142e-310
-3.2095903e-313
-2.0816409e-10
2.6170581e-23
-4.0092045e-36
1.3001114e-48
-1.3177367e-60
5.698724e-72
-1.3887307e-82
2.5154781e-92
-4.6212351e-101
1.2048096e-108
-1.774225e-115
2.722885e-122
-3.7525726e-129
5.1807649e-136
-7.2630416e-143
9.7685685e-150
-1.2681228e-156
1.8349466e-163
-2.3645784e-170
3.5552832e-177
-5.0043225e-184
7.1888214e-191
-8.9861255e-198
1.2155401e-204
-1.5919074e-211
2.3244636e-218
-3.1443342e-225
4.8240307e-232
-6.4133659e-239
8.6025479e-246
-1.0723377e-252
1.4123609e-259
-1.6745073e-266
2.0382416e-273
-1.7417151e-280
8.994618e-288
-2.7537214e-295
7.1973331e-303
-3.3597405e-310
2.0274235e-312
-2.0816582e-10
2.6171503e-23
-4.0096893e-36
1.3004842e-48
-1.3183482e-60
5.7011791e-72
-1.388349e-82
2.5093509e-92
-4.5910251e-101
1.2113757e-108
-1.8762455e-115
2.8093335e-122
-4.1041483e-129
6.0107854e-136
-8.7024997e-143
1.2102098e-149
-1.6381691e-156
2.2992019e-163
-3.4088514e-170
5.1182055e-177
-7.4459091e-184
1.0116711e-190
-1.5832513e-197
2.1120279e-204
-2.9593345e-211
4.2260031e-218
-6.200397e-225
8.6590333e-232
-1.2121007e-238
1.611827e-245
-2.2246761e-252
3.0741747e-259
-4.4124348e-266
5.162865e-273
-4.2472734e-280
2.1718269e-287
-6.7587896e-295
1.7744572e-302
-8.1226637e-310
2.8793871e-312
-2.081672e-10
2.6172284e-23
-4.0101063e-36
1.3008066e-48
-1.3188789e-60
5.7033488e-72
-1.3880572e-82
2.5039962e-92
-4.5576853e-101
1.1827435e-108
-1.9457384e-115
2.9560877e-122
-4.7239368e-129
7.1377554e-136
-1.0836246e-142
1.5855176e-149
-2.2870546e-156
3.4792317e-163
-5.262097e-170
8.9703961e-177
-1.2535905e-183
2.0288471e-190
-2.8116497e-197
3.9875528e-204
-6.5583139e-211
8.6787499e-218
-1.2019484e-224
1.8601227e-231
-2.7258082e-238
4.0880316e-245
-5.5784213e-252
8.0362426e-259
-1.0668947e-265
1.4009278e-272
-1.226495e-279
6.2941523e-287
-1.9739566e-294
5.1775484e-302
-2.4010654e-309
-2.0099991e-312
-2.0816829e-10
2.6172935e-23
-4.0104621e-36
1.3010841e-48
-1.3193371e-60
5.7051842e-72
-1.3877642e-82
2.4989927e-92
-4.5283984e-101
1.1498992e-108
-1.8194279e-115
2.8978632e-122
-4.9656895e-129
7.6984693e-136
-1.1607573e-142
1.9220621e-149
-2.9931655e-156
4.5992648e-163
-7.3698411e-170
1.0694987e-176
-1.512956e-183
2.375997e-190
-3.332798e-197
5.1969136e-204
-7.8487736e-211
1.2183664e-217
-1.8452136e-224
2.8852516e-231
-4.5979803e-238
6.6128278e-245
-9.6802642e-252
1.4534479e-258
-1.9748775e-265
2.496348e-272
-2.2914117e-279
1.224564e-286
-3.805877e-294
1.0297943e-301
-4.8843333e-309
2.7560586e-312
-2.081691e-10
2.6173474e-23
-4.0107633e-36
1.301321e-48
-1.3197291e-60
5.7067404e-72
-1.3875156e-82
2.4949585e-92
-4.5071118e-101
1.1394156e-108
-2.0695879e-115
3.4095076e-122
-5.6313729e-129
9.8580855e-136
-1.7259469e-142
2.8300953e-149
-4.7294427e-156
7.8397533e-163
-1.2425661e-169
1.8425082e-176
-3.077385e-183
4.6211748e-190
-8.0208695e-197
1.3348857e-203
-1.9778601e-210
2.9398634e-217
-4.5340916e-224
6.8843106e-231
-1.0871292e-237
1.6610039e-244
-2.5265932e-251
3.7830915e-258
-6.0659447e-265
7.4237985e-272
-6.7084925e-279
3.6278197e-286
-1.1563487e-293
3.1296329e-301
-1.4714734e-308
-3.1332841e-312
-2.0816967e-10
2.6173904e-23
-4.0110137e-36
1.3015206e-48
-1.3200598e-60
5.7080353e-72
-1.3872441e-82
2.4913488e-92
-4.4852009e-101
1.1321945e-108
-1.7399627e-115
3.2877958e-122
-5.2575195e-129
8.3871283e-136
-1.5244537e-142
2.7574635e-149
-4.5829266e-156
7.9633724e-163
-1.2428818e-169
2.1324492e-176
-3.5437339e-183
6.2336703e-190
-9.8854578e-197
1.692188e-203
-2.6766539e-210
4.3823534e-217
-6.9772507e-224
1.0978835e-230
-1.7920785e-237
2.8140612e-244
-4.5187128e-251
7.5407611e-258
-1.1075861e-264
1.6119956e-271
-1.48426e-278
8.0304195e-286
-2.5634707e-293
6.9657732e-301
-3.3781992e-308
-3.3916851e-312
-2.0816996e-10
2.6174226e-23
-4.011216e-36
1.301686e-48
-1.3203355e-60
5.7090992e-72
-1.3869894e-82
2.4878378e-92
-4.4665821e-101
1.1371041e-108
-2.2369855e-115
4.1855522e-122
-7.5717902e-129
1.2840787e-135
-2.4563378e-142
4.7119279e-149
-8.1251534e-156
1.350771e-162
-2.2925753e-169
3.9867073e-176
-6.7478217e-183
1.0889722e-189
-1.8434659e-196
2.9588129e-203
-5.2119873e-210
8.5265237e-217
-1.6006361e-223
2.2930979e-230
-3.8016537e-237
6.8249493e-244
-1.1029885e-250
1.9611469e-257
-3.1399219e-264
4.4704944e-271
-4.060125e-278
2.2774144e-285
-7.3225573e-293
1.9755797e-300
-9.4459996e-308
2.8759094e-312
-2.0817001e-10
2.6174456e-23
-4.0113755e-36
1.3018202e-48
-1.3205604e-60
5.7099297e-72
-1.3867708e-82
2.4851341e-92
-4.451752e-101
1.1371261e-108
-2.1088894e-115
4.4218293e-122
-8.0324758e-129
1.3615907e-135
-2.7517834e-142
5.1969728e-149
-8.8831469e-156
1.4950352e-162
-2.5683401e-169
4.3987327e-176
-7.5322345e-183
1.1921911e-189
-2.2686613e-196
3.8122358e-203
-6.5498339e-210
1.1775951e-216
-2.1588416e-223
3.4889288e-230
-5.8037394e-237
1.0342724e-243
-1.7086923e-250
2.8312403e-257
-4.4107095e-264
6.5915584e-271
-6.433149e-278
3.5663704e-285
-1.1546858e-292
3.1868511e-300
-1.5844344e-307
-1.2808345e-312
-2.0816978e-10
2.617459e-23
-4.0114932e-36
1.3019246e-48
-1.3207367e-60
5.7105535e-72
-1.3865225e-82
2.4825717e-92
-4.4384174e-101
1.131333e-108
-2.4545791e-115
5.4315515e-122
-9.9447504e-129
1.9604441e-135
-3.9320432e-142
7.5717188e-149
-1.4892525e-155
2.837325e-162
-5.2699033e-169
1.0614648e-175
-1.8747921e-182
3.5336785e-189
-6.7025883e-196
1.1408846e-202
-2.0485668e-209
3.6171372e-216
-7.2410263e-223
1.3940029e-229
-2.5498697e-236
4.4758379e-243
-8.5173283e-250
1.4262683e-256
-2.3142896e-263
3.5035728e-270
-3.4640786e-277
1.9258219e-284
-6.271813e-292
1.7225834e-299
-8.6013954e-307
-5.5689683e-313
-2.0816949e-10
2.617466e-23
-4.0115757e-36
1.3020021e-48
-1.3208687e-60
5.7109428e-72
-1.3862936e-82
2.4803428e-92
-4.4263884e-101
1.1116542e-108
-1.9903607e-115
4.3749085e-122
-8.6386224e-129
1.8478488e-135
-3.620467e-142
6.3147019e-149
-1.2029708e-155
2.6324213e-162
-4.8608487e-169
1.0152597e-175
-1.9714651e-182
3.6009735e-189
-6.8658383e-196
1.2003553e-202
-2.3906672e-209
4.1086462e-216
-7.998758e-223
1.5212069e-229
-2.7488864e-236
4.8562915e-243
-9.5587745e-250
1.8423718e-256
-3.6578754e-263
5.7936185e-270
-5.917125e-277
3.2881062e-284
-1.0817238e-291
3.0226527e-299
-1.5469402e-306
6.4072013e-312
-2.0816891e-10
2.6174639e-23
-4.0116205e-36
1.3020533e-48
-1.3209578e-60
5.7111572e-72
-1.386039e-82
2.4783087e-92
-4.4206866e-101
1.1258753e-108
-2.3589393e-115
4.9114351e-122
-1.0731754e-128
2.0788188e-135
-4.6271003e-142
1.009598e-148
-1.9402716e-155
3.990584e-162
-8.4177655e-169
1.6156733e-175
-3.0956893e-182
6.062982e-189
-1.309692e-195
2.8268054e-202
-5.7188319e-209
1.2105771e-215
-2.265061e-222
4.4330809e-229
-7.9248861e-236
1.5128269e-242
-3.0004008e-249
5.5087689e-256
-9.6281292e-263
1.5053458e-269
-1.5780046e-276
9.1194563e-284
-3.1079773e-291
8.7187896e-299
-4.4913895e-306
-3.4352905e-312
-2.0816819e-10
2.6174552e-23
-4.0116315e-36
1.3020791e-48
-1.3210045e-60
5.7111571e-72
-1.385753e-82
2.4766402e-92
-4.4108731e-101
1.115683e-108
-2.0902018e-115
5.0906008e-122
-1.1886136e-128
2.5383258e-135
-5.2351246e-142
1.1220369e-148
-2.521394e-155
6.0579801e-162
-1.2678775e-168
2.5379254e-175
-5.8086669e-182
1.1366902e-188
-2.2419753e-195
4.3001042e-202
-9.8679755e-209
1.8862156e-215
-3.9336735e-222
7.9191062e-229
-1.5637831e-235
3.5211347e-242
-7.453796e-249
1.4066521e-255
-3.0362502e-262
4.5701607e-269
-4.8137196e-276
2.7442397e-283
-9.3185726e-291
2.6357596e-298
-1.3986171e-305
-1.3066613e-312
-2.0816729e-10
2.6174395e-23
-4.0116103e-36
1.3020817e-48
-1.3210128e-60
5.7109544e-72
-1.3854572e-82
2.4746922e-92
-4.4098744e-101
1.1377861e-108
-2.4770211e-115
6.238555e-122
-1.5327114e-128
3.4697887e-135
-8.6294607e-142
2.1574748e-148
-4.8552826e-155
1.0932084e-161
-2.664593e-168
5.8667082e-175
-1.3389219e-181
2.798689e-188
-6.8879195e-195
1.5517392e-201
-3.3562576e-208
7.6000871e-215
-1.7684696e-221
3.8330595e-228
-7.3123972e-235
1.4130988e-241
-2.9857874e-248
6.4732776e-255
-1.2914423e-261
2.150286e-268
-2.3241565e-275
1.3544863e-282
-4.5784022e-290
1.2981884e-297
-6.9297428e-305
1.9037558e-311
-2.0816633e-10
2.6174187e-23
-4.0115592e-36
1.3020613e-48
-1.320981e-60
5.7105658e-72
-1.3851714e-82
2.4733698e-92
-4.3991223e-101
1.1236417e-108
-2.6193676e-115
6.3666207e-122
-1.6395932e-128
4.1378938e-135
-9.8337769e-142
2.4194699e-148
-5.2218331e-155
1.2084983e-161
-3.5042958e-168
8.6112914e-175
-2.1359662e-181
4.8427434e-188
-1.1409966e-194
2.6590649e-201
-6.0097543e-208
1.1563351e-214
-2.2981828e-221
5.6438967e-228
-1.2001283e-234
2.7729463e-241
-6.7713163e-248
1.3792814e-254
-2.9909818e-261
5.2174827e-268
-5.7977382e-275
3.4369658e-282
-1.1592536e-289
3.3434606e-297
-1.7867421e-304
3.0886796e-311
-2.0816527e-10
2.6173931e-23
-4.0114797e-36
1.3020186e-48
-1.3209108e-60
5.7099661e-72
-1.3848687e-82
2.4720034e-92
-4.3971287e-101
1.1382209e-108
-2.9800301e-115
8.5140754e-122
-2.2193969e-128
5.9669005e-135
-1.4861424e-141
3.6028113e-148
-1.1036856e-154
2.7453696e-161
-6.3336408e-168
1.5766815e-174
-3.8185044e-181
8.7818872e-188
-2.092653e-194
4.7706051e-201
-1.3502801e-207
3.2109561e-214
-7.9648388e-221
2.0933984e-227
-5.2965392e-234
1.3710003e-240
-3.179558e-247
7.3232169e-254
-1.737559e-260
2.8165999e-267
-3.2308805e-274
1.8875205e-281
-6.506817e-289
1.8421808e-296
-9.7060365e-304
2.1422078e-310
-2.0816421e-10
2.617364e-23
-4.0113739e-36
1.3019544e-48
-1.3208042e-60
5.7091724e-72
-1.3844767e-82
2.4707954e-92
-4.3937825e-101
1.1367716e-108
-2.8555904e-115
8.5806214e-122
-2.5782842e-128
6.7571835e-135
-2.0575771e-141
5.4864843e-148
-1.3911633e-154
3.8485193e-161
-9.4074677e-168
2.7019287e-174
-7.186334e-181
1.9330549e-187
-5.1345127e-194
1.2821005e-200
-3.2194126e-207
8.3619205e-214
-2.5089653e-220
5.5946411e-227
-1.3637643e-233
3.1893473e-240
-8.7119086e-247
2.118538e-253
-4.7465733e-260
8.7199677e-267
-1.0619223e-273
6.5320828e-281
-2.2410337e-288
6.4624683e-296
-3.5257095e-303
8.3535589e-310
-2.0816322e-10
2.6173333e-23
-4.0112447e-36
1.3018694e-48
-1.3206585e-60
5.7081648e-72
-1.38406e-82
2.4695112e-92
-4.3916675e-101
1.1400604e-108
-3.0600098e-115
1.0146228e-121
-2.7867302e-128
8.0974341e-135
-2.2039088e-141
7.1775151e-148
-1.8119988e-154
4.8516612e-161
-1.618991e-167
4.3575783e-174
-1.2099466e-180
3.2964798e-187
-8.9671671e-194
2.6474388e-200
-7.717676e-207
2.4112505e-213
-7.519705e-220
1.89973e-226
-4.7741121e-233
1.5516953e-239
-4.3742916e-246
1.0896231e-252
-3.2557154e-259
6.9742632e-266
-8.6487119e-273
5.2747909e-280
-1.8053366e-287
5.1916732e-295
-2.8297312e-302
6.7307308e-309
-2.0816236e-10
2.6173023e-23
-4.0110944e-36
1.3017637e-48
-1.3204759e-60
5.7069753e-72
-1.3836488e-82
2.4686556e-92
-4.3907513e-101
1.1510034e-108
-3.2976488e-115
1.004894e-121
-3.0637338e-128
1.024448e-134
-4.3171376e-141
1.232796e-147
-4.009345e-154
1.3444477e-160
-3.8780628e-167
1.2380255e-173
-4.0601222e-180
1.1639112e-186
-3.5641347e-193
8.3581157e-200
-2.5640858e-206
1.0210855e-212
-2.4711177e-219
7.1290075e-226
-2.0936629e-232
5.6025417e-239
-1.3481317e-245
3.5156326e-252
-8.8273539e-259
1.7117403e-265
-2.1395628e-272
1.3403531e-279
-4.7268785e-287
1.3635272e-294
-7.4758543e-302
1.8607991e-308
-2.0816187e-10
2.6172745e-23
-4.0109285e-36
1.3016389e-48
-1.3202556e-60
5.7055515e-72
-1.3831924e-82
2.4672222e-92
-4.3862902e-101
1.1556024e-108
-3.3579412e-115
1.0702577e-121
-3.9225696e-128
1.2954163e-134
-4.4671882e-141
1.5133789e-147
-4.4627891e-154
1.6567427e-160
-5.5725106e-167
1.6562303e-173
-5.2118409e-180
1.6824754e-186
-5.2322333e-193
1.7068702e-199
-5.0442141e-206
1.9298207e-212
-6.1769416e-219
2.1714056e-225
-7.2471633e-232
2.211477e-238
-6.3334543e-245
1.8048032e-251
-4.6891555e-258
1.0989452e-264
-1.5460352e-271
9.9427955e-279
-3.5339069e-286
1.0379036e-293
-5.9734185e-301
1.3833441e-307
-2.0816177e-10
2.6172525e-23
-4.0107505e-36
1.3014957e-48
-1.3199971e-60
5.7039003e-72
-1.3826806e-82
2.4662302e-92
-4.3865484e-101
1.1394693e-108
-4.3803243e-115
1.8520728e-121
-6.6976025e-128
2.0703911e-134
-9.6655369e-141
3.1463429e-147
-1.1864302e-153
3.5949223e-160
-1.3691048e-166
4.918563e-173
-1.7600192e-179
5.7557352e-186
-1.5427611e-192
5.2968612e-199
-2.176243e-205
6.5880452e-212
-2.6532638e-218
8.7609304e-225
-2.9565105e-231
1.0334294e-237
-3.7489315e-244
1.1878549e-250
-3.4409743e-257
9.4376364e-264
-1.2127627e-270
7.7758403e-278
-2.7146311e-285
7.9812918e-293
-4.57135e-300
1.3907311e-306
-2.0816226e-10
2.6172398e-23
-4.0105667e-36
1.3013347e-48
-1.3196993e-60
5.7020127e-72
-1.382114e-82
2.4654738e-92
-4.3890342e-101
1.152874e-108
-4.4644218e-115
3.2247764e-121
-1.3571176e-127
6.024088e-134
-2.3815864e-140
1.1150493e-146
-4.3412416e-153
1.6451684e-159
-6.4377231e-166
2.7118194e-172
-8.7557863e-179
3.3292882e-185
-1.1613392e-191
4.1449985e-198
-1.2287286e-204
4.4039309e-211
-1.5108441e-217
6.1516345e-224
-1.9436589e-230
6.3878741e-237
-2.4690633e-243
8.2049696e-250
-2.2942202e-256
5.2682214e-263
-7.5712364e-270
4.8753392e-277
-1.7614506e-284
5.3115761e-292
-3.0365709e-299
1.0357224e-305
-2.0816375e-10
2.6172433e-23
-4.0103866e-36
1.3011582e-48
-1.3193643e-60
5.6998969e-72
-1.3815011e-82
2.4646489e-92
-4.3886082e-101
1.1794695e-108
-4.9510678e-115
2.2045075e-121
-9.8286059e-128
4.0140952e-134
-1.8847212e-140
8.0093116e-147
-3.1076023e-153
1.3817065e-159
-5.3394734e-166
2.0675313e-172
-6.997732e-179
2.4285841e-185
-8.8751699e-192
3.2337721e-198
-1.2791795e-204
5.3872438e-211
-2.2762368e-217
7.9431917e-224
-3.4289965e-230
1.5067247e-236
-5.2449003e-243
1.7703077e-249
-7.332635e-256
1.72348e-262
-2.3859026e-269
1.5548522e-276
-5.5280343e-284
1.678848e-291
-1.0030514e-298
2.9699561e-305
-2.0816644e-10
2.6172692e-23
-4.0102207e-36
1.3009683e-48
-1.3189902e-60
5.6975111e-72
-1.3808037e-82
2.463841e-92
-4.3926231e-101
1.1822116e-108
-4.695982e-115
2.3239583e-121
-8.9292903e-128
4.2441528e-134
-1.8102202e-140
7.6311977e-147
-2.8543799e-153
1.3669096e-159
-5.8428794e-166
2.3436923e-172
-9.9728138e-179
3.8124624e-185
-1.5529822e-191
6.7326056e-198
-2.4376064e-204
1.0534654e-210
-5.7938339e-217
2.7146272e-223
-1.2002579e-229
5.5796622e-236
-2.0797766e-242
9.4381911e-249
-4.2412722e-255
1.0591462e-261
-1.5241074e-268
1.0422832e-275
-3.745881e-283
1.1493192e-290
-6.7916039e-298
2.1112288e-304
-2.0817102e-10
2.6173293e-23
-4.0100881e-36
1.3007706e-48
-1.3185798e-60
5.6948717e-72
-1.3800884e-82
2.4628628e-92
-4.3975049e-101
1.1688449e-108
-5.88913e-115
5.2474176e-121
-2.2291183e-127
1.5459344e-133
-8.7161861e-140
4.1650505e-146
-2.4630903e-152
1.399983e-158
-7.9918654e-165
4.1444897e-171
-2.1114897e-177
8.5824255e-184
-5.5315192e-190
2.5758239e-196
-1.025222e-202
4.4564599e-209
-1.6589536e-215
8.1905271e-222
-3.2566483e-228
1.4101979e-234
-6.9682103e-241
2.8053771e-247
-8.7349324e-254
2.7552145e-260
-4.1679635e-267
2.7429501e-274
-9.9846579e-282
3.0327783e-289
-1.7563682e-296
6.2586644e-303
-2.0817796e-10
2.6174344e-23
-4.0100061e-36
1.3005677e-48
-1.318136e-60
5.6919982e-72
-1.3792983e-82
2.4622128e-92
-4.3996044e-101
1.1958508e-108
-9.7185362e-115
6.3793455e-121
-3.1977901e-127
1.9333059e-133
-1.1242507e-139
6.9081857e-146
-2.8530605e-152
1.496314e-158
-7.135229e-165
3.3305614e-171
-1.5786124e-177
1.1040136e-183
-4.9425998e-190
2.1160783e-196
-1.1374442e-202
6.1291699e-209
-3.3741152e-215
2.7863346e-221
-1.2823743e-227
5.7121329e-234
-3.3720917e-240
1.7269115e-246
-7.0500699e-253
2.3149496e-259
-3.4546688e-266
2.4128583e-273
-8.8175964e-281
2.6546226e-288
-1.5714957e-295
7.063586e-302
-2.0818825e-10
2.6176043e-23
-4.010007e-36
1.3003691e-48
-1.3176606e-60
5.6888172e-72
-1.3784321e-82
2.461125e-92
-4.4011536e-101
1.2245811e-108
-6.2344167e-115
4.8584587e-121
-2.7321727e-127
1.5360117e-133
-9.0685242e-140
7.4432176e-146
-3.6938688e-152
3.2375092e-158
-2.0934842e-164
1.2381118e-170
-8.7436297e-177
5.5477399e-183
-2.2799236e-189
2.2280547e-195
-1.3051471e-201
8.0776113e-208
-4.2184407e-214
2.2382005e-220
-1.2534732e-226
1.0436824e-232
-6.1050197e-239
3.8564658e-245
-2.1621645e-251
6.6030817e-258
-1.0272702e-264
7.1358791e-272
-2.6139614e-279
8.0771516e-287
-4.9257792e-294
2.671244e-300
-2.0820305e-10
2.6178615e-23
-4.0101288e-36
1.3001843e-48
-1.3171611e-60
5.6853833e-72
-1.3775166e-82
2.460065e-92
-4.407973e-101
1.211326e-108
-8.0464571e-115
8.4654653e-121
-5.7881537e-127
5.435171e-133
-3.2424717e-139
2.0428418e-145
-2.209544e-151
2.0600724e-157
-1.3254169e-163
1.1218725e-169
-7.1977151e-176
6.1547759e-182
-5.2094384e-188
3.2446969e-194
-2.5804117e-200
1.4628245e-206
-9.1554303e-213
5.6710847e-219
-4.1665517e-225
2.735686e-231
-1.5682076e-237
9.979727e-244
-5.9060285e-250
1.8964071e-256
-3.4095606e-263
2.3705927e-270
-8.9223041e-278
2.7579501e-285
-1.7326842e-292
9.109849e-299
-2.0822411e-10
2.6182398e-23
-4.0104268e-36
1.3000286e-48
-1.3166463e-60
5.6817172e-72
-1.3765118e-82
2.459629e-92
-4.4158922e-101
1.2518195e-108
-9.0272639e-115
6.5084211e-121
-6.7163933e-127
5.4823769e-133
-6.9153399e-139
4.9346048e-145
-6.9541259e-151
4.1516888e-157
-3.6127855e-163
3.520101e-169
-2.8896665e-175
1.5556747e-181
-1.2872149e-187
8.5133445e-194
-6.7504373e-200
4.1208057e-206
-3.4524738e-212
2.9638357e-218
-2.0167547e-224
1.2499803e-230
-9.304141e-237
8.6790762e-243
-4.8640091e-249
2.1283975e-255
-3.9969627e-262
2.8899269e-269
-1.0714044e-276
3.3832843e-284
-2.1653762e-291
1.9990835e-297
-2.0825372e-10
2.6187846e-23
-4.010978e-36
1.2999238e-48
-1.3161334e-60
5.677857e-72
-1.3754413e-82
2.4585367e-92
-4.4199752e-101
1.2432249e-108
-2.3709272e-114
2.3683356e-120
-2.3010006e-126
1.7689463e-132
-1.3650079e-138
1.9695897e-144
-2.1742565e-150
2.000563e-156
-1.5234356e-162
2.1637292e-168
-1.5586191e-174
1.0452115e-180
-1.3633106e-186
1.7171791e-192
-2.0782651e-198
1.3655184e-204
-1.4901678e-210
1.0481846e-216
-6.8663484e-223
5.1767728e-229
-5.1106503e-235
-1.2144328e-240
-3.1740812e-247
1.2856169e-253
-2.2770663e-260
1.6487069e-267
-6.2826447e-275
1.9864041e-282
-1.2550537e-289
8.4147459e-296
-2.0829559e-10
2.619567e-23
-4.0118992e-36
1.2999039e-48
-1.3156475e-60
5.6738642e-72
-1.374334e-82
2.4581351e-92
-4.4332568e-101
1.283291e-108
-1.0191686e-114
3.3959088e-120
-4.3143685e-126
5.5480101e-132
-6.7799928e-138
6.9707054e-144
-9.2209083e-150
1.1782562e-155
-3.8789391e-161
5.3823747e-167
-4.1523646e-173
5.7065601e-179
-4.4088592e-185
5.0521876e-191
-2.6954071e-197
-8.85893e-203
1.3995179e-208
-1.6854636e-214
3.1106899e-219
-5.3347793e-225
1.501851e-230
1.6653698e-234
6.611854e-242
-9.5965719e-249
1.110267e-255
-7.0899449e-263
2.6146016e-270
-8.2237667e-278
5.4589935e-285
-2.8854457e-290
-2.0835402e-10
2.6206609e-23
-4.0133144e-36
1.3000064e-48
-1.3152237e-60
5.6698834e-72
-1.3732183e-82
2.457428e-92
-4.4421971e-101
1.283324e-108
-5.7550388e-114
6.6092236e-120
-1.6704825e-125
3.007709e-131
-2.6981419e-137
4.987916e-143
-4.475699e-149
5.0861489e-155
-6.5790775e-161
8.697537e-165
-1.224754e-170
7.1189824e-175
-1.3629843e-179
1.0025347e-185
-3.2587448e-191
1.1938992e-196
-1.9041507e-202
2.8998009e-208
-2.4845745e-213
4.1441893e-219
-1.6263276e-224
1.7767278e-230
-7.4017425e-236
1.0641508e-242
-1.1979684e-249
3.6204322e-257
-7.2436944e-265
1.8361474e-272
-2.5325901e-279
2.8927521e-284
-2.0844377e-10
2.6223581e-23
-4.0156974e-36
1.3003645e-48
-1.3149573e-60
5.6661292e-72
-1.3721208e-82
2.4571516e-92
-4.454697e-101
1.3211889e-108
1.6845361e-112
-6.6013184e-117
-1.4757166e-121
1.9232535e-127
-3.5076348e-133
4.1128958e-139
-1.6534011e-143
2.502872e-149
-3.2312912e-155
-8.842678e-160
1.5101738e-164
-5.2062237e-169
1.1384559e-174
-6.9028491e-180
1.9329989e-185
-7.180565e-191
1.0629487e-196
-3.2645401e-202
2.4575588e-207
-6.010417e-213
1.2464613e-218
-1.8727316e-224
5.3722148e-230
-2.6414752e-236
6.181881e-243
-4.8732042e-250
1.9033622e-257
-5.9900348e-265
4.0797546e-272
-3.1958647e-278
-2.0855101e-10
2.6242679e-23
-4.0184255e-36
1.3008545e-48
-1.3148633e-60
5.6633151e-72
-1.3712306e-82
2.4571144e-92
-4.4655877e-101
1.3192109e-108
-1.2496918e-113
4.3852135e-119
-6.4826406e-124
-3.7774682e-129
-1.6599287e-134
5.3672014e-140
1.2572758e-143
-5.2906045e-149
2.8369706e-154
-3.8724491e-160
2.9872354e-165
-7.0211954e-170
1.4418235e-175
-2.4668496e-181
8.3653546e-187
8.9165256e-192
-1.3355877e-197
1.7026273e-202
-3.0706736e-208
9.7236447e-214
-2.2230533e-219
-1.8694138e-224
1.8376023e-230
-9.9245523e-237
2.2540335e-243
-1.7323667e-250
6.7982664e-258
-2.1644748e-265
1.5493966e-272
-1.1096405e-278
-2.0890498e-10
2.6307329e-23
-4.0282692e-36
1.3032234e-48
-1.3159494e-60
5.6624987e-72
-1.3705661e-82
2.459306e-92
-4.4902222e-101
1.37372e-108
1.6521715e-114
8.5834513e-120
-6.6903176e-126
-2.2870447e-130
-9.0422808e-136
1.1052537e-140
-1.0325605e-145
1.5216935e-150
1.7653107e-155
2.4514387e-161
-3.907898e-167
1.281888e-172
6.5301468e-178
2.6429449e-182
-2.7846921e-187
-1.7458804e-192
3.2751659e-197
2.9525141e-202
-8.2797457e-208
3.194855e-213
-1.5006696e-218
1.4440963e-223
-2.735038e-229
2.5607765e-235
-6.0349894e-242
4.8028117e-249
-1.8740095e-256
6.0942245e-264
-4.267857e-271
6.2842968e-277
)
;

boundaryField
{
    wall
    {
        type            fixedValue;
        value           uniform 350;
    }
    sides
    {
        type            zeroGradient;
    }
    frontAndBack
    {
        type            empty;
    }
    inlet
    {
        type            fixedValue;
        value           uniform 300;
    }
    outlet
    {
        type            zeroGradient;
    }
}


// ************************************************************************* //
