/*--------------------------------*- C++ -*----------------------------------*\
  =========                 |
  \\      /  F ield         | OpenFOAM: The Open Source CFD Toolbox
   \\    /   O peration     | Website:  https://openfoam.org
    \\  /    A nd           | Version:  10
     \\/     M anipulation  |
\*---------------------------------------------------------------------------*/
FoamFile
{
    format      ascii;
    class       volScalarField;
    location    "0.19";
    object      T;
}
// * * * * * * * * * * * * * * * * * * * * * * * * * * * * * * * * * * * * * //

dimensions      [0 0 0 1 0 0 0];

internalField   nonuniform List<scalar> 
4000
(
303.10136
299.3429
299.99042
300.00082
299.99993
300
300
300
300
300
300
300
300
300
300
300
300
300
300
300
300
300
300
300
300
300
300
300
300
300
300
300
300
300
300
300
300
300
300
300.00001
309.66346
298.49296
299.77921
300.00184
300.0008
299.99999
300
300
300
300
300
300
300
300
300
300
300
300
300
300
300
300
300
300
300
300
300
300
300
300
300
300
300
300
300
300
300
300
299.99999
300.00002
316.00427
298.68456
299.39219
299.97569
300.00406
300.00025
299.99999
300
300
300
300
300
300
300
300
300
300
300
300
300
300
300
300
300
300
300
300
300
300
300
300
300
300
300
300
300
300
299.99999
299.99999
300.00002
321.74231
299.84591
298.98478
299.8949
300.00716
300.00138
300
299.99999
300
300
300
300
300
300
300
300
300
300
300
300
300
300
300
300
300
300
300
300
300
300
300
300
300
300
300
300
299.99999
299.99999
299.99999
300.00003
326.67112
301.7005
298.70998
299.75312
300.00322
300.00379
300.00017
299.99998
300
300
300
300
300
300
300
300
300
300
300
300
300
300
300
300
300
300
300
300
300
300
300
300
300
300
299.99999
299.99999
299.99999
299.99998
299.99999
300.00004
330.68506
303.94803
298.66325
299.56829
299.98426
300.00696
300.00071
299.99996
299.99999
300
300
300
300
300
300
300
300
300
300
300
300
300
300
300
300
300
300
300
300
300
300
300
300
299.99999
299.99999
299.99999
299.99999
299.99998
300
300.00004
333.77438
306.33079
298.87086
299.37368
299.94516
300.00937
300.0018
300
299.99998
299.99999
300
300
300
300
300
300
300
300
300
300
300
300
300
300
300
300
300
300
300
300
300
300
299.99999
299.99999
299.99999
299.99999
299.99998
299.99998
300
300.00004
336.02183
308.66424
299.30774
299.2038
299.88577
300.00889
300.00345
300.00014
299.99996
299.99999
300
300
300
300
300
300
300
300
300
300
300
300
300
300
300
300
300
300
300
300
300
299.99999
299.99999
299.99999
299.99999
299.99999
299.99998
299.99998
300.00001
300.00004
337.57398
310.83755
299.92413
299.0846
299.81048
300.00351
300.00541
300.00045
299.99995
299.99999
299.99999
300
300
300
300
300
300
300
300
300
300
300
300
300
300
300
300
300
300
300
299.99999
299.99999
299.99999
299.99999
299.99999
299.99998
299.99998
299.99998
300.00001
300.00004
338.60216
312.79796
300.66548
299.03055
299.72632
299.99191
300.00724
300.00099
299.99996
299.99998
299.99999
299.99999
300
300
300
300
300
300
300
300
300
300
300
300
300
300
300
300
300
299.99999
299.99999
299.99999
299.99999
299.99999
299.99999
299.99998
299.99998
299.99998
300.00002
300.00004
339.2691
314.53258
301.48318
299.04604
299.64103
299.97367
300.00839
300.00175
300
299.99996
299.99999
299.99999
299.99999
300
300
300
300
300
300
300
300
300
300
300
300
300
300
300
299.99999
299.99999
299.99999
299.99999
299.99999
299.99999
299.99998
299.99998
299.99998
299.99999
300.00002
300.00004
339.70809
316.05269
302.33883
299.12841
299.56162
299.94926
300.00833
300.00267
300.00011
299.99995
299.99999
299.99999
299.99999
299.99999
300
300
300
300
300
300
300
300
300
300
300
300
300
299.99999
299.99999
299.99999
299.99999
299.99999
299.99999
299.99999
299.99998
299.99998
299.99998
299.99999
300.00002
300.00004
340.01574
317.38171
303.2048
299.27096
299.4937
299.91974
300.0066
300.00366
300.00029
299.99995
299.99998
299.99999
299.99999
299.99999
299.99999
299.99999
300
300
300
300
300
300
300
300
300
299.99999
299.99999
299.99999
299.99999
299.99999
299.99999
299.99999
299.99999
299.99999
299.99998
299.99998
299.99998
299.99999
300.00003
300.00004
340.25472
318.54715
304.06268
299.46529
299.4412
299.88658
300.00292
300.0046
300.00055
299.99995
299.99998
299.99999
299.99999
299.99999
299.99999
299.99999
299.99999
299.99999
300
300
300
300
300
299.99999
299.99999
299.99999
299.99999
299.99999
299.99999
299.99999
299.99999
299.99999
299.99999
299.99998
299.99998
299.99998
299.99998
300
300.00003
300.00004
340.46147
319.57583
304.90111
299.70285
299.4066
299.8514
299.99714
300.00533
300.00089
299.99997
299.99997
299.99999
299.99999
299.99999
299.99999
299.99999
299.99999
299.99999
299.99999
299.99999
299.99999
299.99999
299.99999
299.99999
299.99999
299.99999
299.99999
299.99999
299.99999
299.99999
299.99999
299.99999
299.99999
299.99998
299.99998
299.99997
299.99998
300
300.00003
300.00003
340.65473
320.49158
305.71372
299.97569
299.39112
299.81576
299.98928
300.00573
300.00129
300.00001
299.99996
299.99999
299.99999
299.99999
299.99999
299.99999
299.99999
299.99999
299.99999
299.99999
299.99999
299.99999
299.99999
299.99999
299.99999
299.99999
299.99999
299.99999
299.99999
299.99999
299.99999
299.99999
299.99999
299.99998
299.99998
299.99997
299.99998
300
300.00003
300.00003
340.84255
321.31443
306.49741
300.27688
299.39514
299.78115
299.97947
300.00566
300.00172
300.00008
299.99996
299.99998
299.99999
299.99999
299.99999
299.99999
299.99999
299.99999
299.99999
299.99999
299.99999
299.99999
299.99999
299.99999
299.99999
299.99999
299.99999
299.99999
299.99999
299.99999
299.99999
299.99999
299.99998
299.99998
299.99998
299.99997
299.99998
300
300.00003
300.00003
341.02723
322.0606
307.25114
300.60051
299.41837
299.74885
299.96795
300.00503
300.00216
300.00018
299.99996
299.99998
299.99999
299.99999
299.99999
299.99999
299.99999
299.99999
299.99999
299.99999
299.99999
299.99999
299.99999
299.99999
299.99999
299.99999
299.99999
299.99999
299.99999
299.99999
299.99999
299.99999
299.99998
299.99998
299.99998
299.99997
299.99998
300.00001
300.00003
300.00003
341.20843
322.74289
307.97504
300.94164
299.46013
299.71994
299.95501
300.00375
300.00256
300.0003
299.99996
299.99998
299.99999
299.99999
299.99999
299.99999
299.99999
299.99999
299.99999
299.99999
299.99999
299.99999
299.99999
299.99999
299.99999
299.99999
299.99999
299.99999
299.99999
299.99999
299.99999
299.99998
299.99998
299.99998
299.99998
299.99997
299.99998
300.00001
300.00003
300.00003
341.3849
323.37129
308.6699
301.2962
299.51947
299.69533
299.941
300.0018
300.0029
300.00044
299.99997
299.99998
299.99999
299.99999
299.99999
299.99999
299.99999
299.99999
299.99999
299.99999
299.99999
299.99999
299.99999
299.99999
299.99999
299.99999
299.99999
299.99999
299.99999
299.99999
299.99999
299.99998
299.99998
299.99998
299.99998
299.99997
299.99999
300.00001
300.00003
300.00003
341.55536
323.95355
309.3368
301.66078
299.59529
299.67574
299.92627
299.99914
300.00314
300.00061
299.99999
299.99997
299.99999
299.99999
299.99999
299.99999
299.99999
299.99999
299.99999
299.99999
299.99999
299.99999
299.99999
299.99999
299.99999
299.99999
299.99999
299.99999
299.99999
299.99999
299.99999
299.99998
299.99998
299.99998
299.99997
299.99998
299.99999
300.00001
300.00003
300.00003
341.7188
324.4957
309.97691
302.03258
299.68644
299.66173
299.91119
299.99578
300.00323
300.00078
300.00002
299.99997
299.99998
299.99999
299.99999
299.99999
299.99999
299.99999
299.99999
299.99999
299.99999
299.99999
299.99999
299.99999
299.99999
299.99999
299.99999
299.99999
299.99999
299.99999
299.99998
299.99998
299.99998
299.99998
299.99997
299.99998
299.99999
300.00002
300.00004
300.00003
341.87464
325.0025
310.59143
302.40925
299.79172
299.65369
299.89614
299.99176
300.00315
300.00097
300.00006
299.99997
299.99998
299.99999
299.99999
299.99999
299.99999
299.99999
299.99999
299.99999
299.99999
299.99999
299.99999
299.99999
299.99999
299.99999
299.99999
299.99999
299.99999
299.99999
299.99998
299.99998
299.99998
299.99998
299.99997
299.99998
299.99999
300.00002
300.00004
300.00003
342.02265
325.47773
311.18152
302.78881
299.90994
299.65193
299.88146
299.98713
300.00287
300.00114
300.0001
299.99997
299.99998
299.99999
299.99999
299.99999
299.99999
299.99999
299.99999
299.99999
299.99999
299.99999
299.99999
299.99999
299.99999
299.99999
299.99999
299.99999
299.99999
299.99999
299.99998
299.99998
299.99998
299.99998
299.99997
299.99998
299.99999
300.00002
300.00004
300.00003
342.16286
325.92451
311.74826
303.16961
300.03996
299.65663
299.86749
299.98194
300.00237
300.0013
300.00016
299.99998
299.99998
299.99999
299.99999
299.99999
299.99999
299.99999
299.99999
299.99999
299.99999
299.99999
299.99999
299.99999
299.99999
299.99999
299.99999
299.99999
299.99999
299.99998
299.99998
299.99998
299.99998
299.99998
299.99997
299.99998
300
300.00002
300.00004
300.00003
342.29551
326.34544
312.2927
303.55024
300.18066
299.66786
299.85454
299.97628
300.00163
300.00144
300.00022
299.99998
299.99998
299.99999
299.99999
299.99999
299.99999
299.99999
299.99999
299.99999
299.99999
299.99999
299.99999
299.99999
299.99999
299.99999
299.99999
299.99999
299.99999
299.99998
299.99998
299.99998
299.99998
299.99998
299.99997
299.99998
300
300.00002
300.00004
300.00003
342.42095
326.74273
312.81581
303.92952
300.33098
299.68564
299.84288
299.97025
300.00065
300.00154
300.00028
299.99999
299.99998
299.99998
299.99999
299.99999
299.99999
299.99999
299.99999
299.99999
299.99999
299.99999
299.99999
299.99999
299.99999
299.99999
299.99999
299.99999
299.99998
299.99998
299.99998
299.99998
299.99998
299.99997
299.99997
299.99998
300
300.00002
300.00004
300.00003
342.5396
327.11832
313.31853
304.30646
300.48991
299.70993
299.83278
299.96393
299.99942
300.00158
300.00035
300
299.99998
299.99998
299.99999
299.99999
299.99999
299.99999
299.99999
299.99999
299.99999
299.99999
299.99999
299.99999
299.99999
299.99999
299.99999
299.99999
299.99998
299.99998
299.99998
299.99998
299.99998
299.99997
299.99997
299.99998
300
300.00002
300.00004
300.00003
342.65188
327.47389
313.80173
304.68019
300.65648
299.74061
299.82446
299.95744
299.99794
300.00158
300.00043
300.00002
299.99998
299.99998
299.99999
299.99999
299.99999
299.99999
299.99999
299.99999
299.99999
299.99999
299.99999
299.99999
299.99999
299.99999
299.99999
299.99998
299.99998
299.99998
299.99998
299.99998
299.99998
299.99997
299.99997
299.99998
300
300.00003
300.00004
300.00003
342.75822
327.81095
314.26626
305.05
300.82982
299.77754
299.81811
299.95088
299.99621
300.0015
300.0005
300.00004
299.99998
299.99998
299.99998
299.99999
299.99999
299.99999
299.99999
299.99999
299.99999
299.99999
299.99999
299.99999
299.99999
299.99999
299.99999
299.99998
299.99998
299.99998
299.99998
299.99998
299.99998
299.99997
299.99997
299.99998
300
300.00003
300.00003
300.00003
342.85901
328.13083
314.7129
305.41528
301.00907
299.82051
299.81392
299.94436
299.99427
300.00135
300.00056
300.00006
299.99998
299.99998
299.99998
299.99999
299.99999
299.99999
299.99999
299.99999
299.99999
299.99999
299.99999
299.99999
299.99999
299.99999
299.99998
299.99998
299.99998
299.99998
299.99998
299.99998
299.99998
299.99997
299.99997
299.99998
300
300.00003
300.00003
300.00003
342.95461
328.43471
315.14241
305.77551
301.19344
299.86933
299.81201
299.93798
299.99211
300.00112
300.00062
300.00008
299.99998
299.99998
299.99998
299.99998
299.99999
299.99999
299.99999
299.99999
299.99999
299.99999
299.99999
299.99999
299.99999
299.99998
299.99998
299.99998
299.99998
299.99998
299.99998
299.99998
299.99998
299.99997
299.99997
299.99998
300.00001
300.00003
300.00003
300.00003
343.04534
328.72367
315.5555
306.13026
301.3822
299.92375
299.81252
299.93186
299.98976
300.0008
300.00066
300.0001
299.99998
299.99998
299.99998
299.99998
299.99998
299.99999
299.99999
299.99999
299.99999
299.99999
299.99999
299.99999
299.99998
299.99998
299.99998
299.99998
299.99998
299.99998
299.99998
299.99998
299.99997
299.99997
299.99997
299.99999
300.00001
300.00003
300.00003
300.00003
343.13148
328.99862
315.95283
306.47915
301.57465
299.98351
299.81553
299.92609
299.98726
300.0004
300.00069
300.00013
299.99999
299.99998
299.99998
299.99998
299.99998
299.99998
299.99999
299.99999
299.99999
299.99999
299.99999
299.99998
299.99998
299.99998
299.99998
299.99998
299.99998
299.99998
299.99998
299.99998
299.99997
299.99997
299.99997
299.99999
300.00001
300.00003
300.00003
300.00003
343.21327
329.26039
316.33501
306.82188
301.77015
300.04835
299.8211
299.92077
299.98461
299.9999
300.0007
300.00016
299.99999
299.99998
299.99998
299.99998
299.99998
299.99998
299.99998
299.99998
299.99998
299.99998
299.99998
299.99998
299.99998
299.99998
299.99998
299.99998
299.99998
299.99998
299.99998
299.99998
299.99997
299.99997
299.99998
299.99999
300.00001
300.00003
300.00003
300.00003
343.29091
329.5097
316.70261
307.15817
301.9681
300.11797
299.8293
299.91599
299.98187
299.99931
300.00069
300.00018
300
299.99998
299.99998
299.99998
299.99998
299.99998
299.99998
299.99998
299.99998
299.99998
299.99998
299.99998
299.99998
299.99998
299.99998
299.99998
299.99998
299.99998
299.99998
299.99998
299.99997
299.99997
299.99998
299.99999
300.00001
300.00003
300.00003
300.00004
343.36456
329.74717
317.05615
307.4878
302.16792
300.19209
299.84015
299.91186
299.97906
299.99862
300.00066
300.00021
300.00001
299.99998
299.99998
299.99998
299.99998
299.99998
299.99998
299.99998
299.99998
299.99998
299.99998
299.99998
299.99998
299.99998
299.99998
299.99998
299.99998
299.99998
299.99998
299.99998
299.99997
299.99997
299.99998
299.99999
300.00001
300.00003
300.00003
300.00004
343.43435
329.97333
317.3961
307.81055
302.36909
300.27042
299.85366
299.90843
299.97621
299.99786
300.0006
300.00023
300.00002
299.99998
299.99998
299.99998
299.99998
299.99998
299.99998
299.99998
299.99998
299.99998
299.99998
299.99998
299.99998
299.99998
299.99998
299.99998
299.99998
299.99998
299.99998
299.99998
299.99997
299.99997
299.99998
299.99999
300.00001
300.00003
300.00003
300.00004
343.50038
330.18862
317.72288
308.12625
302.5711
300.35265
299.86981
299.9058
299.97337
299.997
300.00051
300.00025
300.00002
299.99998
299.99998
299.99998
299.99998
299.99998
299.99998
299.99998
299.99998
299.99998
299.99998
299.99998
299.99998
299.99998
299.99998
299.99998
299.99998
299.99998
299.99998
299.99997
299.99997
299.99997
299.99998
299.99999
300.00001
300.00003
300.00004
300.00004
343.56271
330.39339
318.03686
308.43473
302.77348
300.43848
299.88859
299.90402
299.97057
299.99607
300.00039
300.00027
300.00003
299.99998
299.99998
299.99998
299.99998
299.99998
299.99998
299.99998
299.99998
299.99998
299.99998
299.99998
299.99998
299.99998
299.99998
299.99998
299.99998
299.99998
299.99998
299.99997
299.99997
299.99997
299.99998
299.99999
300.00001
300.00003
300.00004
300.00004
343.62137
330.58792
318.33834
308.73584
302.97578
300.52762
299.90996
299.90317
299.96785
299.99507
300.00023
300.00028
300.00004
299.99998
299.99998
299.99998
299.99998
299.99998
299.99998
299.99998
299.99998
299.99998
299.99998
299.99998
299.99998
299.99998
299.99998
299.99998
299.99998
299.99998
299.99998
299.99997
299.99997
299.99997
299.99998
299.99999
300.00001
300.00003
300.00004
300.00004
343.67638
330.77242
318.62757
309.02943
303.17757
300.61975
299.93387
299.90328
299.96525
299.99401
300.00004
300.00028
300.00005
299.99999
299.99998
299.99998
299.99998
299.99998
299.99998
299.99998
299.99998
299.99998
299.99998
299.99998
299.99998
299.99998
299.99998
299.99998
299.99998
299.99998
299.99998
299.99997
299.99997
299.99997
299.99998
299.99999
300.00002
300.00003
300.00004
300.00004
343.72772
330.94701
318.90477
309.31535
303.37844
300.71457
299.96024
299.90442
299.9628
299.9929
299.99982
300.00027
300.00006
299.99999
299.99998
299.99998
299.99998
299.99998
299.99998
299.99998
299.99998
299.99998
299.99998
299.99998
299.99998
299.99998
299.99998
299.99998
299.99998
299.99998
299.99998
299.99997
299.99997
299.99997
299.99998
300
300.00002
300.00003
300.00004
300.00004
343.77536
331.11174
319.17006
309.59343
303.57799
300.81179
299.98901
299.9066
299.96054
299.99175
299.99957
300.00026
300.00007
299.99999
299.99998
299.99998
299.99998
299.99998
299.99998
299.99998
299.99998
299.99998
299.99998
299.99998
299.99998
299.99998
299.99998
299.99998
299.99998
299.99998
299.99997
299.99997
299.99997
299.99997
299.99998
300
300.00002
300.00003
300.00004
300.00005
343.81923
331.26659
319.42352
309.86352
303.77583
300.91109
300.02008
299.90988
299.9585
299.99057
299.99928
300.00024
300.00008
299.99999
299.99998
299.99998
299.99998
299.99998
299.99998
299.99998
299.99998
299.99998
299.99998
299.99998
299.99998
299.99998
299.99998
299.99998
299.99998
299.99998
299.99997
299.99997
299.99997
299.99997
299.99998
300
300.00002
300.00003
300.00004
300.00005
343.85927
331.41149
319.66518
310.12544
303.97159
301.01216
300.05335
299.91426
299.95673
299.98937
299.99895
300.0002
300.00008
300
299.99998
299.99998
299.99998
299.99998
299.99998
299.99998
299.99998
299.99998
299.99998
299.99998
299.99998
299.99998
299.99998
299.99998
299.99998
299.99998
299.99997
299.99997
299.99997
299.99997
299.99998
300
300.00002
300.00003
300.00004
300.00005
343.89542
331.54629
319.89498
310.37898
304.16491
301.11472
300.08872
299.91976
299.95525
299.98817
299.9986
300.00016
300.00009
300
299.99998
299.99998
299.99998
299.99998
299.99998
299.99998
299.99998
299.99998
299.99998
299.99998
299.99998
299.99998
299.99998
299.99998
299.99998
299.99998
299.99997
299.99997
299.99997
299.99997
299.99998
300
300.00002
300.00003
300.00004
300.00005
343.9276
331.6708
320.11281
310.62394
304.35541
301.21844
300.12607
299.9264
299.95409
299.98698
299.99822
300.0001
300.00009
300
299.99998
299.99998
299.99998
299.99998
299.99998
299.99998
299.99998
299.99998
299.99998
299.99998
299.99998
299.99998
299.99998
299.99998
299.99998
299.99998
299.99997
299.99997
299.99997
299.99997
299.99998
300
300.00002
300.00003
300.00004
300.00005
343.95577
331.78477
320.31849
310.86006
304.54272
301.32302
300.16527
299.93416
299.95328
299.98582
299.99782
300.00004
300.00009
300.00001
299.99998
299.99998
299.99998
299.99998
299.99998
299.99998
299.99998
299.99998
299.99998
299.99998
299.99998
299.99998
299.99998
299.99998
299.99998
299.99997
299.99997
299.99997
299.99997
299.99997
299.99998
300
300.00002
300.00003
300.00004
300.00005
343.97989
331.88796
320.51179
311.08708
304.7265
301.42816
300.20618
299.94304
299.95284
299.9847
299.99739
299.99996
300.00009
300.00001
299.99998
299.99998
299.99998
299.99998
299.99998
299.99998
299.99998
299.99998
299.99998
299.99998
299.99998
299.99998
299.99998
299.99998
299.99998
299.99997
299.99997
299.99997
299.99997
299.99997
299.99998
300
300.00002
300.00003
300.00004
300.00005
343.99999
331.98012
320.69241
311.30469
304.90635
301.53355
300.24866
299.95304
299.9528
299.98363
299.99694
299.99986
300.00008
300.00001
299.99998
299.99998
299.99998
299.99998
299.99998
299.99998
299.99998
299.99998
299.99998
299.99998
299.99998
299.99998
299.99998
299.99998
299.99998
299.99997
299.99997
299.99997
299.99997
299.99997
299.99998
300
300.00002
300.00003
300.00005
300.00006
344.01611
332.06104
320.86001
311.51255
305.08192
301.63887
300.29257
299.96411
299.95318
299.98263
299.99648
299.99976
300.00008
300.00001
299.99998
299.99998
299.99998
299.99998
299.99998
299.99998
299.99998
299.99998
299.99998
299.99998
299.99998
299.99998
299.99998
299.99998
299.99997
299.99997
299.99997
299.99997
299.99997
299.99997
299.99998
300
300.00002
300.00004
300.00005
300.00006
344.02838
332.13058
321.01425
311.7103
305.25282
301.74382
300.33773
299.97624
299.95399
299.98171
299.99601
299.99964
300.00006
300.00001
299.99998
299.99998
299.99998
299.99998
299.99998
299.99998
299.99998
299.99998
299.99998
299.99998
299.99998
299.99998
299.99998
299.99998
299.99997
299.99997
299.99997
299.99997
299.99997
299.99997
299.99998
300
300.00002
300.00004
300.00005
300.00006
344.03699
332.18873
321.15476
311.89756
305.41865
301.84807
300.384
299.98939
299.95525
299.98089
299.99553
299.99951
300.00005
300.00002
299.99998
299.99998
299.99998
299.99998
299.99998
299.99998
299.99998
299.99998
299.99998
299.99998
299.99998
299.99998
299.99998
299.99998
299.99997
299.99997
299.99997
299.99997
299.99997
299.99997
299.99998
300
300.00002
300.00004
300.00005
300.00006
344.04221
332.23563
321.28123
312.07391
305.57903
301.95131
300.4312
300.00351
299.95696
299.98018
299.99505
299.99938
300.00003
300.00002
299.99998
299.99998
299.99998
299.99998
299.99998
299.99998
299.99998
299.99998
299.99998
299.99998
299.99998
299.99998
299.99998
299.99997
299.99997
299.99997
299.99997
299.99997
299.99997
299.99997
299.99998
300
300.00002
300.00004
300.00005
300.00006
344.04436
332.27162
321.39341
312.23895
305.73357
302.05322
300.47915
300.01855
299.95913
299.9796
299.99458
299.99923
300
300.00002
299.99999
299.99998
299.99998
299.99998
299.99998
299.99998
299.99998
299.99998
299.99998
299.99998
299.99998
299.99998
299.99998
299.99997
299.99997
299.99997
299.99997
299.99997
299.99997
299.99997
299.99999
300
300.00002
300.00004
300.00005
300.00006
344.04384
332.29724
321.49118
312.39231
305.88186
302.1535
300.52768
300.03446
299.96177
299.97914
299.99412
299.99907
299.99997
300.00001
299.99999
299.99998
299.99998
299.99998
299.99998
299.99998
299.99998
299.99998
299.99998
299.99998
299.99998
299.99998
299.99997
299.99997
299.99997
299.99997
299.99997
299.99997
299.99997
299.99997
299.99999
300
300.00002
300.00004
300.00005
300.00006
344.04109
332.31329
321.57458
312.53363
306.02353
302.25182
300.5766
300.05119
299.96487
299.97883
299.99367
299.99891
299.99994
300.00001
299.99999
299.99998
299.99998
299.99998
299.99998
299.99998
299.99998
299.99998
299.99998
299.99998
299.99998
299.99998
299.99997
299.99997
299.99997
299.99997
299.99997
299.99997
299.99997
299.99997
299.99999
300
300.00002
300.00004
300.00005
300.00006
344.03658
332.32077
321.64386
312.66265
306.15822
302.34789
300.62574
300.06865
299.96842
299.97867
299.99325
299.99874
299.9999
300.00001
299.99999
299.99998
299.99998
299.99998
299.99998
299.99998
299.99998
299.99998
299.99998
299.99998
299.99998
299.99997
299.99997
299.99997
299.99997
299.99997
299.99997
299.99997
299.99997
299.99997
299.99999
300
300.00002
300.00004
300.00005
300.00007
344.0308
332.32086
321.69953
312.7792
306.28559
302.44141
300.67492
300.08678
299.97243
299.97866
299.99285
299.99856
299.99986
300
299.99999
299.99998
299.99997
299.99997
299.99998
299.99998
299.99998
299.99998
299.99998
299.99998
299.99997
299.99997
299.99997
299.99997
299.99997
299.99997
299.99997
299.99997
299.99997
299.99997
299.99999
300.00001
300.00002
300.00004
300.00006
300.00007
344.0242
332.3149
321.74233
312.88326
306.40538
302.53212
300.72395
300.10552
299.97687
299.97883
299.99248
299.99839
299.99982
300
299.99999
299.99998
299.99997
299.99997
299.99997
299.99997
299.99998
299.99998
299.99997
299.99997
299.99997
299.99997
299.99997
299.99997
299.99997
299.99997
299.99997
299.99997
299.99997
299.99997
299.99999
300.00001
300.00003
300.00004
300.00006
300.00007
344.01722
332.30429
321.7733
312.97498
306.51736
302.61975
300.77265
300.12477
299.98174
299.97917
299.99215
299.99821
299.99977
299.99999
299.99999
299.99998
299.99997
299.99997
299.99997
299.99997
299.99997
299.99997
299.99997
299.99997
299.99997
299.99997
299.99997
299.99997
299.99997
299.99997
299.99997
299.99997
299.99997
299.99997
299.99999
300.00001
300.00003
300.00004
300.00006
300.00007
344.01021
332.29045
321.79373
313.05469
306.6214
302.70409
300.82088
300.14447
299.98701
299.97967
299.99185
299.99803
299.99972
299.99998
299.99999
299.99998
299.99997
299.99997
299.99997
299.99997
299.99997
299.99997
299.99997
299.99997
299.99997
299.99997
299.99997
299.99997
299.99997
299.99997
299.99997
299.99997
299.99997
299.99997
299.99999
300.00001
300.00003
300.00004
300.00006
300.00007
344.00347
332.27472
321.80512
313.12294
306.71748
302.78495
300.86846
300.16454
299.99267
299.98036
299.99161
299.99786
299.99966
299.99997
299.99998
299.99998
299.99997
299.99997
299.99997
299.99997
299.99997
299.99997
299.99997
299.99997
299.99997
299.99997
299.99997
299.99997
299.99997
299.99997
299.99997
299.99997
299.99997
299.99997
299.99999
300.00001
300.00003
300.00004
300.00006
300.00007
343.99722
332.25833
321.80912
313.18049
306.80567
302.8622
300.91527
300.18489
299.99869
299.98122
299.99141
299.99769
299.9996
299.99996
299.99998
299.99998
299.99997
299.99997
299.99997
299.99997
299.99997
299.99997
299.99997
299.99997
299.99997
299.99997
299.99997
299.99997
299.99997
299.99997
299.99997
299.99997
299.99997
299.99997
299.99999
300.00001
300.00003
300.00004
300.00006
300.00007
343.99157
332.24231
321.80749
313.2283
306.88617
302.93573
300.96116
300.20546
300.00505
299.98226
299.99126
299.99752
299.99955
299.99995
299.99998
299.99998
299.99997
299.99997
299.99997
299.99997
299.99997
299.99997
299.99997
299.99997
299.99997
299.99997
299.99997
299.99997
299.99997
299.99997
299.99997
299.99997
299.99997
299.99997
299.99999
300.00001
300.00003
300.00005
300.00006
300.00007
343.98658
332.22746
321.80199
313.2675
306.9593
303.00551
301.00604
300.22618
300.01172
299.98347
299.99117
299.99737
299.99948
299.99993
299.99998
299.99998
299.99997
299.99997
299.99997
299.99997
299.99997
299.99997
299.99997
299.99997
299.99997
299.99997
299.99997
299.99997
299.99997
299.99997
299.99997
299.99997
299.99997
299.99997
299.99999
300.00001
300.00003
300.00005
300.00006
300.00007
343.98219
332.21431
321.79427
313.29937
307.02549
303.07156
301.04981
300.24697
300.01868
299.98486
299.99113
299.99722
299.99942
299.99992
299.99998
299.99997
299.99997
299.99997
299.99997
299.99997
299.99997
299.99997
299.99997
299.99997
299.99997
299.99997
299.99997
299.99997
299.99997
299.99997
299.99997
299.99997
299.99997
299.99997
299.99999
300.00001
300.00003
300.00005
300.00006
300.00008
343.9783
332.20313
321.78585
313.32526
307.08529
303.13394
301.09241
300.26778
300.0259
299.9864
299.99115
299.99708
299.99936
299.9999
299.99997
299.99997
299.99997
299.99997
299.99997
299.99997
299.99997
299.99997
299.99997
299.99997
299.99997
299.99997
299.99997
299.99997
299.99997
299.99997
299.99997
299.99997
299.99997
299.99998
299.99999
300.00001
300.00003
300.00005
300.00006
300.00008
343.97474
332.1939
321.77795
313.34653
307.13933
303.19279
301.13379
300.28854
300.03336
299.98811
299.99124
299.99696
299.9993
299.99988
299.99997
299.99997
299.99997
299.99997
299.99997
299.99997
299.99997
299.99997
299.99997
299.99997
299.99997
299.99997
299.99997
299.99997
299.99997
299.99997
299.99997
299.99996
299.99997
299.99998
299.99999
300.00001
300.00003
300.00005
300.00007
300.00008
343.97131
332.18639
321.77151
313.36453
307.18831
303.24827
301.17393
300.30922
300.04102
299.98998
299.99138
299.99685
299.99923
299.99986
299.99997
299.99997
299.99997
299.99997
299.99997
299.99997
299.99997
299.99997
299.99997
299.99997
299.99997
299.99997
299.99997
299.99997
299.99997
299.99997
299.99996
299.99996
299.99997
299.99998
299.99999
300.00001
300.00003
300.00005
300.00007
300.00008
343.96781
332.18012
321.76707
313.38044
307.23296
303.3006
301.21282
300.32975
300.04887
299.99199
299.99159
299.99675
299.99917
299.99984
299.99996
299.99997
299.99997
299.99997
299.99997
299.99997
299.99997
299.99997
299.99997
299.99997
299.99997
299.99997
299.99997
299.99997
299.99997
299.99997
299.99996
299.99996
299.99997
299.99998
299.99999
300.00001
300.00003
300.00005
300.00007
300.00008
343.964
332.17448
321.76482
313.39531
307.27401
303.35002
301.25047
300.35012
300.05687
299.99414
299.99185
299.99667
299.99911
299.99982
299.99996
299.99997
299.99997
299.99997
299.99997
299.99997
299.99997
299.99997
299.99997
299.99997
299.99997
299.99997
299.99997
299.99997
299.99997
299.99997
299.99996
299.99996
299.99997
299.99998
299.99999
300.00001
300.00003
300.00005
300.00007
300.00008
343.95971
332.16875
321.76455
313.40991
307.31214
303.3968
301.28691
300.37027
300.06501
299.99642
299.99218
299.99661
299.99905
299.9998
299.99995
299.99997
299.99997
299.99997
299.99997
299.99997
299.99997
299.99997
299.99997
299.99997
299.99997
299.99997
299.99997
299.99997
299.99997
299.99996
299.99996
299.99996
299.99997
299.99997
299.99999
300.00001
300.00003
300.00005
300.00007
300.00008
343.95476
332.1622
321.76574
313.42478
307.34799
303.4412
301.32218
300.3902
300.07327
299.99883
299.99257
299.99657
299.999
299.99978
299.99995
299.99997
299.99997
299.99997
299.99997
299.99997
299.99997
299.99997
299.99997
299.99997
299.99997
299.99997
299.99997
299.99997
299.99997
299.99996
299.99996
299.99996
299.99997
299.99997
299.99999
300.00001
300.00003
300.00005
300.00007
300.00008
343.94906
332.15412
321.76757
313.44013
307.38208
303.48348
301.35632
300.40988
300.08161
300.00136
299.99301
299.99654
299.99895
299.99976
299.99994
299.99997
299.99997
299.99997
299.99997
299.99997
299.99997
299.99997
299.99997
299.99997
299.99997
299.99997
299.99997
299.99997
299.99996
299.99996
299.99996
299.99996
299.99997
299.99997
299.99999
300.00001
300.00003
300.00005
300.00007
300.00008
343.94254
332.14389
321.76903
313.45589
307.4148
303.52388
301.38939
300.42929
300.09004
300.004
299.99352
299.99653
299.9989
299.99974
299.99993
299.99997
299.99997
299.99997
299.99997
299.99997
299.99997
299.99997
299.99997
299.99997
299.99997
299.99997
299.99997
299.99997
299.99996
299.99996
299.99996
299.99996
299.99997
299.99997
299.99999
300.00001
300.00003
300.00005
300.00007
300.00008
343.93519
332.13103
321.76903
313.4717
307.44641
303.56262
301.42144
300.44841
300.09852
300.00674
299.99409
299.99655
299.99885
299.99971
299.99993
299.99996
299.99997
299.99997
299.99997
299.99997
299.99997
299.99997
299.99997
299.99997
299.99997
299.99997
299.99997
299.99996
299.99996
299.99996
299.99996
299.99996
299.99997
299.99997
299.99999
300.00001
300.00003
300.00005
300.00007
300.00008
343.92707
332.11525
321.76646
313.48698
307.47701
303.59986
301.45251
300.46724
300.10704
300.00958
299.99471
299.99658
299.99881
299.99969
299.99992
299.99996
299.99997
299.99997
299.99997
299.99997
299.99997
299.99997
299.99997
299.99997
299.99997
299.99997
299.99996
299.99996
299.99996
299.99996
299.99996
299.99996
299.99997
299.99997
299.99999
300.00001
300.00003
300.00005
300.00007
300.00008
343.91828
332.09643
321.76032
313.50094
307.50653
303.63574
301.48267
300.48578
300.11558
300.0125
299.99538
299.99664
299.99878
299.99967
299.99991
299.99996
299.99997
299.99997
299.99997
299.99997
299.99997
299.99997
299.99997
299.99997
299.99996
299.99996
299.99996
299.99996
299.99996
299.99996
299.99996
299.99996
299.99997
299.99997
299.99999
300.00001
300.00003
300.00005
300.00007
300.00008
343.90894
332.07464
321.74981
313.51268
307.53477
303.67032
301.51196
300.50401
300.12414
300.0155
299.99611
299.99671
299.99874
299.99965
299.99991
299.99996
299.99996
299.99996
299.99996
299.99996
299.99996
299.99996
299.99996
299.99996
299.99996
299.99996
299.99996
299.99996
299.99996
299.99996
299.99996
299.99996
299.99996
299.99997
299.99999
300.00001
300.00003
300.00005
300.00007
300.00008
343.89921
332.05012
321.73435
313.52131
307.56137
303.70358
301.5404
300.52194
300.1327
300.01857
299.99688
299.9968
299.99872
299.99963
299.9999
299.99995
299.99996
299.99996
299.99996
299.99996
299.99996
299.99996
299.99996
299.99996
299.99996
299.99996
299.99996
299.99996
299.99996
299.99996
299.99996
299.99996
299.99996
299.99997
299.99999
300.00001
300.00003
300.00005
300.00007
300.00009
343.88926
332.02324
321.71365
313.52598
307.58585
303.73545
301.568
300.53955
300.14124
300.02171
299.9977
299.99691
299.9987
299.99961
299.99989
299.99995
299.99996
299.99996
299.99996
299.99996
299.99996
299.99996
299.99996
299.99996
299.99996
299.99996
299.99996
299.99996
299.99996
299.99996
299.99996
299.99996
299.99996
299.99997
299.99999
300.00001
300.00003
300.00005
300.00007
300.00009
343.87927
331.99448
321.6877
313.52596
307.60771
303.76577
301.59472
300.55684
300.14975
300.0249
299.99857
299.99704
299.99868
299.99959
299.99988
299.99995
299.99996
299.99996
299.99996
299.99996
299.99996
299.99996
299.99996
299.99996
299.99996
299.99996
299.99996
299.99996
299.99996
299.99996
299.99996
299.99996
299.99996
299.99997
299.99999
300.00001
300.00003
300.00006
300.00008
300.00009
343.86939
331.96437
321.65675
313.52075
307.62643
303.79429
301.62049
300.57376
300.15822
300.02814
299.99947
299.9972
299.99867
299.99957
299.99987
299.99995
299.99996
299.99996
299.99996
299.99996
299.99996
299.99996
299.99996
299.99996
299.99996
299.99996
299.99996
299.99996
299.99996
299.99996
299.99996
299.99996
299.99996
299.99997
299.99999
300.00001
300.00003
300.00006
300.00008
300.00009
343.85977
331.93347
321.62125
313.51005
307.64156
303.82079
301.64518
300.59027
300.16661
300.03142
300.00043
299.99737
299.99867
299.99956
299.99987
299.99994
299.99996
299.99996
299.99996
299.99996
299.99996
299.99996
299.99996
299.99996
299.99996
299.99996
299.99996
299.99996
299.99996
299.99996
299.99996
299.99996
299.99996
299.99997
299.99999
300.00001
300.00003
300.00006
300.00008
300.00009
343.85055
331.90231
321.58179
313.49378
307.65279
303.84503
301.6687
300.6063
300.17492
300.03475
300.00143
299.99757
299.99868
299.99954
299.99986
299.99994
299.99996
299.99996
299.99996
299.99996
299.99996
299.99996
299.99996
299.99996
299.99996
299.99996
299.99996
299.99996
299.99996
299.99996
299.99996
299.99996
299.99996
299.99997
299.99999
300.00001
300.00003
300.00006
300.00008
300.00009
343.84184
331.87141
321.53906
313.47201
307.65994
303.86689
301.69095
300.62179
300.1831
300.0381
300.00248
299.9978
299.9987
299.99953
299.99985
299.99994
299.99996
299.99996
299.99996
299.99996
299.99996
299.99996
299.99996
299.99996
299.99996
299.99996
299.99996
299.99996
299.99996
299.99996
299.99996
299.99996
299.99996
299.99997
299.99999
300.00001
300.00003
300.00006
300.00008
300.00009
343.8337
331.84122
321.49376
313.44492
307.66297
303.88637
301.71193
300.63674
300.19114
300.04147
300.00357
299.99806
299.99873
299.99953
299.99985
299.99994
299.99996
299.99996
299.99996
299.99996
299.99996
299.99996
299.99996
299.99996
299.99996
299.99996
299.99996
299.99996
299.99996
299.99996
299.99996
299.99996
299.99996
299.99997
299.99999
300.00001
300.00003
300.00006
300.00008
300.00009
343.82621
331.81212
321.44662
313.41274
307.6619
303.90359
301.73175
300.65116
300.19904
300.04486
300.0047
299.99833
299.99876
299.99952
299.99984
299.99994
299.99996
299.99996
299.99996
299.99996
299.99996
299.99996
299.99996
299.99996
299.99996
299.99996
299.99996
299.99996
299.99996
299.99996
299.99996
299.99996
299.99996
299.99997
299.99999
300.00001
300.00003
300.00006
300.00008
300.00009
343.8194
331.78442
321.39828
313.37564
307.65671
303.91874
301.75063
300.66519
300.20681
300.04823
300.00585
299.99862
299.99881
299.99951
299.99984
299.99993
299.99995
299.99996
299.99996
299.99996
299.99996
299.99996
299.99996
299.99996
299.99996
299.99996
299.99996
299.99996
299.99996
299.99996
299.99996
299.99996
299.99996
299.99997
299.99999
300.00001
300.00003
300.00006
300.00008
300.00009
343.81328
331.75838
321.3494
313.3338
307.64721
303.93195
301.76888
300.67902
300.21453
300.0516
300.007
299.99891
299.99885
299.99951
299.99983
299.99993
299.99995
299.99995
299.99995
299.99995
299.99995
299.99995
299.99995
299.99995
299.99995
299.99995
299.99995
299.99995
299.99995
299.99995
299.99995
299.99996
299.99996
299.99997
299.99999
300.00001
300.00003
300.00006
300.00008
300.00009
343.80784
331.73419
321.30059
313.28738
307.63302
303.94316
301.78675
300.69288
300.22229
300.05496
300.00813
299.99918
299.99888
299.9995
299.99982
299.99992
299.99994
299.99995
299.99995
299.99995
299.99995
299.99995
299.99995
299.99995
299.99995
299.99995
299.99995
299.99995
299.99995
299.99995
299.99995
299.99995
299.99996
299.99997
299.99998
300
300.00003
300.00006
300.00008
300.00009
343.80308
331.71198
321.25245
313.23658
307.61347
303.95195
301.80433
300.70699
300.23019
300.05835
300.00922
299.99942
299.99889
299.99948
299.9998
299.99991
299.99994
299.99994
299.99994
299.99994
299.99994
299.99994
299.99994
299.99994
299.99994
299.99994
299.99994
299.99994
299.99994
299.99994
299.99995
299.99995
299.99996
299.99997
299.99998
300
300.00003
300.00006
300.00008
300.00009
343.79896
331.69183
321.20557
313.18176
307.58778
303.95751
301.82138
300.72144
300.23837
300.06179
300.01029
299.99963
299.99889
299.99945
299.99979
299.9999
299.99993
299.99993
299.99993
299.99993
299.99993
299.99993
299.99993
299.99993
299.99993
299.99994
299.99994
299.99994
299.99994
299.99994
299.99994
299.99994
299.99995
299.99996
299.99998
300
300.00003
300.00007
300.00008
300.00009
343.79543
331.67378
321.16054
313.12351
307.55512
303.95855
301.83724
300.7361
300.24685
300.06534
300.01135
299.9998
299.99886
299.99942
299.99977
299.99989
299.99992
299.99993
299.99993
299.99993
299.99993
299.99993
299.99993
299.99993
299.99993
299.99993
299.99993
299.99993
299.99993
299.99993
299.99993
299.99994
299.99995
299.99996
299.99997
300
300.00003
300.00007
300.00009
300.00009
343.79245
331.65779
321.11794
313.06283
307.51522
303.95386
301.85098
300.75062
300.25561
300.06903
300.01242
299.99995
299.99881
299.99937
299.99974
299.99988
299.99991
299.99992
299.99992
299.99992
299.99992
299.99992
299.99992
299.99992
299.99992
299.99992
299.99992
299.99992
299.99992
299.99992
299.99993
299.99993
299.99994
299.99995
299.99997
300
300.00003
300.00007
300.00009
300.00009
343.79001
331.64389
321.07808
312.99993
307.46645
303.9406
301.86047
300.76413
300.26449
300.07296
300.01359
300.00013
299.99877
299.99933
299.99972
299.99987
299.9999
299.99991
299.99991
299.99991
299.99991
299.99991
299.99991
299.99991
299.99991
299.99991
299.99991
299.99991
299.99991
299.99992
299.99992
299.99992
299.99993
299.99994
299.99996
300
300.00004
300.00007
300.00009
300.00009
343.78795
331.63206
321.04345
312.94237
307.4182
303.92452
301.86713
300.77595
300.27261
300.07658
300.01467
300.00027
299.99872
299.99928
299.9997
299.99986
299.9999
299.99991
299.99991
299.99991
299.99991
299.99991
299.99991
299.99991
299.99991
299.99991
299.99991
299.99991
299.99991
299.99991
299.99991
299.99992
299.99993
299.99994
299.99996
300
300.00004
300.00007
300.00009
300.00009
343.78649
331.61925
320.99813
312.85311
307.32374
303.87245
301.85852
300.78628
300.28355
300.08264
300.01693
300.00082
299.99876
299.99925
299.99968
299.99985
299.9999
299.99991
299.99991
299.99991
299.99991
299.99991
299.99991
299.99991
299.99991
299.99991
299.99991
299.99991
299.99991
299.99991
299.99991
299.99991
299.99992
299.99994
299.99996
300
300.00005
300.00008
300.00009
300.00009
)
;

boundaryField
{
    wall
    {
        type            fixedValue;
        value           uniform 350;
    }
    sides
    {
        type            zeroGradient;
    }
    frontAndBack
    {
        type            empty;
    }
    inlet
    {
        type            fixedValue;
        value           uniform 300;
    }
    outlet
    {
        type            zeroGradient;
    }
}


// ************************************************************************* //
