/*--------------------------------*- C++ -*----------------------------------*\
  =========                 |
  \\      /  F ield         | OpenFOAM: The Open Source CFD Toolbox
   \\    /   O peration     | Website:  https://openfoam.org
    \\  /    A nd           | Version:  10
     \\/     M anipulation  |
\*---------------------------------------------------------------------------*/
FoamFile
{
    format      ascii;
    class       volScalarField;
    location    "0.19";
    object      T_0;
}
// * * * * * * * * * * * * * * * * * * * * * * * * * * * * * * * * * * * * * //

dimensions      [0 0 0 1 0 0 0];

internalField   nonuniform List<scalar> 
4000
(
303.10136
299.3429
299.99042
300.00082
299.99993
300
300
300
300
300
300
300
300
300
300
300
300
300
300
300
300
300
300
300
300
300
300
300
300
300
300
300
300
300
300
300
300
300
300
300.00001
309.66346
298.49296
299.77921
300.00184
300.0008
299.99999
300
300
300
300
300
300
300
300
300
300
300
300
300
300
300
300
300
300
300
300
300
300
300
300
300
300
300
300
300
300
300
300
299.99999
300.00002
316.00426
298.68456
299.39219
299.97569
300.00406
300.00025
299.99999
300
300
300
300
300
300
300
300
300
300
300
300
300
300
300
300
300
300
300
300
300
300
300
300
300
300
300
300
300
300
299.99999
299.99999
300.00002
321.7423
299.84591
298.98478
299.8949
300.00716
300.00138
300
299.99999
300
300
300
300
300
300
300
300
300
300
300
300
300
300
300
300
300
300
300
300
300
300
300
300
300
300
300
300
299.99999
299.99999
299.99999
300.00003
326.67111
301.70049
298.70998
299.75312
300.00322
300.00379
300.00017
299.99998
300
300
300
300
300
300
300
300
300
300
300
300
300
300
300
300
300
300
300
300
300
300
300
300
300
300
299.99999
299.99999
299.99999
299.99998
299.99999
300.00004
330.68504
303.94802
298.66325
299.56829
299.98426
300.00696
300.00071
299.99996
299.99999
300
300
300
300
300
300
300
300
300
300
300
300
300
300
300
300
300
300
300
300
300
300
300
300
299.99999
299.99999
299.99999
299.99999
299.99998
300
300.00004
333.77435
306.33077
298.87086
299.37368
299.94516
300.00937
300.0018
300
299.99998
299.99999
300
300
300
300
300
300
300
300
300
300
300
300
300
300
300
300
300
300
300
300
300
300
299.99999
299.99999
299.99999
299.99999
299.99998
299.99998
300
300.00004
336.0218
308.66421
299.30773
299.2038
299.88577
300.00889
300.00345
300.00014
299.99996
299.99999
300
300
300
300
300
300
300
300
300
300
300
300
300
300
300
300
300
300
300
300
300
299.99999
299.99999
299.99999
299.99999
299.99999
299.99998
299.99998
300.00001
300.00004
337.57394
310.83751
299.92412
299.08461
299.81048
300.00351
300.00541
300.00045
299.99995
299.99999
299.99999
300
300
300
300
300
300
300
300
300
300
300
300
300
300
300
300
300
300
300
299.99999
299.99999
299.99999
299.99999
299.99999
299.99998
299.99998
299.99998
300.00001
300.00004
338.60212
312.7979
300.66547
299.03055
299.72633
299.99191
300.00724
300.00099
299.99996
299.99998
299.99999
299.99999
300
300
300
300
300
300
300
300
300
300
300
300
300
300
300
300
300
299.99999
299.99999
299.99999
299.99999
299.99999
299.99999
299.99998
299.99998
299.99998
300.00002
300.00004
339.26905
314.53251
301.48315
299.04604
299.64103
299.97367
300.00839
300.00175
300
299.99996
299.99999
299.99999
299.99999
300
300
300
300
300
300
300
300
300
300
300
300
300
300
300
299.99999
299.99999
299.99999
299.99999
299.99999
299.99999
299.99998
299.99998
299.99998
299.99999
300.00002
300.00004
339.70803
316.0526
302.33878
299.12841
299.56163
299.94926
300.00833
300.00267
300.00011
299.99995
299.99999
299.99999
299.99999
299.99999
300
300
300
300
300
300
300
300
300
300
300
300
300
299.99999
299.99999
299.99999
299.99999
299.99999
299.99999
299.99999
299.99998
299.99998
299.99998
299.99999
300.00002
300.00004
340.01568
317.3816
303.20474
299.27096
299.49371
299.91974
300.0066
300.00366
300.00029
299.99995
299.99998
299.99999
299.99999
299.99999
299.99999
299.99999
300
300
300
300
300
300
300
300
300
299.99999
299.99999
299.99999
299.99999
299.99999
299.99999
299.99999
299.99999
299.99999
299.99998
299.99998
299.99998
299.99999
300.00003
300.00004
340.25464
318.547
304.0626
299.46528
299.44122
299.88659
300.00292
300.0046
300.00055
299.99995
299.99998
299.99999
299.99999
299.99999
299.99999
299.99999
299.99999
299.99999
300
300
300
300
300
299.99999
299.99999
299.99999
299.99999
299.99999
299.99999
299.99999
299.99999
299.99999
299.99999
299.99998
299.99998
299.99998
299.99998
300
300.00003
300.00004
340.46138
319.57565
304.901
299.70283
299.40661
299.8514
299.99714
300.00533
300.00089
299.99997
299.99997
299.99999
299.99999
299.99999
299.99999
299.99999
299.99999
299.99999
299.99999
299.99999
299.99999
299.99999
299.99999
299.99999
299.99999
299.99999
299.99999
299.99999
299.99999
299.99999
299.99999
299.99999
299.99999
299.99998
299.99998
299.99997
299.99998
300
300.00003
300.00003
340.65462
320.49137
305.71358
299.97566
299.39114
299.81577
299.98928
300.00573
300.00129
300.00001
299.99996
299.99999
299.99999
299.99999
299.99999
299.99999
299.99999
299.99999
299.99999
299.99999
299.99999
299.99999
299.99999
299.99999
299.99999
299.99999
299.99999
299.99999
299.99999
299.99999
299.99999
299.99999
299.99999
299.99998
299.99998
299.99997
299.99998
300
300.00003
300.00003
340.84241
321.31418
306.49723
300.27683
299.39515
299.78116
299.97947
300.00566
300.00172
300.00008
299.99996
299.99998
299.99999
299.99999
299.99999
299.99999
299.99999
299.99999
299.99999
299.99999
299.99999
299.99999
299.99999
299.99999
299.99999
299.99999
299.99999
299.99999
299.99999
299.99999
299.99999
299.99999
299.99998
299.99998
299.99998
299.99997
299.99998
300
300.00003
300.00003
341.02707
322.0603
307.25091
300.60044
299.41838
299.74886
299.96795
300.00503
300.00216
300.00018
299.99996
299.99998
299.99999
299.99999
299.99999
299.99999
299.99999
299.99999
299.99999
299.99999
299.99999
299.99999
299.99999
299.99999
299.99999
299.99999
299.99999
299.99999
299.99999
299.99999
299.99999
299.99999
299.99998
299.99998
299.99998
299.99997
299.99998
300.00001
300.00003
300.00003
341.20824
322.74253
307.97477
300.94155
299.46014
299.71996
299.95502
300.00375
300.00256
300.0003
299.99996
299.99998
299.99999
299.99999
299.99999
299.99999
299.99999
299.99999
299.99999
299.99999
299.99999
299.99999
299.99999
299.99999
299.99999
299.99999
299.99999
299.99999
299.99999
299.99999
299.99999
299.99998
299.99998
299.99998
299.99998
299.99997
299.99998
300.00001
300.00003
300.00003
341.38468
323.37086
308.66957
301.29608
299.51947
299.69536
299.941
300.0018
300.0029
300.00044
299.99997
299.99998
299.99999
299.99999
299.99999
299.99999
299.99999
299.99999
299.99999
299.99999
299.99999
299.99999
299.99999
299.99999
299.99999
299.99999
299.99999
299.99999
299.99999
299.99999
299.99999
299.99998
299.99998
299.99998
299.99998
299.99997
299.99999
300.00001
300.00003
300.00003
341.5551
323.95305
309.33639
301.66062
299.59529
299.67577
299.92628
299.99914
300.00314
300.00061
299.99999
299.99997
299.99999
299.99999
299.99999
299.99999
299.99999
299.99999
299.99999
299.99999
299.99999
299.99999
299.99999
299.99999
299.99999
299.99999
299.99999
299.99999
299.99999
299.99999
299.99999
299.99998
299.99998
299.99998
299.99997
299.99998
299.99999
300.00001
300.00003
300.00003
341.7185
324.49512
309.97642
302.03238
299.68642
299.66176
299.91121
299.99578
300.00323
300.00078
300.00002
299.99997
299.99998
299.99999
299.99999
299.99999
299.99999
299.99999
299.99999
299.99999
299.99999
299.99999
299.99999
299.99999
299.99999
299.99999
299.99999
299.99999
299.99999
299.99999
299.99998
299.99998
299.99998
299.99998
299.99997
299.99998
299.99999
300.00002
300.00004
300.00003
341.87429
325.00181
310.59085
302.40899
299.79169
299.65373
299.89616
299.99176
300.00315
300.00097
300.00006
299.99997
299.99998
299.99999
299.99999
299.99999
299.99999
299.99999
299.99999
299.99999
299.99999
299.99999
299.99999
299.99999
299.99999
299.99999
299.99999
299.99999
299.99999
299.99999
299.99998
299.99998
299.99998
299.99998
299.99997
299.99998
299.99999
300.00002
300.00004
300.00003
342.02224
325.47694
311.18082
302.78848
299.90989
299.65197
299.88148
299.98713
300.00287
300.00114
300.0001
299.99997
299.99998
299.99999
299.99999
299.99999
299.99999
299.99999
299.99999
299.99999
299.99999
299.99999
299.99999
299.99999
299.99999
299.99999
299.99999
299.99999
299.99999
299.99999
299.99998
299.99998
299.99998
299.99998
299.99997
299.99998
299.99999
300.00002
300.00004
300.00003
342.16239
325.92359
311.74744
303.1692
300.03989
299.65666
299.86752
299.98194
300.00237
300.0013
300.00016
299.99998
299.99998
299.99999
299.99999
299.99999
299.99999
299.99999
299.99999
299.99999
299.99999
299.99999
299.99999
299.99999
299.99999
299.99999
299.99999
299.99999
299.99999
299.99998
299.99998
299.99998
299.99998
299.99998
299.99997
299.99998
300
300.00002
300.00004
300.00003
342.29497
326.34438
312.29174
303.54974
300.18055
299.66789
299.85457
299.97629
300.00163
300.00144
300.00022
299.99998
299.99998
299.99999
299.99999
299.99999
299.99999
299.99999
299.99999
299.99999
299.99999
299.99999
299.99999
299.99999
299.99999
299.99999
299.99999
299.99999
299.99999
299.99998
299.99998
299.99998
299.99998
299.99998
299.99997
299.99998
300
300.00002
300.00004
300.00003
342.42034
326.74151
312.81469
303.92892
300.33083
299.68568
299.84292
299.97026
300.00065
300.00154
300.00028
299.99999
299.99998
299.99998
299.99999
299.99999
299.99999
299.99999
299.99999
299.99999
299.99999
299.99999
299.99999
299.99999
299.99999
299.99999
299.99999
299.99999
299.99998
299.99998
299.99998
299.99998
299.99998
299.99997
299.99997
299.99998
300
300.00002
300.00004
300.00003
342.5389
327.11691
313.31723
304.30573
300.48971
299.70996
299.83282
299.96395
299.99942
300.00158
300.00035
300
299.99998
299.99998
299.99999
299.99999
299.99999
299.99999
299.99999
299.99999
299.99999
299.99999
299.99999
299.99999
299.99999
299.99999
299.99999
299.99999
299.99998
299.99998
299.99998
299.99998
299.99998
299.99997
299.99997
299.99998
300
300.00002
300.00004
300.00003
342.65108
327.47227
313.80022
304.67932
300.65623
299.74063
299.8245
299.95746
299.99794
300.00158
300.00043
300.00002
299.99998
299.99998
299.99999
299.99999
299.99999
299.99999
299.99999
299.99999
299.99999
299.99999
299.99999
299.99999
299.99999
299.99999
299.99999
299.99998
299.99998
299.99998
299.99998
299.99998
299.99998
299.99997
299.99997
299.99998
300
300.00003
300.00004
300.00003
342.7573
327.80909
314.26451
305.04896
300.82949
299.77754
299.81816
299.9509
299.99622
300.0015
300.0005
300.00004
299.99998
299.99998
299.99998
299.99999
299.99999
299.99999
299.99999
299.99999
299.99999
299.99999
299.99999
299.99999
299.99999
299.99999
299.99999
299.99998
299.99998
299.99998
299.99998
299.99998
299.99998
299.99997
299.99997
299.99998
300
300.00003
300.00003
300.00003
342.85795
328.1287
314.71088
305.41405
301.00865
299.8205
299.81397
299.94438
299.99427
300.00135
300.00056
300.00006
299.99998
299.99998
299.99998
299.99999
299.99999
299.99999
299.99999
299.99999
299.99999
299.99999
299.99999
299.99999
299.99999
299.99999
299.99998
299.99998
299.99998
299.99998
299.99998
299.99998
299.99998
299.99997
299.99997
299.99998
300
300.00003
300.00003
300.00003
342.9534
328.43228
315.14009
305.77407
301.19292
299.8693
299.81208
299.93801
299.99211
300.00112
300.00062
300.00008
299.99998
299.99998
299.99998
299.99998
299.99999
299.99999
299.99999
299.99999
299.99999
299.99999
299.99999
299.99999
299.99999
299.99998
299.99998
299.99998
299.99998
299.99998
299.99998
299.99998
299.99998
299.99997
299.99997
299.99998
300.00001
300.00003
300.00003
300.00003
343.04395
328.72089
315.55284
306.12857
301.38155
299.92369
299.81258
299.93189
299.98977
300.0008
300.00066
300.0001
299.99998
299.99998
299.99998
299.99998
299.99998
299.99999
299.99999
299.99999
299.99999
299.99999
299.99999
299.99999
299.99998
299.99998
299.99998
299.99998
299.99998
299.99998
299.99998
299.99998
299.99997
299.99997
299.99997
299.99999
300.00001
300.00003
300.00003
300.00003
343.1299
328.99545
315.94978
306.47719
301.57387
299.98341
299.8156
299.92613
299.98726
300.0004
300.00069
300.00013
299.99999
299.99998
299.99998
299.99998
299.99998
299.99998
299.99999
299.99999
299.99999
299.99999
299.99999
299.99998
299.99998
299.99998
299.99998
299.99998
299.99998
299.99998
299.99998
299.99998
299.99997
299.99997
299.99997
299.99999
300.00001
300.00003
300.00003
300.00003
343.21146
329.25679
316.33152
306.8196
301.76921
300.0482
299.82118
299.92082
299.98463
299.9999
300.0007
300.00016
299.99999
299.99998
299.99998
299.99998
299.99998
299.99998
299.99998
299.99998
299.99998
299.99998
299.99998
299.99998
299.99998
299.99998
299.99998
299.99998
299.99998
299.99998
299.99998
299.99998
299.99997
299.99997
299.99998
299.99999
300.00001
300.00003
300.00003
300.00003
343.28884
329.5056
316.69864
307.15553
301.96696
300.11776
299.82937
299.91605
299.98189
299.99931
300.00069
300.00018
300
299.99998
299.99998
299.99998
299.99998
299.99998
299.99998
299.99998
299.99998
299.99998
299.99998
299.99998
299.99998
299.99998
299.99998
299.99998
299.99998
299.99998
299.99998
299.99998
299.99997
299.99997
299.99998
299.99999
300.00001
300.00003
300.00003
300.00004
343.3622
329.74251
317.05164
307.48476
302.16657
300.19181
299.84022
299.91192
299.97908
299.99863
300.00066
300.00021
300.00001
299.99998
299.99998
299.99998
299.99998
299.99998
299.99998
299.99998
299.99998
299.99998
299.99998
299.99998
299.99998
299.99998
299.99998
299.99998
299.99998
299.99998
299.99998
299.99998
299.99997
299.99997
299.99998
299.99999
300.00001
300.00003
300.00003
300.00004
343.43165
329.96803
317.39097
307.80706
302.36749
300.27005
299.85371
299.90851
299.97624
299.99786
300.0006
300.00023
300.00002
299.99998
299.99998
299.99998
299.99998
299.99998
299.99998
299.99998
299.99998
299.99998
299.99998
299.99998
299.99998
299.99998
299.99998
299.99998
299.99998
299.99998
299.99998
299.99998
299.99997
299.99997
299.99998
299.99999
300.00001
300.00003
300.00003
300.00004
343.4973
330.18259
317.71707
308.12225
302.56922
300.35218
299.86985
299.90588
299.9734
299.99701
300.00051
300.00025
300.00002
299.99998
299.99998
299.99998
299.99998
299.99998
299.99998
299.99998
299.99998
299.99998
299.99998
299.99998
299.99998
299.99998
299.99998
299.99998
299.99998
299.99998
299.99998
299.99997
299.99997
299.99997
299.99998
299.99999
300.00001
300.00003
300.00004
300.00004
343.5592
330.38654
318.03027
308.43016
302.77128
300.43789
299.88862
299.90412
299.97061
299.99608
300.00039
300.00027
300.00003
299.99998
299.99998
299.99998
299.99998
299.99998
299.99998
299.99998
299.99998
299.99998
299.99998
299.99998
299.99998
299.99998
299.99998
299.99998
299.99998
299.99998
299.99998
299.99997
299.99997
299.99997
299.99998
299.99999
300.00001
300.00003
300.00004
300.00004
343.61737
330.58015
318.33088
308.73064
302.97322
300.52688
299.90996
299.90327
299.96789
299.99508
300.00023
300.00028
300.00004
299.99998
299.99998
299.99998
299.99998
299.99998
299.99998
299.99998
299.99998
299.99998
299.99998
299.99998
299.99998
299.99998
299.99998
299.99998
299.99998
299.99998
299.99998
299.99997
299.99997
299.99997
299.99998
299.99999
300.00001
300.00003
300.00004
300.00004
343.67182
330.76359
318.61914
309.02351
303.17459
300.61885
299.93383
299.90339
299.9653
299.99402
300.00004
300.00028
300.00005
299.99999
299.99998
299.99998
299.99998
299.99998
299.99998
299.99998
299.99998
299.99998
299.99998
299.99998
299.99998
299.99998
299.99998
299.99998
299.99998
299.99998
299.99998
299.99997
299.99997
299.99997
299.99998
299.99999
300.00002
300.00003
300.00004
300.00004
343.72253
330.93698
318.89524
309.30863
303.375
300.71348
299.96016
299.90453
299.96286
299.99291
299.99982
300.00027
300.00006
299.99999
299.99998
299.99998
299.99998
299.99998
299.99998
299.99998
299.99998
299.99998
299.99998
299.99998
299.99998
299.99998
299.99998
299.99998
299.99998
299.99998
299.99998
299.99997
299.99997
299.99997
299.99998
300
300.00002
300.00003
300.00004
300.00004
343.76946
331.10036
319.15931
309.58582
303.57402
300.81047
299.98888
299.90672
299.96061
299.99176
299.99957
300.00026
300.00007
299.99999
299.99998
299.99998
299.99998
299.99998
299.99998
299.99998
299.99998
299.99998
299.99998
299.99998
299.99998
299.99998
299.99998
299.99998
299.99998
299.99998
299.99997
299.99997
299.99997
299.99997
299.99998
300
300.00002
300.00003
300.00004
300.00005
343.81254
331.25369
319.4114
309.85492
303.77128
300.90951
300.01988
299.91
299.95858
299.99059
299.99928
300.00024
300.00008
299.99999
299.99998
299.99998
299.99998
299.99998
299.99998
299.99998
299.99998
299.99998
299.99998
299.99998
299.99998
299.99998
299.99998
299.99998
299.99998
299.99998
299.99997
299.99997
299.99997
299.99997
299.99998
300
300.00002
300.00003
300.00004
300.00005
343.85171
331.39686
319.65151
310.11573
303.96639
301.0103
300.05308
299.91438
299.95682
299.98939
299.99896
300.0002
300.00008
300
299.99998
299.99998
299.99998
299.99998
299.99998
299.99998
299.99998
299.99998
299.99998
299.99998
299.99998
299.99998
299.99998
299.99998
299.99998
299.99998
299.99997
299.99997
299.99997
299.99997
299.99998
300
300.00002
300.00003
300.00004
300.00005
343.8869
331.52971
319.87957
310.36805
304.15897
301.11252
300.08835
299.91988
299.95535
299.9882
299.99861
300.00016
300.00009
300
299.99998
299.99998
299.99998
299.99998
299.99998
299.99998
299.99998
299.99998
299.99998
299.99998
299.99998
299.99998
299.99998
299.99998
299.99998
299.99998
299.99997
299.99997
299.99997
299.99997
299.99998
300
300.00002
300.00003
300.00004
300.00005
343.91804
331.65204
320.09545
310.61163
304.34866
301.21587
300.12559
299.9265
299.9542
299.98702
299.99823
300.0001
300.00009
300
299.99998
299.99998
299.99998
299.99998
299.99998
299.99998
299.99998
299.99998
299.99998
299.99998
299.99998
299.99998
299.99998
299.99998
299.99998
299.99998
299.99997
299.99997
299.99997
299.99997
299.99998
300
300.00002
300.00003
300.00004
300.00005
343.94509
331.76359
320.29895
310.84623
304.53507
301.32003
300.16465
299.93425
299.9534
299.98586
299.99782
300.00004
300.00009
300.00001
299.99998
299.99998
299.99998
299.99998
299.99998
299.99998
299.99998
299.99998
299.99998
299.99998
299.99998
299.99998
299.99998
299.99998
299.99998
299.99997
299.99997
299.99997
299.99997
299.99997
299.99998
300
300.00002
300.00003
300.00004
300.00005
343.96803
331.86411
320.48981
311.07155
304.71784
301.4247
300.20541
299.94312
299.95297
299.98475
299.9974
299.99996
300.00009
300.00001
299.99998
299.99998
299.99998
299.99998
299.99998
299.99998
299.99998
299.99998
299.99998
299.99998
299.99998
299.99998
299.99998
299.99998
299.99998
299.99997
299.99997
299.99997
299.99997
299.99997
299.99998
300
300.00002
300.00003
300.00004
300.00005
343.98689
331.95335
320.66771
311.28728
304.89658
301.52955
300.24772
299.95308
299.95294
299.98369
299.99695
299.99986
300.00008
300.00001
299.99998
299.99998
299.99998
299.99998
299.99998
299.99998
299.99998
299.99998
299.99998
299.99998
299.99998
299.99998
299.99998
299.99998
299.99998
299.99997
299.99997
299.99997
299.99997
299.99997
299.99998
300
300.00002
300.00003
300.00005
300.00006
344.00174
332.03111
320.8323
311.49305
305.07092
301.63428
300.29141
299.96412
299.95333
299.98269
299.99649
299.99976
300.00007
300.00001
299.99998
299.99998
299.99998
299.99998
299.99998
299.99998
299.99998
299.99998
299.99998
299.99998
299.99998
299.99998
299.99998
299.99998
299.99997
299.99997
299.99997
299.99997
299.99997
299.99997
299.99998
300
300.00002
300.00004
300.00005
300.00006
344.01274
332.09729
320.98323
311.68849
305.24045
301.73856
300.33635
299.9762
299.95414
299.98179
299.99602
299.99964
300.00006
300.00001
299.99998
299.99998
299.99998
299.99998
299.99998
299.99998
299.99998
299.99998
299.99998
299.99998
299.99998
299.99998
299.99998
299.99998
299.99997
299.99997
299.99997
299.99997
299.99997
299.99997
299.99998
300
300.00002
300.00004
300.00005
300.00006
344.02011
332.15193
321.12013
311.87321
305.40479
301.84208
300.38235
299.9893
299.95541
299.98098
299.99555
299.99952
300.00005
300.00002
299.99998
299.99998
299.99998
299.99998
299.99998
299.99998
299.99998
299.99998
299.99998
299.99998
299.99998
299.99998
299.99998
299.99998
299.99997
299.99997
299.99997
299.99997
299.99997
299.99997
299.99998
300
300.00002
300.00004
300.00005
300.00006
344.02413
332.19523
321.2427
312.04677
305.56353
301.94452
300.42925
300.00335
299.95712
299.98028
299.99508
299.99938
300.00003
300.00002
299.99998
299.99998
299.99998
299.99998
299.99998
299.99998
299.99998
299.99998
299.99998
299.99998
299.99998
299.99998
299.99998
299.99997
299.99997
299.99997
299.99997
299.99997
299.99997
299.99997
299.99998
300
300.00002
300.00004
300.00005
300.00006
344.02518
332.22761
321.35073
312.20878
305.71627
302.04555
300.47686
300.01832
299.95929
299.9797
299.99461
299.99923
300
300.00001
299.99999
299.99998
299.99998
299.99998
299.99998
299.99998
299.99998
299.99998
299.99998
299.99998
299.99998
299.99998
299.99998
299.99997
299.99997
299.99997
299.99997
299.99997
299.99997
299.99997
299.99999
300
300.00002
300.00004
300.00005
300.00006
344.02367
332.24971
321.44413
312.35886
305.86262
302.14486
300.52502
300.03414
299.96193
299.97925
299.99415
299.99908
299.99997
300.00001
299.99999
299.99998
299.99998
299.99998
299.99998
299.99998
299.99998
299.99998
299.99998
299.99998
299.99998
299.99998
299.99997
299.99997
299.99997
299.99997
299.99997
299.99997
299.99997
299.99997
299.99999
300
300.00002
300.00004
300.00005
300.00006
344.02008
332.26242
321.52304
312.49668
306.00218
302.24213
300.57353
300.05075
299.96502
299.97895
299.99371
299.99891
299.99994
300.00001
299.99999
299.99998
299.99998
299.99998
299.99998
299.99998
299.99998
299.99998
299.99998
299.99998
299.99998
299.99998
299.99997
299.99997
299.99997
299.99997
299.99997
299.99997
299.99997
299.99997
299.99999
300
300.00002
300.00004
300.00005
300.00007
344.01488
332.26683
321.58778
312.622
306.13461
302.33707
300.62222
300.06809
299.96856
299.97879
299.99329
299.99874
299.9999
300.00001
299.99999
299.99998
299.99998
299.99998
299.99998
299.99998
299.99998
299.99998
299.99998
299.99998
299.99998
299.99997
299.99997
299.99997
299.99997
299.99997
299.99997
299.99997
299.99997
299.99997
299.99999
300
300.00002
300.00004
300.00006
300.00007
344.00857
332.26423
321.63895
312.7347
306.25959
302.42938
300.6709
300.08608
299.97255
299.9788
299.9929
299.99857
299.99986
300
299.99999
299.99998
299.99997
299.99997
299.99998
299.99998
299.99998
299.99998
299.99998
299.99998
299.99997
299.99997
299.99997
299.99997
299.99997
299.99997
299.99997
299.99997
299.99997
299.99997
299.99999
300.00001
300.00002
300.00004
300.00006
300.00007
344.00161
332.25601
321.67743
312.83482
306.37686
302.51879
300.71939
300.10465
299.97697
299.97897
299.99253
299.9984
299.99982
300
299.99999
299.99998
299.99997
299.99997
299.99997
299.99997
299.99997
299.99997
299.99997
299.99997
299.99997
299.99997
299.99997
299.99997
299.99997
299.99997
299.99997
299.99997
299.99997
299.99997
299.99999
300.00001
300.00003
300.00004
300.00006
300.00007
343.99441
332.24362
321.70436
312.92256
306.48623
302.60506
300.76753
300.12373
299.98181
299.97931
299.99221
299.99822
299.99977
299.99999
299.99999
299.99998
299.99997
299.99997
299.99997
299.99997
299.99997
299.99997
299.99997
299.99997
299.99997
299.99997
299.99997
299.99997
299.99997
299.99997
299.99997
299.99997
299.99997
299.99997
299.99999
300.00001
300.00003
300.00004
300.00006
300.00007
343.98732
332.22849
321.72115
312.99835
306.58759
302.68797
300.81514
300.14323
299.98705
299.97983
299.99192
299.99805
299.99972
299.99998
299.99999
299.99998
299.99997
299.99997
299.99997
299.99997
299.99997
299.99997
299.99997
299.99997
299.99997
299.99997
299.99997
299.99997
299.99997
299.99997
299.99997
299.99997
299.99997
299.99997
299.99999
300.00001
300.00003
300.00004
300.00006
300.00007
343.98061
332.21196
321.72939
313.06282
306.68096
302.76736
300.86208
300.16308
299.99266
299.98051
299.99168
299.99787
299.99966
299.99997
299.99998
299.99998
299.99997
299.99997
299.99997
299.99997
299.99997
299.99997
299.99997
299.99997
299.99997
299.99997
299.99997
299.99997
299.99997
299.99997
299.99997
299.99997
299.99997
299.99997
299.99999
300.00001
300.00003
300.00004
300.00006
300.00007
343.97446
332.19521
321.73081
313.11682
306.76646
302.8431
300.90821
300.18321
299.99863
299.98138
299.99148
299.99771
299.99961
299.99996
299.99998
299.99998
299.99997
299.99997
299.99997
299.99997
299.99997
299.99997
299.99997
299.99997
299.99997
299.99997
299.99997
299.99997
299.99997
299.99997
299.99997
299.99997
299.99997
299.99997
299.99999
300.00001
300.00003
300.00004
300.00006
300.00007
343.96896
332.17921
321.72722
313.1614
306.84434
302.91511
300.95341
300.20353
300.00493
299.98241
299.99134
299.99754
299.99955
299.99995
299.99998
299.99998
299.99997
299.99997
299.99997
299.99997
299.99997
299.99997
299.99997
299.99997
299.99997
299.99997
299.99997
299.99997
299.99997
299.99997
299.99997
299.99997
299.99997
299.99997
299.99999
300.00001
300.00003
300.00005
300.00006
300.00007
343.96412
332.16466
321.72038
313.19777
306.91495
302.98338
300.99757
300.22398
300.01154
299.98362
299.99125
299.99739
299.99949
299.99993
299.99998
299.99998
299.99997
299.99997
299.99997
299.99997
299.99997
299.99997
299.99997
299.99997
299.99997
299.99997
299.99997
299.99997
299.99997
299.99997
299.99997
299.99997
299.99997
299.99997
299.99999
300.00001
300.00003
300.00005
300.00006
300.00007
343.95987
332.152
321.71193
313.22725
306.9788
303.04793
301.04062
300.2445
300.01842
299.98499
299.99122
299.99725
299.99943
299.99992
299.99998
299.99997
299.99997
299.99997
299.99997
299.99997
299.99997
299.99997
299.99997
299.99997
299.99997
299.99997
299.99997
299.99997
299.99997
299.99997
299.99997
299.99997
299.99997
299.99997
299.99999
300.00001
300.00003
300.00005
300.00006
300.00008
343.95606
332.14138
321.7033
313.25123
307.03645
303.10887
301.08249
300.26502
300.02556
299.98653
299.99125
299.99711
299.99936
299.9999
299.99997
299.99997
299.99997
299.99997
299.99997
299.99997
299.99997
299.99997
299.99997
299.99997
299.99997
299.99997
299.99997
299.99997
299.99997
299.99997
299.99997
299.99997
299.99997
299.99997
299.99999
300.00001
300.00003
300.00005
300.00006
300.00008
343.95251
332.13269
321.69563
313.2711
307.08858
303.16633
301.12314
300.28548
300.03292
299.98822
299.99133
299.99699
299.9993
299.99988
299.99997
299.99997
299.99997
299.99997
299.99997
299.99997
299.99997
299.99997
299.99997
299.99997
299.99997
299.99997
299.99997
299.99997
299.99997
299.99997
299.99997
299.99996
299.99997
299.99997
299.99999
300.00001
300.00003
300.00005
300.00007
300.00008
343.94902
332.12558
321.68972
313.28815
307.13591
303.22051
301.16255
300.30585
300.04049
299.99007
299.99148
299.99688
299.99924
299.99986
299.99997
299.99997
299.99997
299.99997
299.99997
299.99997
299.99997
299.99997
299.99997
299.99997
299.99997
299.99997
299.99997
299.99997
299.99997
299.99997
299.99996
299.99996
299.99997
299.99997
299.99999
300.00001
300.00003
300.00005
300.00007
300.00008
343.94535
332.11951
321.68597
313.30354
307.17918
303.27164
301.20074
300.32607
300.04823
299.99206
299.99168
299.99679
299.99918
299.99984
299.99996
299.99997
299.99997
299.99997
299.99997
299.99997
299.99997
299.99997
299.99997
299.99997
299.99997
299.99997
299.99997
299.99997
299.99997
299.99997
299.99996
299.99996
299.99997
299.99997
299.99999
300.00001
300.00003
300.00005
300.00007
300.00008
343.9413
332.11379
321.68442
313.31823
307.21911
303.31996
301.2377
300.34612
300.05613
299.99418
299.99195
299.99671
299.99912
299.99982
299.99996
299.99997
299.99997
299.99997
299.99997
299.99997
299.99997
299.99997
299.99997
299.99997
299.99997
299.99997
299.99997
299.99997
299.99997
299.99996
299.99996
299.99996
299.99997
299.99997
299.99999
300.00001
300.00003
300.00005
300.00007
300.00008
343.93668
332.10767
321.68471
313.3329
307.25637
303.36574
301.27348
300.36596
300.06415
299.99644
299.99227
299.99665
299.99906
299.9998
299.99995
299.99997
299.99997
299.99997
299.99997
299.99997
299.99997
299.99997
299.99997
299.99997
299.99997
299.99997
299.99997
299.99997
299.99997
299.99996
299.99996
299.99996
299.99997
299.99997
299.99999
300.00001
300.00003
300.00005
300.00007
300.00008
343.93135
332.10041
321.68616
313.34797
307.29157
303.40925
301.30812
300.38557
300.07228
299.99882
299.99266
299.99661
299.99901
299.99978
299.99995
299.99997
299.99997
299.99997
299.99997
299.99997
299.99997
299.99997
299.99997
299.99997
299.99997
299.99997
299.99997
299.99997
299.99996
299.99996
299.99996
299.99996
299.99997
299.99997
299.99999
300.00001
300.00003
300.00005
300.00007
300.00008
343.92522
332.09132
321.68787
313.36354
307.32516
303.45074
301.34166
300.40492
300.08051
300.00131
299.9931
299.99659
299.99896
299.99976
299.99994
299.99997
299.99997
299.99997
299.99997
299.99997
299.99997
299.99997
299.99997
299.99997
299.99997
299.99997
299.99997
299.99997
299.99996
299.99996
299.99996
299.99996
299.99997
299.99997
299.99999
300.00001
300.00003
300.00005
300.00007
300.00008
343.91825
332.07983
321.68875
313.37939
307.35751
303.49044
301.37415
300.42401
300.0888
300.00391
299.9936
299.99658
299.99891
299.99974
299.99993
299.99997
299.99997
299.99997
299.99997
299.99997
299.99997
299.99997
299.99997
299.99997
299.99997
299.99997
299.99997
299.99996
299.99996
299.99996
299.99996
299.99996
299.99997
299.99997
299.99999
300.00001
300.00003
300.00005
300.00007
300.00008
343.91048
332.06552
321.68766
313.39508
307.38879
303.52855
301.40565
300.44282
300.09715
300.00661
299.99416
299.9966
299.99887
299.99972
299.99993
299.99996
299.99997
299.99997
299.99997
299.99997
299.99997
299.99997
299.99997
299.99997
299.99997
299.99997
299.99996
299.99996
299.99996
299.99996
299.99996
299.99996
299.99997
299.99997
299.99999
300.00001
300.00003
300.00005
300.00007
300.00008
343.90195
332.04818
321.68352
313.40989
307.41905
303.56522
301.43621
300.46134
300.10553
300.00941
299.99477
299.99663
299.99883
299.9997
299.99992
299.99996
299.99997
299.99997
299.99997
299.99997
299.99997
299.99997
299.99997
299.99997
299.99997
299.99996
299.99996
299.99996
299.99996
299.99996
299.99996
299.99996
299.99997
299.99997
299.99999
300.00001
300.00003
300.00005
300.00007
300.00008
343.89281
332.02777
321.67538
313.42299
307.44814
303.60056
301.46588
300.47957
300.11394
300.01228
299.99544
299.99668
299.99879
299.99967
299.99991
299.99996
299.99996
299.99996
299.99996
299.99996
299.99996
299.99996
299.99996
299.99996
299.99996
299.99996
299.99996
299.99996
299.99996
299.99996
299.99996
299.99996
299.99996
299.99997
299.99999
300.00001
300.00003
300.00005
300.00007
300.00008
343.88318
332.00444
321.66252
313.43345
307.47579
303.6346
301.4947
300.4975
300.12235
300.01524
299.99615
299.99675
299.99876
299.99965
299.99991
299.99996
299.99996
299.99996
299.99996
299.99996
299.99996
299.99996
299.99996
299.99996
299.99996
299.99996
299.99996
299.99996
299.99996
299.99996
299.99996
299.99996
299.99996
299.99997
299.99999
300.00001
300.00003
300.00005
300.00007
300.00008
343.87324
331.9785
321.64448
313.44036
307.50157
303.66729
301.52268
300.51514
300.13077
300.01826
299.99691
299.99684
299.99874
299.99963
299.9999
299.99995
299.99996
299.99996
299.99996
299.99996
299.99996
299.99996
299.99996
299.99996
299.99996
299.99996
299.99996
299.99996
299.99996
299.99996
299.99996
299.99996
299.99996
299.99997
299.99999
300.00001
300.00003
300.00005
300.00007
300.00009
343.86316
331.95039
321.62109
313.44292
307.52499
303.69851
301.5498
300.53245
300.13916
300.02133
299.99772
299.99695
299.99872
299.99961
299.99989
299.99995
299.99996
299.99996
299.99996
299.99996
299.99996
299.99996
299.99996
299.99996
299.99996
299.99996
299.99996
299.99996
299.99996
299.99996
299.99996
299.99996
299.99996
299.99997
299.99999
300.00001
300.00003
300.00005
300.00008
300.00009
343.85312
331.92062
321.59245
313.44049
307.54551
303.72805
301.576
300.54943
300.14752
300.02447
299.99856
299.99708
299.9987
299.9996
299.99988
299.99995
299.99996
299.99996
299.99996
299.99996
299.99996
299.99996
299.99996
299.99996
299.99996
299.99996
299.99996
299.99996
299.99996
299.99996
299.99996
299.99996
299.99996
299.99997
299.99999
300.00001
300.00003
300.00006
300.00008
300.00009
343.84328
331.88976
321.55893
313.43266
307.56266
303.75567
301.6012
300.56601
300.15582
300.02765
299.99946
299.99724
299.99869
299.99958
299.99988
299.99995
299.99996
299.99996
299.99996
299.99996
299.99996
299.99996
299.99996
299.99996
299.99996
299.99996
299.99996
299.99996
299.99996
299.99996
299.99996
299.99996
299.99996
299.99997
299.99999
300.00001
300.00003
300.00006
300.00008
300.00009
343.83377
331.85836
321.52105
313.41921
307.57603
303.78113
301.62526
300.58216
300.16405
300.03087
300.0004
299.99741
299.99869
299.99956
299.99987
299.99994
299.99996
299.99996
299.99996
299.99996
299.99996
299.99996
299.99996
299.99996
299.99996
299.99996
299.99996
299.99996
299.99996
299.99996
299.99996
299.99996
299.99996
299.99997
299.99999
300.00001
300.00003
300.00006
300.00008
300.00009
343.82472
331.82697
321.47947
313.40015
307.5854
303.80428
301.64809
300.59779
300.17218
300.03414
300.00139
299.99762
299.99871
299.99955
299.99986
299.99994
299.99996
299.99996
299.99996
299.99996
299.99996
299.99996
299.99996
299.99996
299.99996
299.99996
299.99996
299.99996
299.99996
299.99996
299.99996
299.99996
299.99996
299.99997
299.99999
300.00001
300.00003
300.00006
300.00008
300.00009
343.81623
331.79608
321.43491
313.3756
307.59065
303.82506
301.66966
300.61289
300.18017
300.03743
300.00243
299.99785
299.99873
299.99954
299.99986
299.99994
299.99996
299.99996
299.99996
299.99996
299.99996
299.99996
299.99996
299.99996
299.99996
299.99996
299.99996
299.99996
299.99996
299.99996
299.99996
299.99996
299.99996
299.99997
299.99999
300.00001
300.00003
300.00006
300.00008
300.00009
343.80836
331.76611
321.38809
313.34573
307.59179
303.84353
301.69004
300.62747
300.18803
300.04073
300.00351
299.9981
299.99876
299.99954
299.99985
299.99994
299.99996
299.99996
299.99996
299.99996
299.99996
299.99996
299.99996
299.99996
299.99996
299.99996
299.99996
299.99996
299.99996
299.99996
299.99996
299.99996
299.99996
299.99997
299.99999
300.00001
300.00003
300.00006
300.00008
300.00009
343.80117
331.73742
321.33971
313.31075
307.58879
303.85989
301.70941
300.6416
300.19576
300.04404
300.00461
299.99837
299.99879
299.99953
299.99984
299.99994
299.99995
299.99996
299.99996
299.99996
299.99996
299.99996
299.99996
299.99996
299.99996
299.99996
299.99996
299.99996
299.99996
299.99996
299.99996
299.99996
299.99996
299.99997
299.99999
300.00001
300.00003
300.00006
300.00008
300.00009
343.79468
331.71031
321.29045
313.27082
307.58154
303.87429
301.72804
300.65547
300.20341
300.04734
300.00572
299.99864
299.99883
299.99952
299.99984
299.99993
299.99995
299.99996
299.99996
299.99996
299.99996
299.99996
299.99996
299.99996
299.99996
299.99995
299.99995
299.99995
299.99995
299.99995
299.99995
299.99996
299.99996
299.99997
299.99999
300.00001
300.00003
300.00006
300.00008
300.00009
343.78888
331.68499
321.24096
313.22608
307.56969
303.88674
301.74623
300.66929
300.21106
300.05063
300.00682
299.9989
299.99886
299.99951
299.99983
299.99992
299.99995
299.99995
299.99995
299.99995
299.99995
299.99995
299.99995
299.99995
299.99995
299.99995
299.99995
299.99995
299.99995
299.99995
299.99995
299.99995
299.99996
299.99997
299.99998
300
300.00003
300.00006
300.00008
300.00009
343.78378
331.66163
321.19186
313.17671
307.55266
303.89697
301.76413
300.68328
300.21882
300.05393
300.00788
299.99914
299.99887
299.9995
299.99981
299.99992
299.99994
299.99994
299.99994
299.99994
299.99994
299.99994
299.99994
299.99994
299.99994
299.99994
299.99995
299.99995
299.99995
299.99995
299.99995
299.99995
299.99996
299.99997
299.99998
300
300.00003
300.00006
300.00008
300.00009
343.77933
331.64034
321.14377
313.12302
307.52967
303.90429
301.78163
300.6976
300.2268
300.05727
300.00892
299.99934
299.99887
299.99947
299.9998
299.99991
299.99993
299.99994
299.99994
299.99994
299.99994
299.99994
299.99994
299.99994
299.99994
299.99994
299.99994
299.99994
299.99994
299.99994
299.99994
299.99995
299.99995
299.99996
299.99998
300
300.00003
300.00006
300.00008
300.00009
343.77551
331.62116
321.09731
313.06552
307.4999
303.90757
301.79825
300.71221
300.23507
300.06068
300.00992
299.9995
299.99884
299.99944
299.99978
299.9999
299.99992
299.99993
299.99993
299.99993
299.99993
299.99993
299.99993
299.99993
299.99993
299.99993
299.99993
299.99993
299.99993
299.99993
299.99994
299.99994
299.99995
299.99996
299.99997
300
300.00003
300.00007
300.00009
300.00009
343.77227
331.60412
321.05308
313.00499
307.46263
303.90534
301.813
300.7268
300.24363
300.06423
300.01093
299.99964
299.9988
299.9994
299.99976
299.99988
299.99991
299.99992
299.99992
299.99992
299.99992
299.99992
299.99992
299.99992
299.99992
299.99992
299.99992
299.99992
299.99992
299.99993
299.99993
299.99993
299.99994
299.99995
299.99997
300
300.00003
300.00007
300.00009
300.00009
343.76955
331.58916
321.01166
312.94264
307.41785
303.89635
301.82474
300.74082
300.25235
300.06792
300.01198
299.99977
299.99874
299.99935
299.99974
299.99987
299.99991
299.99991
299.99991
299.99991
299.99991
299.99991
299.99991
299.99991
299.99991
299.99991
299.99991
299.99992
299.99992
299.99992
299.99992
299.99993
299.99993
299.99995
299.99996
299.99999
300.00004
300.00007
300.00009
300.00009
343.76736
331.57628
320.97336
312.87895
307.36439
303.87789
301.83114
300.75315
300.26096
300.07182
300.01317
299.99995
299.9987
299.9993
299.99972
299.99986
299.9999
299.99991
299.99991
299.99991
299.99991
299.99991
299.99991
299.99991
299.99991
299.99991
299.99991
299.99991
299.99991
299.99991
299.99991
299.99992
299.99993
299.99994
299.99996
300
300.00004
300.00007
300.00009
300.00009
343.76553
331.56544
320.94042
312.82125
307.31202
303.85652
301.83428
300.76349
300.2687
300.07543
300.01428
300.00012
299.99866
299.99926
299.9997
299.99985
299.9999
299.9999
299.99991
299.99991
299.99991
299.99991
299.99991
299.99991
299.99991
299.99991
299.99991
299.99991
299.99991
299.99991
299.99991
299.99991
299.99992
299.99994
299.99996
300
300.00004
300.00008
300.00009
300.00009
343.76431
331.55397
320.89828
312.73434
307.21405
303.79658
301.81856
300.76978
300.27809
300.08116
300.01659
300.00076
299.99876
299.99926
299.99969
299.99985
299.9999
299.99991
299.99991
299.99991
299.99991
299.99991
299.99991
299.99991
299.99991
299.99991
299.99991
299.99991
299.99991
299.99991
299.99991
299.99991
299.99992
299.99994
299.99997
300.00001
300.00005
300.00008
300.00009
300.00009
)
;

boundaryField
{
    wall
    {
        type            fixedValue;
        value           uniform 350;
    }
    sides
    {
        type            zeroGradient;
    }
    frontAndBack
    {
        type            empty;
    }
    inlet
    {
        type            fixedValue;
        value           uniform 300;
    }
    outlet
    {
        type            zeroGradient;
    }
}


// ************************************************************************* //
