/*--------------------------------*- C++ -*----------------------------------*\
  =========                 |
  \\      /  F ield         | OpenFOAM: The Open Source CFD Toolbox
   \\    /   O peration     | Website:  https://openfoam.org
    \\  /    A nd           | Version:  10
     \\/     M anipulation  |
\*---------------------------------------------------------------------------*/
FoamFile
{
    format      ascii;
    class       volScalarField;
    location    "0.19";
    object      TporMedia_0;
}
// * * * * * * * * * * * * * * * * * * * * * * * * * * * * * * * * * * * * * //

dimensions      [0 0 0 1 0 0 0];

internalField   nonuniform List<scalar> 
4000
(
-0.00014071759
6.1028034e-05
0.00053148551
0.00061273319
0.00046050311
0.00053100584
0.00057385019
0.00059989154
0.00056326263
0.00043989515
0.00067298571
0.00052389094
0.00058034313
0.00062857688
0.0004293219
0.0005382939
0.00047458575
0.00050216276
0.00048651326
0.00072743234
0.00046761258
0.00068184798
0.00049776247
0.00047031819
0.00046283105
0.00048972566
0.00066294943
0.00038491546
0.0005749417
0.00049049181
0.00062586059
0.00050133677
0.00058155436
0.00043010079
0.00049810092
0.000521645
0.0004365977
0.00047701941
0.00054921449
0.00039565986
-1.4657258e-05
2.3380891e-12
5.9838506e-11
1.0846769e-09
3.6325793e-10
3.49792e-10
3.3157171e-10
6.7086094e-10
4.1884536e-10
2.9603864e-10
5.2307017e-10
6.8266983e-10
4.3848035e-10
4.8320388e-10
3.9747978e-10
4.8670191e-10
3.5059474e-10
6.1780968e-10
4.0667656e-10
6.7963406e-10
4.6822625e-10
5.3797392e-10
3.5719726e-10
4.3204925e-10
3.3566957e-10
3.3065325e-10
3.8259289e-10
4.1214635e-10
4.8021663e-10
2.6974702e-10
5.2402009e-10
4.0277615e-10
5.0625629e-10
2.8110852e-10
2.7800125e-10
4.0670641e-10
2.6120267e-10
2.2068271e-10
4.1398499e-10
3.4867491e-10
-5.9185873e-06
-8.4365111e-13
2.2260855e-18
3.4264436e-16
7.0091352e-16
2.9119172e-16
2.4016223e-16
8.5207005e-16
2.8002343e-16
2.7667248e-16
4.4999363e-16
6.5537933e-16
2.4468365e-16
5.7061389e-16
2.8775536e-16
4.8284095e-16
3.0932422e-16
5.789613e-16
3.7125786e-16
3.995394e-16
3.4730697e-16
4.2618705e-16
3.0600966e-16
2.9808059e-16
1.9456655e-16
2.7719031e-16
3.0482389e-16
4.8621284e-16
2.679495e-16
1.5769894e-16
2.887714e-16
2.9779103e-16
3.7896248e-16
2.3933607e-16
1.8581504e-16
3.2802864e-16
1.6589403e-16
1.871331e-16
5.3160046e-16
2.3844918e-16
-3.2275905e-06
6.1681331e-14
1.2256681e-21
2.733638e-23
2.5871011e-21
2.2676776e-22
1.2832968e-22
7.7685105e-22
2.1427796e-22
1.846244e-22
5.2567372e-22
3.9167514e-22
2.5922342e-22
4.1601987e-22
2.7023784e-22
3.0791898e-22
1.7512253e-22
4.7822519e-22
2.918275e-22
3.7159712e-22
2.0861065e-22
3.9091241e-22
2.0902057e-22
1.9619082e-22
1.3962541e-22
2.6806247e-22
3.7872203e-22
4.5948202e-22
1.8488489e-22
1.3572357e-22
3.385806e-22
3.0808096e-22
3.6900698e-22
1.5690941e-22
1.0756087e-22
3.4370137e-22
1.2620564e-22
1.07961e-22
4.2418599e-22
1.9608577e-22
-2.0632495e-06
1.222446e-14
1.8809523e-22
6.7219112e-30
1.5430006e-27
1.4132148e-27
7.6937778e-29
5.5771419e-28
1.4837861e-28
1.2577737e-28
3.1356885e-28
3.0879992e-28
2.9668172e-28
5.0474599e-28
3.5007213e-28
2.5520115e-28
1.4877658e-28
2.7280129e-28
1.6095186e-28
3.1641926e-28
2.0627509e-28
3.9206009e-28
1.1826433e-28
1.4195209e-28
1.4895339e-28
1.8472801e-28
2.6475218e-28
3.3099326e-28
1.2941122e-28
1.0393971e-28
3.1177559e-28
2.2510565e-28
2.9055585e-28
1.0294108e-28
7.1521916e-29
3.1010651e-28
7.1774338e-29
5.1303323e-29
3.0811864e-28
1.2351974e-28
-1.4625501e-06
4.1795446e-15
8.0415129e-23
1.2751787e-30
2.2800234e-34
-1.7879768e-33
1.135261e-34
2.9859938e-34
1.0458744e-34
7.07e-35
4.3180224e-34
1.7876707e-34
3.2771062e-34
3.2289233e-34
2.3184858e-34
2.173112e-34
1.0981252e-34
2.3016443e-34
9.0641762e-35
3.0041409e-34
1.0526099e-34
3.1851819e-34
5.9935301e-35
9.7205816e-35
1.3859374e-34
1.2255468e-34
3.2993821e-34
3.3024646e-34
1.8550701e-34
8.3771823e-35
3.3855933e-34
1.6589674e-34
1.2581478e-34
6.4043897e-35
1.1305908e-34
2.5765696e-34
3.5459235e-35
4.8556448e-35
2.2421567e-34
1.152893e-34
-1.1140206e-06
1.8644536e-15
-4.9756185e-22
-4.8875077e-30
-2.4793648e-37
1.0869116e-39
1.1312822e-40
2.465081e-40
7.5347021e-41
7.445353e-41
3.69133e-40
2.1343513e-40
2.8774128e-40
3.1524803e-40
2.0927412e-40
2.3515943e-40
9.2557077e-41
2.3287541e-40
9.5704599e-41
1.6912945e-40
6.9928085e-41
2.5361961e-40
5.8179414e-41
5.4248737e-41
9.1493225e-41
1.0128484e-40
2.2688364e-40
3.3912213e-40
1.7866379e-40
1.0880883e-40
5.2244261e-40
1.1886273e-40
9.2726162e-41
3.1882791e-41
6.817211e-41
2.3569022e-40
3.703222e-41
4.9722432e-41
1.3694843e-40
6.6382723e-41
-8.9450607e-07
9.8273747e-16
-8.2871793e-24
-5.8602899e-32
-1.3633432e-39
4.0276328e-46
-1.3341164e-46
1.7674686e-46
5.8161721e-47
4.7040164e-47
2.7750668e-46
2.1761238e-46
2.2666562e-46
3.4706978e-46
1.6555401e-46
1.2888194e-46
7.5383686e-47
1.7854969e-46
5.7824763e-47
1.503729e-46
8.8250873e-47
1.8935455e-46
3.7991033e-47
3.2034226e-47
5.69092e-47
6.9570403e-47
2.0680444e-46
2.0300844e-46
1.6249411e-46
6.8884591e-47
3.3839676e-46
7.5768528e-47
8.1313884e-47
2.3176204e-47
6.0510228e-47
1.306082e-46
5.7321472e-47
2.5067259e-47
8.7788845e-47
4.5941686e-47
-7.4481658e-07
5.78788e-16
-1.9060352e-24
-1.1138993e-32
-1.4013494e-40
-4.5124048e-47
8.4699492e-53
5.0113367e-52
4.9889074e-53
2.7368319e-53
1.5060358e-52
1.6720507e-52
2.280989e-52
6.6013669e-52
1.3178491e-52
8.4503207e-53
4.8602432e-53
1.1037237e-52
3.7663943e-53
9.3307095e-53
4.6665267e-53
1.2231811e-52
2.3436956e-53
2.3429924e-53
5.2192507e-53
5.4597568e-53
1.2728381e-52
1.6898855e-52
9.732311e-53
5.5620895e-53
2.4631666e-52
7.3644862e-53
4.7597624e-53
1.404681e-53
3.5526849e-53
8.1357807e-53
2.4385394e-53
2.007188e-53
4.5339357e-53
3.1560477e-53
-6.3225894e-07
3.6582984e-16
-6.4068939e-25
-3.5709534e-33
-2.8246223e-41
-2.3107622e-48
6.3185878e-55
1.2094389e-57
4.0980269e-59
1.1613623e-59
1.9400967e-58
1.2509002e-58
1.4819382e-58
5.0748207e-58
9.1486473e-59
7.9189984e-59
4.3993602e-59
8.9096164e-59
4.4789316e-59
6.0543553e-59
2.902092e-59
7.7966639e-59
2.0494156e-59
2.0949438e-59
5.1589035e-59
3.0455983e-59
8.6383448e-59
1.4877058e-58
1.0825982e-58
3.5360184e-59
2.0601551e-58
5.3455923e-59
4.7073444e-59
1.0193013e-59
2.035192e-59
7.2176116e-59
1.7141202e-59
8.9889604e-60
2.9379198e-59
1.9554013e-59
-5.4069819e-07
2.4149996e-16
-2.5993747e-25
-1.6827446e-33
-9.0801313e-42
-3.0465812e-49
6.3533123e-56
-8.1958102e-62
3.6566223e-65
9.553928e-66
2.0434597e-64
9.012906e-65
1.1015747e-64
5.9810821e-64
7.9731091e-65
1.1800099e-64
2.8599506e-65
6.160223e-65
3.1242071e-65
8.085897e-65
3.4113374e-65
6.6526958e-65
1.6616735e-65
1.1483461e-65
5.085598e-65
2.0227347e-65
6.8101592e-65
8.9477618e-65
8.7377126e-65
2.87479e-65
1.1922676e-64
3.6380834e-65
3.7505122e-65
5.3161716e-66
1.1678939e-65
7.4189392e-65
1.6349424e-65
7.590813e-66
3.3823962e-65
1.0931605e-65
-4.622199e-07
1.6356952e-16
-1.1788866e-25
-1.4187763e-33
-5.6638453e-42
-9.9546174e-50
2.199519e-56
-1.209541e-62
-1.8432238e-68
4.9964396e-72
2.612095e-70
7.4631331e-71
1.1205782e-70
3.6844484e-70
6.5430197e-71
1.2734217e-70
2.1488277e-71
6.0941585e-71
2.0890664e-71
5.9510305e-71
3.0706294e-71
5.1693384e-71
1.0447858e-71
1.0595521e-71
4.626981e-71
2.6765845e-71
5.0412411e-71
1.2589827e-70
5.6712032e-71
2.120105e-71
1.1979402e-70
2.5011767e-71
2.3754692e-71
5.4631052e-72
1.1242382e-71
3.8904747e-71
1.0202356e-71
5.2291929e-72
2.2198313e-71
9.1445974e-72
-3.9364832e-07
1.1244972e-16
-5.7439635e-26
1.170032e-33
3.668806e-42
3.8514859e-50
-1.7405222e-56
4.1213715e-63
9.1673424e-69
7.6992236e-75
3.7163514e-76
6.0057892e-77
1.0908903e-76
3.4509877e-76
5.1680416e-77
1.0346063e-76
1.270924e-77
3.4662715e-77
1.4414728e-77
4.5435259e-77
2.2939933e-77
3.948789e-77
8.7329428e-78
8.2997422e-78
3.0662453e-77
2.4284783e-77
3.2592594e-77
9.8600805e-77
3.4898277e-77
2.6912678e-77
8.0471867e-77
1.6952638e-77
1.2078199e-77
4.3031517e-78
9.0958057e-78
2.6151343e-77
5.9284477e-78
4.549013e-78
1.3555471e-77
6.1887779e-78
-3.3318485e-07
7.7906645e-17
-2.9355064e-26
1.1540953e-34
3.0123985e-43
2.0543836e-51
4.2737577e-58
-6.1114616e-65
2.9639126e-70
1.8442549e-76
3.904419e-82
4.2770405e-83
9.2924209e-83
6.2736117e-82
4.0240575e-83
6.7882891e-83
9.6023337e-84
3.6240869e-83
1.1108992e-83
4.3288778e-83
1.9199335e-83
2.8205026e-83
8.2331601e-84
4.4572672e-84
4.0587053e-83
2.0299331e-83
2.7861554e-83
6.5239249e-83
4.6053759e-83
1.9093023e-83
4.9553943e-83
1.0988884e-83
1.0578994e-83
2.7074782e-84
6.257619e-84
2.1868712e-83
4.4595585e-84
3.7986826e-84
2.1212384e-83
4.3337006e-84
-2.8135779e-07
5.4413028e-17
-1.5590921e-26
2.8419922e-35
6.5126735e-44
3.0715622e-52
1.732694e-59
-2.0786005e-66
1.2751394e-72
1.4942967e-78
2.5119218e-84
1.1134508e-88
6.3022696e-89
5.7146015e-88
2.4733822e-89
6.9896924e-89
1.117464e-89
5.3575335e-89
8.3929562e-90
7.1404595e-89
3.8386697e-89
2.6497878e-89
1.1470741e-89
3.8898065e-90
6.1912579e-89
1.7584481e-89
3.0344221e-89
4.5382353e-89
4.794314e-89
3.1956842e-89
4.9245669e-89
1.6510595e-89
6.556157e-90
2.9937948e-90
3.9693887e-90
1.6428836e-89
3.126251e-90
2.3598957e-90
1.861506e-89
4.1877948e-90
-2.3752771e-07
3.8305997e-17
-8.5385922e-27
8.9942578e-36
1.9149468e-44
6.5893032e-53
1.7870779e-60
-1.770038e-67
6.3336133e-74
8.2933385e-80
9.4636573e-86
6.8027978e-92
3.5613256e-95
8.961809e-94
2.6378419e-95
4.0239308e-95
9.688722e-96
4.2743495e-95
7.151074e-96
8.5801076e-95
3.9306482e-95
2.8658958e-95
8.0205122e-96
3.3923042e-96
4.1664368e-95
1.7186422e-95
2.6313138e-95
4.0239803e-95
3.7000063e-95
2.7536522e-95
4.1826978e-95
1.1106697e-95
6.6833863e-96
1.6387169e-96
2.6235693e-96
2.6305296e-95
2.3010808e-96
1.8934749e-96
1.3397143e-95
3.7953792e-96
-2.0088343e-07
2.7187951e-17
-4.8025075e-27
3.2609572e-36
6.8961661e-45
1.8034456e-53
2.7143844e-61
-2.558444e-68
5.8549798e-75
1.3306942e-80
9.4082623e-87
1.0316335e-92
1.2732487e-98
8.0578092e-100
1.7427333e-101
4.3809613e-101
7.2828947e-102
3.1110489e-101
7.2422601e-102
6.5371918e-101
4.4705979e-101
2.5895463e-101
6.8120313e-102
2.0535382e-102
3.6262809e-101
1.1238852e-101
3.2901009e-101
3.6016815e-101
5.0523941e-101
3.0698754e-101
3.6470561e-101
9.5457328e-102
6.1611166e-102
1.2427451e-102
2.060419e-102
1.9957516e-101
1.7238207e-102
1.0911557e-102
1.1472169e-101
1.9435879e-102
-1.7039962e-07
1.9462272e-17
-2.7648861e-27
1.2895146e-36
2.9756692e-45
6.1203716e-54
5.7598963e-62
-6.546216e-69
9.8355726e-76
1.4104402e-79
1.6697819e-85
2.3624455e-91
1.8628273e-97
1.7084118e-103
1.4097979e-107
2.8236434e-107
7.4271951e-108
2.7654272e-107
6.4432659e-108
5.8124273e-107
3.9314613e-107
2.3496999e-107
4.8421138e-108
1.8531385e-108
3.195208e-107
1.1064768e-107
1.9681788e-107
2.7548954e-107
3.367768e-107
3.4859926e-107
2.7634948e-107
4.7571197e-108
3.9052817e-108
8.1684162e-109
1.6099989e-108
1.1603696e-107
1.2120272e-108
6.3578367e-109
7.9982378e-108
2.1425849e-108
-1.4510113e-07
1.4049915e-17
-1.6251169e-27
5.4483503e-37
1.6154873e-45
2.7005119e-54
1.6981555e-62
-4.2176526e-69
4.6887818e-76
-7.066735e-81
-3.7240829e-87
-3.1008637e-93
-2.4762883e-99
-2.2265778e-105
-2.1529331e-111
2.1137851e-113
7.2821551e-114
1.7646022e-113
6.3829008e-114
4.1858158e-113
5.3423786e-113
1.738362e-113
3.6673716e-114
1.5314521e-114
2.3659541e-113
8.5505906e-114
1.3134887e-113
1.5247015e-113
4.2621896e-113
2.9817604e-113
2.2699067e-113
3.904601e-114
3.2779206e-114
3.9773905e-115
1.6545912e-114
1.2106612e-113
7.1803974e-115
3.5338753e-115
6.2202248e-114
1.9547023e-114
-1.2403506e-07
1.0225455e-17
-9.7283769e-28
2.4233136e-37
1.4389557e-45
2.0152731e-54
8.9303232e-63
1.6836129e-69
-1.3428476e-76
7.5492146e-83
1.040647e-88
6.9015032e-95
3.4620685e-101
2.1908146e-107
2.2865746e-113
5.9720867e-119
5.3184394e-120
1.3160469e-119
3.7480402e-120
4.377332e-119
4.9988094e-119
2.9832176e-119
2.1247138e-120
1.3070095e-120
2.1171813e-119
6.3143025e-120
7.1170391e-120
1.1536557e-119
2.8337844e-119
2.3265883e-119
1.2805744e-119
3.102187e-120
1.9629269e-120
3.3086388e-121
1.0359104e-120
7.5532641e-120
5.5275664e-121
2.770814e-121
3.8014716e-120
1.7666296e-120
-1.0639794e-07
7.4950628e-18
-5.9167354e-28
1.1226292e-37
-1.2399433e-45
-1.4939045e-54
-4.8501989e-63
-2.6103391e-70
1.7792134e-77
-5.4303787e-84
-3.2983822e-90
-2.88968e-96
-3.0482478e-102
-2.3633751e-108
-1.4806707e-114
-1.4958678e-120
4.3617701e-126
1.1679957e-125
2.1356442e-126
2.8349173e-125
3.0849054e-125
1.5452251e-125
1.268906e-126
1.7984407e-126
1.4771644e-125
4.1520733e-126
6.7298248e-126
8.8516971e-126
1.819197e-125
1.2492923e-125
7.1935773e-126
1.8899445e-126
1.7619187e-126
1.85028e-127
5.5310046e-127
5.1060983e-126
3.8669032e-127
1.6045766e-127
3.2316707e-126
1.8944945e-126
-9.1601437e-08
5.5324422e-18
-3.6507596e-28
5.3830059e-38
-1.1675337e-46
-1.2435336e-55
-3.0503865e-64
-7.4187221e-72
4.5922323e-79
-9.8188965e-86
-9.9323179e-92
-1.0092295e-97
-9.2599788e-104
-9.4720103e-110
-8.2217429e-116
-6.4535976e-122
-8.0172688e-128
9.948785e-132
1.7545715e-132
1.8163315e-131
2.5477078e-131
1.3607344e-131
1.4125177e-132
1.4246409e-132
1.6282263e-131
2.8523011e-132
5.1053164e-132
5.0305792e-132
1.7085133e-131
9.0655673e-132
4.222545e-132
1.3811552e-132
8.3217227e-133
1.5384178e-133
3.1052438e-133
3.7101717e-132
2.4527223e-133
1.245219e-133
2.1685108e-132
3.7444656e-132
-7.9076693e-08
4.107663e-18
-2.2807481e-28
2.6571756e-38
-2.7493416e-47
-2.6580128e-56
-5.0712746e-65
-7.1382238e-73
4.2050259e-80
-5.9224455e-87
-8.133873e-93
-1.0395101e-98
-1.1638389e-104
-7.8116682e-111
-6.7670893e-117
-6.4296863e-123
-6.8079174e-129
-7.6008366e-135
1.0719164e-138
1.1083494e-137
1.5490399e-137
1.8627759e-137
1.4302843e-138
7.245721e-139
1.4755117e-137
2.1725112e-138
4.4438668e-138
3.2035991e-138
1.2394131e-137
8.6996235e-138
2.8858476e-138
9.3553276e-139
5.3037168e-139
1.2794273e-139
2.063876e-139
2.2007001e-138
1.2579717e-139
1.1662876e-139
2.6805979e-138
3.5561316e-137
-6.8441384e-08
3.0664733e-18
-1.4408138e-28
1.3445494e-38
-8.2390517e-48
-7.4706571e-57
-1.1354063e-65
-1.0166539e-73
6.1809703e-81
-6.6930041e-88
-1.8563189e-93
-1.0016994e-99
-9.9896202e-106
-1.377201e-111
-1.0364408e-117
-6.4910053e-124
-4.6604289e-130
-3.5865412e-136
-3.5518083e-142
6.6604512e-144
1.304046e-143
1.8585617e-143
7.565088e-145
6.4120469e-145
1.243231e-143
1.9384974e-144
2.6954791e-144
2.7676183e-144
6.5241335e-144
7.0905318e-144
1.5363538e-144
4.7284275e-145
3.3647675e-145
7.5932485e-146
1.1297985e-145
1.53317e-144
8.468537e-146
8.087396e-146
1.5433186e-144
5.3427832e-141
-5.9362291e-08
2.3002437e-18
-9.1930826e-29
6.9524176e-39
-2.79442e-48
-2.4599422e-57
-3.0426092e-66
-1.8508016e-74
1.4111596e-81
-1.1455726e-88
1.1199131e-94
7.2495606e-101
4.7039491e-107
3.0082943e-113
2.2158026e-119
2.2427548e-125
1.2632449e-131
8.218863e-138
6.5133348e-144
1.3573973e-149
1.3823123e-149
1.3325373e-149
6.0229011e-151
4.9124001e-151
9.1662455e-150
1.3851366e-150
1.89079e-150
1.5195739e-150
5.9568643e-150
6.6880898e-150
8.7319251e-151
2.8382933e-151
2.2053057e-151
4.4779095e-152
6.734611e-152
8.7848863e-151
5.5859236e-152
5.4312655e-152
1.5414476e-150
-1.0305755e-146
-5.1582315e-08
1.7329431e-18
-5.9181145e-29
3.6638359e-39
-1.0270789e-48
-9.1762489e-58
-9.4117808e-67
-4.0635276e-75
6.0438139e-82
-4.0029768e-89
2.3173795e-95
2.2157335e-101
2.7937862e-107
3.4308667e-113
2.1546365e-119
3.3896677e-125
2.268765e-131
1.5579579e-137
1.4199565e-143
1.1462724e-149
1.6510847e-155
8.8610705e-156
5.4946772e-157
3.2740586e-157
8.6549461e-156
1.0756935e-156
1.3922553e-156
1.0528247e-156
4.6058103e-156
1.1169453e-155
5.1061172e-157
3.5518126e-157
3.6371134e-157
2.6327412e-158
3.9856464e-158
9.6387242e-157
3.0674712e-158
4.1433665e-158
1.7290616e-156
9.6491616e-153
-4.489217e-08
1.3105452e-18
-3.8403586e-29
1.9634757e-39
-4.0020826e-49
-3.8710666e-58
-3.3552335e-67
-1.0669041e-75
-2.6032843e-82
1.446914e-89
-3.8613626e-96
-3.155219e-102
-2.3077406e-108
-1.9983959e-114
-1.8262323e-120
-1.8789999e-126
-2.3654292e-132
-2.8928008e-138
-2.549882e-144
-1.7890616e-150
-1.9519746e-156
4.2079015e-162
4.9483703e-163
2.1631231e-163
1.1612483e-161
1.0843755e-162
1.346606e-162
7.1900875e-163
4.9922372e-162
8.3137544e-162
3.0288005e-163
3.4857297e-163
1.8563526e-163
1.9017227e-164
2.2552115e-164
7.3781605e-163
2.1623396e-164
5.7701722e-164
1.5943417e-161
-7.4626722e-159
-3.9116454e-08
9.9436996e-19
-2.5097388e-29
1.068024e-39
-1.6312079e-49
-1.8911813e-58
-1.4090358e-67
-3.4010529e-76
-1.652439e-83
7.7919001e-91
-1.6924583e-97
-3.1843322e-103
-1.7394671e-109
-1.8081751e-115
-1.5278009e-121
-1.1534085e-127
-1.2539735e-133
-9.7525573e-140
-7.0935749e-146
-4.7556451e-152
-3.8711539e-158
-2.6113825e-164
4.0756388e-169
1.7697468e-169
7.939154e-168
8.7577327e-169
1.220493e-168
6.1945623e-169
5.4393509e-168
1.053987e-167
1.9630483e-169
2.7391098e-169
1.2908416e-169
2.0583896e-170
2.0127376e-170
5.6056215e-169
2.1768685e-170
7.6737232e-170
-2.2512325e-166
3.6081843e-165
-3.4121319e-08
7.5674478e-19
-1.6507933e-29
5.8876776e-40
-6.8997193e-50
-1.1837097e-58
-7.7068414e-68
-1.4435361e-76
-3.3062605e-84
1.4517919e-91
-1.9689567e-98
2.8570584e-103
1.5180827e-109
1.7614449e-115
1.9958271e-121
1.4866135e-127
1.5857394e-133
3.1357841e-139
3.6259345e-145
3.1306999e-151
3.4818486e-157
3.1938693e-163
3.2899566e-169
9.3073703e-175
9.2567014e-174
8.6478717e-175
9.8428857e-175
3.744774e-175
5.011431e-174
1.0354293e-173
1.4913816e-175
2.0058649e-175
8.8402631e-176
1.0373698e-176
1.4510966e-176
4.0184253e-175
2.2387976e-176
6.6663698e-176
5.6666668e-172
-1.5839897e-171
-2.9791437e-08
5.7743028e-19
-1.0921693e-29
3.2851504e-40
-3.0098172e-50
-1.7697828e-58
-1.0237648e-67
-1.5205726e-76
-2.0264558e-84
8.3112738e-92
-8.6012662e-99
9.4245375e-105
7.1517359e-111
9.9768661e-117
7.9193307e-123
1.3128794e-128
1.0152864e-134
2.6185175e-140
2.9937541e-146
3.3675099e-152
2.7875067e-158
2.2448422e-164
3.3551389e-170
2.5363323e-176
2.39803e-179
6.2750212e-181
9.6320264e-181
4.0513282e-181
2.8630484e-180
6.6217677e-180
1.5455924e-181
2.1339346e-181
6.3225513e-182
8.7913389e-183
1.5322588e-182
2.7804814e-181
2.7458385e-182
1.4806601e-181
4.5095696e-177
6.6360713e-178
-2.6028554e-08
4.415873e-19
-7.2628244e-30
1.8528862e-40
-1.3477394e-50
3.3321878e-59
1.7429292e-68
2.0884542e-77
1.7765051e-85
-7.309152e-93
5.8776384e-100
-5.2437828e-106
-7.9722333e-112
-8.9374875e-118
-1.3192309e-123
-1.2725011e-129
-1.0116208e-135
-9.1319657e-142
-1.4222149e-147
-1.7346889e-153
-1.2456491e-159
-1.2035254e-165
-8.5853708e-172
-1.2739324e-177
-1.1435335e-183
8.6867644e-187
8.9577479e-187
3.3432819e-187
2.861897e-186
7.1289918e-186
2.0342191e-187
1.9611704e-187
6.7160121e-188
5.1710566e-189
1.2759759e-188
2.1955321e-187
1.9803209e-188
8.6388801e-188
-1.1401824e-182
-3.7816901e-184
-2.2756527e-08
3.3839431e-19
-4.8526383e-30
1.0553709e-40
-6.1742123e-51
5.2655095e-60
2.5356091e-69
2.49327e-78
1.4635269e-86
-6.923743e-94
4.6019654e-101
-2.4676153e-107
-1.721846e-113
-2.3985107e-119
-3.9815197e-125
-3.6383852e-131
-2.9076351e-137
-2.5973043e-143
-2.5316486e-149
-3.088641e-155
-2.5068611e-161
-2.4995902e-167
-2.4776909e-173
-1.8785479e-179
-1.4463038e-185
-1.268179e-191
1.0635053e-192
4.3014069e-193
2.3034741e-192
9.087409e-192
1.4547895e-193
1.8661918e-193
6.8107811e-194
3.9894909e-195
8.0874526e-195
2.804796e-193
2.5396082e-194
1.6642425e-193
8.7644197e-189
4.5886693e-190
-1.9904852e-08
2.5974509e-19
-3.2555769e-30
6.0642385e-41
-2.885922e-51
1.3286872e-60
6.0084198e-70
4.9180352e-79
2.0652956e-87
-1.2395186e-94
6.7882442e-102
-2.2236018e-108
-7.5690266e-113
-6.6446657e-119
-6.5084541e-125
-1.0365977e-130
-6.8995419e-137
-8.8664607e-143
-1.0891805e-148
-1.134877e-154
-2.0478934e-160
-1.7919986e-166
-2.3562484e-172
-3.2858502e-178
-4.5234756e-184
-5.8762539e-190
-6.7176765e-196
3.238646e-199
2.3580443e-198
6.5707928e-198
1.427781e-199
1.8466159e-199
6.4128743e-200
2.7094603e-201
4.6015499e-201
2.4224466e-199
7.284673e-200
2.2275469e-199
-1.7246723e-194
5.6542664e-196
-1.7417702e-08
1.9966651e-19
-2.192224e-30
3.5125642e-41
-1.3729396e-51
3.9896527e-61
1.7329895e-70
1.197565e-79
3.7411593e-88
-4.9462497e-95
2.3723532e-102
-6.7575133e-109
-8.9431335e-115
-2.8753036e-120
-6.2253211e-126
-9.1036374e-132
-8.436527e-138
-6.8246171e-144
-8.5633808e-150
-1.2643507e-155
-2.7842877e-161
-4.7457813e-167
-8.7254508e-173
-1.7144635e-178
-1.2550107e-184
-3.9905267e-190
-3.9219222e-196
-5.6434606e-202
2.1076326e-204
9.0444731e-204
1.3536104e-205
1.7149535e-205
5.004668e-206
2.0188125e-207
4.9978903e-207
2.7105707e-205
4.8983575e-206
4.8270488e-205
4.3162149e-200
2.0956386e-202
-1.524517e-08
1.5365964e-19
-1.4809023e-30
2.0491287e-41
-6.6353237e-52
1.320254e-61
5.6618035e-71
3.3484167e-80
7.9837207e-89
1.2796836e-95
-5.3115971e-103
8.2232793e-110
-2.0451348e-115
-2.3140907e-121
-2.2435088e-127
-1.8394833e-132
-2.1666584e-138
-3.5849628e-144
-8.1543826e-150
-1.1421085e-155
-1.2484186e-161
-3.5548113e-167
-5.8651105e-173
-7.9878776e-179
-7.8702796e-185
-1.0266702e-190
-1.8126392e-196
-1.3723504e-202
-1.3819952e-208
1.2909856e-209
1.390171e-211
1.7766316e-211
2.9307814e-212
2.3556264e-213
4.3144532e-213
4.9241492e-211
4.2228551e-212
9.500445e-211
-1.2015367e-205
4.0170681e-209
-1.3347066e-08
1.1836748e-19
-1.0032172e-30
1.2031392e-41
-3.252295e-52
4.6634067e-62
2.0432559e-71
1.0465887e-80
1.950211e-89
7.5326944e-97
-2.7893503e-104
3.5013126e-111
-8.8402869e-117
-1.6281887e-122
-2.6796924e-128
-9.4423685e-134
-1.0847392e-139
-2.0160744e-145
-2.7838443e-151
-1.7386011e-156
-2.9867807e-162
-6.2495161e-168
-6.5050859e-174
-1.5213311e-179
-2.5928143e-185
-4.3242321e-191
-3.5048023e-197
-3.9138283e-203
-8.1588156e-209
-6.6585357e-215
1.5391565e-217
1.5944503e-217
2.0181236e-218
1.6706611e-219
4.2304962e-219
6.0509192e-217
5.499375e-218
5.9367809e-216
-8.8600719e-212
7.2203189e-216
-1.168785e-08
9.1252479e-20
-6.8129469e-31
7.1055242e-42
-1.6144664e-52
1.7282348e-62
8.1012276e-72
3.6374836e-81
5.3872838e-90
1.0282991e-97
-3.5748017e-105
3.6405693e-112
-6.2541651e-118
-4.9248656e-123
4.3910101e-128
-1.4393076e-132
-3.2513662e-138
-7.1999501e-144
-7.9512239e-149
-2.1192244e-154
-3.1118763e-160
-3.8959041e-166
-6.6216068e-172
-5.0329934e-178
-1.6188638e-183
-2.3818552e-189
-5.6059998e-194
-1.4450164e-199
-1.3299611e-205
-1.5113948e-211
-3.1231523e-217
-3.3958595e-223
2.6000357e-224
1.2154726e-225
4.7908014e-225
6.2898522e-223
6.1013009e-224
2.0056058e-221
-8.2800542e-218
9.9989834e-223
-1.0237193e-08
7.0395945e-20
-4.6367648e-31
4.2185427e-42
-8.1069564e-53
6.6523488e-63
3.5821004e-72
1.4278084e-81
1.7094009e-90
1.9897966e-98
-6.8235903e-106
5.6748057e-113
-2.9383021e-119
-3.7836489e-125
-1.3221593e-130
-1.3144772e-136
6.3683841e-140
4.0502462e-145
8.4339116e-151
-1.5293991e-155
-4.7819371e-161
-7.0535689e-167
-1.8277895e-172
-3.1924147e-178
-1.5588291e-183
-6.5509304e-189
-4.935604e-194
-3.2812911e-200
-4.2505682e-206
-1.0272809e-211
-2.7175379e-217
-3.0993736e-223
-5.2165168e-229
1.6747159e-231
5.1359536e-231
1.782132e-228
1.2468432e-229
2.4460097e-226
-4.5359272e-224
1.2553863e-229
-8.969472e-09
5.4339695e-20
-3.1618328e-31
2.5166187e-42
-4.113667e-53
2.6410674e-63
1.8520461e-72
6.6278208e-82
6.5184723e-91
4.9846717e-99
-1.7238672e-106
1.1492927e-113
-7.3293457e-120
-1.6235506e-125
-4.4629849e-131
-1.1699152e-136
-1.678871e-142
2.9611276e-147
-1.1613742e-151
-5.5063812e-157
-1.014806e-162
-8.1862264e-168
-2.8797811e-173
2.8261832e-178
4.570097e-184
4.9109239e-190
-3.596566e-195
-9.4395347e-201
-1.1519326e-206
-2.9557671e-212
-3.7025054e-218
-5.9821871e-224
-7.6473258e-230
-1.0021479e-235
8.2199285e-236
5.3004282e-234
4.1230435e-235
1.0356341e-231
-1.3598062e-230
1.313188e-236
-7.862279e-09
4.197394e-20
-2.160037e-31
1.5080664e-42
-2.1076319e-53
1.076482e-63
1.3280528e-72
4.3227293e-82
3.5351512e-91
1.9101847e-99
-7.4600045e-107
4.2192511e-114
-1.2953212e-120
-1.3019272e-124
-9.5367122e-130
-1.6845987e-135
-3.3064457e-141
-3.1588188e-146
-1.1390044e-151
3.5656698e-157
9.3959307e-163
1.7289624e-167
-1.5133984e-171
-3.7808386e-177
-5.0065632e-183
-1.0104845e-188
-7.2849086e-195
1.0813577e-199
9.2029195e-206
1.9813474e-211
2.6361073e-217
3.2484235e-223
4.3001399e-229
8.9513436e-235
1.5096736e-240
1.894051e-238
-1.6855335e-240
5.9462471e-237
-4.1291102e-237
1.00175e-243
-6.8963098e-09
3.2447876e-20
-1.4783131e-31
9.0753505e-43
-1.0895752e-53
4.4889308e-64
-1.6770967e-71
-5.0267456e-81
-3.4629383e-90
-1.3700563e-98
6.9364976e-106
-3.4070102e-113
7.6920662e-120
-1.4483141e-124
1.4919705e-129
6.6790756e-135
-3.8493925e-139
2.1811524e-144
1.2258216e-149
1.6960129e-155
7.2454333e-160
4.6678697e-165
7.7298604e-171
1.2509346e-176
-5.62086e-182
-1.165877e-187
-8.1924698e-193
-3.0908101e-198
-5.9563527e-204
-1.1417255e-209
-4.5416638e-215
-1.1479901e-220
-9.7498332e-227
-2.9052868e-232
2.0594182e-237
7.7097105e-243
4.2873356e-246
1.3545039e-242
-1.0860213e-243
-8.4459602e-252
-6.0546029e-09
2.5109814e-20
-1.0136575e-31
5.4840144e-43
-5.6808641e-54
1.9101337e-64
-1.7013881e-73
-4.7624948e-83
-2.7942454e-92
-8.3475813e-101
7.418636e-108
-3.2612454e-115
5.9258115e-122
-7.8820453e-128
-4.6152714e-133
-1.8251414e-138
2.2813668e-143
8.7821451e-149
-4.905641e-154
1.371467e-159
-5.1211967e-165
-7.9866105e-172
4.8052888e-176
-9.3251457e-182
-1.1859173e-186
-1.8441001e-192
-1.2741242e-197
-1.4905783e-203
-9.6963514e-209
-1.3912861e-214
-4.6761866e-220
-6.0744567e-226
-1.5326504e-231
-2.7572536e-237
-5.3372886e-243
-1.7779601e-247
-1.9881494e-251
2.1221307e-248
-2.2865492e-250
-2.3039193e-257
-5.3224304e-09
1.9458605e-20
-6.9652395e-32
3.3277011e-43
-2.9863039e-54
8.2784261e-65
-3.2797749e-74
-8.7015979e-84
-4.3962863e-93
-1.0193759e-101
-5.230569e-108
2.060224e-115
-2.8445916e-122
4.1058493e-128
-1.2814289e-133
3.3299589e-139
-7.571995e-145
1.6957504e-150
-2.0080621e-155
3.1892952e-161
-1.9235569e-166
-9.8202153e-172
-1.581818e-176
2.2038899e-181
-1.3869571e-186
-4.5002793e-192
-1.3062529e-197
2.7567474e-203
6.7142903e-209
2.898684e-214
2.879596e-220
2.4018659e-226
2.5915078e-232
2.5552921e-237
1.1822377e-242
-2.8607198e-248
1.6077245e-253
1.6840226e-254
-4.428904e-257
-6.234175e-264
-4.686692e-09
1.5107702e-20
-4.7979441e-32
2.0280179e-43
-1.5825726e-54
3.6493176e-65
-8.5351473e-75
-2.1829066e-84
-9.5951993e-94
-1.7624665e-102
-8.9936646e-110
3.2614527e-117
-3.6689318e-124
4.2640689e-130
7.548281e-135
1.4159503e-139
-3.9827348e-145
6.700688e-151
-3.5462739e-156
3.8053477e-161
-1.1642974e-166
-3.4892041e-172
-2.4516792e-177
-1.6696616e-182
1.7236418e-187
8.0498834e-193
-3.6602034e-198
-1.3963431e-203
5.791276e-209
2.5983721e-214
6.5230535e-220
1.1219645e-225
2.4811034e-231
1.2211993e-236
-7.1837034e-242
1.3262965e-247
2.9262522e-252
2.2906427e-258
-6.5489522e-264
-1.1327472e-270
-4.1359038e-09
1.1759541e-20
-3.3150582e-32
1.2418013e-43
-8.4556577e-55
1.6348145e-65
-2.5429841e-75
-6.3939826e-85
-2.4697444e-94
-3.6545138e-103
-8.5025255e-111
2.9508183e-118
-2.915808e-125
2.2276396e-131
-7.5704822e-137
1.1210484e-142
2.1148463e-147
1.2436736e-152
-2.7599558e-158
6.8393853e-164
-6.1363968e-169
-5.4226344e-174
5.4338118e-179
-1.4462466e-184
4.8243183e-190
5.0301769e-195
1.0678724e-200
-1.4750351e-205
-6.2152239e-211
2.014225e-216
5.0323332e-222
-1.4873027e-226
-5.248456e-232
-7.4974128e-238
1.4221466e-243
-2.1208934e-249
3.9800802e-255
2.4374843e-261
3.7747296e-268
3.087609e-275
-3.6598748e-09
9.1839112e-21
-2.2990936e-32
7.6440862e-44
-4.5564446e-55
7.4385545e-66
-8.2285507e-76
-2.0835263e-85
-7.1406066e-95
-8.653094e-104
-1.1834081e-111
4.1176677e-119
-3.1289102e-126
1.2229839e-132
-2.0572414e-138
2.5713754e-144
-1.7599684e-149
3.4522812e-155
-4.2894921e-161
2.093718e-166
-8.7026497e-172
3.6098506e-177
-6.7038075e-183
-4.1343625e-188
-2.1576828e-193
3.3927984e-199
2.9057282e-204
5.7261016e-210
-6.8928477e-215
4.6784261e-218
-1.9895063e-223
-2.3370478e-229
9.61157e-234
-6.4704055e-238
7.8659865e-244
-1.6716328e-249
1.1682323e-254
7.3964571e-261
1.1000035e-267
8.3762912e-275
-3.2495572e-09
7.2032257e-21
-1.6019971e-32
4.7341479e-44
-2.477698e-55
3.4374671e-66
-2.8249364e-76
-7.4233505e-86
-2.2791839e-95
-2.2888512e-104
-2.0651426e-112
7.4119288e-120
-4.992438e-127
1.7189142e-133
-2.0565588e-139
3.0619551e-145
-7.303977e-151
9.0941229e-157
-2.4879836e-162
3.5795463e-168
-8.169653e-174
1.1356452e-179
-2.9462757e-185
5.581872e-191
-6.6920273e-196
1.6817193e-201
-9.409521e-207
7.2809687e-212
-1.2244174e-216
-2.7197384e-222
-7.6358261e-228
1.5020484e-233
5.3636974e-239
9.8825509e-244
-3.3206861e-249
4.0716917e-255
-1.9419848e-260
-6.3472179e-267
-6.9880903e-274
-4.6745225e-281
-2.8969596e-09
5.680381e-21
-1.1228231e-32
2.9529036e-44
-1.3607419e-55
1.6137505e-66
-1.0162487e-76
-2.8871801e-86
-8.0176299e-96
-6.7630639e-105
-4.2962508e-113
1.6814919e-120
-1.0219412e-127
2.6375997e-134
-2.7053446e-140
2.6025215e-145
-6.9011514e-151
1.8985539e-156
-6.7269343e-162
1.7689529e-167
-1.815772e-173
6.5301959e-179
-6.8369283e-185
8.9109736e-191
-1.7260206e-196
1.5284466e-202
4.2461771e-207
2.4264675e-212
1.4970756e-217
-9.37992e-223
6.5396457e-227
9.9714026e-232
-3.4361386e-237
6.5519023e-243
-7.3341614e-249
7.754057e-255
-9.1027837e-261
-3.1618933e-267
-3.7913554e-274
-2.9005252e-281
-2.5949888e-09
4.509532e-21
-7.927048e-33
1.8574396e-44
-7.5560569e-56
7.7011496e-67
-3.804976e-77
-1.2422825e-86
-3.1518266e-96
-2.2578111e-105
-1.0595234e-113
5.0288805e-121
-2.7165351e-128
5.3451268e-135
-5.4878523e-141
9.9701943e-147
-1.0496549e-152
4.0769839e-158
-6.985046e-164
8.0433665e-170
-1.0158029e-175
1.822589e-181
-1.9648683e-187
2.1497728e-193
1.2957898e-198
-1.8419941e-203
3.3738255e-209
-6.8002159e-215
2.7712958e-220
2.8384e-225
-8.5733579e-231
2.1154588e-236
-3.1284371e-242
3.9049346e-248
-4.3811382e-254
2.3043856e-260
-1.089008e-266
-6.1369062e-273
-8.4545329e-280
-6.4693617e-287
-2.3373572e-09
3.6091588e-21
-5.6463778e-33
1.1801077e-44
-4.2484117e-56
3.7397891e-67
-1.4769506e-77
-6.1407958e-87
-1.4376091e-96
-8.8416619e-106
-3.1655428e-114
2.2888149e-121
-1.1291416e-128
1.8678907e-135
-1.1782258e-141
1.0603554e-147
-9.0852717e-154
1.4604836e-159
-1.7798847e-165
1.7863193e-171
-2.6736014e-177
2.6376641e-183
-3.6532639e-189
3.6854079e-195
-6.2870314e-201
7.4701758e-207
-7.4258823e-213
8.4543287e-219
-1.2561123e-224
-3.7662837e-230
8.6855398e-236
1.3603863e-240
1.7569896e-244
-2.3854846e-250
2.0088449e-256
-1.2096731e-262
1.0873325e-268
5.0399246e-275
6.3033341e-282
4.6311219e-289
-2.1185389e-09
2.9165163e-21
-4.0652493e-33
7.5870628e-45
-2.422816e-56
1.8506214e-67
-5.9317813e-78
-3.919472e-87
-8.5578184e-97
-4.5645713e-106
-1.2772695e-114
3.2164807e-121
-1.4595436e-128
2.1105299e-135
-1.1896337e-141
1.9989633e-147
-1.4389144e-153
1.9105231e-159
-1.8884391e-165
2.097674e-171
-1.6278053e-177
1.345019e-183
-1.0327432e-189
1.4722501e-195
-1.4231743e-201
8.620113e-207
-8.769598e-213
1.0799852e-218
-1.5748016e-224
6.8529166e-230
-1.8812928e-235
3.0486033e-241
-5.4016803e-247
5.7105743e-253
-3.2739856e-259
1.3698805e-265
-1.8524725e-271
-6.3435822e-278
-7.3026369e-285
-5.4375401e-292
-1.9336585e-09
2.3833956e-21
-2.9644354e-33
4.9462833e-45
-1.4042674e-56
9.3481179e-68
-2.4634069e-78
-6.9788202e-87
-1.4374147e-96
-6.7123472e-106
-1.5050113e-114
-1.4602029e-121
6.0803319e-129
-7.3405191e-136
3.1650238e-142
-4.4970182e-148
3.0220049e-154
-2.1754055e-160
1.9670872e-166
-1.6814786e-172
1.1203572e-178
-8.0926882e-185
6.3674302e-191
-4.9586784e-197
3.2503397e-203
-2.5838962e-209
2.4238568e-215
-3.6299925e-221
2.8313424e-227
-4.7548773e-233
1.1347261e-238
-1.7604752e-244
2.2450639e-250
-1.5577046e-256
7.3474596e-263
-3.7390078e-269
3.2611003e-275
1.0968545e-281
1.1699864e-288
8.6010536e-296
-1.7784476e-09
1.9728443e-21
-2.1941501e-33
3.2774528e-45
-8.2908462e-57
4.8301411e-68
-1.0581559e-78
9.4973723e-88
1.867533e-97
7.7075133e-107
1.4060254e-115
5.115228e-123
-2.157789e-130
2.326889e-137
-8.3733811e-144
4.0560085e-150
-2.0984349e-156
1.2547906e-162
-1.1275144e-168
8.8353406e-175
-5.9687389e-181
3.0214595e-187
-2.9495873e-193
2.2466027e-199
-1.9136321e-205
1.283683e-211
-1.0531701e-217
8.0711384e-224
-6.7162814e-230
1.5673858e-235
-2.2539263e-241
4.7096006e-247
-9.2996335e-253
7.1680595e-259
-3.0153952e-265
1.2713031e-271
-7.7735181e-278
-2.7455999e-284
-2.8355042e-291
-2.1184375e-298
-1.6491792e-09
1.6565948e-21
-1.6520032e-33
2.2126088e-45
-4.9984559e-57
2.5587248e-68
-4.7060069e-79
1.6082564e-88
3.0605693e-98
1.1267709e-107
1.7015907e-116
3.4961437e-124
-1.4674113e-131
1.3592043e-138
-3.7414339e-145
2.1017929e-151
-1.2197726e-157
7.7876425e-164
-4.52441e-170
3.1053845e-176
-2.2521237e-182
1.2439009e-188
-7.0560097e-195
4.2629645e-201
-2.7559492e-207
1.537684e-213
-7.2449947e-220
3.862381e-226
-5.0053703e-232
8.8829936e-238
-7.9363554e-244
5.1972006e-250
-4.4523429e-256
3.2761621e-262
-1.2986909e-268
5.2233308e-275
-3.9892388e-281
-1.296158e-287
-1.3229769e-294
-9.7355294e-302
-1.5426089e-09
1.4130738e-21
-1.2679539e-33
1.5256756e-45
-3.0851581e-57
1.3931193e-68
-2.170108e-79
4.2363245e-89
7.922892e-99
2.6250911e-108
3.3260239e-117
4.3580708e-125
-1.9144195e-132
1.5268164e-139
-4.5855654e-146
2.1647105e-152
-1.6787332e-158
8.2612132e-165
-4.1172826e-171
1.88783e-177
-1.045251e-183
4.8007017e-190
-3.4341585e-196
2.2432107e-202
-1.1395722e-208
5.9895908e-215
-3.0151542e-221
1.3916358e-227
-1.0348788e-233
6.4814135e-240
-5.3161755e-246
5.0783453e-252
-2.6606037e-258
1.4948314e-264
-4.278817e-271
1.184759e-277
-7.6928773e-284
-2.2555547e-290
-2.3745171e-297
-1.7307704e-304
-1.4559166e-09
1.2258578e-21
-9.9404369e-34
1.0771249e-45
-1.9545497e-57
7.8155787e-69
-1.0394739e-79
1.3426649e-89
2.5119795e-99
7.5602824e-109
8.1381491e-118
7.5104724e-126
-3.5452451e-133
2.7282914e-140
-5.1336692e-147
2.9830218e-153
-1.1963308e-159
5.1874951e-166
-3.2335228e-172
1.4200894e-178
-6.0670336e-185
3.5631867e-191
-2.0592539e-197
9.3671244e-204
-4.8723229e-210
3.0915627e-216
-1.577018e-222
9.2796976e-229
-4.8369801e-235
2.4441144e-241
-1.5655335e-247
7.1371357e-254
-4.2296639e-260
1.6705398e-266
-4.2478172e-273
1.1464326e-279
-7.5403788e-286
-3.2342813e-292
-3.4453336e-299
-2.5421345e-306
-1.3866477e-09
1.0824635e-21
-7.9737157e-34
7.8035908e-46
-1.2741579e-57
4.5292272e-69
-5.1817373e-80
4.7877603e-90
9.1541805e-100
2.5257554e-109
2.3379571e-118
1.5972839e-126
-8.9645508e-134
6.0485553e-141
-1.2164322e-147
4.221694e-154
-1.9713598e-160
7.3621189e-167
-3.1661044e-173
1.2930721e-179
-4.8920108e-186
1.7547909e-192
-6.1056835e-199
2.0682439e-205
-9.8835015e-212
4.3040637e-218
-2.4567794e-224
1.2128012e-230
-7.9863866e-237
3.9214694e-243
-2.701657e-249
1.5392032e-255
-8.1085972e-262
2.8637623e-268
1.7690561e-273
-1.4790323e-279
3.0615768e-285
-1.327347e-291
-6.4844353e-299
-3.5075442e-306
-1.3326681e-09
9.7342895e-22
-6.5532781e-34
5.8130664e-46
-8.5663113e-58
2.717681e-69
-2.6934439e-80
1.870319e-90
3.7536126e-100
9.5827114e-110
7.7091952e-119
4.0623957e-127
-3.193012e-134
1.9723914e-141
-3.3422077e-148
8.639978e-155
-3.2230115e-161
1.3811206e-167
-4.6635075e-174
1.9014539e-180
-8.2503417e-187
3.0979881e-193
-1.0135884e-199
4.2211153e-206
-2.0941325e-212
-9.5431968e-219
-8.2001575e-224
-1.8406301e-229
-1.3237509e-235
-6.0727731e-241
-3.8938961e-247
-7.5040043e-253
-5.1249803e-259
-4.3402292e-265
7.3142493e-271
-3.8330215e-277
4.9330005e-283
-6.6338401e-289
-4.8769346e-296
-3.2816986e-303
-1.2920822e-09
8.9157696e-22
-5.5232335e-34
4.4594638e-46
-5.9511672e-58
1.6919114e-69
-1.4623636e-80
7.9006085e-91
1.7236083e-100
4.1102782e-110
2.9045555e-119
1.2114189e-127
-2.0083888e-134
1.1985871e-141
-1.6422866e-148
4.4617248e-155
-1.4163843e-161
4.3271838e-168
-1.4964327e-174
4.2556998e-181
-1.3013817e-187
5.1928604e-194
-9.3535702e-200
-4.0238624e-206
-1.1991436e-211
-3.1763246e-217
-4.1745725e-222
-6.2197925e-228
5.7338125e-233
1.8724494e-238
3.0581995e-244
7.5194947e-250
2.1198489e-255
-4.7141309e-261
2.6321489e-267
-1.3262568e-273
1.5841316e-279
-2.3884503e-285
-1.4726889e-292
-9.1888243e-300
-1.2631986e-09
8.3145904e-22
-4.7757365e-34
3.5269713e-46
-4.2786264e-58
1.0946883e-69
-8.3054212e-81
3.5840108e-91
8.9297951e-101
2.0097881e-110
1.2609487e-119
4.2573377e-128
1.2494014e-134
-7.2694329e-142
9.6171574e-149
-2.3741357e-155
7.2300466e-162
-2.7320179e-168
7.7862826e-175
-2.2891361e-181
7.4208533e-188
5.1022255e-195
1.6758316e-199
-5.5454703e-205
-1.4021605e-210
2.7718842e-216
-6.3645171e-221
2.2870686e-226
5.0478325e-232
5.8152442e-236
1.1443932e-241
3.1181812e-247
3.8681974e-253
1.2699027e-258
-9.9827622e-265
3.8970062e-271
-3.8679927e-277
1.04572e-282
7.4448973e-290
4.9505252e-297
-1.2444421e-09
7.8890533e-22
-4.2357971e-34
2.8773584e-46
-3.186611e-58
7.3697722e-70
-4.9392497e-81
1.7383842e-91
5.3465377e-101
1.147106e-110
6.4523301e-120
1.8017901e-128
1.2777436e-135
-7.3872667e-143
8.5397369e-150
-1.9488592e-156
6.0832158e-163
-1.7248275e-169
4.6272898e-176
-1.2616185e-182
4.1916826e-189
-9.4348238e-195
2.8271011e-200
4.441897e-205
-1.3030205e-210
6.6561851e-216
-1.2091534e-220
-2.2999217e-226
4.629505e-232
-1.3444838e-237
1.2980315e-242
1.7791276e-247
-8.2564641e-253
1.7580166e-258
-8.2632192e-265
3.0000993e-271
-2.2597204e-277
2.4758881e-282
1.4416295e-289
9.4987213e-297
-1.2342976e-09
7.6066815e-22
-3.8508914e-34
2.4211426e-46
-2.4594662e-58
5.1657195e-70
-3.077395e-81
8.9874474e-92
3.9381629e-101
8.1481642e-111
4.1462875e-120
9.7258103e-129
3.5051064e-136
-2.1248649e-143
2.2598611e-150
-4.4485962e-157
1.083786e-163
-2.6695585e-170
7.8677e-177
-2.2733711e-183
6.1851968e-190
-1.522623e-196
-1.3489197e-203
4.9270947e-209
-9.1863569e-215
1.0944777e-220
8.4095638e-227
2.4468817e-232
-2.8626213e-237
1.8325153e-242
-4.7487851e-248
-1.9074216e-253
-4.6746768e-258
2.5198065e-264
-7.3386206e-271
1.7210166e-277
-1.6812183e-284
9.6459421e-287
5.3767452e-294
3.2479101e-301
-1.2312505e-09
7.4414222e-22
-3.5838714e-34
2.0997254e-46
-1.9666216e-58
3.7697017e-70
-2.0085437e-81
4.940069e-92
4.541312e-101
9.1689096e-111
4.2652211e-120
8.537965e-129
1.9526086e-136
-1.2327179e-143
1.2397716e-150
-2.2011385e-157
5.541517e-164
-1.3625082e-170
3.5488285e-177
-8.4714865e-184
2.4276319e-190
-6.5651306e-197
2.8839555e-203
-1.9823269e-209
1.7966493e-215
-1.4468196e-221
1.230458e-227
-1.211636e-233
1.2526478e-239
-2.9361913e-245
2.002838e-250
-2.9617126e-256
2.2676708e-262
-9.2409315e-269
2.8976984e-275
-8.8329107e-282
6.1568052e-288
1.5082394e-291
1.0871938e-298
6.7897781e-306
-1.2337242e-09
7.3711254e-22
-3.4079028e-34
1.8741546e-46
-1.6275796e-58
2.8619224e-70
-1.372185e-81
2.8793949e-92
-8.3820487e-101
-1.6736947e-110
-7.1798254e-120
-1.2423586e-128
-1.993469e-136
1.4309559e-143
-1.2588953e-150
2.1925196e-157
-4.9134305e-164
1.1800175e-170
-2.4978914e-177
5.5133077e-184
-1.3666561e-190
3.2296824e-197
-6.7196523e-204
1.6614232e-210
-3.6064272e-217
1.0315641e-223
-1.9806179e-230
9.0056794e-238
4.5684162e-243
-1.3923368e-248
2.1975631e-254
-3.5269972e-260
3.6077768e-266
-1.7622364e-272
5.0820673e-279
-1.4093568e-285
9.2692787e-292
-8.3769742e-298
-2.0159169e-305
1.511922e-312
-1.2400554e-09
7.3756259e-22
-3.3029529e-34
1.7180725e-46
-1.3917563e-58
2.2570315e-70
-9.7976084e-82
1.7744823e-92
-8.775965e-102
-1.7574183e-111
-7.019362e-121
-1.0645252e-129
-1.2722309e-137
1.13239e-144
-1.0182508e-151
1.5628791e-158
-3.4417502e-165
6.5210171e-172
-1.4644485e-178
3.4456886e-185
-7.9757613e-192
1.5553538e-198
-3.4248789e-205
7.5054296e-212
-1.6988567e-218
3.8159418e-225
-8.6937297e-232
1.7361379e-238
9.4499077e-246
-4.9320602e-251
6.5400126e-257
-6.1019174e-263
6.4528392e-269
-2.3945365e-275
6.5743154e-282
-1.5231758e-288
9.4870801e-295
1.4275522e-300
9.5771633e-308
-1.8871822e-312
-1.2484778e-09
7.4350579e-22
-3.2531641e-34
1.6131539e-46
-1.2266568e-58
1.8448793e-70
-7.2946701e-82
1.1524011e-92
-2.9150695e-102
-5.9529096e-112
-2.2338826e-121
-3.0002128e-130
-2.8189829e-138
3.5036031e-145
-3.0205792e-152
4.862413e-159
-1.0008715e-165
2.1482857e-172
-4.2853027e-179
9.1887723e-186
-1.9084973e-192
4.3888439e-199
-8.9558186e-206
1.8760493e-212
-3.9672252e-219
8.8469696e-226
-1.7879754e-232
3.6074526e-239
-7.5366627e-246
4.1915068e-253
7.6930664e-259
-5.8253561e-265
3.4268761e-271
-1.1360788e-277
2.6146865e-284
-5.6766213e-291
2.2767943e-297
2.2688028e-303
1.3566644e-310
1.3118127e-312
-1.2571855e-09
7.5288494e-22
-3.2449666e-34
1.5461518e-46
-1.1108725e-58
1.5583112e-70
-5.6462429e-82
7.8559381e-93
-1.2793003e-102
-2.7147799e-112
-9.6634017e-122
-1.1624034e-130
-8.7568903e-139
2.0574835e-145
-1.7477575e-152
2.5104855e-159
-4.4223798e-166
8.220319e-173
-1.6304927e-179
3.2278034e-186
-6.4707726e-193
1.2058943e-199
-2.5032186e-206
4.9713798e-213
-9.4643949e-220
1.9617419e-226
-4.1991746e-233
9.0840145e-240
-2.1546624e-246
5.4218716e-253
-1.1894382e-259
2.6974461e-266
-6.213539e-273
1.1122025e-279
-1.6443504e-286
2.6918927e-293
-9.4690115e-300
-6.0420567e-306
-8.5928327e-313
-4.8974407e-313
-1.2644149e-09
7.6352934e-22
-3.2656832e-34
1.5069089e-46
-1.0298096e-58
1.3552111e-70
-4.5264751e-82
5.5966961e-93
-6.5217604e-103
-1.4713272e-112
-5.0166403e-122
-5.4630032e-131
-3.3980873e-139
-2.9028351e-145
2.4933202e-152
-2.9932149e-159
4.9394184e-166
-9.3915006e-173
1.6256338e-179
-2.8772104e-186
5.8532256e-193
-1.0730827e-199
1.8489336e-206
-3.2247254e-213
6.213236e-220
-1.2279281e-226
2.4902126e-233
-4.784021e-240
1.1474927e-246
-2.6071782e-253
5.9922758e-260
-1.4933129e-266
2.9176413e-273
-4.5815122e-280
6.3472291e-287
-8.9088317e-294
2.6605255e-300
9.9061108e-307
1.7653925e-312
2.9064187e-313
-1.2686001e-09
7.7321397e-22
-3.3027079e-34
1.4870674e-46
-9.7309671e-59
1.208351e-70
-3.7422379e-82
4.1461776e-93
-3.6788272e-103
-9.0784384e-113
-2.993821e-122
-2.9801399e-131
-1.5642543e-139
-2.1912374e-146
1.9177448e-153
-2.2539042e-160
3.905429e-167
-6.4962061e-174
1.1193996e-180
-1.8028344e-187
2.7984021e-194
-4.8790438e-201
7.9350819e-208
-1.3942657e-214
2.2725012e-221
-3.9246547e-228
7.4106444e-235
-1.4494656e-241
2.7701254e-248
-5.4491126e-255
1.0788978e-261
-2.0705831e-268
3.6949321e-275
-5.4955878e-282
6.3350354e-289
-8.5628829e-296
2.8830477e-302
9.1169721e-309
7.4777722e-313
-3.0134337e-313
-1.2685376e-09
7.7981658e-22
-3.3432616e-34
1.4792616e-46
-9.3298157e-59
1.0995222e-70
-3.1754706e-82
3.1772241e-93
-2.2375452e-103
-6.2745581e-113
-2.0207378e-122
-1.8563048e-131
-8.3391155e-140
-6.1701877e-147
5.3205176e-154
-6.0327188e-161
8.0228316e-168
-1.3066528e-174
2.0029263e-181
-2.9282068e-188
4.6405727e-195
-6.5367417e-202
1.0446698e-208
-1.7855103e-215
3.0049115e-222
-4.8246972e-229
8.9728601e-236
-1.5899876e-242
2.8079301e-249
-5.2208172e-256
9.9374391e-263
-1.9420638e-269
3.0867864e-276
-4.1305894e-283
5.4154013e-290
-7.2842517e-297
1.9235304e-303
9.3512398e-310
-6.175611e-313
3.0766782e-313
-1.263528e-09
7.8154449e-22
-3.3747469e-34
1.4767052e-46
-9.0336172e-59
1.0160978e-70
-2.7517293e-82
2.5044517e-93
-1.4429363e-103
-4.8558566e-113
-1.544055e-122
-1.3217182e-131
-5.1720739e-140
-2.3911236e-147
2.2582219e-154
-2.5074943e-161
3.382723e-168
-4.6482921e-175
6.7445897e-182
-1.0346645e-188
1.5203109e-195
-2.4350525e-202
3.9304399e-209
-6.2525916e-216
9.3186809e-223
-1.4344095e-229
2.3264585e-236
-3.8547239e-243
6.6064695e-250
-1.1879897e-256
2.1271074e-263
-3.8558949e-270
5.9499836e-277
-7.6821231e-284
9.1685472e-291
-1.2400914e-297
3.2446647e-304
8.7318201e-311
-5.4710291e-312
1.9019042e-313
-1.2534649e-09
7.7719247e-22
-3.3857327e-34
1.4731489e-46
-8.7926296e-59
9.4904523e-71
-2.4228066e-82
2.019392e-93
-9.7419367e-104
-4.2927888e-113
-1.3626044e-122
-1.0954608e-131
-3.778153e-140
-1.2665667e-147
1.4778512e-154
-1.5841275e-161
2.1430534e-168
-3.2281271e-175
4.6738061e-182
-6.655e-189
9.4123235e-196
-1.3570138e-202
1.8596445e-209
-2.8090404e-216
4.0011301e-223
-5.9202995e-230
9.2904293e-237
-1.3852147e-243
2.2562017e-250
-3.6716195e-257
6.132275e-264
-9.3213081e-271
1.4589999e-277
-1.8181614e-284
1.9906674e-291
-2.7555011e-298
7.3595693e-305
4.0413834e-312
-7.5616336e-313
-4.0135903e-313
-1.2388105e-09
7.6632476e-22
-3.3672133e-34
1.4630956e-46
-8.5659773e-59
8.9176861e-71
-2.1567976e-82
1.6565423e-93
-6.8175052e-104
-4.6729212e-113
-1.4967791e-122
-1.1396805e-131
-3.4997361e-140
-8.6968002e-148
9.8048856e-155
-9.6560973e-162
1.1296605e-168
-1.5408228e-175
2.2073904e-182
-2.9749652e-189
4.3865499e-196
-6.4148271e-203
8.6489282e-210
-1.2519425e-216
1.9542205e-223
-3.0072571e-230
4.206946e-237
-6.172089e-244
8.6683417e-251
-1.5654838e-257
2.3817282e-264
-3.415257e-271
4.8041889e-278
-5.9070925e-285
6.2187118e-292
-7.9721116e-299
2.0566831e-305
1.0145666e-311
-1.1776473e-312
-1.3453116e-313
-1.2205018e-09
7.4933966e-22
-3.3139102e-34
1.4422161e-46
-8.3213894e-59
8.3949015e-71
-1.9324457e-82
1.3755219e-93
-4.9039169e-104
-8.9925924e-113
-2.9408467e-122
-2.134734e-131
-5.9026361e-140
-1.1628754e-147
2.062724e-154
-2.1399334e-161
2.6877804e-168
-3.5547301e-175
4.8665102e-182
-6.7173332e-189
9.2262624e-196
-1.3638032e-202
1.8716253e-209
-2.6477135e-216
3.5053321e-223
-4.9322914e-230
7.1836873e-237
-1.0209985e-243
1.5499208e-250
-2.4217888e-257
4.3296553e-264
-6.4918416e-271
8.9315441e-278
-1.0416728e-284
1.0470203e-291
-1.2511608e-298
2.5615826e-305
-3.6852226e-311
3.7061179e-313
1.1247419e-312
-1.1997797e-09
7.2736199e-22
-3.2250941e-34
1.4077896e-46
-8.035925e-59
7.889199e-71
-1.7358097e-82
1.1510254e-93
-3.6007864e-104
7.6971115e-113
2.601626e-122
1.8137653e-131
4.5522728e-140
7.2090786e-148
-1.6301682e-154
1.5725355e-161
-1.8740259e-168
2.5116038e-175
-3.1268819e-182
4.114182e-189
-5.2129454e-196
6.7654921e-203
-8.9931573e-210
1.2458198e-216
-1.7182773e-223
2.2998321e-230
-3.3810247e-237
5.0545158e-244
-7.3193663e-251
1.1043505e-257
-1.6726856e-264
2.4833364e-271
-3.0550377e-278
3.3778946e-285
-3.4302368e-292
3.9350929e-299
-9.40536e-306
-6.5267941e-312
2.4752113e-312
8.9573728e-313
-1.1779999e-09
7.0200092e-22
-3.1045808e-34
1.3589862e-46
-7.6967238e-59
7.380531e-71
-1.5581709e-82
9.6713883e-94
-2.6841535e-104
1.7019825e-113
6.024583e-123
4.0602746e-132
9.3231141e-141
1.2432914e-148
-7.0307199e-155
7.4149104e-162
-8.3133264e-169
9.6511821e-176
-1.1558215e-182
1.4448693e-189
-1.8070134e-196
2.0906591e-203
-2.7152976e-210
3.3396159e-217
-4.1144737e-224
5.1271657e-231
-6.7833219e-238
8.8896286e-245
-1.2951746e-251
1.8761762e-258
-2.9455174e-265
4.2999352e-272
-5.3224189e-279
5.8827056e-286
-5.9992907e-293
7.0876072e-300
-1.4600855e-306
1.3331353e-311
7.4318518e-314
-2.06393e-312
-1.1564608e-09
6.7505105e-22
-2.9598854e-34
1.2968992e-46
-7.3010924e-59
6.8599665e-71
-1.3945899e-82
8.1380688e-94
-2.0228283e-104
7.2716544e-114
2.7438394e-123
1.8027092e-132
3.8291125e-141
4.382955e-149
5.4885753e-155
-5.5421057e-162
5.4119555e-169
-5.8248019e-176
6.4840927e-183
-7.1099575e-190
7.6074979e-197
-8.7058876e-204
9.4276158e-211
-1.0545281e-217
1.1604574e-224
-1.3897725e-231
1.7359512e-238
-2.0640218e-245
2.5738693e-252
-3.5272515e-259
5.240222e-266
-6.8496433e-273
8.6858345e-280
-8.7745095e-287
8.8891304e-294
-1.0069382e-300
1.9055208e-307
1.6296362e-311
1.2664646e-312
7.8638567e-314
-1.1362991e-09
6.482258e-22
-2.8007492e-34
1.2242711e-46
-6.8555685e-59
6.3275642e-71
-1.2427188e-82
6.8463386e-94
-1.5367222e-104
3.7586594e-114
1.5480499e-123
1.0017234e-132
1.9910574e-141
1.9919235e-149
7.2695384e-156
-6.6518945e-163
5.8167415e-170
-5.4066113e-177
5.1312062e-184
-4.4861995e-191
3.8624083e-198
-3.3587339e-205
3.222344e-212
-3.0069877e-219
2.9694262e-226
-2.8672711e-233
2.9724844e-240
-3.0736715e-247
3.5781276e-254
-4.4002438e-261
5.344137e-268
-6.9197932e-275
7.8913353e-282
-8.1314571e-289
7.2535697e-296
-7.6810931e-303
1.2695487e-309
1.0804208e-311
1.7651486e-312
-3.2113909e-313
-1.1184123e-09
6.2296506e-22
-2.6374096e-34
1.1449512e-46
-6.3737292e-59
5.7896318e-71
-1.1017566e-82
5.7531736e-94
-1.1746516e-104
2.1328974e-114
9.9344681e-124
6.4118794e-133
1.2070149e-141
1.0750471e-149
2.2422692e-156
-1.792926e-163
1.3494047e-170
-1.0460935e-177
7.7369906e-185
-6.1066401e-192
4.4894205e-199
-3.5137003e-206
2.5580963e-213
-1.9731924e-220
1.5715453e-227
-1.3619919e-234
1.1400321e-241
-1.0178087e-248
9.6586144e-256
-9.9620799e-263
1.1319118e-269
-1.2343591e-276
1.3684809e-283
-1.2432232e-290
1.101427e-297
-1.0127846e-304
1.716464e-311
8.819554e-312
7.6745468e-313
-9.8121698e-313
-1.103445e-09
6.0034672e-22
-2.4791104e-34
1.0632284e-46
-5.8734102e-59
5.2559438e-71
-9.7160108e-83
4.8268833e-94
-9.0230757e-105
1.281075e-114
7.1171764e-124
4.6601863e-133
8.4453236e-142
6.9091901e-150
1.2264644e-156
-8.6062171e-164
5.2986553e-171
-3.379208e-178
2.1429233e-185
-1.3540378e-192
8.8851285e-200
-5.5617147e-207
3.6544442e-214
-2.4511689e-221
1.6664927e-228
-1.1221061e-235
7.6556026e-243
-5.5692079e-250
4.3205721e-257
-3.7117711e-264
3.2241967e-271
-3.0793712e-278
2.8081031e-285
-2.3374592e-292
1.7985631e-299
-1.5035203e-306
-1.0999654e-312
-1.057192e-311
-7.2896098e-313
-9.7968241e-313
-1.0918075e-09
5.8108407e-22
-2.3331444e-34
9.8319757e-47
-5.373837e-59
4.7374166e-71
-8.5230466e-83
4.041517e-94
-6.9569475e-105
8.000797e-115
5.7659963e-124
3.889934e-133
6.8403638e-142
5.1475076e-150
6.6535485e-157
-4.3610733e-164
2.434444e-171
-1.3907928e-178
8.2314366e-186
-4.724489e-193
2.774107e-200
-1.6660108e-207
1.0018751e-214
-5.9151435e-222
3.6232431e-229
-2.1795771e-236
1.3238906e-243
-8.0195285e-251
5.1851217e-258
-3.6644863e-265
2.666175e-272
-1.9799866e-279
1.4977947e-286
-1.0849776e-293
7.4330129e-301
-5.5591578e-308
-1.3145888e-312
-1.9614107e-312
2.4932906e-313
1.1352035e-312
-1.0836968e-09
5.6556819e-22
-2.2044693e-34
9.082679e-47
-4.8931524e-59
4.2445708e-71
-7.4383233e-83
3.374705e-94
-5.3755914e-105
5.1460904e-115
5.5773651e-124
3.9242073e-133
6.7244127e-142
4.659945e-150
3.7288065e-157
-2.4555804e-164
1.368515e-171
-8.0242004e-179
4.5710612e-186
-2.6761889e-193
1.554271e-200
-9.0897647e-208
5.2995361e-215
-3.1320916e-222
1.8372488e-229
-1.0693503e-236
6.4131027e-244
-3.7802521e-251
2.2929953e-258
-1.4390379e-265
9.3576367e-273
-5.9647261e-280
3.8199721e-287
-2.3067133e-294
1.4070974e-301
-9.8956961e-309
1.0064705e-312
-2.7874108e-312
1.0435742e-312
-4.5031519e-313
-1.0791489e-09
5.5394279e-22
-2.095848e-34
8.4089483e-47
-4.4466443e-59
3.7868376e-71
-6.4612736e-83
2.8078317e-94
-4.1546033e-105
3.3871542e-115
7.7406439e-124
5.6850235e-133
9.4182241e-142
5.863871e-150
3.2070725e-157
-2.5661141e-164
1.6452028e-171
-1.0622314e-178
7.4308648e-186
-4.9279651e-193
3.428376e-200
-2.3323991e-207
1.6421336e-214
-1.1520828e-221
7.6732205e-229
-5.1450596e-236
3.3471003e-243
-2.1078382e-250
1.3527194e-257
-8.3614433e-265
4.970888e-272
-2.948004e-279
1.6826768e-286
-9.3082186e-294
5.4745015e-301
-4.0442657e-308
-1.0688453e-312
2.662789e-312
8.6691722e-313
-1.2372114e-312
-1.0780625e-09
5.4616738e-22
-2.0082245e-34
7.8250415e-47
-4.0455651e-59
3.3721737e-71
-5.5924827e-83
2.3269194e-94
-3.2063456e-105
2.2708528e-115
-7.7862732e-123
-5.8760945e-132
-9.2299199e-141
-5.0503714e-149
-1.7636769e-156
2.5943075e-163
-2.3697392e-170
2.3573101e-177
-2.2952742e-184
2.6443214e-191
-2.7922808e-198
2.952421e-205
-3.1470385e-212
3.3585518e-219
-3.5228232e-226
3.856901e-233
-5.8086065e-240
1.1914729e-246
-2.2996834e-253
3.5499223e-260
-4.4993915e-267
4.6478989e-274
-4.1932269e-281
3.2527941e-288
-2.643522e-295
2.8884065e-302
-4.9192049e-309
-1.2358644e-311
-6.9278793e-313
-1.4924911e-312
-1.0802477e-09
5.4208628e-22
-1.9412557e-34
7.3359919e-47
-3.6966459e-59
3.0067096e-71
-4.8344645e-83
1.9228621e-94
-2.4706467e-105
1.5457911e-115
-3.5080429e-124
-2.6371959e-133
-3.817078e-142
-1.7839929e-150
-4.274452e-158
-2.2018076e-164
5.5591284e-171
-1.6699017e-177
5.2995302e-184
-1.7407863e-190
7.1651185e-197
-2.1488712e-203
8.1058945e-210
-3.2318142e-216
9.1165992e-223
-2.2986845e-229
4.4851995e-236
-6.721172e-243
9.3928293e-250
-1.0107652e-256
9.1856037e-264
-7.1939007e-271
4.7838762e-278
-2.974661e-285
2.0530597e-292
-1.7637007e-299
1.9795515e-306
-1.142481e-310
-6.4802365e-313
-6.4295221e-313
-1.0854334e-09
5.4146398e-22
-1.893741e-34
6.9392686e-47
-3.4019826e-59
2.6940701e-71
-4.1902241e-83
1.5901245e-94
-1.9062221e-105
1.0674382e-115
-1.354041e-124
-9.8023741e-134
-1.2815542e-142
-5.1146969e-151
-8.8222033e-159
-8.3660366e-166
-3.3349294e-172
-1.2895411e-178
-4.4376407e-185
-1.5299483e-191
-4.3736008e-198
-1.6676768e-204
-6.1234573e-211
-2.3595628e-217
-1.0490407e-223
-4.9800086e-230
-3.1041515e-236
-4.048839e-242
5.5195006e-248
-2.817208e-254
5.4694271e-261
-6.8915478e-268
6.8337827e-275
-5.654053e-282
4.8608273e-289
-4.6336782e-296
4.2719391e-303
3.2866965e-309
-9.4973199e-313
-1.6880856e-312
-1.0933085e-09
5.4402793e-22
-1.8640448e-34
6.6270758e-47
-3.1594752e-59
2.4347846e-71
-3.6606911e-83
1.3245243e-94
-1.4828243e-105
7.4960914e-116
-6.771946e-125
-4.6486868e-134
-5.4805056e-143
-1.8947074e-151
-2.5922765e-159
-1.5531296e-166
-2.5376143e-173
-5.064847e-180
-9.4847671e-187
-1.9408755e-193
-3.9400766e-200
-8.6721206e-207
-1.9284139e-213
-3.7626668e-220
-1.9928225e-226
-1.1071986e-232
-4.7718313e-239
-1.5716943e-245
-3.4073827e-252
-8.0973929e-259
-2.5796057e-265
1.452293e-271
2.8923281e-278
-7.7161825e-285
8.7535134e-292
-3.8804203e-299
1.6865502e-306
-8.3978444e-312
1.2194005e-312
-7.2660879e-313
-1.1035118e-09
5.4947777e-22
-1.8503405e-34
6.388262e-47
-2.9633786e-59
2.2257941e-71
-3.2418888e-83
1.120977e-94
-1.1752962e-105
5.3875728e-116
-3.6265959e-125
-2.4147051e-134
-2.6380793e-143
-8.2206819e-152
-1.0187967e-159
-6.2791888e-167
-1.8350159e-173
-2.2693308e-179
-3.0897985e-185
5.1649418e-191
-1.0988597e-196
7.3111241e-203
-6.1720873e-209
7.3237529e-215
-6.2000601e-220
-4.7532475e-226
-2.3009586e-232
-7.5060336e-239
-1.552479e-245
-2.7753805e-252
-5.1866296e-259
-1.3610943e-265
-9.750752e-272
4.7846036e-278
-7.0039535e-285
4.5942751e-292
-2.5134368e-299
-5.2911735e-306
8.4216292e-313
5.2951209e-313
-1.1156578e-09
5.5750436e-22
-1.8508536e-34
6.2103643e-47
-2.8052135e-59
2.0604839e-71
-2.9236859e-83
9.7255443e-95
-9.6098087e-106
4.0011824e-116
-1.9432999e-125
-1.3616585e-134
-1.4652887e-143
-4.4687732e-152
-5.7648012e-160
-9.0962494e-167
9.891157e-174
-7.9397823e-181
5.6115212e-188
-3.6069944e-195
2.2968138e-202
-1.8593216e-209
5.032499e-216
-5.2700434e-222
4.5564219e-227
3.4284927e-233
2.1080173e-239
8.7112361e-246
2.203898e-252
-3.0730988e-258
-1.4896754e-264
-3.5360181e-271
-1.3375337e-277
5.1454543e-284
-4.3206204e-291
1.6419218e-298
-6.190132e-306
-5.5351843e-313
9.8393831e-313
-2.0258232e-312
-1.1293407e-09
5.677943e-22
-1.8640036e-34
6.0813769e-47
-2.6747961e-59
1.9289238e-71
-2.6895519e-83
8.7058849e-95
-8.1956902e-106
3.1038784e-116
-1.0437107e-125
-9.2156402e-135
-1.0933966e-143
-3.6680025e-152
-6.5148506e-160
4.3121501e-167
-1.3321698e-174
3.5124223e-182
-8.6903686e-190
2.0790478e-197
-4.8987894e-205
1.1157827e-212
-2.6232941e-220
6.5567975e-228
-1.323932e-234
-9.2169438e-241
-6.3014514e-247
-3.0019199e-253
-8.9282141e-260
2.158604e-265
1.5395525e-271
4.3375515e-278
2.546677e-284
-9.3306145e-291
6.5784965e-298
-2.3849953e-305
1.0236318e-312
4.5102592e-313
1.0130505e-312
-1.3985182e-312
-1.1441347e-09
5.8002812e-22
-1.8884989e-34
5.9914046e-47
-2.5616295e-59
1.8185051e-71
-2.5165809e-83
8.0500657e-95
-7.3346592e-106
2.5376334e-116
-5.8508573e-126
-1.1098156e-134
-1.8017613e-143
-8.3330242e-152
-4.9121008e-159
1.0260263e-166
-1.5730093e-174
2.193019e-182
-2.9139944e-190
3.7943903e-198
-4.8808635e-206
6.2391283e-214
-8.0263304e-222
1.0625526e-229
-1.4550246e-237
2.0958648e-245
-3.1590567e-253
1.0683452e-260
1.5784481e-267
-5.2761934e-273
-4.6560449e-279
-1.6600315e-285
-1.2180023e-291
4.2054329e-298
-2.8695826e-305
8.6278097e-313
-2.3552944e-313
-4.6115754e-313
1.0312112e-312
-7.426555e-313
-1.1596188e-09
5.9388857e-22
-1.9234183e-34
5.9341565e-47
-2.4567621e-59
1.7153086e-71
-2.375488e-83
7.63877e-95
-6.8701335e-106
2.1927069e-116
-3.5553352e-126
8.2275967e-135
3.6502971e-143
4.7091374e-151
-1.1623949e-158
1.3243342e-166
-1.2707663e-174
1.1451476e-182
-1.000167e-190
8.5816219e-199
-7.3026764e-207
6.2264574e-215
-5.3496864e-223
4.6620444e-231
-4.1910181e-239
3.8862661e-247
-3.8014846e-255
3.9855927e-263
-4.5923187e-271
6.1498239e-279
-2.3452848e-287
3.1732226e-293
2.508862e-299
-8.7596812e-306
5.4616978e-313
7.3076809e-314
2.3392736e-313
-2.7864518e-313
1.2347161e-313
-2.7974603e-312
-1.1753837e-09
6.0905916e-22
-1.9682125e-34
5.9077845e-47
-2.3547459e-59
1.606716e-71
-2.2319932e-83
7.3208128e-95
-6.6383111e-106
1.9863186e-116
-2.3803168e-126
1.3925483e-135
-4.356382e-144
3.8916382e-152
-3.4959066e-160
2.6853108e-168
-1.8820951e-176
1.2628076e-184
-8.3260967e-193
5.4580861e-201
-3.5552478e-209
2.3130501e-217
-1.5203087e-225
1.007279e-233
-6.801682e-242
4.6966059e-250
-3.3475156e-258
2.5013674e-266
-1.9988488e-274
1.7404063e-282
-1.7026476e-290
1.8998936e-298
-2.6240404e-306
8.7264857e-314
-1.8425837e-313
1.1182511e-313
-2.4554095e-313
-4.6705481e-313
-1.1521164e-312
1.5930791e-313
-1.191063e-09
6.2523577e-22
-2.0226881e-34
5.9150439e-47
-2.2550826e-59
1.4852455e-71
-2.053396e-83
6.9082423e-95
-6.4293428e-106
1.8427059e-116
-1.7372376e-126
5.481098e-136
-5.6910019e-145
1.7035989e-153
-9.2762096e-162
5.612239e-170
-3.2837391e-178
1.8579019e-186
-1.0411311e-194
5.8125825e-203
-3.2379742e-211
1.8071695e-219
-1.0125955e-227
5.7126351e-236
-3.2572005e-244
1.880806e-252
-1.1060935e-260
6.6818814e-269
-4.1801257e-277
2.7714697e-285
-1.9845366e-293
1.545591e-301
-1.3029402e-309
-1.0675409e-313
8.2219275e-314
-1.0972645e-313
-1.6924654e-313
-4.7383866e-313
-1.1989692e-312
1.9161498e-312
-1.2063498e-09
6.4213351e-22
-2.0869277e-34
5.9626012e-47
-2.1622252e-59
1.351771e-71
-1.8218813e-83
6.2179711e-95
-5.9789738e-106
1.6800489e-116
-1.3353787e-126
2.9150572e-136
-1.8135088e-145
3.3006448e-154
-1.351231e-162
7.2704933e-171
-3.9218166e-179
2.0864831e-187
-1.1017653e-195
5.8411401e-204
-3.1211131e-212
1.6734577e-220
-8.9852772e-229
4.8278243e-237
-2.6042951e-245
1.4049128e-253
-7.6035286e-262
4.1535263e-270
-2.3060161e-278
1.3074397e-286
-7.7452081e-295
4.8463811e-303
-3.2156318e-311
7.3482512e-314
1.9430623e-313
2.1618778e-313
2.4786486e-313
-4.8311044e-313
-1.2550822e-312
-1.1468251e-312
-1.2209986e-09
6.5947644e-22
-2.161103e-34
6.0597931e-47
-2.0842103e-59
1.2155866e-71
-1.5476897e-83
5.1826304e-95
-5.0696067e-106
1.4217165e-116
-1.024134e-126
1.8134292e-136
-8.5841927e-146
1.2048785e-154
-4.373197e-163
2.3802285e-171
-1.3524481e-179
7.5934969e-188
-4.2810454e-196
2.432846e-204
-1.3932781e-212
8.0506542e-221
-4.6603141e-229
2.6935103e-237
-1.5441987e-245
8.7828893e-254
-4.931701e-262
2.7426142e-270
-1.5118406e-278
8.2814828e-287
-4.5706426e-295
2.5932322e-303
-1.5733368e-311
-9.3457341e-314
5.5552031e-314
-1.6786514e-313
-2.5499851e-313
4.8413544e-313
-1.2062867e-312
2.4596401e-313
-1.234939e-09
6.7709366e-22
-2.2455543e-34
6.2170226e-47
-2.0299399e-59
1.0898022e-71
-1.2667754e-83
3.955513e-95
-3.7713986e-106
1.0613215e-116
-7.4690931e-127
1.2293167e-136
-5.263431e-146
6.8600835e-155
-2.6099993e-163
1.69437e-171
-1.1750093e-179
8.1202249e-188
-5.6957013e-196
4.0609608e-204
-2.9369993e-212
2.1497966e-220
-1.5708427e-228
1.1430152e-236
-8.1803264e-245
5.6816585e-253
-3.8570277e-261
2.5139471e-269
-1.5663724e-277
9.4406911e-286
-5.5407511e-294
3.236693e-302
-1.9705635e-310
1.1703733e-313
2.5322809e-313
-3.4801399e-313
-2.5684266e-313
4.9646287e-313
1.5037481e-312
-7.3024611e-312
-1.247964e-09
6.9469057e-22
-2.34061e-34
6.4498791e-47
-2.010892e-59
9.8725784e-72
-1.0166067e-83
2.7837267e-95
-2.3922722e-106
6.5379215e-117
-4.8208384e-127
8.5964098e-137
-4.0751549e-146
6.2611202e-155
-3.33852e-163
3.5595574e-171
-4.0267433e-179
4.5181185e-187
-5.2145479e-195
6.2362245e-203
-7.6839814e-211
9.7415173e-219
-1.2230929e-226
1.4610618e-234
-1.5056548e-242
8.6343756e-251
1.3906424e-258
-6.1181197e-266
1.3218345e-273
-2.0762937e-281
2.6445468e-289
-3.0017573e-297
3.5178511e-305
-1.0585956e-312
1.2673915e-313
-2.2232197e-313
2.5945646e-313
-5.0539654e-313
1.1625942e-312
-5.8980597e-312
-1.2608667e-09
7.1225723e-22
-2.4413684e-34
6.7336123e-47
-2.0214517e-59
9.1420508e-72
-8.3485563e-84
1.9830165e-95
-1.5010738e-106
3.9615749e-117
-3.2789362e-127
7.3000205e-137
-4.619545e-146
1.0782662e-154
-1.3411878e-162
6.2142508e-170
-2.6165141e-177
1.014241e-184
-4.4260109e-192
2.3368582e-199
-1.4413924e-206
9.8510317e-214
-6.6875316e-221
3.9969469e-228
-1.9438817e-235
7.3340916e-243
-2.1504924e-250
4.8318497e-258
-8.5667951e-266
1.2044282e-273
-1.4157188e-281
1.491312e-289
-1.6417584e-297
2.6307684e-305
-9.9549619e-312
-1.6897898e-313
-2.6426117e-313
-5.2426743e-313
-1.8529578e-312
8.8658979e-312
-1.2744027e-09
7.3469221e-22
-2.6015929e-34
7.3449199e-47
-2.1463728e-59
8.7466077e-72
-6.5821822e-84
1.1758476e-95
-6.2892074e-107
1.2664032e-117
-1.2545532e-127
1.1234411e-136
3.1013782e-145
8.0367915e-154
3.4066986e-162
2.4779638e-170
2.5162585e-178
2.8503727e-186
3.1840215e-194
3.4089441e-202
3.5573895e-210
3.6774895e-218
3.8246625e-226
4.1083008e-234
4.2878484e-242
5.7841658e-250
4.5449414e-258
1.3316074e-265
8.1040403e-274
4.4471249e-281
9.8940995e-289
6.0201747e-296
3.3362727e-303
8.8892339e-311
1.3386015e-313
-1.6608465e-313
2.6884863e-313
-5.7555545e-313
-1.6297482e-312
-7.5246368e-312
)
;

boundaryField
{
    wall
    {
        type            fixedValue;
        value           uniform 350;
    }
    sides
    {
        type            zeroGradient;
    }
    frontAndBack
    {
        type            empty;
    }
    inlet
    {
        type            fixedValue;
        value           uniform 300;
    }
    outlet
    {
        type            zeroGradient;
    }
}


// ************************************************************************* //
