/*--------------------------------*- C++ -*----------------------------------*\
  =========                 |
  \\      /  F ield         | OpenFOAM: The Open Source CFD Toolbox
   \\    /   O peration     | Website:  https://openfoam.org
    \\  /    A nd           | Version:  10
     \\/     M anipulation  |
\*---------------------------------------------------------------------------*/
FoamFile
{
    format      ascii;
    class       volScalarField;
    location    "0.15";
    object      TporMedia_0;
}
// * * * * * * * * * * * * * * * * * * * * * * * * * * * * * * * * * * * * * //

dimensions      [0 0 0 1 0 0 0];

internalField   nonuniform List<scalar> 
4000
(
-4.4657669e-05
1.7734868e-05
0.00019469104
0.00018169449
0.00015277771
0.00016784368
0.00016327436
0.00016196035
0.00018313547
0.000168647
0.00014981345
0.00016374978
0.00017308377
0.00015204819
0.00017782202
0.00017027235
0.00015891721
0.00017471584
0.00016973053
0.00016071899
0.00016621397
0.00015802893
0.00016191408
0.00017410612
0.00016786172
0.00018242412
0.00019047444
0.00017761248
0.00015868563
0.00016301147
0.00015874818
0.00017856237
0.00015372686
0.00015798015
0.00017024831
0.00017101357
0.00016032753
0.00014297067
0.0001615419
0.00016454696
-3.4840748e-06
1.703318e-13
5.5472401e-12
7.3891429e-11
4.9648995e-11
4.3661173e-11
4.4832024e-11
4.6773266e-11
5.0371127e-11
5.3132368e-11
4.9137111e-11
4.3418344e-11
5.2904871e-11
3.8133488e-11
5.154379e-11
4.5759224e-11
4.7584551e-11
5.026109e-11
5.7926451e-11
4.520132e-11
5.0191176e-11
4.8871521e-11
4.9394216e-11
4.6038193e-11
5.0521658e-11
5.7380799e-11
6.1752138e-11
5.1572261e-11
4.4066313e-11
5.0696037e-11
4.8535765e-11
4.5499151e-11
4.5115072e-11
4.6307509e-11
4.7874489e-11
4.4000198e-11
3.808111e-11
4.2448793e-11
5.1630149e-11
4.373774e-11
-1.4114681e-06
-5.6228511e-14
4.8473285e-20
6.0571897e-18
6.2840009e-17
1.6589156e-17
1.0890904e-17
1.501949e-17
1.3097134e-17
1.408362e-17
1.171967e-17
1.1366974e-17
1.2360043e-17
1.1899371e-17
1.2302984e-17
1.2164207e-17
1.5200065e-17
1.4178838e-17
1.6912878e-17
1.4102119e-17
1.5303877e-17
1.4629761e-17
1.2476119e-17
1.1624921e-17
1.3147333e-17
1.4782035e-17
1.9220387e-17
1.4017099e-17
1.2369886e-17
1.2721173e-17
1.2113433e-17
1.3606246e-17
1.1892944e-17
1.1348174e-17
1.3905585e-17
1.2049537e-17
1.043415e-17
1.1320758e-17
1.5193995e-17
1.1716304e-17
-7.6640861e-07
3.4412042e-15
1.6188991e-23
1.1868028e-25
-1.0942929e-22
7.6127034e-24
2.765071e-24
4.0257551e-24
4.7517943e-24
3.9650879e-24
3.3784785e-24
2.9553828e-24
3.4218292e-24
3.8707063e-24
3.5166989e-24
3.8004876e-24
4.1565482e-24
4.3373009e-24
4.8854346e-24
4.4103196e-24
4.0201624e-24
3.7719796e-24
3.8889526e-24
3.5055328e-24
4.0601948e-24
4.2341905e-24
5.5133623e-24
4.2813353e-24
3.7299954e-24
3.569725e-24
3.4824941e-24
3.6871489e-24
3.4273611e-24
3.210725e-24
3.8560878e-24
3.6266065e-24
2.8892523e-24
3.0358461e-24
4.3907318e-24
3.0480576e-24
-4.8920123e-07
6.8361934e-16
2.4980952e-24
1.938964e-32
-2.7181253e-29
-1.0386371e-29
1.001147e-30
1.1274075e-30
1.3295787e-30
1.2175021e-30
9.4722587e-31
8.1254793e-31
9.5364724e-31
1.0364291e-30
1.1277871e-30
1.2658188e-30
1.1451638e-30
1.2567266e-30
1.2873009e-30
1.2694272e-30
1.0092491e-30
1.0551992e-30
1.1107642e-30
1.0361554e-30
1.2043169e-30
1.3833165e-30
1.7131948e-30
1.2511351e-30
9.2785468e-31
1.087076e-30
1.0400832e-30
1.0514526e-30
8.5143446e-31
9.4674534e-31
1.0484828e-30
9.5863779e-31
9.0563097e-31
9.8877582e-31
1.2093994e-30
8.7752016e-31
-3.4655625e-07
2.3411461e-16
1.0602715e-24
3.980034e-33
-9.9789401e-37
2.3953627e-36
4.0343003e-37
3.5621642e-37
4.1975974e-37
3.4252587e-37
3.1755859e-37
2.4795096e-37
2.7715e-37
3.2619177e-37
3.1824347e-37
3.5711816e-37
3.0427231e-37
3.5173937e-37
3.9454285e-37
3.6861283e-37
3.2259625e-37
2.9697465e-37
3.2616095e-37
2.6536714e-37
3.0840738e-37
3.6702189e-37
4.7637329e-37
3.1304919e-37
2.682408e-37
2.9639682e-37
2.8078263e-37
2.9068812e-37
2.3334745e-37
2.5982883e-37
2.969295e-37
2.9949484e-37
2.5188769e-37
2.8715212e-37
3.4214986e-37
2.3826519e-37
-2.6425083e-07
1.0478978e-16
-6.1497888e-24
-1.4231329e-32
-1.7215193e-40
-2.7567931e-43
-7.7247998e-43
9.1041562e-44
1.2557902e-43
1.1225896e-43
1.0551746e-43
7.6712603e-44
7.4278999e-44
9.1584969e-44
8.1840697e-44
1.0861485e-43
9.8514469e-44
1.1742299e-43
1.1394914e-43
1.1297878e-43
8.5909981e-44
9.3126816e-44
9.874294e-44
7.9465087e-44
1.0896083e-43
1.0896377e-43
1.462362e-43
1.0564889e-43
7.1781612e-44
8.9577059e-44
6.1748186e-44
8.4262771e-44
6.5155555e-44
9.216895e-44
7.9260112e-44
8.5860197e-44
7.2571373e-44
8.4190823e-44
8.3283572e-44
6.4371395e-44
-2.1234532e-07
5.5424787e-17
-1.1089267e-25
-1.8582243e-34
-1.0197262e-42
2.6484221e-49
1.485887e-49
2.8891399e-50
2.9749036e-50
3.0687731e-50
3.1823726e-50
2.2854545e-50
2.7447615e-50
2.3290449e-50
2.5210464e-50
3.4275802e-50
2.6363657e-50
3.9601039e-50
3.7813579e-50
3.6670322e-50
2.3263945e-50
2.8335654e-50
2.8834694e-50
2.22549e-50
2.7822047e-50
3.2461975e-50
4.3691599e-50
3.3265421e-50
2.2614086e-50
2.2389971e-50
1.9564716e-50
2.6459132e-50
1.9490771e-50
2.6682226e-50
2.3674967e-50
2.2270331e-50
2.2020401e-50
2.3967291e-50
2.3896981e-50
1.8844039e-50
-1.7678038e-07
3.2692134e-17
-2.554823e-26
-3.547111e-35
-1.0671423e-43
-9.2987361e-51
-1.2317229e-56
2.5452831e-56
8.1666766e-57
9.7539435e-57
9.2891782e-57
8.2712791e-57
8.4318042e-57
6.5384416e-57
7.335575e-57
9.028167e-57
8.0505292e-57
1.1399199e-56
1.081e-56
1.0282127e-56
9.1221199e-57
1.0085658e-56
1.1078075e-56
7.393763e-57
8.6348601e-57
9.6807761e-57
1.3470869e-56
8.8332517e-57
7.733041e-57
6.7428435e-57
6.5590682e-57
8.0702819e-57
5.09109e-57
8.4791176e-57
7.5565024e-57
5.6694625e-57
5.7168911e-57
6.894383e-57
6.9278438e-57
5.6530726e-57
-1.5008597e-07
2.0700855e-17
-8.6479599e-27
-1.1474349e-35
-2.1539663e-44
-4.1806648e-52
2.3969188e-59
-3.9679926e-62
2.4333144e-63
3.4823492e-63
3.2131601e-63
3.8724322e-63
2.745771e-63
2.47991e-63
2.3826934e-63
2.8757678e-63
2.6147995e-63
3.6216871e-63
4.0325295e-63
3.8231764e-63
4.6224004e-63
3.8596417e-63
3.63326e-63
2.2448635e-63
2.800932e-63
2.963637e-63
4.4525678e-63
2.8386039e-63
2.4500563e-63
1.7885336e-63
1.9175445e-63
2.6303249e-63
1.5546985e-63
2.2194913e-63
2.0983085e-63
1.5411355e-63
1.5103307e-63
2.2042813e-63
2.0307556e-63
1.5916956e-63
-1.2834384e-07
1.36902e-17
-3.5257529e-27
-5.4505607e-36
-7.0266862e-45
-5.6989152e-53
2.6496871e-60
-4.8305833e-67
1.0230996e-69
1.4652939e-69
1.695841e-69
3.1751515e-69
1.3983052e-69
8.5518437e-70
7.3220217e-70
1.47558e-69
8.6191286e-70
1.2277127e-69
1.4666315e-69
1.4260765e-69
3.2114904e-69
1.6560919e-69
1.6739904e-69
4.2947192e-68
1.0520984e-69
1.0952539e-69
1.4926998e-69
9.5744397e-70
7.9726837e-70
6.0288302e-70
5.2626039e-70
8.7536228e-70
5.1195792e-70
7.3698464e-70
6.9223325e-70
5.270299e-70
4.9323003e-70
7.0417482e-70
7.2239813e-70
5.0668706e-70
-1.0963796e-07
9.2800217e-18
-1.604225e-27
-4.628712e-36
-4.4205252e-45
-1.8728118e-53
8.9811321e-61
-7.5251601e-68
-2.891493e-74
6.9665489e-76
2.4647657e-75
6.2703727e-75
1.1093761e-75
3.9806629e-76
3.8171453e-76
2.1916989e-75
3.5175005e-76
5.8033391e-76
5.5888758e-76
6.510358e-76
4.5402089e-75
1.2100564e-75
9.5516446e-76
1.5881405e-73
4.0380229e-76
5.6718366e-76
5.7279456e-76
3.283913e-76
3.335481e-76
2.8304207e-76
1.6240789e-76
6.1719833e-76
8.402897e-76
2.1820636e-76
2.5502587e-76
1.6797396e-76
2.1789148e-76
2.0343134e-76
2.3060383e-76
1.6423013e-76
-9.3163805e-08
6.3752838e-18
-7.8275403e-28
3.9321344e-36
2.9610689e-45
7.466534e-54
-8.4898974e-61
4.3778746e-68
1.3733714e-73
3.3040559e-80
5.2765333e-81
7.1075671e-81
1.4891847e-81
5.0890463e-82
8.7706198e-82
4.4838052e-81
2.4496621e-82
3.9250974e-82
4.2779394e-82
6.029296e-82
9.0665942e-81
1.9227285e-81
8.1103075e-82
2.3664942e-79
1.6320723e-82
3.9588441e-82
5.1879688e-82
1.2376624e-82
1.819879e-82
2.1711855e-82
9.7064749e-83
6.1059819e-82
1.6443937e-81
1.0533169e-82
9.5653915e-83
7.0684466e-83
9.3030418e-83
7.1682646e-83
1.1643415e-82
5.5950285e-83
-7.8747002e-08
4.4158388e-18
-4.0088491e-28
3.8307401e-37
2.4060638e-46
3.9470983e-55
2.0555493e-62
-7.1555736e-70
3.2602683e-76
8.1732923e-83
9.3175204e-87
1.9696357e-86
2.8003086e-87
7.8410947e-88
1.9467582e-87
5.8345074e-87
2.2209175e-88
7.2175546e-88
5.3534931e-88
6.5374151e-88
1.4338679e-86
4.4255788e-87
7.6646865e-88
2.6140319e-85
1.786143e-88
5.0164209e-88
7.2281131e-88
5.5190092e-89
2.7961754e-88
2.6228315e-88
8.2899731e-89
7.3614674e-88
2.6591693e-87
6.2883078e-89
1.3875989e-88
6.3457309e-89
5.7378558e-89
3.3389092e-89
1.6404554e-88
2.1488276e-89
-6.6342863e-08
3.0796781e-18
-2.1300196e-28
9.4349784e-38
5.2120651e-47
5.9448336e-56
8.3970056e-64
-2.2588923e-71
3.4379807e-78
1.0363261e-84
3.4322459e-91
2.9774366e-92
6.960159e-93
7.5113754e-94
9.7490369e-93
7.0882165e-93
3.9136394e-94
1.9473543e-93
2.9684983e-93
6.7116843e-94
5.6460258e-92
6.0996859e-93
6.903935e-94
4.5958295e-90
3.2757104e-94
5.3908919e-94
8.1266211e-94
6.9064901e-95
3.7001236e-94
3.1494451e-94
8.4633697e-95
7.9880748e-94
2.9628224e-93
5.5736344e-95
1.3304858e-94
8.6794064e-95
4.9580122e-95
2.5174181e-95
2.1025569e-94
8.6911118e-96
-5.5844867e-08
2.1624097e-18
-1.1658545e-28
2.9903614e-38
1.5381033e-47
1.2826181e-56
8.4303284e-65
-1.9706652e-72
1.5699991e-79
6.2450066e-86
1.8621428e-92
8.1943457e-98
1.1026171e-98
1.3703311e-99
2.8076096e-98
2.6600143e-98
1.4328767e-99
8.903355e-99
6.2774603e-99
1.3928615e-99
9.0980353e-98
2.2781865e-98
9.7819091e-100
6.5878273e-96
1.9685209e-99
-8.6883428e-99
9.4563884e-100
1.2394601e-100
5.8596103e-100
7.4551075e-100
6.6539103e-101
2.3852617e-99
3.7284329e-99
1.1228971e-100
1.5226836e-100
1.149568e-100
5.6089623e-101
3.1337829e-101
3.3572526e-99
4.2885354e-102
-4.7061427e-08
1.5292267e-18
-6.5436624e-29
1.0827787e-38
5.5411763e-48
3.5220043e-57
1.3009991e-65
-2.9378145e-73
1.4886548e-80
9.5445562e-87
2.7936162e-93
9.3857483e-100
1.688177e-104
2.1623198e-105
4.5611438e-103
5.1839999e-104
2.586095e-105
1.3945421e-104
2.3398806e-104
2.2909412e-105
2.0482617e-103
5.6095737e-104
1.391904e-105
6.2783398e-102
3.5703392e-105
-1.757197e-104
2.2749612e-105
4.1310859e-106
2.8806939e-105
1.3036598e-105
6.8669363e-107
3.1044996e-105
5.7959425e-105
1.3301013e-106
1.7520849e-106
1.6540393e-106
1.8336407e-106
6.5615184e-107
-6.9402122e-104
2.2677586e-108
-3.9754054e-08
1.0893885e-18
-3.7538215e-29
4.2779083e-39
2.3881752e-48
1.1994554e-57
2.7684841e-66
-7.4865805e-74
2.5434699e-81
-8.2746885e-87
-2.1639617e-93
-6.5385138e-100
-2.4826769e-106
1.7542611e-110
2.8118708e-108
1.7557445e-109
-9.3193105e-111
2.5455401e-110
6.3595349e-109
8.5755278e-111
1.0599443e-108
1.40197e-109
3.0350289e-111
1.3482743e-107
3.0139074e-111
-6.9684035e-110
6.9395653e-111
5.4135444e-112
4.0830902e-111
1.8380535e-111
8.3375937e-113
1.4569131e-110
1.3281875e-110
1.93485e-112
1.4588568e-112
4.5433875e-112
2.4540434e-112
1.4386124e-112
7.5520971e-110
1.362161e-114
-3.3669497e-08
7.8129251e-19
-2.1938023e-29
1.8000329e-39
1.2847413e-48
5.2595055e-58
8.1461933e-67
-4.4449765e-74
1.1160254e-81
-3.1004632e-88
-9.4081417e-95
-2.8981322e-101
-9.2740087e-108
-4.1723981e-114
6.9044403e-114
6.7565625e-115
-2.5431961e-116
-8.7734486e-116
7.8776982e-114
1.183648e-116
4.5247375e-114
2.5201192e-115
4.327446e-117
3.6549942e-113
1.8596961e-116
-2.1520008e-115
1.5395299e-116
-1.5527647e-115
9.5908804e-117
3.5345567e-117
9.758856e-119
4.0501288e-116
2.3245171e-116
2.4647332e-118
2.5426869e-118
6.0219113e-118
5.1660007e-118
-3.5626266e-117
-3.6944264e-115
7.6241653e-121
-2.8591343e-08
5.6381907e-19
-1.3028964e-29
7.9533496e-40
1.1042407e-48
3.7919395e-58
4.1394632e-67
2.3607523e-74
-4.6745717e-82
6.0892183e-89
1.7051173e-95
5.7409269e-102
1.7373229e-108
5.6038962e-115
-1.0904561e-119
7.5975453e-121
-6.1844432e-122
-1.6581482e-121
6.7324926e-119
1.9122237e-122
2.0559409e-119
3.2389307e-121
6.0356501e-123
-4.620974e-119
5.2406202e-122
-1.781708e-120
7.257479e-122
-2.9905265e-121
1.7896352e-122
5.5066083e-121
1.1286307e-124
8.8680946e-122
4.8190296e-122
3.9097066e-124
5.9717395e-124
1.2255586e-123
8.4376418e-124
-1.2256917e-122
2.9893734e-121
2.6703505e-126
-2.4327175e-08
4.0894442e-19
-7.8424908e-30
3.6521086e-40
-1.1318853e-48
-3.3493911e-58
-2.6844897e-67
-3.5170683e-75
5.8233301e-83
-4.2417178e-90
-1.8075898e-96
-6.0075618e-103
-2.2095004e-109
-8.5125813e-116
-2.915549e-122
-3.2562104e-127
-8.8869662e-127
-5.8456461e-126
4.8987944e-124
-1.7992869e-127
6.6429432e-125
1.5588597e-126
1.0423903e-128
1.0418725e-124
2.4995089e-127
-4.0971874e-126
-2.0040055e-127
-5.9819863e-127
1.4498862e-127
1.0390825e-126
3.0651641e-130
4.9456007e-127
1.7386477e-127
3.7539483e-130
1.2557195e-129
3.0103928e-129
-1.206564e-129
-5.9162491e-128
-5.9440332e-128
-1.3967335e-131
-2.0725358e-08
2.9778891e-19
-4.7735184e-30
1.7298544e-40
-9.5615342e-50
-2.5038644e-59
-1.5221603e-68
-9.3902817e-77
1.3775828e-84
-6.6601057e-92
-4.9828586e-98
-1.3424383e-104
-5.1471961e-111
-2.1066642e-117
-6.9668208e-124
-2.6209366e-130
2.690511e-131
-3.3646924e-131
-9.1694481e-130
-6.6390351e-133
1.1234345e-129
-2.5826318e-131
-1.7371756e-134
-1.0443475e-129
7.2111509e-132
-7.4920887e-131
1.1884635e-132
-1.3144262e-132
1.5186864e-132
4.585065e-132
-7.1477677e-136
2.3977575e-132
2.0187957e-133
1.4379166e-135
2.0227404e-135
3.8883863e-135
-3.813698e-135
5.2100597e-134
4.501183e-134
1.374154e-137
-1.766862e-08
2.174955e-19
-2.9323438e-30
8.4055017e-41
-2.1961029e-50
-5.2304167e-60
-2.4801883e-69
-8.789033e-78
1.2256595e-85
-4.2043915e-93
1.3346891e-96
3.7326543e-103
1.7314275e-109
5.9823182e-116
2.1900334e-122
9.1046044e-129
3.6055831e-135
1.5268091e-136
-5.4089965e-135
3.0458417e-138
-2.7339204e-135
1.5068474e-136
1.7470337e-139
-3.4231678e-134
-3.265083e-137
-6.1109649e-136
-5.0175265e-138
-5.5893408e-138
-2.3126209e-138
5.7937289e-138
1.6093565e-140
6.4434178e-137
2.3373455e-139
-2.9438167e-141
3.3539705e-141
1.3066058e-140
-5.5947666e-141
-9.2446763e-139
-2.710594e-141
-5.5674113e-144
-1.5065917e-08
1.5918821e-19
-1.8149205e-30
4.171571e-41
-6.4361587e-51
-1.4365367e-60
-5.4418723e-70
-1.2265097e-78
1.7936775e-86
-4.6339961e-94
2.1200084e-100
5.9827403e-107
1.9981259e-113
7.4632696e-120
2.8601258e-126
1.2101197e-132
4.9608839e-139
-3.4840223e-142
-1.0469642e-139
-5.1653744e-144
-3.8904334e-140
-5.2956756e-142
7.3589384e-145
6.4549922e-140
1.8127642e-142
5.176251e-141
-1.8704148e-143
1.658045e-143
-1.6979372e-143
2.8730303e-143
7.1004786e-145
2.0073465e-142
3.7575412e-145
3.9524403e-146
7.7159178e-147
2.9922404e-146
2.441161e-147
1.3067916e-144
1.0904143e-146
1.4982198e-150
-1.2848363e-08
1.1670985e-19
-1.130564e-30
2.1079913e-41
-2.1325086e-51
-4.6166513e-61
-1.4267698e-70
-2.1894811e-79
3.8932473e-87
-7.7799877e-95
1.4457695e-101
5.2366136e-108
1.9727292e-114
8.0119596e-121
3.6250067e-127
1.1732506e-133
5.7674456e-140
2.195895e-146
1.5416315e-143
-1.2945293e-149
3.086217e-145
2.3849476e-147
-2.4893144e-151
4.5416088e-145
-3.5470854e-148
6.8846453e-146
3.5945369e-148
5.7104794e-149
1.5442206e-147
-3.5651187e-147
-3.3250495e-150
7.1339077e-148
1.6598561e-150
6.4129321e-152
2.4646944e-152
1.2523702e-151
-3.2637356e-152
-1.0828279e-150
1.2814497e-152
-3.8146145e-157
-1.0959659e-08
8.568777e-20
-7.0817284e-31
1.0818337e-41
-7.6384471e-52
-1.6752109e-61
-4.3082587e-71
-4.7135264e-80
1.5462001e-87
-2.5204051e-95
2.4570927e-102
1.0782938e-108
4.0297322e-115
2.1206816e-121
7.523955e-128
3.0376383e-134
1.3108518e-140
7.0125661e-147
-2.2293865e-149
1.7888364e-154
-1.1646727e-150
-1.0260154e-152
4.4467445e-156
-8.365015e-151
-2.8655308e-153
-2.0695477e-151
-1.7643159e-153
-3.1905749e-154
5.2731693e-153
9.9121434e-153
3.3505545e-155
-2.7976813e-153
-9.3430419e-156
3.9696929e-157
4.3455847e-158
3.7032648e-157
4.1434409e-157
1.4031525e-156
-6.7301208e-158
1.2552453e-163
-9.3525663e-09
6.2994191e-20
-4.4578003e-31
5.6281235e-42
-2.8925507e-52
-6.8199478e-62
-1.4856003e-71
-1.2024021e-80
-1.0156729e-87
1.3808229e-95
-8.8968458e-103
-3.5863005e-109
-1.3424174e-115
-6.3901676e-122
-2.5088863e-128
-1.2824899e-134
-5.5282003e-141
-2.9249051e-147
-1.6115083e-153
-9.8773842e-160
1.249301e-156
2.6856832e-158
-2.249485e-162
6.6566208e-157
-5.7993816e-159
2.5552548e-156
7.2240528e-159
5.9543524e-160
-1.219145e-158
-5.3022628e-158
-2.4323662e-159
5.1780319e-159
-8.7738701e-161
2.4945177e-162
-2.8552338e-163
-5.3393608e-163
-1.596105e-162
1.7567957e-163
8.5087637e-164
-1.6134057e-169
-7.9857592e-09
4.6367164e-20
-2.8183368e-31
2.9630926e-42
-1.1430268e-52
-3.1828677e-62
-5.9733247e-72
-3.6795427e-81
-4.8793643e-89
5.858078e-97
-2.8256127e-104
-2.9721089e-110
-8.4503348e-117
-3.6865057e-123
-1.6124327e-129
-7.9659814e-136
-4.5990719e-142
-1.8983719e-148
-1.1449351e-154
-5.8856249e-161
-2.7520372e-162
-1.3717268e-163
1.1658187e-167
-1.8230917e-162
4.9806777e-165
-1.1452232e-161
-6.4760763e-165
-7.084666e-166
1.1984879e-163
2.0133776e-163
1.4074803e-164
3.9258269e-164
1.0526225e-165
1.3720659e-166
5.8611729e-169
3.6439295e-169
1.242296e-168
4.4316107e-169
2.5077631e-169
3.8454557e-176
-6.8233766e-09
3.4165472e-20
-1.7885529e-31
1.5764428e-42
-4.6735767e-53
-1.8482598e-62
-3.038667e-72
-1.4592582e-81
-8.8347211e-90
9.7039929e-98
-3.3331281e-105
6.2580857e-111
2.202195e-117
8.625391e-124
3.5368659e-130
1.9544408e-136
1.1211592e-142
5.074229e-149
3.0388696e-155
1.236353e-161
9.3841293e-168
2.3233168e-169
-1.1903724e-173
2.6543771e-168
-4.2143351e-170
4.437556e-168
1.4740688e-170
2.9225485e-171
-5.163661e-169
-3.058854e-169
4.9361615e-170
-1.0403219e-169
5.3203637e-171
6.8931998e-172
-1.7292293e-174
-7.9557966e-175
-4.7206859e-175
2.0559275e-175
4.9198283e-175
7.2338532e-182
-5.8349359e-09
2.5200227e-20
-1.1388066e-31
8.4649234e-43
-1.9653155e-53
-2.0452109e-62
-2.9936792e-72
-1.1448047e-81
-3.9915125e-90
4.2249336e-98
-1.1464766e-105
5.4702588e-112
2.6031458e-118
1.0471933e-124
6.9712942e-131
3.4033043e-137
2.1003695e-143
1.3685711e-149
7.0860233e-156
4.452099e-162
2.9379542e-168
1.0926804e-174
3.0736598e-179
-2.2545517e-173
2.7116659e-176
-1.368334e-173
-4.2412104e-176
-2.5321397e-177
7.7005434e-175
-2.2356256e-174
-1.6785815e-175
7.8659056e-175
-6.1351608e-177
-6.6851248e-178
1.2678114e-180
1.7193167e-180
2.8279766e-181
2.9428561e-181
5.142949e-181
5.7185034e-188
-4.9947513e-09
1.860717e-20
-7.2727527e-32
4.5830304e-43
-8.4630617e-54
6.9728127e-63
9.2420018e-73
2.8661358e-82
6.4615573e-91
-6.8776076e-99
1.4590481e-106
-2.8675873e-113
-1.6035013e-119
-6.871366e-126
-3.4110928e-132
-2.6306525e-138
-2.5401444e-144
-1.9351962e-150
-1.6981385e-156
-1.4299185e-162
-1.0676093e-168
-9.2887418e-175
-8.7535342e-181
1.7448314e-179
-2.6827232e-182
3.337597e-179
4.4236895e-182
3.0107135e-183
-9.2349815e-181
1.2478653e-178
1.0201341e-181
-3.3236803e-180
-1.1725096e-181
7.9381275e-183
-6.5095124e-186
-4.7386036e-187
-2.0745565e-186
3.0104805e-187
2.9651778e-187
2.6095478e-194
-4.2812966e-09
1.3756803e-20
-4.6580275e-32
2.5001934e-43
-3.7201978e-54
9.0506987e-64
1.1054083e-73
2.8266204e-83
4.3898559e-92
-5.3023635e-100
9.2552256e-108
-1.1425444e-114
-5.575374e-121
-3.3269743e-127
-1.7727337e-133
-1.3013604e-139
-1.1575543e-145
-1.0133491e-151
-1.2961173e-157
-1.1112401e-163
-9.6460015e-170
-9.1443172e-176
-6.6658815e-182
-4.1371742e-185
1.0270684e-187
-1.4715648e-185
-8.5059477e-188
-6.0721914e-189
5.6917134e-187
-7.628709e-185
-5.6248461e-187
6.3269975e-186
1.3984805e-187
-8.8146919e-189
3.3318138e-192
1.6036012e-192
1.3916461e-191
3.7394411e-193
8.0497751e-194
7.2597534e-201
-3.6764111e-09
1.0188418e-20
-2.9923895e-32
1.3737642e-43
-1.6655227e-54
2.1192042e-64
2.4303684e-74
5.2015658e-84
5.8367559e-93
-9.2008194e-101
1.344753e-108
-1.1103834e-115
-9.6540882e-122
-7.2421115e-128
-4.1375608e-134
-4.151575e-140
-4.8761456e-146
-6.3515442e-152
-4.7840391e-158
-3.7593682e-164
-4.8600126e-170
-5.4792424e-176
-4.2530315e-182
-5.3868545e-188
-1.4188494e-193
6.2274518e-191
5.1836989e-194
4.5535859e-195
-1.902751e-192
8.3571198e-191
1.609835e-192
-1.7386308e-191
-1.3167949e-193
1.2446123e-194
-6.8391862e-198
5.9994439e-199
-1.4232979e-196
3.2987061e-199
1.7936637e-200
1.5911682e-207
-3.1646671e-09
7.563881e-21
-1.9289782e-32
7.6024232e-44
-7.5824944e-55
6.0186911e-65
6.6203719e-75
1.2024047e-84
1.009796e-93
-3.3079167e-101
4.1960619e-109
-2.5064431e-116
-6.3327758e-122
-3.9037848e-128
-8.3922997e-134
-8.2858154e-140
-1.2767339e-145
-1.1033509e-151
-2.0531394e-157
-5.1457906e-163
-1.3931334e-168
-9.9817732e-175
-3.4395616e-180
2.1543547e-185
1.2217177e-190
2.3453081e-196
-2.2442145e-200
2.3245013e-201
2.6896067e-198
-1.3153137e-196
-1.2680596e-198
1.5636081e-197
2.6808029e-199
-3.1724984e-200
3.3466268e-204
9.7003983e-204
-3.0453987e-201
1.3374007e-204
3.449967e-207
3.1298693e-214
-2.7327347e-09
5.6340538e-21
-1.2486008e-32
4.2384175e-44
-3.5071309e-55
1.8975543e-65
2.0522864e-75
3.2053464e-85
2.0703071e-94
1.0633945e-101
-1.2039134e-109
5.3202428e-117
-5.7862878e-123
-4.1797122e-129
-6.9658905e-135
-1.1293098e-140
-1.8735889e-146
-1.7718619e-151
-8.8761131e-157
-1.562718e-162
3.9108959e-168
5.207176e-174
1.7632678e-178
3.7830285e-184
3.557718e-190
-5.0056285e-195
-3.3719897e-200
-3.7621208e-206
8.5649256e-204
-3.1869843e-203
1.0495678e-204
-1.8984907e-203
-3.1507164e-205
1.2184532e-206
-3.7847781e-210
4.8783447e-209
3.3266595e-207
2.5223253e-210
5.4046195e-214
5.285437e-221
-2.3691183e-09
4.2152738e-21
-8.1231887e-33
2.3819428e-44
-1.6474379e-55
6.415154e-66
7.0331067e-76
9.5656243e-86
4.8600122e-95
5.4924494e-103
-5.7462561e-111
2.0049409e-118
-8.546658e-125
-1.3009317e-130
-7.1751302e-136
2.6617427e-141
6.887968e-147
1.4773328e-152
3.86547e-158
-1.5485482e-163
7.2510374e-169
-3.6393964e-174
4.4156767e-179
2.8799673e-184
-2.2053034e-189
1.3692034e-194
-1.4879474e-199
-2.8914942e-204
3.7864402e-209
-5.2417295e-208
1.7927764e-210
-1.2976577e-210
2.2639058e-211
-2.939606e-212
-2.2498699e-216
-5.1814227e-215
-3.5059898e-213
-1.5687968e-215
6.6767128e-221
6.9857198e-228
-2.0639023e-09
3.1721713e-21
-5.3186679e-33
1.3507143e-44
-7.8607899e-56
2.2868576e-66
2.6458319e-76
3.1723989e-86
1.29402e-95
7.105119e-104
-7.0070376e-112
1.9646022e-119
-5.0736152e-126
-6.3696577e-132
3.9915989e-137
3.6341306e-142
-8.3282879e-148
4.0640485e-153
-1.0036693e-158
-6.2624357e-164
1.3682796e-168
-8.9463144e-174
1.512786e-178
6.7907498e-184
-1.3280204e-189
1.7128072e-195
1.915237e-200
-4.8794393e-205
1.1944451e-210
6.0050029e-213
2.3512803e-215
2.498348e-214
2.04603e-217
-2.1051628e-218
4.5390678e-221
4.5388761e-221
3.052453e-219
-1.2489489e-221
6.7696895e-228
7.7542461e-235
-1.808538e-09
2.4050107e-21
-3.5105073e-33
7.7394235e-45
-3.8128177e-56
8.5185301e-67
1.1015797e-76
1.1784323e-86
3.9245405e-96
1.3038857e-104
-1.2744682e-112
2.9532538e-120
-5.2892621e-127
3.7590683e-132
2.2260017e-137
-4.9473927e-142
6.169877e-148
-2.1178523e-153
2.3952511e-159
-1.9029749e-165
7.1381458e-171
-1.0389669e-176
2.734554e-181
-2.0674875e-186
2.6667852e-192
-5.5178326e-198
5.1637428e-204
-3.2860821e-209
1.2089191e-214
-6.1960015e-219
4.3907237e-221
-5.0514946e-220
-6.8231612e-222
-3.7144998e-222
-6.5559839e-227
-3.8407902e-227
-1.7693307e-225
-1.1388803e-227
-5.016232e-235
1.4946462e-242
-1.5956987e-09
1.8404404e-21
-2.3405392e-33
4.489275e-45
-1.8824632e-56
3.3000519e-67
5.2379203e-77
5.0608393e-87
1.3972172e-96
3.1060272e-105
-3.1833876e-113
6.2505684e-121
-7.2074125e-128
-1.8678297e-133
3.7876404e-139
-8.0736065e-145
5.5521635e-151
-9.2706886e-157
8.4333951e-163
-7.8293661e-169
1.5139199e-174
-1.3793683e-180
1.7186903e-186
3.1702866e-193
-2.9533248e-198
1.6233517e-203
-6.590498e-209
1.4569852e-214
-2.7245858e-220
8.3195658e-225
-2.471794e-226
2.8403611e-225
7.800975e-227
1.3731395e-226
-7.3382114e-233
1.8119314e-233
8.3525133e-232
-1.0477892e-233
-1.1503062e-240
-5.9605068e-248
-1.4191224e-09
1.4245745e-21
-1.5801653e-33
2.6423367e-45
-9.4786002e-57
1.3266913e-67
3.1212084e-77
2.7572148e-87
6.4027477e-97
1.0131459e-105
-1.1832014e-113
1.9911572e-121
-1.8268673e-128
1.4445703e-134
-2.7214095e-140
7.3194637e-146
-9.1663834e-152
9.196487e-158
-7.2982659e-164
7.2769868e-170
-6.5042817e-176
6.2746045e-182
-4.7853661e-188
5.8214456e-194
-5.8040157e-200
4.700579e-206
-4.7196966e-212
5.2976152e-218
-4.1515447e-224
3.6609881e-230
5.9754114e-232
-2.031635e-231
-8.7120249e-233
-1.3427207e-232
1.4178149e-238
-7.4899046e-240
-4.5383872e-238
-7.4445753e-240
-8.4980013e-247
-5.0276105e-254
-1.2734989e-09
1.1179118e-21
-1.0833234e-33
1.5826531e-45
-4.8798632e-57
5.5333921e-68
3.7377874e-77
3.0582651e-87
6.0518982e-97
7.1132045e-106
-1.0734673e-113
1.6151973e-121
-1.0444046e-128
6.4265779e-135
-6.6116083e-141
4.9391842e-147
-2.4505258e-153
2.2183828e-159
-1.3662185e-165
1.1305437e-171
-6.1730846e-178
4.0100033e-184
-3.1585994e-190
2.0174312e-196
-9.322115e-203
5.8993688e-209
-4.4171359e-215
2.8859376e-221
-3.063256e-227
3.0726878e-233
-4.6560424e-238
1.6473324e-237
8.1840483e-239
1.2327226e-238
-1.123197e-244
2.306149e-246
1.5981596e-244
-5.9985322e-246
-6.0967297e-253
-3.528382e-260
-1.1543388e-09
8.9154329e-22
-7.565838e-34
9.6785615e-46
-2.5767318e-57
2.3968685e-68
-1.1315451e-77
-8.6922104e-88
-1.4841979e-97
-1.3407839e-106
3.7761995e-114
-5.1150721e-122
2.7975841e-129
-9.4737134e-136
8.6073055e-142
-7.0656625e-148
4.7888967e-154
-2.4303458e-160
1.5511975e-166
-7.4090249e-173
3.6127433e-179
-2.4347478e-185
1.2344174e-191
-5.8982114e-198
3.0240693e-204
-1.4371381e-210
8.5764644e-217
-4.0987095e-223
2.3078946e-229
-1.2899559e-235
1.0320221e-241
-1.2612345e-243
-7.5449814e-245
-1.1192429e-244
7.8731759e-251
-6.0519677e-253
-5.4563358e-251
-3.5766656e-252
-3.8522063e-259
-2.3013748e-266
-1.0578711e-09
7.2435783e-22
-5.4009593e-34
6.0655984e-46
-1.4005647e-57
1.0806307e-68
-1.6233961e-78
-1.1882642e-88
-1.7719344e-98
-1.262588e-107
-1.7341781e-114
2.2044436e-122
-9.8587145e-130
2.6438443e-136
-1.0774002e-142
5.4147787e-149
-2.6641473e-155
1.1777188e-161
-5.1566519e-168
2.4362297e-174
-1.2988243e-180
6.4454172e-187
-3.3458767e-193
1.5303303e-199
-6.5090961e-206
3.0631397e-212
-1.7832141e-218
8.7925518e-225
-3.3217171e-231
1.5913194e-237
-1.2025663e-243
1.3596085e-249
5.6673899e-251
5.9569884e-251
-4.1953374e-257
1.2502695e-259
1.5191316e-257
-2.1643596e-258
-2.3038313e-265
-1.3216118e-272
-9.8094113e-10
6.0097643e-22
-3.9546258e-34
3.9110077e-46
-7.8676159e-58
5.0857741e-69
-4.1531664e-79
-2.9444161e-89
-3.8795328e-99
-2.2298439e-108
-3.5419052e-116
4.2621853e-124
-1.5823183e-131
3.0997009e-138
-1.1873075e-144
4.2835641e-151
-1.8634323e-157
9.6019139e-164
-4.9651611e-170
2.8112496e-176
-1.0508194e-182
3.4002186e-189
-1.5320525e-195
5.8583651e-202
-2.1778141e-208
8.6407088e-215
-3.4579058e-221
1.0759774e-227
-3.8138206e-234
1.8042882e-240
-7.8963496e-247
3.808136e-253
-2.9587044e-257
-2.6749392e-257
1.9744539e-263
-2.6310424e-266
-4.2332472e-264
-1.2135359e-264
-1.2678531e-271
-7.4523563e-279
-9.2090902e-10
5.1022314e-22
-2.9799925e-34
2.6048939e-46
-4.5866304e-58
2.5070195e-69
-1.3199032e-79
-9.2335217e-90
-1.0874261e-99
-5.1392545e-109
-3.8420929e-117
4.631715e-125
-1.466568e-132
2.1823534e-139
-8.8583279e-146
4.1640879e-152
-1.8866035e-158
6.0639264e-165
-2.3821116e-171
7.2249276e-178
-2.7606294e-184
9.3691082e-191
-4.2373043e-197
1.5373426e-203
-5.350918e-210
2.2347519e-216
-7.9766873e-223
2.6416179e-229
-9.1750038e-236
4.2519522e-242
-2.6560495e-248
-6.4818645e-254
1.8419755e-259
9.049949e-264
-7.586028e-270
4.9607796e-273
9.0290366e-271
-5.829974e-271
-5.8943982e-278
-3.4850736e-285
-8.7556095e-10
4.439994e-22
-2.3179514e-34
1.7989845e-46
-2.7863151e-58
1.2990957e-69
-4.8116988e-80
-3.3950514e-90
-3.6147077e-100
-1.4302053e-109
-6.4652693e-118
8.0256838e-126
-2.215711e-133
2.8369781e-140
-9.4845391e-147
3.1805681e-153
-9.9412497e-160
3.4041885e-166
-9.903613e-173
3.1894191e-179
-8.733519e-186
2.4414928e-192
-6.7048234e-199
2.0560181e-205
-6.72686e-212
1.9165862e-218
-5.4562392e-225
2.0045782e-231
-6.5045325e-238
2.1168713e-244
-7.8413144e-251
3.2028142e-257
-1.0288927e-263
8.2906079e-271
1.0039631e-276
-8.6383349e-280
-1.7421808e-277
-3.717249e-277
-3.8509514e-284
-2.1805794e-291
-8.430085e-10
3.9644674e-22
-1.8655957e-34
1.2925289e-46
-1.7703764e-58
7.1003201e-70
-1.9536352e-80
-1.4278188e-90
-1.3903335e-100
-4.6754155e-110
-1.4296376e-118
1.8997775e-126
-4.7417465e-134
4.7657065e-141
-1.3731192e-147
3.921658e-154
-1.048772e-160
3.0031657e-167
-7.9535839e-174
2.1700005e-180
-6.1335706e-187
1.6722996e-193
-4.0319831e-200
1.0234176e-206
-2.5056397e-213
6.1718686e-220
-1.6231002e-226
4.4622404e-233
-1.3140611e-239
3.5447092e-246
-9.9543753e-253
3.1169545e-259
-9.7230633e-266
2.1519174e-272
-4.5054874e-279
7.7723663e-286
-2.7405242e-284
-1.9936534e-283
-2.0990753e-290
-1.2532308e-297
-8.2158216e-10
3.6332385e-22
-1.5560716e-34
9.6856041e-47
-1.1800794e-58
4.1050232e-70
-8.7169499e-81
-6.8277775e-91
-6.1528459e-101
-1.7846199e-110
-3.9701374e-119
6.2630534e-127
-1.4050122e-134
1.1791243e-141
-2.6446244e-148
6.9549788e-155
-1.6813833e-161
4.065775e-168
-9.2431167e-175
2.4993929e-181
-7.2558629e-188
1.8196239e-194
-4.6411078e-201
1.2753039e-207
-2.7676643e-214
7.7398963e-221
-1.8012081e-227
4.7829432e-234
-1.0881451e-240
3.0849022e-247
-8.5303219e-254
2.3567913e-260
-5.9123795e-267
1.3641608e-273
-2.1509966e-280
2.8350938e-287
6.8157775e-290
-1.5077825e-289
-1.4207173e-296
-8.4188235e-304
-8.0973305e-10
3.4154155e-22
-1.3457151e-34
7.5809869e-47
-8.2688887e-59
2.5154384e-70
-4.2436211e-81
-3.7323532e-91
-3.1501185e-101
-7.9917142e-111
-1.3545589e-119
2.8400674e-127
-6.0842485e-135
4.1969154e-142
-7.63974e-149
1.6163077e-155
-3.4259286e-162
8.4535418e-169
-1.8400834e-175
4.2143244e-182
-9.0586048e-189
2.278294e-195
-4.8780573e-202
9.9646948e-209
-1.9883306e-215
4.0733291e-222
-1.0088884e-228
2.021902e-235
-4.466462e-242
1.1102149e-248
-2.6227418e-255
6.8424808e-262
-1.5469053e-268
3.2940156e-275
-4.793681e-282
5.9181452e-289
-2.033163e-295
-1.142458e-295
-1.1392704e-302
-6.8163187e-310
-8.0591889e-10
3.2879934e-22
-1.205762e-34
6.1988801e-47
-6.0953523e-59
1.6350023e-70
-2.2430018e-81
-2.3757106e-91
-1.9019256e-101
-4.2759229e-111
-5.7168929e-120
2.3422158e-127
-4.7003037e-135
2.8548125e-142
-4.6357671e-149
8.6043349e-156
-1.7847857e-162
3.7148739e-169
-7.36521e-176
1.4000452e-182
-2.8962451e-189
6.0459134e-196
-1.1975889e-202
2.332561e-209
-4.3510634e-216
8.4528827e-223
-1.7537922e-229
3.7222078e-236
-7.4328193e-243
1.563762e-249
-3.1584646e-256
6.804298e-263
-1.4938985e-269
2.5198319e-276
-3.5035203e-283
4.0542747e-290
-7.2438903e-297
-1.1107738e-301
-1.1560834e-308
-1.8415741e-312
-8.0851238e-10
3.2329892e-22
-1.1169947e-34
5.2885447e-47
-4.7233957e-59
1.1265517e-70
-1.2815697e-81
-1.846861e-91
-1.4213795e-101
-2.8687892e-111
-3.1154701e-120
-1.0227517e-126
2.0219957e-134
-1.0864718e-141
1.5529906e-148
-3.081066e-155
5.6941228e-162
-1.0355844e-168
1.7047196e-175
-2.878646e-182
4.7999173e-189
-8.0121796e-196
1.2900584e-202
-2.2489365e-209
3.8836793e-216
-7.3888567e-223
1.2812347e-229
-2.3071887e-236
4.6488826e-243
-8.4672006e-250
1.7038985e-256
-3.4279616e-263
7.6257437e-270
-1.2685389e-276
1.6174414e-283
-1.7656121e-290
2.6672817e-297
2.0121531e-303
1.8540802e-310
9.2273537e-314
-8.1572589e-10
3.235058e-22
-1.0662022e-34
4.6945154e-47
-3.8390285e-59
8.2102424e-71
-7.8775195e-82
-2.055179e-91
-1.5419315e-101
-2.8287596e-111
-2.5530759e-120
-6.5067538e-128
1.2856583e-135
-6.4084611e-143
7.7290001e-150
-1.2907906e-156
2.1406061e-163
-3.3457747e-170
5.374764e-177
-8.1131681e-184
1.3339333e-190
-2.1856511e-197
3.8546286e-204
-6.538238e-211
1.0339256e-217
-1.5880327e-224
2.6848582e-231
-4.5385868e-238
7.5632249e-245
-1.2849941e-251
2.1897654e-258
-3.8079583e-265
6.6138613e-272
-9.5364769e-279
1.0461786e-285
-1.0520012e-292
1.5422599e-299
2.5022896e-305
3.6377659e-312
4.1979127e-313
-8.2560035e-10
3.2795924e-22
-1.0437991e-34
4.3177307e-47
-3.2601991e-59
6.3051414e-71
-5.179851e-82
-4.7522208e-90
-3.527939e-100
-5.9527322e-110
-4.554605e-119
-5.597873e-127
1.1621683e-134
-5.1961984e-142
5.8657328e-149
-8.7748891e-156
1.2846652e-162
-2.0181641e-169
3.6704814e-176
-5.3454087e-183
7.9124157e-190
-1.2908843e-196
1.777763e-203
-2.8220466e-210
4.3464059e-217
-6.9053977e-224
9.9323106e-231
-1.6368529e-237
2.9428972e-244
-4.8905847e-251
7.9290113e-258
-1.3945544e-264
2.2845491e-271
-3.0899964e-278
3.3560681e-285
-3.258932e-292
4.3450641e-299
2.3605017e-304
2.3657258e-311
8.3038081e-314
-8.3607414e-10
3.3513749e-22
-1.0421883e-34
4.0924348e-47
-2.8779755e-59
5.076075e-71
-3.6195657e-82
8.5636625e-92
6.3891719e-102
1.0025227e-111
6.6156531e-121
5.049073e-129
-1.1391575e-136
4.6277193e-144
-4.5874466e-151
6.6363825e-158
-9.6263915e-165
1.4013247e-171
-1.8906361e-178
2.7747875e-185
-4.3165956e-192
5.9830285e-199
-8.6986957e-206
1.233022e-212
-1.918486e-219
2.8106929e-226
-4.0934248e-233
5.630471e-240
-8.2256762e-247
1.3107453e-253
-2.014527e-260
3.237262e-267
-4.9692104e-274
6.5097787e-281
-6.5128656e-288
6.140309e-295
-7.8019454e-302
-1.9391076e-307
-1.4803823e-312
1.4810395e-313
-8.4514644e-10
3.4340526e-22
-1.0546598e-34
3.9722202e-47
-2.62464e-59
4.2574423e-71
-2.6681271e-82
2.9158908e-92
2.223306e-102
3.2784771e-112
1.8938595e-121
1.0114356e-129
-2.6899082e-137
1.0755637e-144
-1.0124358e-151
1.3672517e-158
-1.9099928e-165
2.7454628e-172
-4.1298478e-179
5.3712143e-186
-7.7573026e-193
1.0181447e-199
-1.3196112e-206
1.7980291e-213
-2.5387592e-220
3.7226496e-227
-5.1928943e-234
6.7489129e-241
-1.0819143e-247
1.6471563e-254
-2.4177719e-261
3.917922e-268
-6.0160382e-275
7.3622791e-282
-7.1168257e-289
6.5890218e-296
-8.4102159e-303
3.6819682e-308
5.1673985e-313
1.2909227e-314
-8.5111745e-10
3.5106949e-22
-1.0747492e-34
3.9215743e-47
-2.4560574e-59
3.6945093e-71
-2.0585178e-82
1.4071281e-92
1.1174609e-102
1.5649642e-112
8.0285821e-122
3.2147962e-130
-1.0956169e-137
4.1923069e-145
-3.5102773e-152
4.1774488e-159
-5.4465734e-166
7.0355897e-173
-9.2202443e-180
1.1608411e-186
-1.3806393e-193
1.7500353e-200
-2.0806196e-207
2.5983649e-214
-3.1515707e-221
4.1225388e-228
-5.5610382e-235
7.444291e-242
-1.0149175e-248
1.4034028e-255
-2.01919e-262
2.930976e-269
-4.2804711e-276
5.4285707e-283
-5.2296e-290
4.8441143e-297
-5.8012186e-304
1.1212427e-309
1.1533745e-312
-1.1075085e-314
-8.528246e-10
3.5654408e-22
-1.0960463e-34
3.9109582e-47
-2.3417648e-59
3.2933746e-71
-1.6490693e-82
7.9929043e-93
6.7654512e-103
9.1039995e-113
4.205505e-122
1.3244985e-130
-6.8997029e-138
2.5622222e-145
-1.8660492e-152
1.9463764e-159
-2.2050388e-166
2.2945706e-173
-2.5305189e-180
2.5880786e-187
-2.7664868e-194
2.850627e-201
-2.9434752e-208
3.1174147e-215
-3.4003116e-222
3.6391609e-229
-4.1565872e-236
4.9752842e-243
-6.2510799e-250
7.8136195e-257
-1.0459969e-263
1.3797708e-270
-1.8312936e-277
2.2287986e-284
-1.9461946e-291
1.7315599e-298
-1.898064e-305
-2.2367411e-310
-4.5769828e-313
-4.7568523e-315
-8.4981745e-10
3.5859183e-22
-1.1124472e-34
3.9144107e-47
-2.2593958e-59
2.9944745e-71
-1.361022e-82
5.016188e-93
4.6674366e-103
6.1173602e-113
2.5848143e-122
6.6719772e-131
-1.0197594e-137
3.633621e-145
-2.2208719e-152
1.891956e-159
-1.6556993e-166
1.434788e-173
-1.2388506e-180
1.0447349e-187
-9.0202922e-195
7.4065594e-202
-6.209383e-209
5.3425193e-216
-4.6630554e-223
4.1996218e-230
-3.7471847e-237
3.6907395e-244
-3.6533172e-251
3.9920232e-258
-4.6073271e-265
5.7701934e-272
-7.0138062e-279
7.1504346e-286
-6.0851017e-293
4.7611469e-300
-4.9878823e-307
-4.7473235e-311
-1.9897411e-313
2.5937936e-313
-8.4237206e-10
3.565448e-22
-1.1187226e-34
3.9089472e-47
-2.1915941e-59
2.7581542e-71
-1.1485583e-82
3.3675689e-93
3.5997426e-103
4.6702822e-113
1.834627e-122
4.0067409e-131
5.8526819e-138
-1.9671987e-145
1.0316123e-152
-6.8086048e-160
4.8015733e-167
-3.2783676e-174
2.3137704e-181
-1.5875405e-188
1.1019919e-195
-7.338891e-203
5.0994314e-210
-3.5159156e-217
2.3112291e-224
-1.5751231e-231
1.1410151e-238
-7.9010068e-246
6.1642408e-253
-4.9610408e-260
4.4252453e-267
-4.4372262e-274
4.4042397e-281
-4.2036582e-288
3.2473754e-295
-2.5265206e-302
2.3805563e-309
-5.7370647e-312
-1.3026347e-312
6.7141085e-313
-8.3138443e-10
3.5043023e-22
-1.1112592e-34
3.8754826e-47
-2.1246204e-59
2.5568422e-71
-9.83847e-83
2.3698795e-93
3.1103563e-103
4.0654977e-113
1.5081839e-122
2.8562595e-131
1.3139885e-138
-4.2981698e-146
1.9147408e-153
-1.0761629e-160
6.377455e-168
-3.6257255e-175
2.0712479e-182
-1.1609648e-189
6.7428598e-197
-3.8467868e-204
2.1316823e-211
-1.2155939e-218
6.9753708e-226
-4.207068e-233
2.5048724e-240
-1.5497525e-247
1.0072268e-254
-6.6719726e-262
4.6460535e-269
-3.6143554e-276
2.9665003e-283
-2.3529278e-290
1.6075075e-297
-1.0643864e-304
9.1784343e-312
2.6954505e-311
1.4428947e-312
3.3369906e-313
-8.1813213e-10
3.4091591e-22
-1.0886232e-34
3.800499e-47
-2.0480476e-59
2.3710164e-71
-8.4941602e-83
1.7234552e-93
3.0927297e-103
4.1392665e-113
1.4678368e-122
2.4487013e-131
6.121669e-139
-2.0357313e-146
8.2011e-154
-4.0679659e-161
2.1358152e-168
-1.1232634e-175
5.8837495e-183
-3.0757399e-190
1.6600533e-197
-8.7820812e-205
4.7953986e-212
-2.5497032e-219
1.3458944e-226
-7.1847692e-234
3.835543e-241
-2.097964e-248
1.1747011e-255
-6.8930821e-263
4.1671413e-270
-2.8785088e-277
2.3076255e-284
-1.9076203e-291
1.3834206e-298
-1.0136948e-305
-1.4343166e-312
-1.2889782e-311
-1.032924e-312
7.4537736e-313
-8.0402912e-10
3.291135e-22
-1.0517633e-34
3.6778821e-47
-1.9552744e-59
2.1877198e-71
-7.3429376e-83
1.2814004e-93
3.8628235e-103
5.3477841e-113
1.8179611e-122
2.6831511e-131
4.2349315e-139
-1.589052e-146
6.5547117e-154
-3.3796525e-161
1.9017712e-168
-1.1011097e-175
6.6354494e-183
-4.1237688e-190
2.5278546e-197
-1.4308463e-204
8.3649761e-212
-5.024183e-219
2.2028392e-226
4.5256852e-233
-8.7391456e-239
4.9782413e-245
-2.1240632e-251
6.0598939e-258
-1.2667995e-264
2.2427553e-271
-3.2673946e-278
3.7492928e-285
-3.3798829e-292
2.9007469e-299
-4.003473e-306
-1.4999834e-311
1.5015964e-312
-8.0781176e-313
-7.9041496e-10
3.1631023e-22
-1.003706e-34
3.5098882e-47
-1.8442804e-59
2.0005107e-71
-6.3213018e-83
9.6608259e-94
9.4984407e-103
1.357382e-112
4.3932664e-122
5.7016689e-131
6.1608199e-139
-3.5081885e-146
1.7290578e-153
-1.255051e-160
1.0293523e-167
-8.5898434e-175
7.6264906e-182
-6.8822763e-189
5.9386822e-196
-5.1044143e-203
4.4669426e-210
-3.8749493e-217
3.3536579e-224
-2.93934e-231
2.4599255e-238
-2.0835512e-245
1.7468388e-252
-1.4236265e-259
9.6205804e-267
-4.6521922e-274
4.7683679e-280
8.5743383e-287
-2.2541316e-293
3.4206444e-300
-8.0627407e-307
-1.0913493e-311
1.4636894e-312
-9.0050443e-313
-7.7841623e-10
3.0372443e-22
-9.4881285e-35
3.3063668e-47
-1.7178532e-59
1.8095742e-71
-5.4017322e-83
7.3437126e-94
-6.3392621e-103
-9.2023554e-113
-2.7906298e-122
-3.1528228e-131
-2.4307219e-139
3.4341618e-146
-2.8702962e-153
4.3483997e-160
-9.4024864e-167
2.5929292e-173
-9.2152125e-180
2.9195971e-186
-1.2674652e-192
4.3351966e-199
-1.3310584e-205
4.368766e-212
-1.1001273e-218
2.5935779e-225
-4.315636e-232
7.1666491e-239
-9.6717006e-246
1.1078388e-252
-9.3167585e-260
5.1999579e-267
-1.3004615e-274
-6.9062556e-282
1.2387836e-288
-1.3836288e-295
2.3053247e-302
-1.0050411e-308
-1.0912985e-312
-4.9860062e-313
-7.6887738e-10
2.9234688e-22
-8.9183893e-35
3.0820329e-47
-1.5825709e-59
1.6206404e-71
-4.5822272e-83
5.6134377e-94
-1.7933262e-103
-2.5847583e-113
-7.2233855e-123
-7.0603321e-132
-4.0690609e-140
-5.1327358e-147
1.7095252e-153
5.9878827e-160
1.4429923e-166
2.8009036e-173
5.0788319e-180
9.1913496e-187
1.6462314e-193
3.0595522e-200
5.9579074e-207
1.3560174e-213
3.1562709e-220
8.2067082e-227
2.4506822e-233
1.3128726e-239
9.2112877e-246
-1.5207161e-251
7.2156495e-258
-1.4727322e-264
1.6679777e-271
-1.3568075e-278
9.2464327e-286
-7.4934079e-293
7.7501738e-300
-1.104522e-306
-2.4978862e-312
5.792184e-313
-7.6235321e-10
2.8288191e-22
-8.3708803e-35
2.8526213e-47
-1.4465908e-59
1.4422172e-71
-3.8734459e-83
4.3177407e-94
-8.6352364e-104
-1.2211798e-113
-3.1377157e-123
-2.6835678e-132
-1.2318907e-140
-5.9096762e-148
-1.5268302e-154
-2.0261184e-161
-2.1987876e-168
-2.3569431e-175
-2.6201114e-182
-2.8238717e-189
-3.7168222e-196
-5.923168e-203
2.7745057e-210
-1.31241e-215
1.6442488e-221
1.0492004e-226
8.8281981e-233
6.1741149e-239
2.2315928e-245
5.7564741e-252
1.6072829e-258
6.2132534e-265
2.4486076e-269
-6.0390071e-276
8.6140275e-283
-9.7966963e-290
7.9794818e-297
-8.7076747e-304
-5.4132953e-311
-1.0168498e-312
-7.5912287e-10
2.7575644e-22
-7.8787416e-35
2.631373e-47
-1.3170226e-59
1.2819902e-71
-3.2848872e-83
3.3548658e-94
-4.7229983e-104
-6.7000711e-114
-1.6204269e-123
-1.2544061e-132
-4.9371237e-141
-1.768886e-148
-6.3585921e-155
-1.8024051e-161
-4.0923398e-168
-1.1308659e-174
-6.1832977e-181
-4.6129772e-187
-4.1960942e-193
-4.0284622e-199
-2.1708264e-204
-1.6327731e-210
-8.5445867e-217
-3.2551671e-223
-8.616028e-230
-1.724653e-236
-2.7482622e-243
-3.2495922e-250
-3.7128974e-257
-4.0810898e-264
-5.3526285e-271
-1.7426926e-277
1.1485252e-283
-1.3364819e-290
7.0973036e-298
-6.6276519e-305
-3.7178011e-312
-8.5606599e-313
-7.592308e-10
2.7117218e-22
-7.4637506e-35
2.4271921e-47
-1.19805e-59
1.1439433e-71
-2.8157472e-83
2.6479411e-94
-2.6590663e-104
-4.0955151e-114
-9.8963629e-124
-7.3920796e-133
-2.7461812e-141
-1.2676951e-148
1.0508253e-155
-7.7875781e-163
5.0461464e-170
-3.0171551e-177
1.6005345e-184
-8.2906585e-192
4.1942241e-199
-7.8347556e-208
1.046524e-211
7.7392454e-218
4.2734159e-224
1.7141098e-230
4.9900438e-237
1.1256172e-243
2.3791549e-250
4.168577e-257
2.1990775e-264
-3.2275367e-271
-1.2033787e-277
-5.5865466e-284
-3.600794e-290
3.3968692e-297
-1.4105112e-304
2.157486e-311
7.7239573e-313
6.4323745e-313
-7.6252362e-10
2.6916284e-22
-7.1376381e-35
2.2446719e-47
-1.0904024e-59
1.0271616e-71
-2.4520597e-83
2.133661e-94
-1.5125471e-104
-3.0471791e-114
-8.2234758e-124
-6.5832964e-133
-2.6483456e-141
-3.745556e-147
9.4715277e-155
-2.0553956e-162
4.2286814e-170
-8.1147392e-178
1.496912e-185
-2.6699755e-193
4.6370042e-201
-8.0313774e-209
1.4091441e-216
-2.6698591e-224
-3.0188198e-232
-3.3687097e-238
-1.0146281e-244
-2.4850214e-251
-6.1134908e-258
-1.2631126e-264
-4.6993801e-272
3.3815536e-278
1.8857404e-284
1.014556e-290
2.1994654e-297
-1.8633902e-304
8.4607117e-312
2.1549678e-312
1.1029645e-313
-1.5709622e-314
-7.6868679e-10
2.6964442e-22
-6.9048927e-35
2.0854943e-47
-9.9217801e-60
9.2630245e-72
-2.1684434e-83
1.7574559e-94
-8.8455374e-105
-4.1548618e-114
-1.5569208e-123
-1.6048556e-132
-8.7492404e-141
2.6212359e-148
-3.295581e-156
3.6326321e-164
-3.7898088e-172
3.8174581e-180
-3.7351297e-188
3.5868525e-196
-3.4205503e-204
3.2694137e-212
-3.1352577e-220
3.0669996e-228
-3.0805662e-236
3.2417138e-244
-2.4322703e-252
3.1982819e-259
7.4469991e-266
1.7492729e-272
5.2199187e-280
-7.8460015e-286
-5.4292197e-292
-3.4984387e-298
-5.1651715e-305
4.6460464e-312
-2.7045019e-313
2.4450211e-313
-5.0024669e-313
-7.1006233e-313
-7.7729018e-10
2.7245521e-22
-6.7657337e-35
1.9502412e-47
-9.0059093e-60
8.3334114e-72
-1.9315796e-83
1.471581e-94
-5.4292941e-105
2.6373542e-114
2.6953946e-123
5.5909219e-132
7.5379258e-140
-9.8010271e-148
7.8857323e-156
-5.6115173e-164
3.8259601e-172
-2.5482455e-180
1.6663235e-188
-1.0771917e-196
6.9356463e-205
-4.4691887e-213
2.9155917e-221
-1.9125978e-229
1.2770283e-237
-8.7550999e-246
6.1890557e-254
-4.5731038e-262
3.5914385e-270
-3.0784521e-278
2.9020913e-286
5.5494997e-294
7.2263637e-300
5.1837832e-306
8.2890386e-313
-2.788705e-313
2.3012921e-313
-1.7086197e-313
-5.1473905e-313
-7.3300772e-313
-7.8782355e-10
2.7738037e-22
-6.7184719e-35
1.8397645e-47
-8.1395463e-60
7.404557e-72
-1.7055812e-83
1.234908e-94
-3.5198981e-105
4.8829918e-115
-3.9779091e-124
2.2911598e-132
-3.3731354e-140
2.8534034e-148
-1.7456137e-156
9.4858455e-165
-4.9503885e-173
2.5451268e-181
-1.3012475e-189
6.6339771e-198
-3.3806708e-206
1.7217773e-214
-8.8353893e-223
4.5775151e-231
-2.3866577e-239
1.2623403e-247
-6.8250954e-256
3.7650237e-264
-2.1620655e-272
1.3089948e-280
-8.4776072e-289
6.104666e-297
-4.9151913e-305
5.2959466e-313
-1.3215364e-313
-1.8127099e-314
1.3965188e-313
-2.5389398e-313
5.2925063e-313
8.4123519e-313
-7.9974277e-10
2.8416907e-22
-6.7610442e-35
1.7557684e-47
-7.3302608e-60
6.4373938e-72
-1.4621811e-83
1.0157814e-94
-2.3862305e-105
1.9162076e-115
-5.3499388e-125
6.0421589e-134
-2.8719992e-142
1.9805277e-150
-1.0674289e-158
5.0718476e-167
-2.3275041e-175
1.0608695e-183
-4.8561351e-192
2.2298211e-200
-1.0257947e-208
4.7361733e-217
-2.1986588e-225
1.0216767e-233
-4.7696383e-242
2.2381276e-250
-1.0585514e-258
5.0512678e-267
-2.4458654e-275
1.210722e-283
-6.2324273e-292
3.4126465e-300
-2.0061702e-308
-5.8392014e-314
-1.0359089e-313
1.6351618e-313
1.3237879e-313
2.6562371e-313
-5.5619948e-313
2.8430446e-313
-8.1250887e-10
2.9254406e-22
-6.8917049e-35
1.7006923e-47
-6.6090292e-60
5.45795e-72
-1.1949179e-83
7.9881539e-95
-1.6592116e-105
1.0016119e-115
-1.8191381e-125
1.2398428e-134
-4.0300783e-143
2.8089215e-151
-1.5567826e-159
7.438087e-168
-3.4415567e-176
1.5950982e-184
-7.4912791e-193
3.5487934e-201
-1.6983608e-209
8.1571812e-218
-3.9291578e-226
1.8944476e-234
-9.0962632e-243
4.3671036e-251
-2.0804946e-259
9.8288462e-268
-4.6170218e-276
2.1575507e-284
-1.0155141e-292
4.8588721e-301
-2.4108556e-309
-7.3042385e-314
-1.2740373e-313
8.196451e-314
-1.0183868e-313
2.7425759e-313
-3.8017355e-313
6.8144136e-315
-8.2562811e-10
3.0220941e-22
-7.109035e-35
1.6773397e-47
-6.0161524e-60
4.5449635e-72
-9.255249e-84
5.8991934e-95
-1.1629732e-105
6.3685213e-116
-1.0064521e-125
5.9710549e-135
-1.9652341e-143
1.9256915e-151
-1.3378491e-159
7.5796493e-168
-4.1632264e-176
2.3205759e-184
-1.3243578e-192
7.7181872e-201
-4.5554194e-209
2.7160803e-217
-1.6232396e-225
9.6412088e-234
-5.6623662e-242
3.267487e-250
-1.8058368e-258
8.8299491e-267
-2.3588835e-275
-2.9319967e-283
7.4833025e-291
-1.1174816e-298
1.3901257e-306
5.5271428e-314
-2.2201409e-314
3.6666326e-314
1.1408241e-313
2.8003616e-313
6.210042e-313
-1.4358631e-313
-8.3867291e-10
3.1285147e-22
-7.4112668e-35
1.6885565e-47
-5.5856712e-60
3.7815282e-72
-6.8915744e-84
4.0903034e-95
-8.1705491e-106
4.9191123e-116
-9.0203056e-126
6.8376644e-135
-4.7167532e-143
3.1412194e-150
-4.0564971e-158
3.5999237e-166
-3.066426e-174
2.7089024e-182
-2.5325987e-190
2.478449e-198
-2.4784356e-206
2.5760528e-214
-3.226552e-222
8.4617451e-230
-4.1485069e-237
1.9607022e-244
-6.9756526e-252
1.8494211e-259
-3.7138481e-267
5.8356778e-275
-7.2457875e-283
7.4792221e-291
-7.0596385e-299
7.1799878e-307
1.2777613e-313
3.298785e-313
-1.573706e-313
2.9059669e-313
4.4579611e-313
6.8720597e-313
-8.5129486e-10
3.2414029e-22
-7.7951454e-35
1.7370732e-47
-5.3388501e-60
3.2136806e-72
-5.0933268e-84
2.7236574e-95
-5.794766e-106
5.0703665e-116
-1.9535638e-125
8.5483761e-134
4.1970143e-142
3.5635479e-150
2.9849237e-157
-1.1181725e-164
3.706963e-172
-1.5316687e-179
8.4081669e-187
-6.0010731e-194
5.7884452e-201
-6.13222e-208
6.3228575e-215
-5.5366432e-222
3.7035273e-229
-1.8684606e-236
6.8921673e-244
-1.8969677e-251
3.9211729e-259
-6.366335e-267
8.08072e-275
-8.4469338e-283
7.8379853e-291
-7.6236713e-299
1.2243253e-306
-9.3636949e-313
2.2979848e-314
-3.0033334e-313
7.6261437e-313
-2.520487e-313
-8.6322822e-10
3.3573434e-22
-8.2545335e-35
1.8253765e-47
-5.287387e-60
2.8464031e-72
-3.8818602e-84
1.8138815e-95
-4.1838133e-106
1.1980589e-115
5.8003442e-125
3.69778e-134
4.994753e-143
1.7413659e-151
1.5440491e-159
2.2452186e-167
3.3462759e-175
4.5559321e-183
5.7869131e-191
6.9737987e-199
8.2073104e-207
8.7891677e-215
1.7504995e-222
-4.4505683e-230
3.9895271e-237
-1.9301422e-244
7.1205484e-252
-1.9585902e-259
3.9791986e-267
-6.9668877e-275
6.7009144e-283
6.638212e-290
-4.2705882e-297
2.8427683e-304
1.439098e-311
8.9496421e-314
1.6648701e-313
3.1494023e-313
-8.9844972e-313
4.8531331e-313
-8.7427657e-10
3.4728335e-22
-8.7788177e-35
1.955343e-47
-5.4400971e-60
2.663989e-72
-3.1506367e-84
1.2648173e-95
-3.0593911e-106
-5.4900723e-116
-7.0056097e-126
-1.8111826e-135
-1.2776208e-144
-2.6773156e-153
-1.2648347e-161
-7.8764107e-170
-4.9132317e-178
-2.9688859e-186
-1.7505554e-194
-1.0076341e-202
-5.7449753e-211
-3.260795e-219
-1.8584067e-227
-1.0711762e-235
-6.0125171e-244
-4.734242e-252
1.4741679e-260
-1.1708846e-267
1.9310739e-275
-3.7761801e-283
2.4916629e-291
6.9353076e-298
-4.2687106e-305
2.3765732e-312
2.2462381e-313
-1.1316971e-313
-1.7281771e-313
-3.5905373e-313
1.1575092e-312
-1.1806855e-312
-8.8429937e-10
3.5844117e-22
-9.351808e-35
2.1275451e-47
-5.8079558e-60
2.6503916e-72
-2.7773193e-84
9.5892786e-96
-2.2364847e-106
-1.6317235e-116
-1.194753e-126
-1.8955027e-136
-8.8456427e-146
-1.3263161e-154
-4.4892603e-163
-1.9048893e-171
-8.0734366e-180
-3.3580832e-188
-1.3799748e-196
-5.6372679e-205
-2.288563e-213
-9.2897442e-222
-3.7845815e-230
-1.547995e-238
-6.3538134e-247
-2.6411337e-255
-1.1107741e-263
-4.7599746e-272
-2.1012395e-280
-9.6109621e-289
-4.6193505e-297
-2.0221259e-305
-6.3710081e-313
6.6024314e-314
-9.0163315e-314
-1.0260157e-313
1.7483552e-313
4.2690727e-313
1.1109808e-312
-9.6431487e-313
-8.9320041e-10
3.6888234e-22
-9.9514574e-35
2.3401552e-47
-6.4048469e-60
2.7997814e-72
-2.6769581e-84
8.0812634e-96
-1.6513306e-106
-8.6869654e-117
-4.7269684e-127
-5.6042944e-137
-2.0013049e-146
-2.4067985e-155
-6.74263e-164
-2.3556275e-172
-8.2602845e-181
-2.8572144e-189
-9.8502407e-198
-3.3883462e-206
-1.1691054e-214
-4.0348129e-223
-1.3920171e-231
-4.8039307e-240
-1.6657496e-248
-5.7753221e-257
-2.0137142e-265
-7.0536335e-274
-2.4937326e-282
-8.9020893e-291
-3.2341117e-299
-1.2151273e-307
-7.6215337e-314
-7.9525421e-314
-5.4841615e-315
-1.1709809e-313
1.1109591e-313
-5.5703939e-313
7.8083717e-313
1.1048015e-312
-9.0092335e-10
3.783276e-22
-1.0551151e-34
2.5877203e-47
-7.2436011e-60
3.1190066e-72
-2.8105254e-84
7.6148522e-96
-1.283995e-106
-6.3329205e-117
-3.0037895e-127
-3.0434639e-137
-9.2876219e-147
-9.7869415e-156
-2.5051067e-164
-8.1290767e-173
-2.6536588e-181
-8.6126922e-190
-2.8018077e-198
-9.1361918e-207
-2.9947372e-215
-9.831744e-224
-3.232766e-232
-1.0629842e-240
-3.4876858e-249
-1.1435258e-257
-3.731771e-266
-1.2084417e-274
-3.9022152e-283
-1.2531468e-291
-4.0193598e-300
-1.3045513e-308
-3.0469152e-314
1.1947176e-314
-9.2810583e-314
4.4310092e-314
2.0467408e-313
-6.8553848e-313
-4.4622017e-313
-1.2027898e-312
-9.0744959e-10
3.8656567e-22
-1.1122482e-34
2.8602227e-47
-8.3273506e-60
3.6247762e-72
-3.17781e-84
7.9658914e-96
-1.0955115e-106
-6.3425054e-117
-2.9717903e-127
-2.8643919e-137
-8.1945831e-147
-8.1760825e-156
-2.0706604e-164
-6.8495027e-173
-2.2979724e-181
-7.7133211e-190
-2.5999859e-198
-8.8359032e-207
-3.0216387e-215
-1.0368305e-223
-3.5666276e-232
-1.222637e-240
-4.1667332e-249
-1.411625e-257
-4.7478011e-266
-1.5743942e-274
-5.1409124e-283
-1.6495752e-291
-5.2310465e-300
-1.6481414e-308
-7.6757527e-314
7.6510073e-314
-4.7920269e-314
2.8410242e-314
2.2555815e-313
1.0998944e-312
7.3644471e-313
-1.2371404e-312
-9.1279471e-10
3.9347042e-22
-1.1639209e-34
3.1431234e-47
-9.6378285e-60
4.3365185e-72
-3.8073034e-84
9.1037624e-96
-1.0429168e-106
-9.7486854e-117
-5.0594422e-127
-5.099947e-137
-1.4859175e-146
-1.5050677e-155
-4.0391538e-164
-1.4703386e-172
-5.4828421e-181
-2.0553091e-189
-7.7985862e-198
-2.9927999e-206
-1.1564997e-214
-4.4914425e-223
-1.7412936e-231
-6.7551822e-240
-2.6006618e-248
-9.9130021e-257
-3.7165484e-265
-1.3694639e-273
-4.9251842e-282
-1.7281632e-290
-5.9209882e-299
-2.0022009e-307
-6.2476548e-314
7.2265017e-314
-1.0166554e-313
1.5578818e-313
-4.1058895e-313
1.636773e-312
2.6425838e-313
-1.4929872e-312
-9.1701966e-10
3.9901291e-22
-1.208142e-34
3.4189668e-47
-1.112461e-59
5.2648011e-72
-4.7434609e-84
1.1127307e-95
-1.1005174e-106
-5.9000306e-116
-3.8267199e-126
-4.4149005e-136
-1.4169125e-145
-1.5589443e-154
-4.7119276e-163
-2.0281312e-171
-9.103447e-180
-4.1229399e-188
-1.898821e-196
-8.8745133e-205
-4.1961811e-213
-1.9932066e-221
-9.4845125e-230
-4.4871906e-238
-2.1091336e-246
-9.7411679e-255
-4.4325161e-263
-1.9660407e-271
-8.4576683e-280
-3.5162024e-288
-1.4149604e-296
-5.5816851e-305
-1.0655089e-313
-9.6222879e-314
-1.2508275e-313
-2.2281142e-313
6.5210238e-313
9.0103922e-313
1.5224926e-312
-6.4295499e-313
-9.2021635e-10
4.0325169e-22
-1.2438242e-34
3.6703792e-47
-1.2701393e-59
6.3966413e-72
-6.0274264e-84
1.4208833e-95
-1.2616425e-106
1.6337554e-116
1.5440299e-126
2.2377521e-136
8.538743e-146
1.0897025e-154
3.9431992e-163
2.1610781e-171
1.2588262e-179
7.4726722e-188
4.5330102e-196
2.8043133e-204
1.7483588e-212
1.0994982e-220
6.9380157e-229
4.3594494e-237
2.7037708e-245
1.6459868e-253
9.7798674e-262
5.6323069e-270
3.1373899e-278
1.6754646e-286
8.7329392e-295
8.7746243e-303
1.5342312e-309
-4.5356964e-314
-3.6493164e-314
-1.9897745e-313
6.2203395e-313
-1.6666164e-312
-2.9198302e-312
1.8148278e-312
-9.2251229e-10
4.0631985e-22
-1.2708696e-34
3.8836902e-47
-1.4255818e-59
7.6831399e-72
-7.6701503e-84
1.852173e-95
-1.5317857e-106
9.1486487e-117
1.649524e-126
3.3480308e-136
1.6468002e-145
2.6123857e-154
1.212524e-162
9.1199789e-171
7.5458633e-179
6.4009102e-187
5.5955777e-195
4.9544693e-203
4.4757784e-211
4.0912563e-219
3.7356243e-227
3.3943769e-235
3.0278565e-243
2.6573562e-251
2.2765518e-259
1.9430447e-267
3.9236528e-275
5.5850223e-282
1.9798349e-288
6.1834596e-295
2.0872717e-301
2.1058229e-307
8.3866079e-313
5.4703167e-313
1.0803147e-312
1.3091026e-312
-1.0900761e-312
-7.2660893e-313
-9.2405429e-10
4.0839849e-22
-1.2900162e-34
4.0515857e-47
-1.5672736e-59
9.0376569e-72
-9.624334e-84
2.4139878e-95
-1.9196107e-106
7.9012533e-117
8.4226328e-126
2.7894749e-135
1.9404863e-144
4.1160002e-153
2.6200525e-161
2.9672212e-169
3.8374621e-177
5.1940106e-185
7.2093734e-193
1.0401719e-200
1.5276894e-208
2.2398607e-216
3.2956677e-224
4.8372279e-232
7.0205151e-240
1.3107825e-247
2.5567878e-254
8.6669306e-261
2.8477549e-267
6.2815764e-274
1.7929706e-280
5.0657113e-287
1.638505e-293
1.8136489e-299
5.2556862e-305
6.4412991e-310
6.3125622e-314
-2.1445248e-312
1.9943859e-312
5.2951232e-313
-9.2499727e-10
4.0969054e-22
-1.3025568e-34
4.1737978e-47
-1.6862825e-59
1.0350975e-71
-1.1771143e-83
3.0932305e-95
-2.4269148e-106
8.1027298e-117
-2.8270963e-126
-2.0773986e-135
-2.3149029e-144
-7.1697203e-153
-6.8052092e-161
-1.2985724e-168
-3.0442636e-176
-7.5069963e-184
-1.958231e-191
-5.2492899e-199
-1.4519733e-206
-4.0016999e-214
-1.0036484e-221
7.9103527e-229
1.6650185e-234
2.0329227e-240
1.5199502e-246
5.6561134e-253
1.9461815e-259
4.337859e-266
8.79215e-273
1.7815369e-279
4.355866e-286
7.4071484e-292
1.3388707e-297
2.8709566e-304
-1.8015044e-311
-1.6925604e-312
2.0308866e-312
-2.0258229e-312
-9.2549162e-10
4.1039667e-22
-1.3100153e-34
4.2557364e-47
-1.7782806e-59
1.1519967e-71
-1.3937215e-83
3.851147e-95
-3.0397609e-106
9.0185903e-117
-1.5744914e-126
-3.9043724e-134
-8.6949161e-143
-4.4293123e-151
-6.901403e-159
-2.6264943e-166
-1.4478132e-173
-8.4993137e-181
-5.383083e-188
-3.5245132e-195
-2.4707453e-202
-1.5371734e-209
2.9578878e-215
3.0257109e-221
4.5201326e-227
5.4733382e-233
4.2418024e-239
1.6699547e-245
6.0999022e-252
1.4522683e-258
3.1792365e-265
6.6402982e-272
1.5805739e-278
2.2209887e-284
2.3399939e-290
1.8256813e-298
-3.1009671e-305
8.0820931e-312
3.5434751e-312
-1.3985172e-312
-9.2567606e-10
4.1069805e-22
-1.3138795e-34
4.3059872e-47
-1.8438239e-59
1.2476029e-71
-1.5941364e-83
4.6289519e-95
-3.7245834e-106
1.0396613e-116
-1.3517081e-126
1.4536347e-135
1.4031112e-143
1.4524905e-151
4.4389353e-159
5.0961615e-166
1.3198766e-172
5.2034102e-179
3.4149764e-185
2.400938e-191
2.0309754e-197
2.0613091e-203
1.1111996e-208
9.2698881e-215
8.0038341e-221
4.4572418e-227
1.9092922e-233
5.9636107e-240
1.3626725e-246
2.5362563e-253
4.978797e-260
1.0697615e-266
7.5095174e-273
-1.6184242e-279
1.2456081e-286
-7.0183981e-294
5.0336448e-301
-7.1172166e-308
1.6086391e-311
-7.3696336e-313
-9.2566576e-10
4.1074416e-22
-1.3154232e-34
4.3337936e-47
-1.8870266e-59
1.3198418e-71
-1.7647865e-83
5.363829e-95
-4.4330175e-106
1.2075286e-116
-1.3553899e-126
8.5300039e-136
-5.9462159e-144
-2.5742851e-151
-2.2372109e-158
4.4782459e-163
-1.1869789e-169
2.6103735e-176
-5.0911824e-183
9.0717935e-190
-1.6487669e-196
3.1294853e-203
-6.0260363e-210
1.0802947e-216
-2.1106712e-223
4.6482322e-230
-9.5268037e-237
2.1366142e-243
-4.9681496e-250
1.3989972e-256
-3.6449147e-263
7.385231e-270
-9.0036124e-277
7.3666739e-284
-4.2908159e-291
2.333739e-298
-1.7421797e-305
4.3333912e-312
-5.6867104e-312
5.1657723e-312
-9.255516e-10
4.1065085e-22
-1.3156348e-34
4.3473237e-47
-1.9135955e-59
1.370826e-71
-1.8997673e-83
6.0071685e-95
-5.1136817e-106
1.3902707e-116
-1.4524495e-126
7.2531499e-136
-2.3410575e-144
8.4793132e-152
-5.3055557e-158
1.1394571e-164
-1.6506751e-171
2.1100965e-178
-2.8554015e-185
4.0095023e-192
-5.8699363e-199
7.6437893e-206
-1.115305e-212
1.5076406e-219
-2.0484923e-226
2.8635555e-233
-4.2517215e-240
6.5188231e-247
-1.0038738e-253
1.3623543e-260
-1.7450777e-267
1.9252708e-274
-1.7386431e-281
1.1202828e-288
-6.1049971e-296
3.3807556e-303
-2.6348423e-310
2.1121033e-312
-3.5574376e-312
1.0461206e-312
-9.2540131e-10
4.1050043e-22
-1.3152102e-34
4.3528319e-47
-1.9291257e-59
1.4050599e-71
-2.0005028e-83
6.5353486e-95
-5.7258184e-106
1.5733941e-116
-1.5949594e-126
7.117596e-136
-1.7153026e-144
2.8012658e-152
-2.8186833e-159
4.2935386e-166
-7.1432628e-173
1.0523604e-179
-1.604365e-186
2.2604829e-193
-3.4945253e-200
5.8467478e-207
-9.2685675e-214
1.4420773e-220
-2.4675574e-227
3.5329953e-234
-5.0709796e-241
7.977025e-248
-1.1621621e-254
1.6987224e-261
-2.1716248e-268
2.3931866e-275
-2.0416929e-282
1.4533493e-289
-8.4354203e-297
5.2468931e-304
-4.2287311e-311
1.2505756e-312
-4.1479274e-312
-2.2322869e-312
-9.2526204e-10
4.1034827e-22
-1.3146e-34
4.3545816e-47
-1.9381389e-59
1.4275824e-71
-2.073054e-83
6.9491129e-95
-6.2471821e-106
1.7448458e-116
-1.755803e-126
7.4277591e-136
-1.5602817e-144
1.9028175e-152
-1.3569964e-159
2.4475662e-166
-4.5560169e-173
8.3332518e-180
-1.618529e-186
3.4904781e-193
-7.2640937e-200
1.6065007e-206
-3.1079627e-213
6.1294901e-220
-1.317513e-226
2.6510432e-233
-5.5148572e-240
1.0941835e-246
-2.376837e-253
4.0690479e-260
-6.5321015e-267
8.735217e-274
-8.3219148e-281
6.3629741e-288
-4.1640397e-295
2.7169597e-302
-2.2739455e-309
-3.6048829e-312
-7.9544244e-312
-3.7042446e-312
-9.2516423e-10
4.1022853e-22
-1.3140678e-34
4.3551639e-47
-1.9437935e-59
1.4427413e-71
-2.1250027e-83
7.265482e-95
-6.6747108e-106
1.8970414e-116
-1.9168643e-126
7.9286287e-136
-1.5503722e-144
1.6508132e-152
-1.0213833e-159
2.2893911e-166
-7.5084598e-173
2.0162242e-179
-6.1277368e-186
2.1884753e-192
-7.3400818e-199
2.5410113e-205
-8.1221192e-212
2.6031902e-218
-7.1042267e-225
1.8429652e-231
-6.3602274e-238
2.0771735e-244
-5.187025e-251
1.2268598e-257
-2.2346621e-264
3.8533827e-271
-5.6450997e-278
5.8119006e-285
-5.0114081e-292
3.9556624e-299
-3.6227775e-306
3.0551259e-314
7.728226e-312
-2.7061177e-312
-9.2513076e-10
4.1016143e-22
-1.3137528e-34
4.3559565e-47
-1.9480145e-59
1.4536813e-71
-2.1631683e-83
7.5071614e-95
-7.018104e-106
2.0268135e-116
-2.0658515e-126
8.4800217e-136
-1.6032227e-144
1.5971314e-152
-9.155555e-160
2.2991652e-166
-1.4854849e-172
9.5032111e-179
-6.2161682e-185
3.4672654e-191
-1.9565919e-197
1.2386319e-203
-8.5468588e-210
5.8355582e-216
-4.0871964e-222
2.4399397e-228
-1.2659186e-234
3.0867676e-241
-6.2233333e-246
9.6245412e-252
-4.1640085e-258
8.8749278e-265
-1.0186355e-271
1.1112279e-278
-9.9514501e-286
8.4475007e-293
-8.840877e-300
1.9247345e-306
-1.0893205e-311
2.4321019e-313
-9.251879e-10
4.1016771e-22
-1.3137543e-34
4.3577299e-47
-1.9519425e-59
1.4625585e-71
-2.1931442e-83
7.6982382e-95
-7.2967497e-106
2.136111e-116
-2.197824e-126
9.0186298e-136
-1.6759422e-144
1.594617e-152
-8.8125323e-160
2.4784003e-166
-4.5083206e-172
7.447414e-178
-1.4805187e-183
7.4456009e-189
-9.7195504e-195
1.0521301e-200
-2.6551765e-206
4.7875727e-212
-5.3756857e-218
1.2880326e-223
6.3403777e-230
4.8568471e-235
1.1950022e-239
-2.3225273e-245
8.8703331e-252
-2.8824393e-258
3.2235792e-265
-2.2847179e-272
1.4158658e-279
-9.3030326e-287
1.0611191e-293
-3.5664538e-300
4.3509284e-306
-1.5797334e-311
-9.2532928e-10
4.1023167e-22
-1.3139974e-34
4.3601765e-47
-1.9555574e-59
1.469707e-71
-2.2160852e-83
7.8426961e-95
-7.5089816e-106
2.2209765e-116
-2.3031648e-126
9.4678718e-136
-1.742965e-144
1.6155756e-152
-8.7858404e-160
3.1111027e-166
-2.5876483e-172
1.0396174e-177
2.208485e-183
2.7777135e-188
5.9447043e-194
-3.7750131e-199
2.1280366e-203
7.5898289e-208
-2.2074724e-213
-1.7702181e-218
-1.2705988e-223
-2.695435e-229
-1.0604004e-233
2.0289319e-239
-1.8334863e-245
8.563822e-252
-1.7176177e-258
2.2751924e-265
-1.9821039e-272
1.5192595e-279
-1.3987459e-286
2.4280757e-293
-1.01694e-299
9.1960134e-306
-9.2591765e-10
4.1060863e-22
-1.3154554e-34
4.367716e-47
-1.9625271e-59
1.4807907e-71
-2.2480433e-83
8.0334896e-95
-7.782519e-106
2.3293966e-116
-2.4377548e-126
1.0045939e-135
-1.8290055e-144
1.6538786e-152
-8.2036107e-160
2.4543695e-166
6.6299418e-171
-2.3182844e-176
3.9767537e-180
-2.3480134e-185
-1.2578696e-190
-7.4612647e-195
-1.9141324e-200
-1.6077476e-205
1.6263175e-210
-3.9566579e-216
3.4823831e-221
1.4803522e-226
-5.8992006e-232
8.9664401e-238
-1.0308768e-243
4.9755109e-250
-1.2677094e-256
1.6238342e-263
-1.4438224e-270
1.1265833e-277
-1.0096247e-284
1.7598318e-291
-1.0738485e-297
7.1719429e-304
)
;

boundaryField
{
    wall
    {
        type            fixedValue;
        value           uniform 350;
    }
    sides
    {
        type            zeroGradient;
    }
    frontAndBack
    {
        type            empty;
    }
    inlet
    {
        type            fixedValue;
        value           uniform 300;
    }
    outlet
    {
        type            zeroGradient;
    }
}


// ************************************************************************* //
