/*--------------------------------*- C++ -*----------------------------------*\
  =========                 |
  \\      /  F ield         | OpenFOAM: The Open Source CFD Toolbox
   \\    /   O peration     | Website:  https://openfoam.org
    \\  /    A nd           | Version:  10
     \\/     M anipulation  |
\*---------------------------------------------------------------------------*/
FoamFile
{
    format      ascii;
    class       volScalarField;
    location    "0.03";
    object      T;
}
// * * * * * * * * * * * * * * * * * * * * * * * * * * * * * * * * * * * * * //

dimensions      [0 0 0 1 0 0 0];

internalField   nonuniform List<scalar> 
4000
(
303.09643
299.34737
299.99036
300.00079
299.99994
300
300
300
300
300
300
300
300
300
300
300
300
300
300
300
300
300
300
300
300
300
300
300
300
300
300
300
300
300
300
300
300
300
300
300.00001
309.63029
298.50528
299.78348
300.00169
300.00076
299.99999
300
300
300
300
300
300
300
300
300
300
300
300
300
300
300
300
300
300
300
300
300
300
300
300
300
300
300
300
300
300
300
300
299.99999
300.00001
315.9131
298.68945
299.40819
299.97678
300.00377
300.00022
299.99999
300
300
300
300
300
300
300
300
300
300
300
300
300
300
300
300
300
300
300
300
300
300
300
300
300
300
300
300
300
299.99999
299.99999
299.99999
300.00002
321.55516
299.8116
299.01726
299.90145
300.0066
300.00123
300
299.99999
299.99999
300
300
300
300
300
300
300
300
300
300
300
300
300
300
300
300
300
300
300
300
300
300
300
299.99999
299.99999
299.99999
299.99999
299.99999
299.99999
299.99999
300.00003
326.34327
301.5782
298.75488
299.77227
300.00324
300.00328
300.00014
299.99998
299.99999
299.99999
299.99999
299.99999
299.99999
299.99999
299.99999
299.99999
299.99999
299.99999
299.99999
299.99999
299.99999
299.99999
299.99999
299.99999
299.99999
299.99999
299.99999
299.99999
299.99999
299.99999
299.99999
299.99999
299.99999
299.99999
299.99999
299.99999
299.99999
299.99998
299.99999
300.00003
330.16719
303.67268
298.70356
299.60855
299.98745
300.00591
300.00056
299.99997
299.99998
299.99999
299.99999
299.99999
299.99999
299.99999
299.99999
299.99999
299.99999
299.99999
299.99999
299.99999
299.99999
299.99999
299.99999
299.99999
299.99999
299.99999
299.99999
299.99999
299.99999
299.99999
299.99999
299.99999
299.99999
299.99999
299.99999
299.99998
299.99998
299.99998
299.99999
300.00004
332.99678
305.82133
298.87572
299.44244
299.95629
300.0079
300.00136
299.99998
299.99997
299.99999
299.99999
299.99999
299.99999
299.99999
299.99999
299.99999
299.99999
299.99999
299.99999
299.99999
299.99999
299.99999
299.99999
299.99999
299.99999
299.99999
299.99999
299.99999
299.99999
299.99999
299.99999
299.99999
299.99999
299.99999
299.99998
299.99998
299.99998
299.99997
299.99999
300.00004
334.81808
307.81139
299.23304
299.30534
299.91172
300.00773
300.00249
300.00007
299.99996
299.99998
299.99999
299.99999
299.99999
299.99999
299.99999
299.99999
299.99999
299.99999
299.99999
299.99999
299.99999
299.99999
299.99999
299.99999
299.99999
299.99999
299.99999
299.99999
299.99999
299.99999
299.99999
299.99999
299.99999
299.99998
299.99998
299.99998
299.99997
299.99997
300
300.00003
335.62438
309.47944
299.70999
299.21795
299.85951
300.00433
300.00373
300.00026
299.99996
299.99998
299.99999
299.99999
299.99999
299.99999
299.99999
299.99999
299.99999
299.99999
299.99999
299.99999
299.99999
299.99999
299.99999
299.99999
299.99999
299.99999
299.99999
299.99999
299.99999
299.99999
299.99999
299.99999
299.99999
299.99998
299.99998
299.99998
299.99997
299.99997
300
300.00001
335.54423
310.70931
300.22875
299.18618
299.8067
299.99749
300.0048
300.00055
299.99996
299.99998
299.99999
299.99999
299.99999
299.99999
299.99999
299.99999
299.99999
299.99999
299.99999
299.99999
299.99999
299.99999
299.99999
299.99999
299.99999
299.99999
299.99999
299.99999
299.99999
299.99999
299.99999
299.99999
299.99999
299.99998
299.99998
299.99998
299.99997
299.99998
300
299.99999
334.91188
311.44711
300.71203
299.20275
299.75943
299.98787
300.00549
300.00093
299.99998
299.99997
299.99998
299.99998
299.99998
299.99998
299.99998
299.99998
299.99998
299.99998
299.99998
299.99998
299.99998
299.99998
299.99998
299.99998
299.99998
299.99998
299.99998
299.99998
299.99998
299.99998
299.99998
299.99998
299.99998
299.99998
299.99998
299.99997
299.99997
299.99998
299.99999
299.99999
334.13277
311.71257
301.09988
299.25403
299.72244
299.97678
300.00569
300.00135
300
299.99994
299.99996
299.99996
299.99996
299.99996
299.99996
299.99996
299.99996
299.99996
299.99996
299.99996
299.99996
299.99996
299.99996
299.99996
299.99996
299.99996
299.99996
299.99996
299.99996
299.99996
299.99996
299.99996
299.99996
299.99996
299.99996
299.99996
299.99996
299.99997
299.99998
300.00002
333.4927
311.59608
301.36537
299.32853
299.69999
299.96597
300.00535
300.00175
300.00003
299.99991
299.99993
299.99993
299.99993
299.99993
299.99993
299.99993
299.99993
299.99993
299.99993
299.99993
299.99993
299.99993
299.99993
299.99993
299.99993
299.99993
299.99993
299.99993
299.99993
299.99993
299.99993
299.99993
299.99993
299.99993
299.99993
299.99993
299.99993
299.99995
299.99997
300.00006
333.09124
311.23966
301.51901
299.42114
299.6962
299.95744
300.00449
300.00205
300.00007
299.99987
299.99989
299.9999
299.9999
299.9999
299.9999
299.9999
299.9999
299.99991
299.99991
299.99991
299.99991
299.99991
299.99991
299.99991
299.99991
299.99991
299.99991
299.99991
299.99991
299.99991
299.99991
299.99991
299.9999
299.9999
299.9999
299.9999
299.99991
299.99992
299.99997
300.00009
332.89714
310.79988
301.5972
299.5307
299.71361
299.95305
300.00322
300.00215
300.00011
299.99986
299.99988
299.99989
299.99989
299.99989
299.99989
299.99989
299.99989
299.99989
299.9999
299.9999
299.9999
299.9999
299.9999
299.9999
299.9999
299.9999
299.9999
299.9999
299.9999
299.9999
299.9999
299.99989
299.99989
299.99989
299.99989
299.99989
299.99989
299.99991
299.99998
300.0001
332.83266
310.40282
301.64079
299.65395
299.75061
299.95373
300.0018
300.002
300.00015
299.99988
299.99989
299.9999
299.9999
299.9999
299.9999
299.99991
299.99991
299.99991
299.99991
299.99991
299.99991
299.99991
299.99991
299.99991
299.99991
299.99991
299.99991
299.99991
299.99991
299.99991
299.99991
299.99991
299.9999
299.9999
299.9999
299.9999
299.9999
299.99992
300
300.00011
332.82731
310.11384
301.67668
299.78176
299.80056
299.95899
300.00053
300.00165
300.00018
299.99992
299.99992
299.99993
299.99993
299.99993
299.99994
299.99994
299.99994
299.99994
299.99994
299.99994
299.99994
299.99994
299.99994
299.99994
299.99994
299.99994
299.99994
299.99994
299.99994
299.99994
299.99994
299.99994
299.99993
299.99993
299.99993
299.99992
299.99993
299.99995
300.00003
300.00011
332.8372
309.93832
301.71266
299.90081
299.85387
299.96703
299.99964
300.00121
300.00018
299.99996
299.99996
299.99997
299.99997
299.99997
299.99997
299.99998
299.99998
299.99998
299.99998
299.99998
299.99998
299.99998
299.99998
299.99998
299.99998
299.99998
299.99998
299.99998
299.99998
299.99998
299.99997
299.99997
299.99997
299.99997
299.99997
299.99996
299.99996
299.99999
300.00006
300.00012
332.84335
309.84656
301.74437
299.99904
299.90167
299.97565
299.99918
300.00079
300.00016
300
300
300
300.00001
300.00001
300.00001
300.00001
300.00001
300.00001
300.00001
300.00001
300.00001
300.00001
300.00001
300.00001
300.00001
300.00001
300.00001
300.00001
300.00001
300.00001
300.00001
300.00001
300
300
300
300
300
300.00002
300.00008
300.00012
332.84174
309.80161
301.76572
300.07046
299.93874
299.98315
299.99907
300.00046
300.00013
300.00003
300.00002
300.00003
300.00003
300.00003
300.00003
300.00003
300.00003
300.00003
300.00003
300.00003
300.00003
300.00003
300.00003
300.00003
300.00003
300.00003
300.00003
300.00003
300.00003
300.00003
300.00003
300.00003
300.00003
300.00003
300.00002
300.00002
300.00003
300.00005
300.00009
300.00012
332.83453
309.776
301.77493
300.11616
299.96409
299.98874
299.99917
300.00025
300.0001
300.00004
300.00004
300.00004
300.00004
300.00004
300.00004
300.00004
300.00004
300.00004
300.00004
300.00004
300.00004
300.00004
300.00004
300.00004
300.00004
300.00004
300.00004
300.00004
300.00004
300.00004
300.00004
300.00004
300.00004
300.00004
300.00004
300.00004
300.00004
300.00006
300.00009
300.00012
332.82499
309.75558
301.77473
300.14206
299.97966
299.99243
299.99933
300.00013
300.00007
300.00004
300.00004
300.00004
300.00004
300.00004
300.00004
300.00004
300.00004
300.00004
300.00004
300.00004
300.00004
300.00004
300.00004
300.00004
300.00004
300.00004
300.00004
300.00004
300.00004
300.00004
300.00004
300.00004
300.00004
300.00004
300.00004
300.00004
300.00004
300.00006
300.00009
300.00011
332.81548
309.73589
301.7696
300.15534
299.9885
299.99466
299.99948
300.00007
300.00005
300.00004
300.00004
300.00004
300.00004
300.00004
300.00004
300.00004
300.00004
300.00004
300.00004
300.00004
300.00004
300.00004
300.00004
300.00004
300.00004
300.00004
300.00004
300.00004
300.00004
300.00004
300.00004
300.00004
300.00004
300.00004
300.00004
300.00004
300.00004
300.00005
300.00009
300.00011
332.80712
309.71702
301.76327
300.16198
299.99338
299.99594
299.99959
300.00005
300.00004
300.00004
300.00003
300.00003
300.00003
300.00003
300.00003
300.00003
300.00003
300.00003
300.00003
300.00003
300.00003
300.00003
300.00003
300.00003
300.00003
300.00003
300.00003
300.00003
300.00003
300.00003
300.00003
300.00003
300.00003
300.00003
300.00003
300.00004
300.00004
300.00005
300.00008
300.00011
332.80018
309.70002
301.7577
300.16574
299.99624
299.99668
299.99966
300.00004
300.00004
300.00003
300.00003
300.00003
300.00003
300.00003
300.00003
300.00003
300.00003
300.00003
300.00003
300.00003
300.00003
300.00003
300.00003
300.00003
300.00003
300.00003
300.00003
300.00003
300.00003
300.00003
300.00003
300.00003
300.00003
300.00003
300.00003
300.00003
300.00004
300.00005
300.00008
300.00011
332.79448
309.6855
301.75346
300.16848
299.99818
299.99716
299.9997
300.00003
300.00004
300.00003
300.00003
300.00003
300.00003
300.00003
300.00003
300.00003
300.00003
300.00003
300.00003
300.00003
300.00003
300.00003
300.00003
300.00003
300.00003
300.00003
300.00003
300.00003
300.00003
300.00003
300.00003
300.00003
300.00003
300.00003
300.00003
300.00003
300.00004
300.00005
300.00008
300.00011
332.78976
309.67343
301.75033
300.17085
299.99968
299.9975
299.99973
300.00003
300.00003
300.00003
300.00003
300.00003
300.00003
300.00003
300.00003
300.00003
300.00003
300.00003
300.00003
300.00003
300.00003
300.00003
300.00003
300.00003
300.00003
300.00003
300.00003
300.00003
300.00003
300.00003
300.00003
300.00003
300.00003
300.00003
300.00003
300.00003
300.00003
300.00005
300.00008
300.00011
332.78579
309.66346
301.74796
300.17296
300.00093
299.99777
299.99975
300.00003
300.00003
300.00003
300.00003
300.00003
300.00003
300.00003
300.00003
300.00003
300.00003
300.00003
300.00003
300.00003
300.00003
300.00003
300.00003
300.00003
300.00003
300.00003
300.00003
300.00003
300.00003
300.00003
300.00003
300.00003
300.00003
300.00003
300.00003
300.00003
300.00003
300.00005
300.00008
300.00011
332.78241
309.65517
301.74606
300.17479
300.00198
299.99799
299.99977
300.00003
300.00003
300.00003
300.00003
300.00003
300.00003
300.00003
300.00003
300.00003
300.00003
300.00003
300.00003
300.00003
300.00003
300.00003
300.00003
300.00003
300.00003
300.00003
300.00003
300.00003
300.00003
300.00003
300.00003
300.00003
300.00003
300.00003
300.00003
300.00003
300.00003
300.00005
300.00008
300.00011
332.77952
309.64821
301.74447
300.17632
300.00286
299.99817
299.99978
300.00002
300.00003
300.00003
300.00003
300.00003
300.00003
300.00003
300.00003
300.00003
300.00003
300.00003
300.00003
300.00003
300.00003
300.00003
300.00003
300.00003
300.00003
300.00003
300.00003
300.00003
300.00003
300.00003
300.00003
300.00003
300.00003
300.00003
300.00003
300.00003
300.00003
300.00005
300.00008
300.00011
332.77703
309.64233
301.7431
300.17758
300.00358
299.99833
299.99979
300.00002
300.00003
300.00003
300.00003
300.00003
300.00003
300.00003
300.00003
300.00003
300.00003
300.00003
300.00003
300.00003
300.00003
300.00003
300.00003
300.00003
300.00003
300.00003
300.00003
300.00003
300.00003
300.00003
300.00003
300.00003
300.00003
300.00003
300.00003
300.00003
300.00003
300.00005
300.00008
300.00011
332.77489
309.63733
301.74193
300.17861
300.00417
299.99845
299.9998
300.00002
300.00003
300.00003
300.00003
300.00003
300.00003
300.00003
300.00003
300.00003
300.00003
300.00003
300.00003
300.00003
300.00003
300.00003
300.00003
300.00003
300.00003
300.00003
300.00003
300.00003
300.00003
300.00003
300.00003
300.00003
300.00003
300.00003
300.00003
300.00003
300.00003
300.00005
300.00008
300.00011
332.77305
309.63306
301.74093
300.17947
300.00466
299.99856
299.99981
300.00002
300.00003
300.00003
300.00003
300.00003
300.00003
300.00003
300.00003
300.00003
300.00003
300.00003
300.00003
300.00003
300.00003
300.00003
300.00003
300.00003
300.00003
300.00003
300.00003
300.00003
300.00003
300.00003
300.00003
300.00003
300.00003
300.00003
300.00003
300.00003
300.00003
300.00005
300.00008
300.00011
332.77146
309.62941
301.74007
300.18018
300.00507
299.99864
299.99982
300.00002
300.00003
300.00003
300.00003
300.00003
300.00003
300.00003
300.00003
300.00003
300.00003
300.00003
300.00003
300.00003
300.00003
300.00003
300.00003
300.00003
300.00003
300.00003
300.00003
300.00003
300.00003
300.00003
300.00003
300.00003
300.00003
300.00003
300.00003
300.00003
300.00003
300.00005
300.00008
300.00011
332.77008
309.62627
301.73934
300.18078
300.00541
299.99871
299.99983
300.00002
300.00003
300.00003
300.00003
300.00003
300.00003
300.00003
300.00003
300.00003
300.00003
300.00003
300.00003
300.00003
300.00003
300.00003
300.00003
300.00003
300.00003
300.00003
300.00003
300.00003
300.00003
300.00003
300.00003
300.00003
300.00003
300.00003
300.00003
300.00003
300.00003
300.00005
300.00008
300.00011
332.76889
309.62358
301.73872
300.18129
300.0057
299.99878
299.99983
300.00002
300.00003
300.00003
300.00003
300.00003
300.00003
300.00003
300.00003
300.00003
300.00003
300.00003
300.00003
300.00003
300.00003
300.00003
300.00003
300.00003
300.00003
300.00003
300.00003
300.00003
300.00003
300.00003
300.00003
300.00003
300.00003
300.00003
300.00003
300.00003
300.00003
300.00004
300.00008
300.00011
332.76786
309.62126
301.73818
300.18172
300.00595
299.99883
299.99983
300.00002
300.00003
300.00003
300.00003
300.00003
300.00003
300.00003
300.00003
300.00003
300.00003
300.00003
300.00003
300.00003
300.00003
300.00003
300.00003
300.00003
300.00003
300.00003
300.00003
300.00003
300.00003
300.00003
300.00003
300.00003
300.00003
300.00003
300.00003
300.00003
300.00003
300.00004
300.00008
300.00011
332.76696
309.61926
301.73771
300.18209
300.00616
299.99887
299.99984
300.00002
300.00003
300.00003
300.00003
300.00003
300.00003
300.00003
300.00003
300.00003
300.00003
300.00003
300.00003
300.00003
300.00003
300.00003
300.00003
300.00003
300.00003
300.00003
300.00003
300.00003
300.00003
300.00003
300.00003
300.00003
300.00003
300.00003
300.00003
300.00003
300.00003
300.00004
300.00008
300.00011
332.76617
309.61752
301.73731
300.18241
300.00634
299.99891
299.99984
300.00002
300.00003
300.00003
300.00002
300.00003
300.00003
300.00003
300.00003
300.00003
300.00003
300.00003
300.00003
300.00003
300.00003
300.00003
300.00003
300.00003
300.00003
300.00003
300.00003
300.00003
300.00003
300.00003
300.00003
300.00003
300.00003
300.00003
300.00003
300.00003
300.00003
300.00004
300.00008
300.00011
332.76548
309.61602
301.73697
300.18268
300.00649
299.99894
299.99984
300.00001
300.00002
300.00002
300.00002
300.00002
300.00002
300.00002
300.00002
300.00002
300.00002
300.00002
300.00002
300.00002
300.00002
300.00002
300.00002
300.00002
300.00002
300.00002
300.00002
300.00002
300.00002
300.00002
300.00002
300.00003
300.00003
300.00003
300.00003
300.00003
300.00003
300.00004
300.00008
300.00011
332.76488
309.61471
301.73667
300.18291
300.00662
299.99897
299.99984
300.00001
300.00002
300.00002
300.00002
300.00002
300.00002
300.00002
300.00002
300.00002
300.00002
300.00002
300.00002
300.00002
300.00002
300.00002
300.00002
300.00002
300.00002
300.00002
300.00002
300.00002
300.00002
300.00002
300.00002
300.00002
300.00002
300.00002
300.00002
300.00003
300.00003
300.00004
300.00008
300.00011
332.76436
309.61356
301.7364
300.18312
300.00673
299.99899
299.99985
300.00001
300.00002
300.00002
300.00002
300.00002
300.00002
300.00002
300.00002
300.00002
300.00002
300.00002
300.00002
300.00002
300.00002
300.00002
300.00002
300.00002
300.00002
300.00002
300.00002
300.00002
300.00002
300.00002
300.00002
300.00002
300.00002
300.00002
300.00002
300.00002
300.00003
300.00004
300.00008
300.00011
332.76389
309.61257
301.73617
300.18329
300.00683
299.99901
299.99985
300.00001
300.00002
300.00002
300.00002
300.00002
300.00002
300.00002
300.00002
300.00002
300.00002
300.00002
300.00002
300.00002
300.00002
300.00002
300.00002
300.00002
300.00002
300.00002
300.00002
300.00002
300.00002
300.00002
300.00002
300.00002
300.00002
300.00002
300.00002
300.00002
300.00003
300.00004
300.00008
300.00011
332.76348
309.61169
301.73598
300.18344
300.00692
299.99903
299.99985
300.00001
300.00002
300.00002
300.00002
300.00002
300.00002
300.00002
300.00002
300.00002
300.00002
300.00002
300.00002
300.00002
300.00002
300.00002
300.00002
300.00002
300.00002
300.00002
300.00002
300.00002
300.00002
300.00002
300.00002
300.00002
300.00002
300.00002
300.00002
300.00002
300.00003
300.00004
300.00008
300.00011
332.76312
309.61093
301.7358
300.18358
300.00699
299.99904
299.99985
300.00001
300.00002
300.00002
300.00002
300.00002
300.00002
300.00002
300.00002
300.00002
300.00002
300.00002
300.00002
300.00002
300.00002
300.00002
300.00002
300.00002
300.00002
300.00002
300.00002
300.00002
300.00002
300.00002
300.00002
300.00002
300.00002
300.00002
300.00002
300.00002
300.00003
300.00004
300.00008
300.00011
332.7628
309.61025
301.73565
300.18369
300.00706
299.99906
299.99985
300.00001
300.00002
300.00002
300.00002
300.00002
300.00002
300.00002
300.00002
300.00002
300.00002
300.00002
300.00002
300.00002
300.00002
300.00002
300.00002
300.00002
300.00002
300.00002
300.00002
300.00002
300.00002
300.00002
300.00002
300.00002
300.00002
300.00002
300.00002
300.00002
300.00003
300.00004
300.00007
300.0001
332.76252
309.60966
301.73551
300.18379
300.00711
299.99907
299.99985
300.00001
300.00002
300.00002
300.00002
300.00002
300.00002
300.00002
300.00002
300.00002
300.00002
300.00002
300.00002
300.00002
300.00002
300.00002
300.00002
300.00002
300.00002
300.00002
300.00002
300.00002
300.00002
300.00002
300.00002
300.00002
300.00002
300.00002
300.00002
300.00002
300.00003
300.00004
300.00007
300.0001
332.76227
309.60914
301.7354
300.18388
300.00716
299.99908
299.99985
300.00001
300.00002
300.00002
300.00002
300.00002
300.00002
300.00002
300.00002
300.00002
300.00002
300.00002
300.00002
300.00002
300.00002
300.00002
300.00002
300.00002
300.00002
300.00002
300.00002
300.00002
300.00002
300.00002
300.00002
300.00002
300.00002
300.00002
300.00002
300.00002
300.00003
300.00004
300.00007
300.0001
332.76204
309.60868
301.73529
300.18396
300.00721
299.99909
299.99985
300.00001
300.00002
300.00002
300.00002
300.00002
300.00002
300.00002
300.00002
300.00002
300.00002
300.00002
300.00002
300.00002
300.00002
300.00002
300.00002
300.00002
300.00002
300.00002
300.00002
300.00002
300.00002
300.00002
300.00002
300.00002
300.00002
300.00002
300.00002
300.00002
300.00003
300.00004
300.00007
300.0001
332.76184
309.60827
301.7352
300.18403
300.00724
299.99909
299.99985
300.00001
300.00002
300.00002
300.00002
300.00002
300.00002
300.00002
300.00002
300.00002
300.00002
300.00002
300.00002
300.00002
300.00002
300.00002
300.00002
300.00002
300.00002
300.00002
300.00002
300.00002
300.00002
300.00002
300.00002
300.00002
300.00002
300.00002
300.00002
300.00002
300.00002
300.00004
300.00007
300.0001
332.76166
309.6079
301.73512
300.18409
300.00728
299.9991
299.99985
300.00001
300.00002
300.00002
300.00002
300.00002
300.00002
300.00002
300.00002
300.00002
300.00002
300.00002
300.00002
300.00002
300.00002
300.00002
300.00002
300.00002
300.00002
300.00002
300.00002
300.00002
300.00002
300.00002
300.00002
300.00002
300.00002
300.00002
300.00002
300.00002
300.00002
300.00004
300.00007
300.0001
332.76149
309.60758
301.73505
300.18415
300.00731
299.99911
299.99985
300.00001
300.00002
300.00002
300.00002
300.00002
300.00002
300.00002
300.00002
300.00002
300.00002
300.00002
300.00002
300.00002
300.00002
300.00002
300.00002
300.00002
300.00002
300.00002
300.00002
300.00002
300.00002
300.00002
300.00002
300.00002
300.00002
300.00002
300.00002
300.00002
300.00002
300.00004
300.00007
300.0001
332.76135
309.60729
301.73499
300.18419
300.00733
299.99911
299.99985
300.00001
300.00002
300.00002
300.00002
300.00002
300.00002
300.00002
300.00002
300.00002
300.00002
300.00002
300.00002
300.00002
300.00002
300.00002
300.00002
300.00002
300.00002
300.00002
300.00002
300.00002
300.00002
300.00002
300.00002
300.00002
300.00002
300.00002
300.00002
300.00002
300.00002
300.00004
300.00007
300.0001
332.76121
309.60703
301.73494
300.18424
300.00736
299.99912
299.99985
300.00001
300.00002
300.00002
300.00002
300.00002
300.00002
300.00002
300.00002
300.00002
300.00002
300.00002
300.00002
300.00002
300.00002
300.00002
300.00002
300.00002
300.00002
300.00002
300.00002
300.00002
300.00002
300.00002
300.00002
300.00002
300.00002
300.00002
300.00002
300.00002
300.00002
300.00004
300.00007
300.0001
332.76109
309.6068
301.73489
300.18428
300.00738
299.99912
299.99985
300.00001
300.00002
300.00002
300.00002
300.00002
300.00002
300.00002
300.00002
300.00002
300.00002
300.00002
300.00002
300.00002
300.00002
300.00002
300.00002
300.00002
300.00002
300.00002
300.00002
300.00002
300.00002
300.00002
300.00002
300.00002
300.00002
300.00002
300.00002
300.00002
300.00002
300.00004
300.00007
300.0001
332.76098
309.6066
301.73485
300.18431
300.0074
299.99912
299.99985
300.00001
300.00002
300.00002
300.00002
300.00002
300.00002
300.00002
300.00002
300.00002
300.00002
300.00002
300.00002
300.00002
300.00002
300.00002
300.00002
300.00002
300.00002
300.00002
300.00002
300.00002
300.00002
300.00002
300.00002
300.00002
300.00002
300.00002
300.00002
300.00002
300.00002
300.00004
300.00007
300.0001
332.76088
309.60642
301.73481
300.18434
300.00741
299.99913
299.99985
300.00001
300.00002
300.00002
300.00002
300.00002
300.00002
300.00002
300.00002
300.00002
300.00002
300.00002
300.00002
300.00002
300.00002
300.00002
300.00002
300.00002
300.00002
300.00002
300.00002
300.00002
300.00002
300.00002
300.00002
300.00002
300.00002
300.00002
300.00002
300.00002
300.00002
300.00004
300.00007
300.0001
332.76079
309.60625
301.73478
300.18437
300.00743
299.99913
299.99985
300.00001
300.00002
300.00002
300.00002
300.00002
300.00002
300.00002
300.00002
300.00002
300.00002
300.00002
300.00002
300.00002
300.00002
300.00002
300.00002
300.00002
300.00002
300.00002
300.00002
300.00002
300.00002
300.00002
300.00002
300.00002
300.00002
300.00002
300.00002
300.00002
300.00002
300.00004
300.00007
300.0001
332.76071
309.6061
301.73475
300.1844
300.00744
299.99913
299.99985
300.00001
300.00002
300.00002
300.00002
300.00002
300.00002
300.00002
300.00002
300.00002
300.00002
300.00002
300.00002
300.00002
300.00002
300.00002
300.00002
300.00002
300.00002
300.00002
300.00002
300.00002
300.00002
300.00002
300.00002
300.00002
300.00002
300.00002
300.00002
300.00002
300.00002
300.00003
300.00007
300.0001
332.76063
309.60597
301.73473
300.18443
300.00746
299.99913
299.99985
300.00001
300.00002
300.00002
300.00002
300.00002
300.00002
300.00002
300.00002
300.00002
300.00002
300.00002
300.00002
300.00002
300.00002
300.00002
300.00002
300.00002
300.00002
300.00002
300.00002
300.00002
300.00002
300.00002
300.00002
300.00002
300.00002
300.00002
300.00002
300.00002
300.00002
300.00003
300.00007
300.0001
332.76056
309.60585
301.73471
300.18445
300.00747
299.99914
299.99985
300.00001
300.00002
300.00002
300.00002
300.00002
300.00002
300.00002
300.00002
300.00002
300.00002
300.00002
300.00002
300.00002
300.00002
300.00002
300.00002
300.00002
300.00002
300.00002
300.00002
300.00002
300.00002
300.00002
300.00002
300.00002
300.00002
300.00002
300.00002
300.00002
300.00002
300.00003
300.00007
300.0001
332.76049
309.60574
301.73469
300.18447
300.00748
299.99914
299.99985
300
300.00002
300.00002
300.00002
300.00002
300.00002
300.00002
300.00002
300.00002
300.00002
300.00002
300.00002
300.00002
300.00002
300.00002
300.00002
300.00002
300.00002
300.00002
300.00002
300.00002
300.00002
300.00002
300.00002
300.00002
300.00002
300.00002
300.00002
300.00002
300.00002
300.00003
300.00007
300.0001
332.76042
309.60565
301.73468
300.18449
300.00749
299.99914
299.99985
300
300.00001
300.00001
300.00001
300.00001
300.00001
300.00001
300.00001
300.00001
300.00001
300.00001
300.00001
300.00001
300.00001
300.00001
300.00001
300.00001
300.00001
300.00002
300.00002
300.00002
300.00002
300.00002
300.00002
300.00002
300.00002
300.00002
300.00002
300.00002
300.00002
300.00003
300.00007
300.0001
332.76036
309.60556
301.73467
300.18451
300.0075
299.99914
299.99985
300
300.00001
300.00001
300.00001
300.00001
300.00001
300.00001
300.00001
300.00001
300.00001
300.00001
300.00001
300.00001
300.00001
300.00001
300.00001
300.00001
300.00001
300.00001
300.00001
300.00001
300.00001
300.00001
300.00001
300.00001
300.00001
300.00001
300.00001
300.00002
300.00002
300.00003
300.00007
300.0001
332.76031
309.60548
301.73466
300.18453
300.00751
299.99914
299.99985
300
300.00001
300.00001
300.00001
300.00001
300.00001
300.00001
300.00001
300.00001
300.00001
300.00001
300.00001
300.00001
300.00001
300.00001
300.00001
300.00001
300.00001
300.00001
300.00001
300.00001
300.00001
300.00001
300.00001
300.00001
300.00001
300.00001
300.00001
300.00001
300.00002
300.00003
300.00007
300.0001
332.76025
309.60541
301.73466
300.18455
300.00751
299.99914
299.99985
300
300.00001
300.00001
300.00001
300.00001
300.00001
300.00001
300.00001
300.00001
300.00001
300.00001
300.00001
300.00001
300.00001
300.00001
300.00001
300.00001
300.00001
300.00001
300.00001
300.00001
300.00001
300.00001
300.00001
300.00001
300.00001
300.00001
300.00001
300.00001
300.00002
300.00003
300.00007
300.0001
332.7602
309.60535
301.73466
300.18457
300.00752
299.99914
299.99985
300
300.00001
300.00001
300.00001
300.00001
300.00001
300.00001
300.00001
300.00001
300.00001
300.00001
300.00001
300.00001
300.00001
300.00001
300.00001
300.00001
300.00001
300.00001
300.00001
300.00001
300.00001
300.00001
300.00001
300.00001
300.00001
300.00001
300.00001
300.00001
300.00002
300.00003
300.00007
300.0001
332.76015
309.60529
301.73466
300.18459
300.00753
299.99915
299.99985
300
300.00001
300.00001
300.00001
300.00001
300.00001
300.00001
300.00001
300.00001
300.00001
300.00001
300.00001
300.00001
300.00001
300.00001
300.00001
300.00001
300.00001
300.00001
300.00001
300.00001
300.00001
300.00001
300.00001
300.00001
300.00001
300.00001
300.00001
300.00001
300.00002
300.00003
300.00007
300.0001
332.7601
309.60524
301.73467
300.1846
300.00754
299.99915
299.99985
300
300.00001
300.00001
300.00001
300.00001
300.00001
300.00001
300.00001
300.00001
300.00001
300.00001
300.00001
300.00001
300.00001
300.00001
300.00001
300.00001
300.00001
300.00001
300.00001
300.00001
300.00001
300.00001
300.00001
300.00001
300.00001
300.00001
300.00001
300.00001
300.00002
300.00003
300.00007
300.0001
332.76005
309.6052
301.73467
300.18462
300.00754
299.99915
299.99985
300
300.00001
300.00001
300.00001
300.00001
300.00001
300.00001
300.00001
300.00001
300.00001
300.00001
300.00001
300.00001
300.00001
300.00001
300.00001
300.00001
300.00001
300.00001
300.00001
300.00001
300.00001
300.00001
300.00001
300.00001
300.00001
300.00001
300.00001
300.00001
300.00002
300.00003
300.00007
300.0001
332.76
309.60516
301.73468
300.18464
300.00755
299.99915
299.99985
300
300.00001
300.00001
300.00001
300.00001
300.00001
300.00001
300.00001
300.00001
300.00001
300.00001
300.00001
300.00001
300.00001
300.00001
300.00001
300.00001
300.00001
300.00001
300.00001
300.00001
300.00001
300.00001
300.00001
300.00001
300.00001
300.00001
300.00001
300.00001
300.00002
300.00003
300.00006
300.0001
332.75995
309.60513
301.7347
300.18466
300.00756
299.99915
299.99985
300
300.00001
300.00001
300.00001
300.00001
300.00001
300.00001
300.00001
300.00001
300.00001
300.00001
300.00001
300.00001
300.00001
300.00001
300.00001
300.00001
300.00001
300.00001
300.00001
300.00001
300.00001
300.00001
300.00001
300.00001
300.00001
300.00001
300.00001
300.00001
300.00002
300.00003
300.00006
300.00009
332.7599
309.6051
301.73471
300.18468
300.00756
299.99915
299.99985
300
300.00001
300.00001
300.00001
300.00001
300.00001
300.00001
300.00001
300.00001
300.00001
300.00001
300.00001
300.00001
300.00001
300.00001
300.00001
300.00001
300.00001
300.00001
300.00001
300.00001
300.00001
300.00001
300.00001
300.00001
300.00001
300.00001
300.00001
300.00001
300.00002
300.00003
300.00006
300.00009
332.75985
309.60508
301.73473
300.1847
300.00757
299.99915
299.99985
300
300.00001
300.00001
300.00001
300.00001
300.00001
300.00001
300.00001
300.00001
300.00001
300.00001
300.00001
300.00001
300.00001
300.00001
300.00001
300.00001
300.00001
300.00001
300.00001
300.00001
300.00001
300.00001
300.00001
300.00001
300.00001
300.00001
300.00001
300.00001
300.00001
300.00003
300.00006
300.00009
332.7598
309.60506
301.73476
300.18472
300.00758
299.99915
299.99985
300
300.00001
300.00001
300.00001
300.00001
300.00001
300.00001
300.00001
300.00001
300.00001
300.00001
300.00001
300.00001
300.00001
300.00001
300.00001
300.00001
300.00001
300.00001
300.00001
300.00001
300.00001
300.00001
300.00001
300.00001
300.00001
300.00001
300.00001
300.00001
300.00001
300.00003
300.00006
300.00009
332.75975
309.60505
301.73478
300.18474
300.00758
299.99915
299.99985
300
300.00001
300.00001
300.00001
300.00001
300.00001
300.00001
300.00001
300.00001
300.00001
300.00001
300.00001
300.00001
300.00001
300.00001
300.00001
300.00001
300.00001
300.00001
300.00001
300.00001
300.00001
300.00001
300.00001
300.00001
300.00001
300.00001
300.00001
300.00001
300.00001
300.00003
300.00006
300.00009
332.75969
309.60504
301.73482
300.18476
300.00759
299.99915
299.99985
300
300.00001
300.00001
300.00001
300.00001
300.00001
300.00001
300.00001
300.00001
300.00001
300.00001
300.00001
300.00001
300.00001
300.00001
300.00001
300.00001
300.00001
300.00001
300.00001
300.00001
300.00001
300.00001
300.00001
300.00001
300.00001
300.00001
300.00001
300.00001
300.00001
300.00003
300.00006
300.00009
332.75964
309.60505
301.73485
300.18479
300.0076
299.99915
299.99985
300
300.00001
300.00001
300.00001
300.00001
300.00001
300.00001
300.00001
300.00001
300.00001
300.00001
300.00001
300.00001
300.00001
300.00001
300.00001
300.00001
300.00001
300.00001
300.00001
300.00001
300.00001
300.00001
300.00001
300.00001
300.00001
300.00001
300.00001
300.00001
300.00001
300.00003
300.00006
300.00009
332.75958
309.60505
301.73489
300.18481
300.00761
299.99916
299.99985
300
300.00001
300.00001
300.00001
300.00001
300.00001
300.00001
300.00001
300.00001
300.00001
300.00001
300.00001
300.00001
300.00001
300.00001
300.00001
300.00001
300.00001
300.00001
300.00001
300.00001
300.00001
300.00001
300.00001
300.00001
300.00001
300.00001
300.00001
300.00001
300.00001
300.00003
300.00006
300.00009
332.75953
309.60507
301.73494
300.18484
300.00761
299.99916
299.99985
300
300.00001
300.00001
300.00001
300.00001
300.00001
300.00001
300.00001
300.00001
300.00001
300.00001
300.00001
300.00001
300.00001
300.00001
300.00001
300.00001
300.00001
300.00001
300.00001
300.00001
300.00001
300.00001
300.00001
300.00001
300.00001
300.00001
300.00001
300.00001
300.00001
300.00003
300.00006
300.00009
332.75947
309.6051
301.73499
300.18487
300.00762
299.99916
299.99985
300
300.00001
300.00001
300.00001
300.00001
300.00001
300.00001
300.00001
300.00001
300.00001
300.00001
300.00001
300.00001
300.00001
300.00001
300.00001
300.00001
300.00001
300.00001
300.00001
300.00001
300.00001
300.00001
300.00001
300.00001
300.00001
300.00001
300.00001
300.00001
300.00001
300.00003
300.00006
300.00009
332.75941
309.60513
301.73505
300.1849
300.00763
299.99916
299.99985
300
300.00001
300.00001
300.00001
300.00001
300.00001
300.00001
300.00001
300.00001
300.00001
300.00001
300.00001
300.00001
300.00001
300.00001
300.00001
300.00001
300.00001
300.00001
300.00001
300.00001
300.00001
300.00001
300.00001
300.00001
300.00001
300.00001
300.00001
300.00001
300.00001
300.00003
300.00006
300.00009
332.75935
309.60518
301.73512
300.18494
300.00764
299.99916
299.99985
300
300.00001
300.00001
300.00001
300.00001
300.00001
300.00001
300.00001
300.00001
300.00001
300.00001
300.00001
300.00001
300.00001
300.00001
300.00001
300.00001
300.00001
300.00001
300.00001
300.00001
300.00001
300.00001
300.00001
300.00001
300.00001
300.00001
300.00001
300.00001
300.00001
300.00003
300.00006
300.00009
332.7593
309.60525
301.7352
300.18498
300.00765
299.99916
299.99985
300
300.00001
300.00001
300.00001
300.00001
300.00001
300.00001
300.00001
300.00001
300.00001
300.00001
300.00001
300.00001
300.00001
300.00001
300.00001
300.00001
300.00001
300.00001
300.00001
300.00001
300.00001
300.00001
300.00001
300.00001
300.00001
300.00001
300.00001
300.00001
300.00001
300.00002
300.00006
300.00009
332.75924
309.60534
301.73528
300.18502
300.00766
299.99916
299.99985
300
300.00001
300.00001
300.00001
300.00001
300.00001
300.00001
300.00001
300.00001
300.00001
300.00001
300.00001
300.00001
300.00001
300.00001
300.00001
300.00001
300.00001
300.00001
300.00001
300.00001
300.00001
300.00001
300.00001
300.00001
300.00001
300.00001
300.00001
300.00001
300.00001
300.00002
300.00006
300.00009
332.75919
309.60545
301.73538
300.18506
300.00767
299.99916
299.99985
300
300.00001
300.00001
300.00001
300.00001
300.00001
300.00001
300.00001
300.00001
300.00001
300.00001
300.00001
300.00001
300.00001
300.00001
300.00001
300.00001
300.00001
300.00001
300.00001
300.00001
300.00001
300.00001
300.00001
300.00001
300.00001
300.00001
300.00001
300.00001
300.00001
300.00002
300.00006
300.00009
332.75915
309.60559
301.7355
300.1851
300.00768
299.99916
299.99984
299.99999
300.00001
300.00001
300.00001
300.00001
300.00001
300.00001
300.00001
300.00001
300.00001
300.00001
300.00001
300.00001
300.00001
300.00001
300.00001
300.00001
300.00001
300.00001
300.00001
300.00001
300.00001
300.00001
300.00001
300.00001
300.00001
300.00001
300.00001
300.00001
300.00001
300.00002
300.00006
300.00009
332.75911
309.60577
301.73563
300.18515
300.00769
299.99917
299.99984
299.99999
300
300
300
300
300
300
300
300
300
300
300
300
300
300
300
300
300
300
300
300
300
300
300
300
300
300
300.00001
300.00001
300.00001
300.00002
300.00006
300.00009
332.7591
309.606
301.73578
300.18521
300.00771
299.99917
299.99984
299.99999
300
300
300
300
300
300
300
300
300
300
300
300
300
300
300
300
300
300
300
300
300
300
300
300
300
300
300
300.00001
300.00001
300.00002
300.00006
300.00009
332.75911
309.6063
301.73596
300.18526
300.00772
299.99917
299.99984
299.99999
300
300
300
300
300
300
300
300
300
300
300
300
300
300
300
300
300
300
300
300
300
300
300
300
300
300
300
300
300.00001
300.00002
300.00006
300.00009
332.75916
309.60668
301.73617
300.18532
300.00773
299.99917
299.99984
299.99999
300
300
300
300
300
300
300
300
300
300
300
300
300
300
300
300
300
300
300
300
300
300
300
300
300
300
300
300
300.00001
300.00002
300.00006
300.00009
332.75927
309.60717
301.73642
300.18539
300.00774
299.99917
299.99984
299.99999
300
300
300
300
300
300
300
300
300
300
300
300
300
300
300
300
300
300
300
300
300
300
300
300
300
300
300
300
300.00001
300.00002
300.00006
300.00009
332.75946
309.60781
301.73671
300.18546
300.00775
299.99917
299.99984
299.99999
300
300
300
300
300
300
300
300
300
300
300
300
300
300
300
300
300
300
300
300
300
300
300
300
300
300
300
300
300.00001
300.00002
300.00006
300.00009
332.75978
309.60865
301.73707
300.18553
300.00776
299.99917
299.99984
299.99999
300
300
300
300
300
300
300
300
300
300
300
300
300
300
300
300
300
300
300
300
300
300
300
300
300
300
300
300
300.00001
300.00002
300.00006
300.00009
332.76029
309.60977
301.7375
300.1856
300.00777
299.99917
299.99984
299.99999
300
300
300
300
300
300
300
300
300
300
300
300
300
300
300
300
300
300
300
300
300
300
300
300
300
300
300
300
300.00001
300.00002
300.00006
300.00009
332.76109
309.61128
301.73803
300.18567
300.00777
299.99917
299.99984
299.99999
300
300
300
300
300
300
300
300
300
300
300
300
300
300
300
300
300
300
300
300
300
300
300
300
300
300
300
300
300.00001
300.00002
300.00006
300.00009
332.76237
309.61332
301.73868
300.18574
300.00777
299.99917
299.99984
299.99999
300
300
300
300
300
300
300
300
300
300
300
300
300
300
300
300
300
300
300
300
300
300
300
300
300
300
300
300
300.00001
300.00002
300.00006
300.00009
332.76455
309.61637
301.73954
300.18581
300.00776
299.99917
299.99984
299.99999
300
300
300
300
300
300
300
300
300
300
300
300
300
300
300
300
300
300
300
300
300
300
300
300
300
300
300
300
300.00001
300.00002
300.00005
300.00009
332.76756
309.61959
301.74038
300.18585
300.00775
299.99916
299.99984
299.99999
300
300
300
300
300
300
300
300
300
300
300
300
300
300
300
300
300
300
300
300
300
300
300
300
300
300
300
300
300
300.00002
300.00005
300.00008
332.77832
309.63048
301.74274
300.18589
300.00768
299.99915
299.99984
299.99999
300
300
300
300
300
300
300
300
300
300
300
300
300
300
300
300
300
300
300
300
300
300
300
300
300
300
300
300
300
300.00002
300.00005
300.00008
)
;

boundaryField
{
    wall
    {
        type            fixedValue;
        value           uniform 350;
    }
    sides
    {
        type            zeroGradient;
    }
    frontAndBack
    {
        type            empty;
    }
    inlet
    {
        type            fixedValue;
        value           uniform 300;
    }
    outlet
    {
        type            zeroGradient;
    }
}


// ************************************************************************* //
