/*--------------------------------*- C++ -*----------------------------------*\
  =========                 |
  \\      /  F ield         | OpenFOAM: The Open Source CFD Toolbox
   \\    /   O peration     | Website:  https://openfoam.org
    \\  /    A nd           | Version:  10
     \\/     M anipulation  |
\*---------------------------------------------------------------------------*/
FoamFile
{
    format      ascii;
    class       volScalarField;
    location    "0.03";
    object      T_0;
}
// * * * * * * * * * * * * * * * * * * * * * * * * * * * * * * * * * * * * * //

dimensions      [0 0 0 1 0 0 0];

internalField   nonuniform List<scalar> 
4000
(
303.09592
299.34785
299.99035
300.00079
299.99994
300
300
300
300
300
300
300
300
300
300
300
300
300
300
300
300
300
300
300
300
300
300
300
300
300
300
300
300
300
300
300
300
300
300
300.00001
309.62623
298.50675
299.78394
300.00168
300.00076
299.99999
300
300
300
300
300
300
300
300
300
300
300
300
300
300
300
300
300
300
300
300
300
300
300
300
300
300
300
300
300
300
300
300
299.99999
300.00001
315.90219
298.69037
299.40994
299.97689
300.00375
300.00022
299.99999
300
300
300
300
300
300
300
300
300
300
300
300
300
300
300
300
300
300
300
300
300
300
300
300
300
300
300
300
300
299.99999
299.99999
299.99999
300.00002
321.53316
299.80839
299.02079
299.90208
300.00655
300.00121
300
299.99999
299.99999
300
300
300
300
300
300
300
300
300
300
300
300
300
300
300
300
300
300
300
300
300
300
300
299.99999
299.99999
299.99999
299.99999
299.99999
299.99998
299.99999
300.00003
326.30456
301.56491
298.75973
299.77415
300.00325
300.00324
300.00013
299.99998
299.99999
299.99999
299.99999
299.99999
299.99999
299.99999
299.99999
299.99999
299.99999
299.99999
299.99999
299.99999
299.99999
299.99999
299.99999
299.99999
299.99999
299.99999
299.99999
299.99999
299.99999
299.99999
299.99999
299.99999
299.99999
299.99999
299.99999
299.99999
299.99998
299.99998
299.99999
300.00003
330.10537
303.64182
298.70811
299.61261
299.98776
300.00583
300.00055
299.99996
299.99998
299.99999
299.99999
299.99999
299.99999
299.99999
299.99999
299.99999
299.99999
299.99999
299.99999
299.99999
299.99999
299.99999
299.99999
299.99999
299.99999
299.99999
299.99999
299.99999
299.99999
299.99999
299.99999
299.99999
299.99999
299.99999
299.99999
299.99998
299.99998
299.99998
299.99999
300.00004
332.89111
305.76263
298.8776
299.44974
299.95735
300.00777
300.00133
299.99998
299.99997
299.99999
299.99999
299.99999
299.99999
299.99999
299.99999
299.99999
299.99999
299.99999
299.99999
299.99999
299.99999
299.99999
299.99999
299.99999
299.99999
299.99999
299.99999
299.99999
299.99999
299.99999
299.99999
299.99999
299.99999
299.99999
299.99998
299.99998
299.99998
299.99997
299.99999
300.00004
334.61547
307.70579
299.22843
299.31664
299.91409
300.00759
300.00241
300.00007
299.99997
299.99999
299.99999
299.99999
299.99999
299.99999
299.99999
299.99999
299.99999
299.99999
299.99999
299.99999
299.99999
299.99999
299.99999
299.99999
299.99999
299.99999
299.99999
299.99999
299.99999
299.99999
299.99999
299.99999
299.99999
299.99998
299.99998
299.99998
299.99997
299.99997
300
300.00002
335.26602
309.29583
299.69102
299.23285
299.86371
300.00431
300.00361
300.00025
299.99996
299.99999
299.99999
299.99999
299.99999
299.99999
299.99999
299.99999
299.99999
299.99999
299.99999
299.99999
299.99999
299.99999
299.99999
299.99999
299.99999
299.99999
299.99999
299.99999
299.99999
299.99999
299.99999
299.99999
299.99999
299.99999
299.99998
299.99998
299.99997
299.99998
300
300
335.02383
310.41209
300.18209
299.20252
299.81309
299.99781
300.00466
300.00053
299.99996
299.99998
299.99999
299.99999
299.99999
299.99999
299.99999
299.99999
299.99999
299.99999
299.99999
299.99999
299.99999
299.99999
299.99999
299.99999
299.99999
299.99999
299.99999
299.99999
299.99999
299.99999
299.99999
299.99999
299.99998
299.99998
299.99998
299.99998
299.99997
299.99998
300
299.99999
334.28941
311.01173
300.62278
299.21789
299.76855
299.98889
300.00539
300.00089
299.99997
299.99996
299.99997
299.99997
299.99997
299.99997
299.99997
299.99997
299.99997
299.99998
299.99998
299.99998
299.99998
299.99998
299.99998
299.99997
299.99997
299.99997
299.99997
299.99997
299.99997
299.99997
299.99997
299.99997
299.99997
299.99997
299.99997
299.99997
299.99997
299.99997
299.99999
300
333.49
311.14063
300.96011
299.26756
299.73563
299.97897
300.00564
300.00128
299.99997
299.99992
299.99994
299.99994
299.99994
299.99995
299.99995
299.99995
299.99995
299.99995
299.99995
299.99995
299.99995
299.99995
299.99995
299.99995
299.99995
299.99995
299.99995
299.99995
299.99995
299.99995
299.99995
299.99995
299.99994
299.99994
299.99994
299.99994
299.99994
299.99995
299.99997
300.00003
332.88651
310.92157
301.18104
299.34375
299.71956
299.96989
300.00535
300.00162
299.99999
299.99989
299.99991
299.99991
299.99991
299.99991
299.99991
299.99991
299.99991
299.99991
299.99992
299.99992
299.99992
299.99992
299.99992
299.99992
299.99992
299.99992
299.99992
299.99992
299.99992
299.99992
299.99992
299.99991
299.99991
299.99991
299.99991
299.99991
299.99992
299.99993
299.99996
300.00007
332.54024
310.51985
301.30898
299.44324
299.72435
299.96363
300.00452
300.00182
300.00002
299.99986
299.99988
299.99989
299.99989
299.99989
299.99989
299.99989
299.99989
299.9999
299.9999
299.9999
299.9999
299.9999
299.9999
299.9999
299.9999
299.9999
299.9999
299.9999
299.9999
299.9999
299.9999
299.9999
299.99989
299.99989
299.99989
299.99989
299.99989
299.99991
299.99996
300.00009
332.39331
310.09325
301.38393
299.56251
299.75039
299.96159
300.00328
300.00182
300.00006
299.99986
299.99989
299.99989
299.99989
299.9999
299.9999
299.9999
299.9999
299.9999
299.9999
299.9999
299.9999
299.9999
299.9999
299.9999
299.9999
299.9999
299.9999
299.9999
299.9999
299.9999
299.9999
299.9999
299.9999
299.9999
299.99989
299.99989
299.99989
299.99991
299.99998
300.00011
332.35775
309.74714
301.43932
299.69272
299.79284
299.964
300.00193
300.0016
300.0001
299.9999
299.99991
299.99992
299.99992
299.99992
299.99992
299.99992
299.99993
299.99993
299.99993
299.99993
299.99993
299.99993
299.99993
299.99993
299.99993
299.99993
299.99993
299.99993
299.99993
299.99993
299.99993
299.99992
299.99992
299.99992
299.99992
299.99991
299.99991
299.99994
300.00001
300.00011
332.36445
309.51811
301.48986
299.81974
299.84268
299.96971
300.00078
300.00125
300.00012
299.99994
299.99995
299.99996
299.99996
299.99996
299.99996
299.99996
299.99996
299.99996
299.99996
299.99997
299.99997
299.99997
299.99997
299.99997
299.99997
299.99997
299.99997
299.99996
299.99996
299.99996
299.99996
299.99996
299.99996
299.99996
299.99995
299.99995
299.99995
299.99997
300.00005
300.00012
332.37607
309.39061
301.53451
299.92912
299.89032
299.9768
299.99999
300.00086
300.00013
299.99999
299.99999
300
300
300
300
300
300
300
300
300
300
300
300
300
300
300
300
300
300
300
300
300
300
299.99999
299.99999
299.99999
299.99999
300.00001
300.00007
300.00012
332.37984
309.32781
301.56716
300.0119
299.92909
299.98351
299.99959
300.00053
300.00011
300.00002
300.00002
300.00002
300.00002
300.00002
300.00002
300.00003
300.00003
300.00003
300.00003
300.00003
300.00003
300.00003
300.00003
300.00003
300.00003
300.00003
300.00003
300.00003
300.00003
300.00002
300.00002
300.00002
300.00002
300.00002
300.00002
300.00002
300.00002
300.00004
300.00009
300.00012
332.37551
309.29602
301.58496
300.06695
299.9566
299.98881
299.99948
300.0003
300.00009
300.00004
300.00004
300.00004
300.00004
300.00004
300.00004
300.00004
300.00004
300.00004
300.00004
300.00004
300.00004
300.00004
300.00004
300.00004
300.00004
300.00004
300.00004
300.00004
300.00004
300.00004
300.00004
300.00004
300.00004
300.00004
300.00004
300.00003
300.00004
300.00005
300.00009
300.00012
332.36668
309.27467
301.59026
300.09929
299.97398
299.99246
299.99952
300.00017
300.00007
300.00004
300.00004
300.00004
300.00004
300.00004
300.00004
300.00004
300.00004
300.00004
300.00004
300.00004
300.00004
300.00004
300.00004
300.00004
300.00004
300.00004
300.00004
300.00004
300.00004
300.00004
300.00004
300.00004
300.00004
300.00004
300.00004
300.00004
300.00004
300.00006
300.00009
300.00012
332.35665
309.25529
301.58807
300.11637
299.98401
299.99472
299.9996
300.0001
300.00006
300.00004
300.00004
300.00004
300.00004
300.00004
300.00004
300.00004
300.00004
300.00004
300.00004
300.00004
300.00004
300.00004
300.00004
300.00004
300.00004
300.00004
300.00004
300.00004
300.00004
300.00004
300.00004
300.00004
300.00004
300.00004
300.00004
300.00004
300.00004
300.00006
300.00009
300.00012
332.34734
309.23639
301.5831
300.12497
299.98953
299.99603
299.99968
300.00006
300.00005
300.00004
300.00004
300.00004
300.00004
300.00004
300.00004
300.00004
300.00004
300.00004
300.00004
300.00004
300.00004
300.00004
300.00004
300.00004
300.00004
300.00004
300.00004
300.00004
300.00004
300.00004
300.00004
300.00004
300.00004
300.00004
300.00004
300.00004
300.00004
300.00005
300.00008
300.00011
332.33943
309.21884
301.57818
300.12968
299.99269
299.99678
299.99974
300.00005
300.00004
300.00003
300.00003
300.00003
300.00003
300.00003
300.00003
300.00003
300.00003
300.00003
300.00003
300.00003
300.00003
300.00003
300.00003
300.00003
300.00003
300.00003
300.00003
300.00003
300.00003
300.00003
300.00003
300.00003
300.00003
300.00003
300.00003
300.00003
300.00004
300.00005
300.00008
300.00011
332.33292
309.20352
301.57436
300.1329
299.99473
299.99724
299.99977
300.00004
300.00004
300.00003
300.00003
300.00003
300.00003
300.00003
300.00003
300.00003
300.00003
300.00003
300.00003
300.00003
300.00003
300.00003
300.00003
300.00003
300.00003
300.00003
300.00003
300.00003
300.00003
300.00003
300.00003
300.00003
300.00003
300.00003
300.00003
300.00003
300.00004
300.00005
300.00008
300.00011
332.32757
309.19066
301.57163
300.13559
299.99626
299.99756
299.99979
300.00004
300.00003
300.00003
300.00003
300.00003
300.00003
300.00003
300.00003
300.00003
300.00003
300.00003
300.00003
300.00003
300.00003
300.00003
300.00003
300.00003
300.00003
300.00003
300.00003
300.00003
300.00003
300.00003
300.00003
300.00003
300.00003
300.00003
300.00003
300.00003
300.00004
300.00005
300.00008
300.00011
332.3231
309.18004
301.56966
300.13797
299.99752
299.99781
299.99981
300.00003
300.00003
300.00003
300.00003
300.00003
300.00003
300.00003
300.00003
300.00003
300.00003
300.00003
300.00003
300.00003
300.00003
300.00003
300.00003
300.00003
300.00003
300.00003
300.00003
300.00003
300.00003
300.00003
300.00003
300.00003
300.00003
300.00003
300.00003
300.00003
300.00003
300.00005
300.00008
300.00011
332.31931
309.17125
301.56812
300.14003
299.99857
299.99801
299.99982
300.00003
300.00003
300.00003
300.00003
300.00003
300.00003
300.00003
300.00003
300.00003
300.00003
300.00003
300.00003
300.00003
300.00003
300.00003
300.00003
300.00003
300.00003
300.00003
300.00003
300.00003
300.00003
300.00003
300.00003
300.00003
300.00003
300.00003
300.00003
300.00003
300.00003
300.00005
300.00008
300.00011
332.31608
309.1639
301.56685
300.14176
299.99945
299.99818
299.99983
300.00003
300.00003
300.00003
300.00003
300.00003
300.00003
300.00003
300.00003
300.00003
300.00003
300.00003
300.00003
300.00003
300.00003
300.00003
300.00003
300.00003
300.00003
300.00003
300.00003
300.00003
300.00003
300.00003
300.00003
300.00003
300.00003
300.00003
300.00003
300.00003
300.00003
300.00005
300.00008
300.00011
332.31331
309.15772
301.56575
300.14319
300.00017
299.99832
299.99984
300.00003
300.00003
300.00003
300.00003
300.00003
300.00003
300.00003
300.00003
300.00003
300.00003
300.00003
300.00003
300.00003
300.00003
300.00003
300.00003
300.00003
300.00003
300.00003
300.00003
300.00003
300.00003
300.00003
300.00003
300.00003
300.00003
300.00003
300.00003
300.00003
300.00003
300.00005
300.00008
300.00011
332.31093
309.15247
301.56481
300.14436
300.00077
299.99843
299.99985
300.00003
300.00003
300.00003
300.00003
300.00003
300.00003
300.00003
300.00003
300.00003
300.00003
300.00003
300.00003
300.00003
300.00003
300.00003
300.00003
300.00003
300.00003
300.00003
300.00003
300.00003
300.00003
300.00003
300.00003
300.00003
300.00003
300.00003
300.00003
300.00003
300.00003
300.00005
300.00008
300.00011
332.30888
309.148
301.564
300.14532
300.00126
299.99853
299.99985
300.00002
300.00003
300.00003
300.00003
300.00003
300.00003
300.00003
300.00003
300.00003
300.00003
300.00003
300.00003
300.00003
300.00003
300.00003
300.00003
300.00003
300.00003
300.00003
300.00003
300.00003
300.00003
300.00003
300.00003
300.00003
300.00003
300.00003
300.00003
300.00003
300.00003
300.00005
300.00008
300.00011
332.30712
309.14419
301.56331
300.14613
300.00167
299.9986
299.99986
300.00002
300.00003
300.00003
300.00003
300.00003
300.00003
300.00003
300.00003
300.00003
300.00003
300.00003
300.00003
300.00003
300.00003
300.00003
300.00003
300.00003
300.00003
300.00003
300.00003
300.00003
300.00003
300.00003
300.00003
300.00003
300.00003
300.00003
300.00003
300.00003
300.00003
300.00005
300.00008
300.00011
332.3056
309.14092
301.56271
300.1468
300.00201
299.99867
299.99986
300.00002
300.00003
300.00003
300.00003
300.00003
300.00003
300.00003
300.00003
300.00003
300.00003
300.00003
300.00003
300.00003
300.00003
300.00003
300.00003
300.00003
300.00003
300.00003
300.00003
300.00003
300.00003
300.00003
300.00003
300.00003
300.00003
300.00003
300.00003
300.00003
300.00003
300.00004
300.00008
300.00011
332.30428
309.13812
301.56221
300.14738
300.00229
299.99872
299.99986
300.00002
300.00003
300.00003
300.00003
300.00003
300.00003
300.00003
300.00003
300.00003
300.00003
300.00003
300.00003
300.00003
300.00003
300.00003
300.00003
300.00003
300.00003
300.00003
300.00003
300.00003
300.00003
300.00003
300.00003
300.00003
300.00003
300.00003
300.00003
300.00003
300.00003
300.00004
300.00008
300.00011
332.30314
309.1357
301.56177
300.14786
300.00254
299.99877
299.99987
300.00002
300.00003
300.00003
300.00003
300.00003
300.00003
300.00003
300.00003
300.00003
300.00003
300.00003
300.00003
300.00003
300.00003
300.00003
300.00003
300.00003
300.00003
300.00003
300.00003
300.00003
300.00003
300.00003
300.00003
300.00003
300.00003
300.00003
300.00003
300.00003
300.00003
300.00004
300.00008
300.00011
332.30214
309.13362
301.56139
300.14828
300.00274
299.99881
299.99987
300.00002
300.00003
300.00003
300.00003
300.00003
300.00003
300.00003
300.00003
300.00003
300.00003
300.00003
300.00003
300.00003
300.00003
300.00003
300.00003
300.00003
300.00003
300.00003
300.00003
300.00003
300.00003
300.00003
300.00003
300.00003
300.00003
300.00003
300.00003
300.00003
300.00003
300.00004
300.00008
300.00011
332.30128
309.13182
301.56107
300.14863
300.00292
299.99884
299.99987
300.00002
300.00003
300.00003
300.00003
300.00003
300.00003
300.00003
300.00003
300.00003
300.00003
300.00003
300.00003
300.00003
300.00003
300.00003
300.00003
300.00003
300.00003
300.00003
300.00003
300.00003
300.00003
300.00003
300.00003
300.00003
300.00003
300.00003
300.00003
300.00003
300.00003
300.00004
300.00008
300.00011
332.30053
309.13026
301.56079
300.14893
300.00307
299.99887
299.99987
300.00002
300.00003
300.00003
300.00003
300.00003
300.00003
300.00003
300.00003
300.00003
300.00003
300.00003
300.00003
300.00003
300.00003
300.00003
300.00003
300.00003
300.00003
300.00003
300.00003
300.00003
300.00003
300.00003
300.00003
300.00003
300.00003
300.00003
300.00003
300.00003
300.00003
300.00004
300.00008
300.00011
332.29987
309.1289
301.56055
300.14919
300.0032
299.9989
299.99987
300.00002
300.00003
300.00002
300.00002
300.00002
300.00002
300.00002
300.00003
300.00003
300.00003
300.00003
300.00003
300.00003
300.00003
300.00003
300.00003
300.00003
300.00003
300.00003
300.00003
300.00003
300.00003
300.00003
300.00003
300.00003
300.00003
300.00003
300.00003
300.00003
300.00003
300.00004
300.00008
300.00011
332.29929
309.12772
301.56033
300.14942
300.00331
299.99892
299.99987
300.00002
300.00002
300.00002
300.00002
300.00002
300.00002
300.00002
300.00002
300.00002
300.00002
300.00002
300.00002
300.00002
300.00002
300.00002
300.00002
300.00002
300.00002
300.00002
300.00002
300.00002
300.00002
300.00002
300.00002
300.00002
300.00002
300.00002
300.00003
300.00003
300.00003
300.00004
300.00008
300.00011
332.29878
309.1267
301.56015
300.14962
300.00341
299.99893
299.99988
300.00002
300.00002
300.00002
300.00002
300.00002
300.00002
300.00002
300.00002
300.00002
300.00002
300.00002
300.00002
300.00002
300.00002
300.00002
300.00002
300.00002
300.00002
300.00002
300.00002
300.00002
300.00002
300.00002
300.00002
300.00002
300.00002
300.00002
300.00002
300.00003
300.00003
300.00004
300.00008
300.00011
332.29833
309.1258
301.55999
300.14979
300.00349
299.99895
299.99988
300.00002
300.00002
300.00002
300.00002
300.00002
300.00002
300.00002
300.00002
300.00002
300.00002
300.00002
300.00002
300.00002
300.00002
300.00002
300.00002
300.00002
300.00002
300.00002
300.00002
300.00002
300.00002
300.00002
300.00002
300.00002
300.00002
300.00002
300.00002
300.00002
300.00003
300.00004
300.00007
300.00011
332.29794
309.12501
301.55985
300.14993
300.00357
299.99896
299.99988
300.00002
300.00002
300.00002
300.00002
300.00002
300.00002
300.00002
300.00002
300.00002
300.00002
300.00002
300.00002
300.00002
300.00002
300.00002
300.00002
300.00002
300.00002
300.00002
300.00002
300.00002
300.00002
300.00002
300.00002
300.00002
300.00002
300.00002
300.00002
300.00002
300.00003
300.00004
300.00007
300.00011
332.29759
309.12431
301.55973
300.15006
300.00363
299.99898
299.99988
300.00002
300.00002
300.00002
300.00002
300.00002
300.00002
300.00002
300.00002
300.00002
300.00002
300.00002
300.00002
300.00002
300.00002
300.00002
300.00002
300.00002
300.00002
300.00002
300.00002
300.00002
300.00002
300.00002
300.00002
300.00002
300.00002
300.00002
300.00002
300.00002
300.00003
300.00004
300.00007
300.00011
332.29728
309.12371
301.55962
300.15017
300.00369
299.99899
299.99988
300.00002
300.00002
300.00002
300.00002
300.00002
300.00002
300.00002
300.00002
300.00002
300.00002
300.00002
300.00002
300.00002
300.00002
300.00002
300.00002
300.00002
300.00002
300.00002
300.00002
300.00002
300.00002
300.00002
300.00002
300.00002
300.00002
300.00002
300.00002
300.00002
300.00003
300.00004
300.00007
300.0001
332.29701
309.12317
301.55952
300.15027
300.00373
299.99899
299.99988
300.00002
300.00002
300.00002
300.00002
300.00002
300.00002
300.00002
300.00002
300.00002
300.00002
300.00002
300.00002
300.00002
300.00002
300.00002
300.00002
300.00002
300.00002
300.00002
300.00002
300.00002
300.00002
300.00002
300.00002
300.00002
300.00002
300.00002
300.00002
300.00002
300.00003
300.00004
300.00007
300.0001
332.29676
309.12269
301.55944
300.15036
300.00378
299.999
299.99988
300.00001
300.00002
300.00002
300.00002
300.00002
300.00002
300.00002
300.00002
300.00002
300.00002
300.00002
300.00002
300.00002
300.00002
300.00002
300.00002
300.00002
300.00002
300.00002
300.00002
300.00002
300.00002
300.00002
300.00002
300.00002
300.00002
300.00002
300.00002
300.00002
300.00003
300.00004
300.00007
300.0001
332.29654
309.12228
301.55937
300.15044
300.00381
299.99901
299.99988
300.00001
300.00002
300.00002
300.00002
300.00002
300.00002
300.00002
300.00002
300.00002
300.00002
300.00002
300.00002
300.00002
300.00002
300.00002
300.00002
300.00002
300.00002
300.00002
300.00002
300.00002
300.00002
300.00002
300.00002
300.00002
300.00002
300.00002
300.00002
300.00002
300.00003
300.00004
300.00007
300.0001
332.29635
309.1219
301.5593
300.1505
300.00385
299.99901
299.99988
300.00001
300.00002
300.00002
300.00002
300.00002
300.00002
300.00002
300.00002
300.00002
300.00002
300.00002
300.00002
300.00002
300.00002
300.00002
300.00002
300.00002
300.00002
300.00002
300.00002
300.00002
300.00002
300.00002
300.00002
300.00002
300.00002
300.00002
300.00002
300.00002
300.00002
300.00004
300.00007
300.0001
332.29617
309.12157
301.55925
300.15056
300.00388
299.99902
299.99988
300.00001
300.00002
300.00002
300.00002
300.00002
300.00002
300.00002
300.00002
300.00002
300.00002
300.00002
300.00002
300.00002
300.00002
300.00002
300.00002
300.00002
300.00002
300.00002
300.00002
300.00002
300.00002
300.00002
300.00002
300.00002
300.00002
300.00002
300.00002
300.00002
300.00002
300.00004
300.00007
300.0001
332.29601
309.12128
301.5592
300.15062
300.0039
299.99902
299.99988
300.00001
300.00002
300.00002
300.00002
300.00002
300.00002
300.00002
300.00002
300.00002
300.00002
300.00002
300.00002
300.00002
300.00002
300.00002
300.00002
300.00002
300.00002
300.00002
300.00002
300.00002
300.00002
300.00002
300.00002
300.00002
300.00002
300.00002
300.00002
300.00002
300.00002
300.00004
300.00007
300.0001
332.29587
309.12102
301.55915
300.15067
300.00392
299.99903
299.99988
300.00001
300.00002
300.00002
300.00002
300.00002
300.00002
300.00002
300.00002
300.00002
300.00002
300.00002
300.00002
300.00002
300.00002
300.00002
300.00002
300.00002
300.00002
300.00002
300.00002
300.00002
300.00002
300.00002
300.00002
300.00002
300.00002
300.00002
300.00002
300.00002
300.00002
300.00004
300.00007
300.0001
332.29574
309.12078
301.55912
300.15071
300.00394
299.99903
299.99988
300.00001
300.00002
300.00002
300.00002
300.00002
300.00002
300.00002
300.00002
300.00002
300.00002
300.00002
300.00002
300.00002
300.00002
300.00002
300.00002
300.00002
300.00002
300.00002
300.00002
300.00002
300.00002
300.00002
300.00002
300.00002
300.00002
300.00002
300.00002
300.00002
300.00002
300.00004
300.00007
300.0001
332.29562
309.12057
301.55908
300.15075
300.00396
299.99903
299.99988
300.00001
300.00002
300.00002
300.00002
300.00002
300.00002
300.00002
300.00002
300.00002
300.00002
300.00002
300.00002
300.00002
300.00002
300.00002
300.00002
300.00002
300.00002
300.00002
300.00002
300.00002
300.00002
300.00002
300.00002
300.00002
300.00002
300.00002
300.00002
300.00002
300.00002
300.00004
300.00007
300.0001
332.29551
309.12038
301.55906
300.15078
300.00398
299.99904
299.99988
300.00001
300.00002
300.00002
300.00002
300.00002
300.00002
300.00002
300.00002
300.00002
300.00002
300.00002
300.00002
300.00002
300.00002
300.00002
300.00002
300.00002
300.00002
300.00002
300.00002
300.00002
300.00002
300.00002
300.00002
300.00002
300.00002
300.00002
300.00002
300.00002
300.00002
300.00004
300.00007
300.0001
332.29541
309.12021
301.55903
300.15082
300.00399
299.99904
299.99988
300.00001
300.00002
300.00002
300.00002
300.00002
300.00002
300.00002
300.00002
300.00002
300.00002
300.00002
300.00002
300.00002
300.00002
300.00002
300.00002
300.00002
300.00002
300.00002
300.00002
300.00002
300.00002
300.00002
300.00002
300.00002
300.00002
300.00002
300.00002
300.00002
300.00002
300.00003
300.00007
300.0001
332.29532
309.12006
301.55901
300.15084
300.00401
299.99904
299.99988
300.00001
300.00002
300.00002
300.00002
300.00002
300.00002
300.00002
300.00002
300.00002
300.00002
300.00002
300.00002
300.00002
300.00002
300.00002
300.00002
300.00002
300.00002
300.00002
300.00002
300.00002
300.00002
300.00002
300.00002
300.00002
300.00002
300.00002
300.00002
300.00002
300.00002
300.00003
300.00007
300.0001
332.29523
309.11992
301.55899
300.15087
300.00402
299.99904
299.99988
300.00001
300.00002
300.00002
300.00002
300.00002
300.00002
300.00002
300.00002
300.00002
300.00002
300.00002
300.00002
300.00002
300.00002
300.00002
300.00002
300.00002
300.00002
300.00002
300.00002
300.00002
300.00002
300.00002
300.00002
300.00002
300.00002
300.00002
300.00002
300.00002
300.00002
300.00003
300.00007
300.0001
332.29515
309.1198
301.55898
300.1509
300.00403
299.99905
299.99988
300.00001
300.00002
300.00002
300.00002
300.00002
300.00002
300.00002
300.00002
300.00002
300.00002
300.00002
300.00002
300.00002
300.00002
300.00002
300.00002
300.00002
300.00002
300.00002
300.00002
300.00002
300.00002
300.00002
300.00002
300.00002
300.00002
300.00002
300.00002
300.00002
300.00002
300.00003
300.00007
300.0001
332.29508
309.11969
301.55897
300.15092
300.00404
299.99905
299.99988
300.00001
300.00002
300.00002
300.00002
300.00002
300.00002
300.00002
300.00002
300.00002
300.00002
300.00002
300.00002
300.00002
300.00002
300.00002
300.00002
300.00002
300.00002
300.00002
300.00002
300.00002
300.00002
300.00002
300.00002
300.00002
300.00002
300.00002
300.00002
300.00002
300.00002
300.00003
300.00007
300.0001
332.29501
309.11959
301.55896
300.15094
300.00405
299.99905
299.99988
300.00001
300.00002
300.00002
300.00002
300.00002
300.00002
300.00002
300.00002
300.00002
300.00002
300.00002
300.00002
300.00002
300.00002
300.00002
300.00002
300.00002
300.00002
300.00002
300.00002
300.00002
300.00002
300.00002
300.00002
300.00002
300.00002
300.00002
300.00002
300.00002
300.00002
300.00003
300.00007
300.0001
332.29494
309.1195
301.55895
300.15096
300.00406
299.99905
299.99988
300.00001
300.00001
300.00001
300.00001
300.00001
300.00001
300.00001
300.00001
300.00001
300.00001
300.00002
300.00002
300.00002
300.00002
300.00002
300.00002
300.00002
300.00002
300.00002
300.00002
300.00002
300.00002
300.00002
300.00002
300.00002
300.00002
300.00002
300.00002
300.00002
300.00002
300.00003
300.00007
300.0001
332.29488
309.11942
301.55895
300.15098
300.00407
299.99905
299.99988
300.00001
300.00001
300.00001
300.00001
300.00001
300.00001
300.00001
300.00001
300.00001
300.00001
300.00001
300.00001
300.00001
300.00001
300.00001
300.00001
300.00001
300.00001
300.00001
300.00001
300.00001
300.00001
300.00001
300.00001
300.00001
300.00001
300.00001
300.00001
300.00002
300.00002
300.00003
300.00007
300.0001
332.29481
309.11934
301.55895
300.151
300.00408
299.99905
299.99988
300.00001
300.00001
300.00001
300.00001
300.00001
300.00001
300.00001
300.00001
300.00001
300.00001
300.00001
300.00001
300.00001
300.00001
300.00001
300.00001
300.00001
300.00001
300.00001
300.00001
300.00001
300.00001
300.00001
300.00001
300.00001
300.00001
300.00001
300.00001
300.00002
300.00002
300.00003
300.00007
300.0001
332.29475
309.11927
301.55895
300.15102
300.00408
299.99905
299.99987
300.00001
300.00001
300.00001
300.00001
300.00001
300.00001
300.00001
300.00001
300.00001
300.00001
300.00001
300.00001
300.00001
300.00001
300.00001
300.00001
300.00001
300.00001
300.00001
300.00001
300.00001
300.00001
300.00001
300.00001
300.00001
300.00001
300.00001
300.00001
300.00001
300.00002
300.00003
300.00007
300.0001
332.2947
309.11921
301.55895
300.15104
300.00409
299.99905
299.99987
300.00001
300.00001
300.00001
300.00001
300.00001
300.00001
300.00001
300.00001
300.00001
300.00001
300.00001
300.00001
300.00001
300.00001
300.00001
300.00001
300.00001
300.00001
300.00001
300.00001
300.00001
300.00001
300.00001
300.00001
300.00001
300.00001
300.00001
300.00001
300.00001
300.00002
300.00003
300.00006
300.0001
332.29464
309.11915
301.55896
300.15106
300.0041
299.99905
299.99987
300.00001
300.00001
300.00001
300.00001
300.00001
300.00001
300.00001
300.00001
300.00001
300.00001
300.00001
300.00001
300.00001
300.00001
300.00001
300.00001
300.00001
300.00001
300.00001
300.00001
300.00001
300.00001
300.00001
300.00001
300.00001
300.00001
300.00001
300.00001
300.00001
300.00002
300.00003
300.00006
300.0001
332.29458
309.1191
301.55896
300.15108
300.0041
299.99905
299.99987
300.00001
300.00001
300.00001
300.00001
300.00001
300.00001
300.00001
300.00001
300.00001
300.00001
300.00001
300.00001
300.00001
300.00001
300.00001
300.00001
300.00001
300.00001
300.00001
300.00001
300.00001
300.00001
300.00001
300.00001
300.00001
300.00001
300.00001
300.00001
300.00001
300.00002
300.00003
300.00006
300.0001
332.29452
309.11906
301.55898
300.1511
300.00411
299.99906
299.99987
300.00001
300.00001
300.00001
300.00001
300.00001
300.00001
300.00001
300.00001
300.00001
300.00001
300.00001
300.00001
300.00001
300.00001
300.00001
300.00001
300.00001
300.00001
300.00001
300.00001
300.00001
300.00001
300.00001
300.00001
300.00001
300.00001
300.00001
300.00001
300.00001
300.00002
300.00003
300.00006
300.0001
332.29447
309.11902
301.55899
300.15112
300.00412
299.99906
299.99987
300
300.00001
300.00001
300.00001
300.00001
300.00001
300.00001
300.00001
300.00001
300.00001
300.00001
300.00001
300.00001
300.00001
300.00001
300.00001
300.00001
300.00001
300.00001
300.00001
300.00001
300.00001
300.00001
300.00001
300.00001
300.00001
300.00001
300.00001
300.00001
300.00002
300.00003
300.00006
300.0001
332.29441
309.11898
301.559
300.15114
300.00412
299.99906
299.99987
300
300.00001
300.00001
300.00001
300.00001
300.00001
300.00001
300.00001
300.00001
300.00001
300.00001
300.00001
300.00001
300.00001
300.00001
300.00001
300.00001
300.00001
300.00001
300.00001
300.00001
300.00001
300.00001
300.00001
300.00001
300.00001
300.00001
300.00001
300.00001
300.00002
300.00003
300.00006
300.00009
332.29435
309.11895
301.55902
300.15116
300.00413
299.99906
299.99987
300
300.00001
300.00001
300.00001
300.00001
300.00001
300.00001
300.00001
300.00001
300.00001
300.00001
300.00001
300.00001
300.00001
300.00001
300.00001
300.00001
300.00001
300.00001
300.00001
300.00001
300.00001
300.00001
300.00001
300.00001
300.00001
300.00001
300.00001
300.00001
300.00001
300.00003
300.00006
300.00009
332.29429
309.11892
301.55904
300.15118
300.00414
299.99906
299.99987
300
300.00001
300.00001
300.00001
300.00001
300.00001
300.00001
300.00001
300.00001
300.00001
300.00001
300.00001
300.00001
300.00001
300.00001
300.00001
300.00001
300.00001
300.00001
300.00001
300.00001
300.00001
300.00001
300.00001
300.00001
300.00001
300.00001
300.00001
300.00001
300.00001
300.00003
300.00006
300.00009
332.29422
309.11889
301.55907
300.1512
300.00414
299.99906
299.99987
300
300.00001
300.00001
300.00001
300.00001
300.00001
300.00001
300.00001
300.00001
300.00001
300.00001
300.00001
300.00001
300.00001
300.00001
300.00001
300.00001
300.00001
300.00001
300.00001
300.00001
300.00001
300.00001
300.00001
300.00001
300.00001
300.00001
300.00001
300.00001
300.00001
300.00003
300.00006
300.00009
332.29416
309.11887
301.5591
300.15122
300.00415
299.99906
299.99987
300
300.00001
300.00001
300.00001
300.00001
300.00001
300.00001
300.00001
300.00001
300.00001
300.00001
300.00001
300.00001
300.00001
300.00001
300.00001
300.00001
300.00001
300.00001
300.00001
300.00001
300.00001
300.00001
300.00001
300.00001
300.00001
300.00001
300.00001
300.00001
300.00001
300.00003
300.00006
300.00009
332.29409
309.11886
301.55913
300.15125
300.00416
299.99906
299.99987
300
300.00001
300.00001
300.00001
300.00001
300.00001
300.00001
300.00001
300.00001
300.00001
300.00001
300.00001
300.00001
300.00001
300.00001
300.00001
300.00001
300.00001
300.00001
300.00001
300.00001
300.00001
300.00001
300.00001
300.00001
300.00001
300.00001
300.00001
300.00001
300.00001
300.00003
300.00006
300.00009
332.29401
309.11885
301.55917
300.15127
300.00417
299.99906
299.99987
300
300.00001
300.00001
300.00001
300.00001
300.00001
300.00001
300.00001
300.00001
300.00001
300.00001
300.00001
300.00001
300.00001
300.00001
300.00001
300.00001
300.00001
300.00001
300.00001
300.00001
300.00001
300.00001
300.00001
300.00001
300.00001
300.00001
300.00001
300.00001
300.00001
300.00003
300.00006
300.00009
332.29394
309.11884
301.55921
300.1513
300.00417
299.99906
299.99987
300
300.00001
300.00001
300.00001
300.00001
300.00001
300.00001
300.00001
300.00001
300.00001
300.00001
300.00001
300.00001
300.00001
300.00001
300.00001
300.00001
300.00001
300.00001
300.00001
300.00001
300.00001
300.00001
300.00001
300.00001
300.00001
300.00001
300.00001
300.00001
300.00001
300.00003
300.00006
300.00009
332.29386
309.11884
301.55926
300.15133
300.00418
299.99906
299.99987
300
300.00001
300.00001
300.00001
300.00001
300.00001
300.00001
300.00001
300.00001
300.00001
300.00001
300.00001
300.00001
300.00001
300.00001
300.00001
300.00001
300.00001
300.00001
300.00001
300.00001
300.00001
300.00001
300.00001
300.00001
300.00001
300.00001
300.00001
300.00001
300.00001
300.00003
300.00006
300.00009
332.29378
309.11885
301.55931
300.15136
300.00419
299.99906
299.99987
300
300.00001
300.00001
300.00001
300.00001
300.00001
300.00001
300.00001
300.00001
300.00001
300.00001
300.00001
300.00001
300.00001
300.00001
300.00001
300.00001
300.00001
300.00001
300.00001
300.00001
300.00001
300.00001
300.00001
300.00001
300.00001
300.00001
300.00001
300.00001
300.00001
300.00002
300.00006
300.00009
332.29369
309.11887
301.55937
300.1514
300.0042
299.99907
299.99987
300
300.00001
300.00001
300.00001
300.00001
300.00001
300.00001
300.00001
300.00001
300.00001
300.00001
300.00001
300.00001
300.00001
300.00001
300.00001
300.00001
300.00001
300.00001
300.00001
300.00001
300.00001
300.00001
300.00001
300.00001
300.00001
300.00001
300.00001
300.00001
300.00001
300.00002
300.00006
300.00009
332.2936
309.11889
301.55943
300.15143
300.00421
299.99907
299.99987
300
300.00001
300.00001
300.00001
300.00001
300.00001
300.00001
300.00001
300.00001
300.00001
300.00001
300.00001
300.00001
300.00001
300.00001
300.00001
300.00001
300.00001
300.00001
300.00001
300.00001
300.00001
300.00001
300.00001
300.00001
300.00001
300.00001
300.00001
300.00001
300.00001
300.00002
300.00006
300.00009
332.29351
309.11893
301.55951
300.15147
300.00422
299.99907
299.99987
300
300.00001
300.00001
300.00001
300.00001
300.00001
300.00001
300.00001
300.00001
300.00001
300.00001
300.00001
300.00001
300.00001
300.00001
300.00001
300.00001
300.00001
300.00001
300.00001
300.00001
300.00001
300.00001
300.00001
300.00001
300.00001
300.00001
300.00001
300.00001
300.00001
300.00002
300.00006
300.00009
332.29342
309.11899
301.5596
300.15152
300.00423
299.99907
299.99987
300
300.00001
300.00001
300.00001
300.00001
300.00001
300.00001
300.00001
300.00001
300.00001
300.00001
300.00001
300.00001
300.00001
300.00001
300.00001
300.00001
300.00001
300.00001
300.00001
300.00001
300.00001
300.00001
300.00001
300.00001
300.00001
300.00001
300.00001
300.00001
300.00001
300.00002
300.00006
300.00009
332.29332
309.11906
301.55969
300.15156
300.00424
299.99907
299.99987
300
300.00001
300.00001
300.00001
300.00001
300.00001
300.00001
300.00001
300.00001
300.00001
300.00001
300.00001
300.00001
300.00001
300.00001
300.00001
300.00001
300.00001
300.00001
300.00001
300.00001
300.00001
300.00001
300.00001
300.00001
300.00001
300.00001
300.00001
300.00001
300.00001
300.00002
300.00006
300.00009
332.29322
309.11916
301.5598
300.15161
300.00425
299.99907
299.99987
300
300.00001
300.00001
300.00001
300.00001
300.00001
300.00001
300.00001
300.00001
300.00001
300.00001
300.00001
300.00001
300.00001
300.00001
300.00001
300.00001
300.00001
300.00001
300.00001
300.00001
300.00001
300.00001
300.00001
300.00001
300.00001
300.00001
300.00001
300.00001
300.00001
300.00002
300.00006
300.00009
332.29313
309.1193
301.55993
300.15167
300.00427
299.99907
299.99987
300
300
300
300
300
300
300
300
300
300
300
300
300
300
300
300
300
300
300
300
300
300
300
300.00001
300.00001
300.00001
300.00001
300.00001
300.00001
300.00001
300.00002
300.00006
300.00009
332.29305
309.11948
301.56008
300.15172
300.00428
299.99907
299.99987
300
300
300
300
300
300
300
300
300
300
300
300
300
300
300
300
300
300
300
300
300
300
300
300
300
300
300
300
300.00001
300.00001
300.00002
300.00006
300.00009
332.29299
309.11971
301.56025
300.15178
300.00429
299.99908
299.99987
300
300
300
300
300
300
300
300
300
300
300
300
300
300
300
300
300
300
300
300
300
300
300
300
300
300
300
300
300
300.00001
300.00002
300.00006
300.00009
332.29295
309.12002
301.56044
300.15185
300.00431
299.99908
299.99987
300
300
300
300
300
300
300
300
300
300
300
300
300
300
300
300
300
300
300
300
300
300
300
300
300
300
300
300
300
300.00001
300.00002
300.00006
300.00009
332.29295
309.12042
301.56068
300.15192
300.00432
299.99908
299.99987
300
300
300
300
300
300
300
300
300
300
300
300
300
300
300
300
300
300
300
300
300
300
300
300
300
300
300
300
300
300.00001
300.00002
300.00006
300.00009
332.29302
309.12096
301.56095
300.15199
300.00434
299.99908
299.99987
300
300
300
300
300
300
300
300
300
300
300
300
300
300
300
300
300
300
300
300
300
300
300
300
300
300
300
300
300
300.00001
300.00002
300.00005
300.00009
332.2932
309.12169
301.56128
300.15207
300.00435
299.99908
299.99987
300
300
300
300
300
300
300
300
300
300
300
300
300
300
300
300
300
300
300
300
300
300
300
300
300
300
300
300
300
300.00001
300.00002
300.00005
300.00009
332.29355
309.12267
301.56167
300.15215
300.00436
299.99908
299.99987
300
300
300
300
300
300
300
300
300
300
300
300
300
300
300
300
300
300
300
300
300
300
300
300
300
300
300
300
300
300.00001
300.00002
300.00005
300.00009
332.29416
309.12402
301.56216
300.15222
300.00437
299.99908
299.99987
299.99999
300
300
300
300
300
300
300
300
300
300
300
300
300
300
300
300
300
300
300
300
300
300
300
300
300
300
300
300
300.00001
300.00002
300.00005
300.00009
332.29521
309.12586
301.56275
300.1523
300.00437
299.99908
299.99986
299.99999
300
300
300
300
300
300
300
300
300
300
300
300
300
300
300
300
300
300
300
300
300
300
300
300
300
300
300
300
300.00001
300.00002
300.00005
300.00009
332.29712
309.12868
301.56354
300.15236
300.00437
299.99908
299.99986
299.99999
300
300
300
300
300
300
300
300
300
300
300
300
300
300
300
300
300
300
300
300
300
300
300
300
300
300
300
300
300
300.00002
300.00005
300.00008
332.29989
309.13169
301.56429
300.15241
300.00436
299.99908
299.99986
299.99999
300
300
300
300
300
300
300
300
300
300
300
300
300
300
300
300
300
300
300
300
300
300
300
300
300
300
300
300
300
300.00002
300.00005
300.00008
332.31015
309.14206
301.56641
300.15244
300.00431
299.99907
299.99986
299.99999
300
300
300
300
300
300
300
300
300
300
300
300
300
300
300
300
300
300
300
300
300
300
300
300
300
300
300
300
300
300.00002
300.00005
300.00008
)
;

boundaryField
{
    wall
    {
        type            fixedValue;
        value           uniform 350;
    }
    sides
    {
        type            zeroGradient;
    }
    frontAndBack
    {
        type            empty;
    }
    inlet
    {
        type            fixedValue;
        value           uniform 300;
    }
    outlet
    {
        type            zeroGradient;
    }
}


// ************************************************************************* //
