/*--------------------------------*- C++ -*----------------------------------*\
  =========                 |
  \\      /  F ield         | OpenFOAM: The Open Source CFD Toolbox
   \\    /   O peration     | Website:  https://openfoam.org
    \\  /    A nd           | Version:  10
     \\/     M anipulation  |
\*---------------------------------------------------------------------------*/
FoamFile
{
    format      ascii;
    class       volScalarField;
    location    "0.27";
    object      TporMedia;
}
// * * * * * * * * * * * * * * * * * * * * * * * * * * * * * * * * * * * * * //

dimensions      [0 0 0 1 0 0 0];

internalField   nonuniform List<scalar> 
4000
(
0.0003007799
0.00017151959
0.00017340657
0.00016245782
0.00016771115
0.00016544109
0.00017098081
0.00015430839
0.00016145184
0.00016868076
0.00017406606
0.00015273498
0.00016319014
0.00017279363
0.00016754334
0.00017152754
0.00017238717
0.00015893436
0.00016317509
0.00015987927
0.00017555028
0.00016717685
0.00015826729
0.00017362595
0.00015414791
0.00017754971
0.00016178031
0.00015801364
0.00017772223
0.00015731037
0.00017808012
0.00015708288
0.00016205671
0.00015960715
0.00016540566
0.00015154303
0.00015402432
0.00018149903
0.00016972289
0.00016322241
0.00019393457
1.0407975e-10
4.8172906e-11
4.6120562e-11
4.9778475e-11
5.889665e-11
4.7065874e-11
4.7539637e-11
4.8945832e-11
4.432679e-11
5.0652343e-11
3.8948118e-11
5.5444445e-11
4.7156231e-11
5.1694244e-11
5.3116e-11
4.6186265e-11
4.6683951e-11
5.2116852e-11
5.0810196e-11
5.5900516e-11
5.4644444e-11
4.808041e-11
5.072779e-11
4.5268234e-11
4.3385443e-11
5.1006046e-11
4.4582173e-11
6.0928911e-11
4.9739032e-11
5.1819701e-11
4.7233047e-11
4.536698e-11
4.6197605e-11
4.9678254e-11
5.3087832e-11
4.3957659e-11
5.1765507e-11
4.6877203e-11
4.9592165e-11
0.00023259482
5.9942393e-11
3.0562088e-17
1.1397582e-17
1.3850123e-17
1.7819831e-17
1.3512711e-17
1.3229088e-17
1.2097921e-17
1.4064398e-17
1.421713e-17
1.2157029e-17
1.3958266e-17
1.29388e-17
1.2860315e-17
1.7295107e-17
1.2027575e-17
1.3302304e-17
1.5429785e-17
1.6500989e-17
1.4162442e-17
1.4716597e-17
1.3955121e-17
1.3230683e-17
1.252424e-17
1.1584113e-17
1.2523574e-17
1.3985604e-17
1.9394184e-17
1.1831991e-17
1.4355648e-17
1.207976e-17
1.1792381e-17
1.4232293e-17
1.3887254e-17
1.3185286e-17
1.2283582e-17
1.3989494e-17
1.3357367e-17
1.3541051e-17
0.00032879541
9.124768e-11
2.5778004e-17
1.0516976e-23
3.4716943e-24
4.8052796e-24
4.1071527e-24
3.7896182e-24
4.1787742e-24
3.4294295e-24
3.9079927e-24
3.3549668e-24
4.2304459e-24
3.4974525e-24
3.5516207e-24
4.7590923e-24
3.1441921e-24
3.4908184e-24
4.5110219e-24
3.931596e-24
3.3820123e-24
3.730311e-24
3.93857e-24
3.634176e-24
3.3757482e-24
2.9877919e-24
3.3413379e-24
3.6615671e-24
5.2743257e-24
3.3620124e-24
3.9693695e-24
3.1652311e-24
3.9762682e-24
3.9798486e-24
3.2027251e-24
4.0706115e-24
3.1332808e-24
4.3381297e-24
4.1663383e-24
3.6529946e-24
-0.0022080356
-1.0956839e-09
-2.7032656e-16
-6.9840883e-23
-1.8919491e-29
1.3348518e-30
1.0013963e-30
9.3220955e-31
1.1834321e-30
9.5409072e-31
1.0951274e-30
3.923365e-30
1.0486898e-30
1.0302706e-30
1.0990883e-30
1.3863722e-30
7.1292454e-31
8.6192703e-31
7.6754461e-31
9.7147884e-31
8.8107041e-31
1.1628195e-30
1.2343571e-30
9.8255894e-31
9.3989817e-31
4.4205984e-31
9.2860764e-31
1.3109337e-30
1.6046129e-30
9.9690569e-31
1.2242193e-30
7.5340766e-31
1.0612221e-30
1.0754182e-30
9.4170747e-31
1.2317728e-30
8.7412731e-31
1.1941435e-30
1.1458402e-30
1.0088208e-30
-0.00018634333
1.9653142e-10
4.1870652e-17
1.0650969e-23
2.7498682e-30
6.735763e-37
2.9875741e-37
2.8518283e-37
3.4949237e-37
4.0617055e-37
-9.684898e-37
4.5300716e-36
-2.0226587e-36
2.5532177e-37
2.5696755e-37
5.6536958e-37
-1.9557692e-37
2.7214667e-37
6.47185e-35
3.8032003e-37
2.7309191e-37
3.2555379e-37
3.9146686e-37
3.3240435e-37
2.2498176e-37
-6.5348336e-36
1.1341469e-37
-1.0421759e-35
4.5226637e-37
2.9441222e-37
2.8015257e-37
8.2541472e-38
2.9268133e-37
2.6762736e-37
2.3406325e-37
3.9678653e-37
4.6967782e-37
4.4146721e-37
7.1479838e-37
2.905982e-37
-8.231676e-05
1.342038e-11
3.9359611e-18
8.9826256e-25
2.1881795e-31
5.7402115e-38
4.6064555e-44
1.2247156e-43
-2.3800101e-45
5.8042353e-43
-3.6840429e-42
9.1631712e-42
-3.2274895e-42
-4.948348e-44
-1.4500769e-43
9.9086345e-43
-2.9563077e-42
7.1810581e-44
6.9070195e-41
2.8773899e-43
2.6709213e-43
1.9579272e-43
1.326122e-42
3.4411989e-43
3.965595e-44
-7.35698e-41
3.9416518e-42
-2.8248337e-41
3.6843613e-44
1.1558914e-43
4.3977721e-45
1.5319344e-42
1.0802869e-43
8.5500581e-44
6.8286658e-44
1.3453098e-43
8.3924061e-43
5.2016764e-43
1.0436922e-41
7.7511716e-44
-4.9555029e-05
3.5666476e-12
1.5637405e-18
2.5692685e-25
5.935377e-32
1.7784951e-38
4.8985813e-45
2.8023541e-49
-6.9565434e-49
6.8981479e-48
4.5091713e-47
1.8957631e-47
-1.5053437e-47
-2.8059739e-49
-2.0959355e-48
-1.5319457e-48
-1.0114611e-47
5.0775392e-50
3.8597591e-46
3.5239254e-49
5.7152891e-49
6.6655471e-49
3.4056014e-48
5.9714281e-49
1.1755575e-49
-2.4667095e-46
2.3941775e-47
-1.1368738e-46
-2.288346e-49
2.6418661e-49
4.2463471e-49
2.5363579e-48
1.2552907e-49
3.2966881e-50
2.5839474e-50
6.4011826e-49
7.5197251e-49
1.5256505e-48
4.5524686e-47
2.3489954e-50
-3.2494164e-05
1.31651e-12
-6.470439e-19
-9.1052608e-26
-1.9555562e-32
-5.3381187e-39
-1.4264803e-45
-4.2552702e-52
-1.2780552e-54
1.4176436e-52
1.1846347e-52
1.5654433e-52
-6.1246929e-53
8.720152e-54
-1.2787255e-53
-8.2620674e-54
-1.9581483e-53
-2.1630462e-55
1.8235042e-51
-7.9008199e-54
1.6867851e-54
3.5269064e-54
1.0458157e-53
1.0656246e-54
6.6017558e-55
-1.6752518e-51
2.99854e-52
-4.001126e-51
1.8791714e-54
-6.1172532e-55
1.3853002e-54
4.285552e-54
2.9493763e-55
4.2031529e-56
3.4718193e-56
-2.3024028e-54
3.9532666e-54
-1.4644036e-53
7.7145877e-53
6.0475262e-57
-2.3170333e-05
5.7414832e-13
-6.0356225e-20
-8.2636477e-27
-1.3952998e-33
-3.2841119e-40
-9.9406424e-47
-2.9197641e-53
-2.6419397e-59
3.0850668e-57
1.7629296e-58
4.707058e-58
-9.4690632e-59
-1.3685625e-58
-2.0222096e-58
4.0657835e-59
-4.5394318e-59
-1.9370059e-60
7.6217433e-57
1.8105579e-59
3.7015093e-60
5.3681753e-60
-9.8381276e-60
-6.0902984e-60
3.7332256e-60
-2.6548896e-57
-5.1860286e-58
-1.9601104e-56
1.2571068e-59
-2.3964244e-60
4.5477568e-60
2.9485106e-59
-2.445414e-60
5.5457922e-60
1.7982053e-61
-4.1979103e-60
1.5522993e-59
-1.9485268e-58
1.6617133e-58
1.7092022e-63
-1.7284352e-05
2.9048006e-13
-1.4089374e-20
-1.9638854e-27
-2.7668532e-34
-6.1785607e-41
-1.7324522e-47
-4.7223705e-54
-1.4791436e-60
1.0750494e-62
2.0682808e-63
3.0475907e-63
-2.8588364e-64
-2.2120367e-64
-4.7206971e-64
4.6147859e-65
-7.9133861e-65
2.5838089e-65
9.6965818e-63
7.8926763e-65
3.760726e-65
-2.0787231e-65
-7.4048676e-65
-3.0948388e-65
1.7503809e-65
-7.3467501e-63
5.7333075e-63
-1.0004586e-61
2.8414837e-65
-9.5252587e-66
5.304544e-66
1.5609566e-64
-4.1847787e-66
4.6156088e-65
-1.5567997e-66
-4.9451994e-66
1.1366999e-64
-4.011219e-64
-3.6164103e-63
-5.0711803e-70
-1.3330193e-05
1.5764854e-13
-4.3451677e-21
-8.2185635e-28
-8.5368798e-35
-1.6456949e-41
-4.1093821e-48
-1.3653277e-54
-3.9116504e-61
-5.6865692e-68
-8.0569588e-69
9.9627625e-69
-2.5528047e-69
-5.8493356e-70
-4.9691883e-70
9.9692808e-71
-1.3961551e-70
1.2450949e-70
5.1839214e-68
1.7720534e-70
9.3054074e-71
-6.7754536e-71
-5.0034997e-70
-1.4324581e-70
2.7694337e-71
-4.6693271e-68
2.8038927e-68
-8.4012919e-67
4.4429425e-71
1.0814063e-70
6.8644715e-72
7.7822347e-70
-2.265115e-71
1.2886714e-70
-6.4933451e-72
-1.8849253e-71
-7.9554701e-70
-9.8583738e-70
-1.1961521e-68
-3.4544674e-75
-1.0340699e-05
8.9708229e-14
-1.5521897e-21
-8.5057433e-28
-7.0200327e-35
-1.147798e-41
-3.2869517e-48
-8.1027965e-55
-1.9673019e-61
-6.1901568e-68
-5.0094676e-74
1.0215128e-73
-4.5737004e-75
-1.793552e-75
-5.2387927e-76
1.4799966e-75
1.7403871e-76
1.0515442e-75
2.8710229e-73
3.0422886e-76
-8.8634025e-76
-9.9987872e-77
8.6502187e-75
-6.6422014e-76
5.6624838e-77
-1.3635178e-73
-1.1214825e-73
3.865621e-72
4.0695752e-75
1.8274711e-75
1.9344645e-77
-1.4084669e-74
-5.2342672e-77
-7.1307328e-75
-2.8269909e-77
-3.6637692e-77
9.3669926e-75
-3.5086155e-74
4.2358635e-74
1.2650638e-80
-8.1699166e-06
5.3716816e-14
-6.2608799e-22
1.4856504e-28
9.917887e-36
1.3652566e-42
3.1545226e-49
8.3704295e-56
2.1663404e-62
5.0545019e-69
1.3960962e-75
2.8000552e-79
-1.6565184e-80
-3.5574207e-81
-9.6760592e-82
-1.3466131e-80
3.5036255e-82
2.2100964e-81
1.1386417e-78
6.6006166e-82
-7.1898542e-81
-2.4007606e-81
2.2680205e-79
-3.594817e-81
1.4800111e-82
-1.4025284e-79
-2.6087343e-79
-8.4273418e-78
6.1779699e-81
4.4230472e-81
7.0320211e-83
-6.1757145e-80
-2.937971e-82
-1.1541364e-80
-1.1161723e-82
-7.5512771e-83
5.7254925e-79
-7.7773189e-80
5.5878333e-79
1.8700112e-85
-6.5118398e-06
3.2956239e-14
-2.6876348e-22
1.8099166e-29
1.0148339e-36
9.8867231e-44
2.4741967e-50
6.1437432e-57
1.6176113e-63
3.9377424e-70
1.0322638e-76
2.2932121e-83
-2.9100968e-86
-6.117114e-87
2.0051154e-84
8.243767e-86
-6.2572341e-88
3.0924341e-87
2.4739003e-84
3.187996e-87
-1.2710307e-86
4.2299727e-86
-1.8762222e-84
-1.1772773e-86
3.5864727e-88
-2.3710013e-85
3.8605107e-85
-1.421385e-83
1.8508755e-86
5.3181841e-86
2.8876592e-88
-1.0560298e-85
3.0013881e-87
-2.7655789e-86
1.933993e-87
-1.2218034e-88
1.0807798e-84
-3.0599559e-85
-1.047958e-84
-2.7613651e-91
-5.2040346e-06
2.0682739e-14
-1.2189853e-22
3.9086713e-30
1.9261915e-37
1.4667771e-44
2.9044708e-51
8.6763014e-58
2.1560877e-64
5.789808e-71
1.6508266e-77
4.7298436e-84
1.6062193e-90
-4.6044227e-92
7.406953e-90
8.1948917e-91
-1.1599676e-93
3.6688847e-93
3.499529e-90
-3.5270535e-92
-1.9401605e-92
8.7710732e-92
-5.4386443e-90
-1.6231313e-92
5.7223641e-94
-4.7048252e-91
1.4757334e-90
-8.8065698e-89
2.1325504e-91
2.2129833e-91
3.5687815e-94
-1.512697e-91
7.8844761e-93
-1.4000655e-91
1.0212784e-92
-2.8239264e-94
1.8292249e-90
-4.9928283e-91
5.4759116e-90
1.8726705e-96
-4.2183523e-06
1.3269818e-14
-5.7994348e-23
1.083494e-30
5.1128902e-38
3.023939e-45
5.2035361e-52
1.5217341e-58
3.7867116e-65
8.9663553e-72
2.3915247e-78
5.9797295e-85
1.7337724e-91
3.8836821e-95
-4.2847083e-95
1.1511466e-96
-1.3105846e-99
5.827815e-99
6.2668037e-96
-2.5794005e-97
-9.7357744e-98
8.1093427e-97
-3.666383e-95
-3.021505e-98
2.0430725e-99
-1.0226691e-96
3.168745e-96
-4.9351716e-94
4.262075e-97
6.6587155e-97
6.2239235e-100
-2.4740056e-97
1.5356654e-98
-3.1751284e-97
9.5802142e-98
-8.9660573e-100
7.9439067e-96
-1.0273642e-96
4.520358e-95
1.3394383e-101
-3.4377686e-06
8.6937211e-15
-2.9001176e-23
3.4217657e-31
1.6432493e-38
7.5533813e-46
1.0168935e-52
2.7090424e-59
8.386684e-66
2.2339365e-72
5.7814756e-79
8.2253511e-86
-1.4494089e-91
1.1771208e-96
-1.0848702e-100
1.6675653e-102
-3.7179108e-105
1.6902534e-104
1.4303301e-101
-9.2233265e-103
-4.3393713e-103
1.8258704e-102
-4.633892e-100
-1.0729718e-103
4.0834045e-105
4.456186e-102
1.4238553e-101
-1.0242145e-99
-2.213015e-102
1.2405948e-100
7.7064815e-105
-1.6313829e-102
2.4612112e-104
-4.2210266e-103
2.0714073e-103
-5.72581e-105
2.3026064e-101
-1.0535908e-101
-1.5856805e-100
-5.1095518e-107
-2.8215041e-06
5.7753271e-15
-1.493571e-23
1.1862059e-31
6.6178903e-39
2.4063965e-46
2.5374924e-53
6.3794039e-60
2.0521334e-66
5.3996683e-73
1.6444403e-79
4.2586622e-86
1.2459943e-92
4.812302e-99
3.4145112e-105
3.4837097e-108
-4.8248051e-111
2.4850191e-110
3.9780134e-107
-1.4337601e-108
-1.1159326e-108
3.882819e-108
-1.127314e-105
-1.6387064e-109
7.3252044e-111
-6.3352491e-107
4.24234e-107
-2.1406e-105
-6.1628927e-108
1.7317943e-106
1.6700063e-110
-6.3005233e-108
4.2730692e-110
-1.6223747e-108
3.8815632e-109
-1.451517e-110
1.6827564e-106
-1.8451834e-107
2.0104963e-106
3.5734221e-113
-2.338158e-06
3.9033832e-15
-7.93256e-24
4.4134722e-32
4.1008541e-39
1.2440034e-46
9.8382919e-54
2.2663593e-60
7.1718425e-67
1.8808494e-73
5.0583242e-80
1.2268014e-86
3.5152511e-93
1.1724987e-99
3.5660084e-105
-2.1390784e-110
-1.9311783e-115
3.9252706e-116
7.2520507e-113
-4.8967577e-114
-3.3271114e-113
4.809178e-114
-4.3431658e-111
-6.1381511e-115
1.0944768e-116
-1.7827185e-112
7.3689587e-113
-1.3077438e-110
-2.1077756e-113
3.0913513e-112
-8.1157134e-116
-1.8015548e-113
5.0169664e-114
-2.2170076e-114
5.0684868e-115
-2.9939444e-116
-3.2053053e-112
-5.1346548e-113
-1.9614303e-111
-6.4439929e-118
-1.9479905e-06
2.6727723e-15
-4.3152268e-24
1.7496243e-32
-3.7189273e-38
-9.4013361e-46
-5.5968202e-53
-1.2771444e-59
-3.7374375e-66
-1.2686186e-72
-3.7242791e-79
-1.1456252e-85
-2.654665e-92
-7.1886096e-99
-1.9969696e-105
-5.4965277e-112
-1.2718742e-118
5.0791498e-121
6.2361092e-118
-2.0752131e-119
-6.2729766e-119
9.4672301e-119
-1.9894976e-116
1.0246107e-119
9.4798315e-122
2.9493848e-117
1.1974534e-118
-2.5666182e-116
-4.6047538e-119
-4.554271e-117
-2.9649532e-121
-6.2087317e-119
1.5812525e-119
-1.029451e-119
1.487785e-120
-2.8092697e-121
-4.0432551e-118
3.8906201e-117
-1.0821438e-116
-2.9781896e-123
-1.6329673e-06
1.8546574e-15
-2.4057233e-24
7.2398188e-33
-3.7510101e-40
-8.1429232e-48
-3.7468317e-55
-7.6332131e-62
-2.3858567e-68
-7.6696999e-75
-2.2757298e-81
-6.1193061e-88
-1.8918053e-94
-5.1831259e-101
-1.3214808e-107
-5.6763072e-114
-8.7759057e-119
1.7263271e-123
-5.2712916e-123
-2.1235851e-125
1.5103326e-124
-1.7654055e-122
-7.7597716e-122
-3.9854801e-124
6.4243137e-130
-6.1615892e-122
1.3342592e-124
-3.3812147e-120
-3.7781349e-124
-1.776104e-120
3.3913885e-125
-1.4159599e-124
5.069134e-125
-7.2939945e-125
1.0031104e-125
1.4285506e-125
-6.4439107e-124
-1.3292484e-122
1.6133852e-122
3.6066323e-129
-1.3746637e-06
1.300136e-15
-1.3687281e-24
3.125353e-33
-6.9707254e-41
-1.3118412e-48
-4.7174551e-56
-7.1188693e-63
-2.4264018e-69
-8.7401908e-76
-2.6139515e-82
-7.4248029e-89
-2.2688244e-95
-6.7112555e-102
-2.0302228e-108
-2.5859333e-114
-2.2387924e-118
4.4693991e-124
-4.3070037e-126
-1.9393573e-130
6.2927564e-129
1.6212821e-127
-1.6271048e-127
4.9810472e-129
-7.4726429e-133
-2.3519441e-127
2.6281484e-129
2.9907966e-125
6.815267e-130
-4.0585421e-126
3.8885655e-130
-4.7021538e-130
1.1247214e-130
-1.0662515e-128
2.3958633e-131
1.2437525e-130
1.4257739e-128
-5.5974977e-128
-1.1602463e-127
-3.0955973e-134
-1.1655189e-06
9.2346958e-16
-7.9587091e-25
1.4039621e-33
-1.7138822e-41
-2.949624e-49
-8.3271867e-57
-1.0162325e-63
-3.8704134e-70
-1.16647e-76
-3.3931197e-83
-1.0672805e-89
-3.4960805e-96
-1.1059513e-102
-3.0983307e-109
-1.3598142e-115
6.2719254e-122
-1.5687019e-127
2.1500256e-131
8.3353727e-135
4.6514179e-134
-2.1240602e-133
-1.1383623e-132
-8.6041455e-135
4.889961e-137
2.2363288e-132
6.0060122e-135
9.4431571e-131
3.349533e-135
-5.9079087e-132
4.7739537e-135
2.8436812e-135
-1.32926e-135
-1.6183901e-134
5.083182e-137
5.1491133e-135
-4.7329669e-134
-6.3356684e-133
-3.1122067e-133
-1.154635e-139
-9.926166e-07
6.6320165e-16
-4.7134636e-25
6.5089834e-34
-4.9895318e-42
-8.0223632e-50
-1.8318081e-57
-1.6550448e-64
-5.8151606e-71
-2.3341808e-77
-7.930071e-84
-2.7118368e-90
-9.1215615e-97
-2.9973336e-103
-9.9767265e-110
-1.958534e-116
9.180536e-122
-1.0669146e-126
2.1131596e-132
-4.7124628e-138
3.6457082e-139
4.2605425e-139
-3.0639846e-138
-9.1807202e-140
-2.5811856e-143
5.3620627e-138
-4.443223e-140
5.1149394e-136
1.3756393e-140
1.0046594e-137
6.4896242e-140
7.5968851e-140
2.5666106e-140
1.0113224e-139
7.2969923e-142
-1.6337334e-140
-9.5408535e-140
8.7212117e-139
-6.1494323e-138
0
-8.4981638e-07
4.8080394e-16
-2.8400761e-25
3.113964e-34
-1.5900618e-42
-2.5336894e-50
-4.7102835e-58
-3.1291695e-65
-1.0973865e-71
-4.2614387e-78
-1.3571231e-84
-3.6057161e-91
-9.4140632e-98
-2.7992427e-104
-8.932799e-111
-4.0101379e-117
1.7154268e-123
-7.2315079e-129
8.3699876e-134
2.0484453e-139
-2.291375e-143
-5.8271048e-145
5.9643533e-143
3.8885407e-145
-1.8294295e-148
-3.6837492e-143
-2.1745679e-145
-9.357633e-142
3.0383175e-146
-4.4144973e-143
-6.9287179e-146
7.6030109e-145
1.4119401e-145
9.6566522e-145
-6.027084e-147
-1.0905792e-145
3.6585082e-145
-1.1524746e-143
6.199616e-142
1.9551593e-148
-7.3002287e-07
3.5151596e-16
-1.7372645e-25
1.5285056e-34
-5.510292e-43
-9.2586678e-51
-1.4226566e-58
-7.3823688e-66
-2.4715099e-72
-9.4868732e-79
-3.1826704e-85
-8.4284379e-92
-2.7397233e-98
-7.3930269e-105
-2.2286265e-111
-5.4256207e-118
-4.2105311e-124
2.8687279e-130
-8.8909778e-136
-4.2195935e-141
6.1620668e-147
1.6986569e-150
-2.5481563e-149
-5.8396635e-150
-1.5208023e-154
1.0973761e-148
9.2353021e-151
2.136138e-146
2.6797818e-151
5.4618535e-148
7.0730731e-150
-7.3016879e-151
-2.5534135e-151
3.0396027e-149
2.5189817e-152
-3.9480688e-151
-1.1843211e-150
1.1419334e-148
-1.78118e-147
-4.8479215e-154
-6.28491e-07
2.587723e-16
-1.0763108e-25
7.6816287e-35
-2.0094471e-43
-3.8504535e-51
-4.9194343e-59
-1.9196304e-66
-3.8654445e-73
-1.2803457e-79
-3.9023114e-86
-1.2743944e-92
-3.3916094e-99
-9.3172145e-106
-2.5636286e-112
-2.0216772e-118
7.4580435e-123
-1.5660325e-128
8.0110733e-134
-4.3260651e-139
3.1835943e-144
-9.223197e-150
1.0738466e-154
6.069008e-155
-8.0019315e-160
-1.9461867e-154
-1.7393287e-156
-3.3089325e-152
-3.6963945e-156
-1.6923223e-153
-2.1748805e-155
2.6464644e-156
6.3959631e-156
-9.0683544e-155
3.5101362e-157
1.9546875e-156
3.5714533e-155
-1.4304951e-153
-1.2298269e-152
-4.054312e-159
-5.4335305e-07
1.9191752e-16
-6.754684e-26
3.9429357e-35
-7.6839573e-44
-2.1321825e-51
-2.3343213e-59
-7.1967704e-67
-1.3107033e-73
-7.0966684e-80
-2.4215202e-86
-7.2022951e-93
-2.359197e-99
-6.981372e-106
-2.2076158e-112
-8.7548315e-119
9.2203284e-125
-3.0712487e-130
7.6394979e-136
-4.1814532e-140
6.6647886e-146
-9.2752406e-152
-4.830077e-157
-1.2960919e-159
1.2040395e-165
1.2433237e-159
5.7129591e-161
-2.0430595e-156
9.1688798e-162
3.9925756e-159
4.6949233e-161
-1.4765245e-161
7.796991e-161
5.7424873e-160
-9.390385e-163
1.5169576e-161
6.2592328e-158
1.3824271e-159
-6.3696518e-158
-2.0621297e-164
-4.7105444e-07
1.4331231e-16
-4.2889681e-26
2.0654655e-35
-3.0682202e-44
-2.5574334e-51
-2.439796e-59
-5.8827477e-67
-7.5041659e-74
-3.1457256e-80
-1.2858137e-86
-3.9441488e-93
-1.330319e-99
-4.2192916e-106
-1.3347478e-112
-4.4025275e-119
-3.2591847e-126
-1.8376958e-131
5.0348973e-137
-1.2007994e-142
-2.6657117e-147
7.7782359e-153
-2.3315194e-158
2.4828361e-163
-5.5634083e-169
-6.9980461e-165
-2.3864401e-166
2.0938262e-162
-1.5020685e-166
-4.6145897e-165
9.7545178e-167
1.3709949e-166
-1.0986395e-166
-1.1356952e-165
2.1649249e-167
-5.9724311e-167
-1.7374964e-163
-6.4105202e-165
-2.1960593e-163
-7.4523794e-170
-4.0944955e-07
1.0763963e-16
-2.7520611e-26
1.1005835e-35
-1.2684815e-44
5.2646098e-52
4.4367634e-60
8.3976978e-68
8.3520088e-75
3.2109702e-81
1.3032811e-87
3.4632179e-94
1.0131069e-100
2.6163769e-107
7.734622e-114
2.52695e-120
6.459761e-127
2.0122751e-133
-1.4062952e-140
4.9317426e-145
2.6417163e-150
-4.1087962e-156
7.2320517e-161
8.0127777e-166
8.3942149e-171
2.7512093e-170
2.3793746e-171
5.7657865e-168
6.5055627e-172
7.7796701e-170
-3.7438603e-172
-3.2322307e-171
9.0608394e-172
1.0241846e-171
-4.9217149e-173
4.2933519e-172
-1.1156838e-168
5.0200182e-170
1.4425708e-169
2.171627e-176
-3.5669694e-07
8.1286975e-17
-1.7824798e-26
5.9613146e-36
-5.4062882e-45
7.2542533e-53
5.4855781e-61
8.3688099e-69
6.2747247e-76
3.0537045e-82
1.5923935e-88
5.4607794e-95
1.7817253e-101
4.8444832e-108
1.4163933e-114
4.7638039e-121
1.3386216e-127
4.7010079e-134
3.5627688e-141
2.8214796e-146
2.3948415e-151
-2.2679633e-156
2.0070163e-162
-2.6027209e-167
4.7630813e-173
-5.8993061e-176
-3.4509464e-177
-6.8931255e-174
-2.0897213e-176
-9.7494272e-176
-2.3109173e-177
1.2204474e-176
-8.5545942e-178
3.4761315e-176
3.8794344e-178
-3.5292358e-178
4.9277194e-174
3.5544776e-175
-8.1582198e-175
-2.6735049e-181
-3.1154769e-07
6.1714286e-17
-1.1653538e-26
3.2782563e-36
-2.3693288e-45
1.6689131e-53
1.1605954e-61
1.4622462e-69
8.3445656e-77
4.1654278e-83
1.7041331e-89
4.5463351e-96
1.2938918e-102
3.3300505e-109
1.0606371e-115
3.4416605e-122
9.9813038e-129
2.9395962e-135
1.6378984e-141
-7.0327081e-148
1.6799188e-151
-3.0353061e-157
-1.4231688e-162
1.135655e-168
-1.356834e-173
2.7847683e-179
-1.3962209e-182
9.8086093e-180
1.4507654e-181
-4.702854e-180
7.9433682e-183
-2.4592469e-181
1.1778836e-182
-6.0738049e-182
-6.8171075e-184
-6.45445e-183
2.2413812e-179
-2.016165e-181
-4.1560636e-180
-1.368194e-186
-2.7271509e-07
4.7081235e-17
-7.6815014e-27
1.827245e-36
-1.0638301e-45
4.6107489e-54
3.0296499e-62
3.1515383e-70
1.3381034e-77
5.6805014e-84
2.3579863e-90
9.1137077e-97
2.7175884e-103
7.790423e-110
2.244844e-116
6.0716316e-123
1.7981108e-129
7.203524e-136
-1.8338223e-142
1.769929e-147
-5.6291063e-153
2.6209675e-158
-7.3904481e-164
1.5262529e-169
-8.7688374e-175
2.3713373e-180
-1.4732923e-185
4.1735038e-185
-2.4083864e-187
4.8505992e-185
-8.0119399e-188
-1.4172544e-186
-2.4644215e-188
1.011426e-186
-3.6556195e-189
2.1483066e-188
-1.2129035e-184
-6.5678532e-187
1.922739e-186
1.9178332e-193
-2.3917987e-07
3.6080656e-17
-5.1032599e-27
1.0318774e-36
-4.885907e-46
1.4220639e-54
9.0929155e-63
8.0140724e-71
2.6382913e-78
6.2579793e-85
2.9308612e-91
9.4592656e-98
2.5817985e-104
9.3141665e-111
2.5720303e-117
9.4201657e-124
3.5152249e-130
3.1924372e-137
3.8181963e-142
-8.9621828e-148
1.5906662e-153
-1.1449006e-158
8.0682614e-164
-2.4947894e-169
-2.8827719e-174
2.2488935e-180
-2.4212235e-185
2.2595254e-190
-8.8876622e-193
-2.2417884e-190
1.8535531e-193
1.4388118e-192
-5.4748892e-193
-1.5278413e-192
1.1978018e-194
-4.4212371e-194
-3.9690764e-189
1.0691626e-192
-6.3773475e-192
-2.4168773e-198
-2.1021611e-07
2.7772812e-17
-3.415847e-27
5.8975356e-37
-2.2914312e-46
4.7123459e-55
3.0273261e-63
2.2638737e-71
5.7990368e-79
1.1986823e-85
6.216266e-92
1.9451132e-98
5.2110217e-105
1.5493657e-111
5.3518085e-118
1.5540696e-124
5.0936622e-131
1.6066412e-137
4.6010959e-144
3.6233039e-150
-4.8027771e-156
3.7828141e-161
-3.2102677e-167
1.0085825e-172
1.5949904e-177
-1.9533358e-183
2.1091781e-189
-8.0171139e-194
2.0342136e-198
3.6063823e-195
-4.6291162e-199
3.4064903e-198
5.1642647e-197
1.8800935e-197
-5.8570128e-200
-8.8616641e-200
7.8204321e-195
-5.6616984e-198
5.8768043e-198
1.4701613e-204
-1.8505431e-07
2.1458257e-17
-2.301664e-27
3.4077266e-37
-1.0949986e-46
1.6492033e-55
1.1210803e-63
7.2074049e-72
1.4715315e-79
2.3072521e-86
1.2859126e-92
5.1765922e-99
1.6259924e-105
5.9929317e-112
1.9209759e-118
6.5344077e-125
2.2322332e-131
6.2244331e-138
2.6069851e-144
-8.5083262e-149
5.1068949e-154
-2.0971483e-159
1.9773362e-164
-8.3613027e-170
1.2364498e-175
-3.3299895e-181
6.9567219e-187
-9.8573388e-193
7.4202796e-198
1.0303141e-200
2.5067398e-204
-6.9230639e-204
5.8112046e-202
-3.2915475e-203
3.1727788e-205
6.155249e-206
7.3606733e-200
2.468516e-203
-7.4119955e-204
-2.3169553e-210
-1.6320689e-07
1.664398e-17
-1.5609692e-27
1.9893966e-37
-5.3214945e-47
6.0397242e-56
4.6866733e-64
2.629409e-72
4.315512e-80
4.6752395e-87
4.241066e-93
1.858646e-99
6.4473208e-106
2.0296356e-112
6.3599045e-119
1.6281665e-125
4.8734525e-132
1.4476902e-138
3.2644561e-145
6.3438432e-151
2.1232725e-156
-3.6641806e-162
3.4568043e-167
-2.2442284e-173
1.0413631e-178
-3.1767149e-184
3.6486263e-190
-6.5219108e-196
7.4462422e-202
-7.8436186e-207
-2.7831312e-210
1.1091823e-209
-3.2692986e-207
2.6956791e-209
-7.6360833e-211
9.251491e-211
-5.8730675e-205
-5.3491964e-209
1.0790366e-209
5.0877935e-216
-1.4418963e-07
1.2958144e-17
-1.0653529e-27
1.1732843e-37
-2.6295762e-47
2.2957554e-56
2.3353859e-64
1.1556369e-72
1.5384483e-80
1.2464134e-87
1.3504902e-93
6.2766209e-100
1.889769e-106
5.4975263e-113
1.6148595e-119
4.8733854e-126
1.3300228e-132
4.0724481e-139
1.201556e-145
3.2620226e-152
4.1220657e-158
-2.31091e-164
9.3572138e-170
3.930881e-174
-6.5399676e-180
-6.8708117e-185
-2.4099001e-190
-1.0998931e-195
1.7322365e-201
-5.919056e-207
-2.1329905e-212
2.619485e-214
-1.8023245e-212
-1.1246102e-214
3.2778691e-216
8.8099149e-216
-1.2193423e-209
3.1727888e-215
-6.5716771e-216
-6.0516145e-223
-1.2757656e-07
1.0123189e-17
-7.3132712e-28
6.9830376e-38
-1.3188296e-47
9.0099082e-57
1.6889935e-64
7.5029445e-73
8.214966e-81
4.8447067e-88
2.7334491e-94
1.1987626e-100
4.663197e-107
1.2396457e-113
3.0348029e-120
8.8460065e-127
2.3146133e-133
7.9684509e-140
-8.2514994e-147
3.2001699e-152
-2.4597401e-157
6.3014679e-163
3.1000358e-168
-4.4259377e-174
5.8212846e-180
-1.9019007e-185
3.3314459e-191
-9.3176754e-197
7.0342889e-202
-2.6561945e-207
5.1067154e-213
-2.5359333e-217
4.3529967e-218
1.797934e-220
-1.3732072e-220
-2.803122e-219
1.1484118e-214
-1.3175229e-220
6.1739337e-222
2.4940128e-228
-1.1305507e-07
7.9350325e-18
-5.0481857e-28
4.1930874e-38
-6.7084707e-48
3.6391112e-57
-3.098016e-64
-1.2460119e-72
-1.1301953e-80
-5.1468402e-88
-2.2306445e-94
-1.1762263e-100
-3.4670838e-107
-1.0886463e-113
-2.9956911e-120
-8.5528918e-127
-2.4654466e-133
-8.7602875e-140
-2.7274867e-146
-7.1072447e-153
-3.050019e-159
3.1386607e-165
-4.5287109e-171
3.2119397e-176
-1.3125392e-181
6.5132574e-187
-1.0230317e-192
-3.4587139e-198
2.0032094e-203
5.6101365e-208
-5.8775205e-214
1.1067437e-219
-7.5466262e-224
-5.6657118e-226
6.6383839e-226
1.6477692e-225
-2.2248763e-220
8.2974363e-226
-5.0682607e-228
-1.022155e-234
-1.0031641e-07
6.2372781e-18
-3.5019542e-28
2.5377598e-38
-3.4563214e-48
1.5064032e-57
-1.526487e-65
-5.6527294e-74
-4.2953418e-82
-1.5171193e-89
-5.3171443e-96
-3.0136082e-102
-1.1558836e-108
-3.1495352e-115
-1.1975277e-121
-3.7128373e-128
-1.2929103e-134
-4.1635255e-141
-1.1915842e-147
5.7083488e-155
-7.626516e-160
3.9854728e-164
-1.2632938e-169
3.0684318e-174
-2.4397272e-179
2.5652267e-185
-1.4251505e-190
1.1546043e-196
2.5774483e-201
5.0911621e-206
-4.0491353e-212
1.9012142e-217
-4.6834252e-223
-7.6633361e-228
-6.0328998e-232
-2.3392168e-231
6.9860897e-226
-8.5546507e-232
1.5005818e-233
4.6865525e-240
-8.9147698e-08
4.9188789e-18
-2.4422406e-28
1.5485283e-38
-1.8037529e-48
6.384497e-58
-2.9968883e-66
-1.0355613e-74
-6.6775159e-83
-1.8412089e-90
-5.4959837e-97
-4.2981979e-103
-1.5069039e-109
-4.4736282e-116
-1.5366021e-122
-4.6106854e-129
-1.4138505e-135
-4.4186192e-142
-1.2434827e-148
-9.7755602e-155
1.2258194e-160
-1.7529368e-166
2.3228512e-172
3.9430808e-177
-7.4328114e-182
2.978704e-187
-1.0876086e-192
1.5922442e-198
-3.1795255e-204
8.45206e-210
-2.5449237e-215
5.0259469e-221
-2.2988202e-226
-1.5892937e-231
-7.5089819e-238
-3.5105377e-236
-4.9406479e-231
-1.1594456e-236
-2.5994842e-239
-6.8650672e-246
-7.930889e-08
3.8887914e-18
-1.7106309e-28
9.5162617e-39
-9.5205362e-49
2.7613624e-58
-7.6920168e-67
-2.5364638e-75
-1.4054753e-83
-3.0396154e-91
-5.3504315e-98
-5.1490722e-104
-2.0855091e-110
-5.8308187e-117
-1.7716249e-123
-4.6760648e-130
-1.3007578e-136
-3.9422214e-143
-1.1814522e-149
-7.3239537e-156
2.2619176e-162
-1.0235325e-167
2.5454761e-173
-9.2704957e-179
6.6506978e-184
-1.2191426e-189
7.1333089e-195
-1.0230432e-199
2.2576509e-204
4.6164836e-209
-7.9251922e-215
-1.1441584e-219
-4.6060834e-225
6.9649111e-231
3.1759987e-236
-3.1973354e-241
-1.2859414e-236
1.7040012e-241
-3.7820945e-244
-8.8385017e-251
-7.0639445e-08
3.0827106e-18
-1.2036212e-28
5.8894869e-39
-5.0806602e-49
1.2178714e-58
-2.2378991e-67
-7.1723857e-76
-3.427174e-84
-6.01719e-92
-8.619148e-99
-5.6720482e-105
-2.199441e-111
-6.2270136e-118
-1.9471779e-124
-5.4126623e-131
-1.5744364e-137
-4.1622367e-144
-1.5629389e-150
-4.0036954e-157
-1.9846841e-163
4.7341866e-169
-5.2568392e-174
-1.1297257e-179
3.2026145e-185
-2.8293844e-190
2.6065573e-195
3.3998501e-200
-7.0765092e-206
3.6251361e-211
-4.1417443e-216
2.2002078e-221
6.4351609e-226
5.2610689e-231
2.2944386e-236
-1.1416833e-241
1.4740419e-242
-3.7389699e-247
-9.4942711e-250
-2.7264341e-256
-6.2989379e-08
2.4496387e-18
-8.5042581e-29
3.6690158e-39
-2.7392803e-49
5.4650798e-59
-7.0705208e-68
-2.2588291e-76
-9.4431781e-85
-1.3361951e-92
-1.4388726e-99
-1.0660947e-105
-4.1237666e-112
-1.1005697e-118
-3.5621967e-125
-1.0833921e-131
-3.3839212e-138
-8.6030317e-145
-2.340751e-151
-7.1287184e-158
-1.5644163e-164
-1.7105645e-170
2.3566546e-176
-8.3820407e-182
1.1157493e-187
1.2645077e-192
3.9878119e-197
-3.1715204e-201
-5.0896069e-206
3.9161914e-211
1.1797728e-216
2.6914298e-222
-1.1066991e-227
3.9012542e-233
-3.59685e-238
6.7287687e-244
-6.0171832e-248
1.4971661e-252
-1.121142e-255
-2.1535429e-262
-5.6222777e-08
1.9509902e-18
-6.0320287e-29
2.2999255e-39
-1.4913023e-49
2.4930545e-59
-2.3669693e-68
-7.8157557e-77
-2.873238e-85
-3.3484159e-93
-2.5976387e-100
-1.524441e-106
-6.8045621e-113
-2.001637e-119
-6.4847411e-126
-1.7479191e-132
-4.7003562e-139
-1.3412516e-145
-4.4768919e-152
-1.3018643e-158
-7.3403022e-165
4.9954488e-171
6.1894397e-176
-7.4699035e-182
2.9534554e-186
-9.3881887e-192
9.9202388e-195
1.3594817e-200
-8.9571009e-205
4.4036711e-210
-1.9628973e-215
7.2852979e-221
-2.6783582e-226
9.0857179e-231
2.1099444e-236
4.0262647e-241
-4.9731802e-247
2.0012397e-252
-2.3728915e-258
5.4062598e-264
-5.023195e-08
1.55723e-18
-4.2946352e-29
1.450289e-39
-8.1940611e-50
1.1548104e-59
-8.2861585e-69
-2.9535669e-77
-9.6752215e-86
-9.2342197e-94
-5.597173e-101
-2.8776753e-107
-1.4411811e-113
-3.5162872e-120
-1.0837361e-126
-2.5754311e-133
-8.2206697e-140
-2.2782842e-146
-6.7664512e-153
-1.8751968e-159
1.1581396e-165
-9.8046707e-171
8.2801978e-177
5.6932837e-182
-9.0396944e-188
1.2932264e-193
-5.5328936e-199
-2.8593391e-204
9.4519896e-209
1.5688081e-213
-6.3371124e-218
3.9156677e-223
9.2515025e-229
-3.4345697e-234
3.6640639e-239
2.2217275e-244
-5.4816229e-249
4.9619499e-254
1.9041517e-259
2.2177144e-265
-4.4918854e-08
1.2454352e-18
-3.0683311e-29
9.1961537e-40
-4.5413666e-50
5.4250414e-60
-3.0106313e-69
-1.2509294e-77
-3.6829919e-86
-2.9537452e-94
-1.3452991e-101
-9.1617523e-108
-4.9115971e-114
-1.1847976e-120
-3.0638372e-127
-8.5261403e-134
-2.6831077e-140
-8.9812958e-147
-3.157666e-153
-1.1232865e-159
5.1361133e-166
-3.797131e-171
5.153571e-177
1.6173149e-182
-1.9269871e-188
2.9724441e-194
1.1013322e-199
-6.5615035e-206
4.2967176e-211
-9.3875244e-216
-4.7179359e-220
-1.5546331e-225
-6.3331738e-231
-6.6776175e-236
7.3671296e-241
-1.074822e-245
-3.14626e-251
3.3403869e-257
1.9899978e-262
3.5561775e-268
-4.0197851e-08
9.9786789e-19
-2.1992439e-29
5.8617095e-40
-2.5376537e-50
2.5826419e-60
-1.1287564e-69
-6.2700632e-78
-1.6720573e-86
-1.1346652e-94
-4.0625581e-102
-1.7218995e-108
-7.302549e-115
-2.3185669e-121
-6.2821196e-128
-1.906068e-134
-6.0345653e-141
-1.4781898e-147
1.3318845e-152
-1.0576183e-157
1.3714079e-163
-1.1481452e-169
6.2009354e-175
-7.2908074e-181
1.1601362e-186
-8.8537729e-192
2.917424e-197
9.6777489e-203
-6.9325582e-208
-1.6211779e-213
6.3865797e-219
-1.9966439e-224
-5.2190084e-230
4.0210964e-236
-1.0859086e-241
2.7538738e-246
-7.9913774e-252
2.571374e-256
-6.8390367e-262
-1.1442019e-268
-3.6001755e-08
8.0091215e-19
-1.5811669e-29
3.7549176e-40
-1.4290043e-50
1.2450202e-60
-4.3488499e-70
-4.5477015e-78
-1.1145653e-86
-6.4223635e-95
-1.8071855e-102
-5.1796624e-109
-3.5689701e-115
-1.3239021e-121
-3.8690691e-128
-1.2907905e-134
-3.5927331e-141
-1.1042205e-147
-2.9630107e-154
8.4124554e-160
-1.6709816e-165
9.6873911e-171
-9.2087105e-177
-3.8899707e-181
1.1109505e-186
1.3821692e-190
-1.750094e-196
-8.0238896e-201
5.3801035e-206
2.976735e-211
-1.2465125e-216
1.2310912e-221
5.4384426e-226
-1.4016492e-231
2.4739752e-237
-6.9366973e-242
3.8224332e-246
-4.3634738e-251
-1.3370881e-256
-5.7190214e-263
-3.226571e-08
6.4386996e-19
-1.1401017e-29
2.4166724e-40
-8.1064358e-51
6.0728068e-61
-1.7168109e-70
9.7600381e-78
2.213599e-86
1.0976215e-94
2.4384002e-102
5.3777583e-109
3.2383781e-115
9.4085264e-122
2.9168447e-128
9.8908771e-135
2.8926786e-141
8.1846874e-148
2.2232233e-154
6.9214027e-161
2.0351239e-167
5.4271241e-174
2.254593e-180
-3.1421779e-187
-6.575428e-193
2.2661478e-194
1.2852419e-199
-3.5296913e-204
7.6570919e-210
3.3036664e-215
-9.4534863e-221
-1.7940403e-226
3.1450922e-231
-2.0779799e-237
-2.9290953e-244
1.2514445e-247
2.0561792e-250
-3.75405e-256
-9.7405641e-262
-4.1324013e-268
-2.8935844e-08
5.183881e-19
-8.24279e-30
1.5622523e-40
-4.6306743e-51
2.9948931e-61
-6.9226338e-71
4.168988e-79
8.8967871e-88
3.8207955e-96
6.7981734e-104
1.0709865e-110
6.9854387e-117
2.6789565e-123
7.0316668e-130
1.8801484e-136
5.3525726e-143
1.5546466e-149
4.2796052e-156
1.4831035e-162
4.0722685e-169
1.2037298e-175
2.3392915e-182
2.1168248e-188
-7.443376e-194
8.0222364e-200
-2.030816e-204
-1.923667e-209
1.6362525e-215
-1.21551e-220
2.8361666e-227
5.7532542e-230
-6.8883834e-235
-8.9928759e-240
-9.2642093e-245
-4.8775435e-250
-1.3528108e-257
1.4251095e-261
7.0036689e-269
-1.1462984e-274
-2.5965261e-08
4.1793774e-19
-5.9744783e-30
1.0141086e-40
-2.6625727e-51
1.4924304e-61
-2.8468627e-71
7.9960876e-80
1.6264708e-88
6.0858341e-97
8.9022119e-105
1.1043975e-111
1.2375956e-117
5.8139669e-124
1.6742931e-130
4.6639247e-137
1.1986736e-143
3.6824482e-150
1.2619998e-156
3.7308973e-163
1.2429271e-169
3.3779734e-176
1.7904915e-182
-3.8619862e-188
2.548599e-193
-3.8753991e-199
-4.0913494e-204
-2.5595756e-209
5.1142118e-215
1.6900961e-220
-3.383207e-226
4.3517092e-231
-1.4072902e-236
-7.166744e-242
-2.6212868e-247
4.7391773e-253
-8.6470803e-259
-4.266655e-264
-4.1440001e-270
-1.154325e-276
-2.3313577e-08
3.3740023e-19
-4.3407384e-30
6.609151e-41
-1.5405449e-51
7.5111452e-62
-1.1922998e-71
2.010636e-80
3.9610833e-89
1.3040918e-97
1.5716195e-105
1.3576841e-112
1.6785944e-118
6.227034e-125
1.6309331e-131
4.6322365e-138
1.5656882e-144
4.5907122e-151
1.2316083e-157
4.1977183e-164
1.2240533e-170
4.2525968e-177
1.4801267e-183
7.2538924e-189
-3.9138072e-194
-2.5574873e-199
4.2794308e-205
-4.4419017e-211
4.7006365e-216
3.217867e-220
-2.9924243e-225
7.6343407e-230
-5.3798485e-235
-2.4558012e-240
-1.2243573e-245
3.7441973e-251
-7.3858931e-257
1.64627e-262
3.511898e-268
8.9497527e-275
-2.0944579e-08
2.7271685e-19
-3.1608209e-30
4.3234701e-41
-8.9669178e-52
3.8159608e-62
-5.0771361e-72
5.7322297e-81
1.1133077e-89
3.2526322e-98
3.2601606e-106
2.2697077e-113
1.2963018e-119
6.0744733e-126
2.1534426e-132
5.6830072e-139
1.6395618e-145
4.6637584e-152
1.6984603e-158
5.0710341e-165
1.3860318e-171
4.9784894e-178
1.4626695e-184
1.4383642e-191
4.1779726e-197
-4.7952331e-203
2.9473738e-206
-1.9854871e-210
1.044022e-215
-2.1295105e-221
1.1302727e-226
-4.0128428e-232
4.574961e-237
-2.3197581e-240
4.9044422e-246
-3.0934183e-250
1.2484352e-255
-7.8342567e-261
-4.8828662e-267
-1.0247969e-273
-1.8826785e-08
2.2069788e-19
-2.3065454e-30
2.8383712e-41
-5.2488974e-52
1.9558894e-62
-2.1957014e-72
1.7684968e-81
3.469131e-90
9.0442499e-99
7.576239e-107
3.8869311e-114
2.8422435e-120
1.3639723e-126
4.0476639e-133
1.0496533e-139
2.7674448e-146
9.2263786e-153
2.7469341e-159
8.2927598e-166
2.5803942e-172
8.1695557e-179
2.5750704e-185
7.7779842e-192
6.1742935e-199
5.5375847e-204
-2.2982415e-209
4.8860948e-215
-3.3188783e-220
1.1334773e-225
2.353158e-231
-1.3437283e-237
-2.366709e-241
4.5409559e-246
-1.8549942e-251
2.043785e-255
-3.1916102e-261
-6.6341781e-266
-4.0616873e-272
-9.3317567e-279
-1.6934272e-08
1.7881836e-19
-1.6867107e-30
1.8698783e-41
-3.0893812e-52
1.0111225e-62
-9.6346186e-73
5.7679436e-82
1.1778383e-90
2.7677294e-99
1.9614227e-107
8.2316879e-115
3.6003361e-121
1.8676117e-127
6.3332189e-134
1.885926e-140
5.8241411e-147
1.9620672e-153
5.7467334e-160
1.6870515e-166
5.2052843e-173
1.9606695e-179
-1.6165323e-185
2.8213576e-191
-1.4418129e-196
3.5134125e-202
-4.726864e-208
9.9656516e-214
-5.6226034e-218
4.0649418e-223
2.086853e-228
6.349576e-234
-1.3087169e-239
6.3911012e-245
-8.1632946e-251
3.4604973e-256
-4.1570181e-262
5.3705093e-268
2.4909556e-274
5.0588863e-281
-1.5241309e-08
1.4505723e-19
-1.2359189e-30
1.2359365e-41
-1.8279333e-52
5.2701237e-63
-4.2850074e-73
1.9652728e-82
4.3611755e-91
9.293287e-100
5.6393222e-108
1.8261861e-115
5.4023831e-122
4.1273789e-128
1.1979729e-134
3.5362576e-141
1.1480496e-147
3.6981257e-154
9.670247e-161
2.7847264e-167
8.3933945e-174
2.4633079e-180
9.3633635e-187
5.1966259e-195
1.1495397e-198
-2.0591673e-204
1.0764397e-209
3.9237678e-215
-3.9742762e-221
3.3387051e-226
-6.3394247e-232
-2.8589845e-237
-8.5900727e-242
2.1373981e-246
-1.4982367e-251
3.2863965e-257
-2.8393966e-263
-4.6704031e-268
-1.5915827e-274
-2.5128066e-281
-1.3728295e-08
1.1782539e-19
-9.0750882e-31
8.1964382e-42
-1.0871617e-52
2.7688207e-63
-1.9310439e-73
6.9357791e-83
1.7827254e-91
3.484506e-100
1.8120964e-108
4.7116784e-116
1.2047743e-122
6.3590234e-129
1.9118424e-135
5.8489633e-142
1.6554533e-148
5.3937916e-155
1.4711701e-161
4.0085525e-168
9.132946e-175
9.5520595e-181
-6.7941539e-187
-4.746473e-192
6.5867468e-197
-1.2004891e-202
-5.3686035e-207
-8.3050378e-212
2.121393e-217
-9.8466448e-223
1.0306013e-227
-1.4158557e-233
-6.5867025e-239
2.0343331e-244
-2.4586354e-250
2.552085e-256
-1.0851112e-261
-1.3011415e-266
-5.6948789e-273
-8.8673047e-280
-1.2375904e-08
9.583966e-20
-6.6778566e-31
5.4537531e-42
-6.4988661e-53
1.4659776e-63
-8.8101864e-74
2.5216415e-83
8.3580835e-92
1.510493e-100
6.7944223e-109
1.4276651e-116
2.8268139e-123
1.5977656e-129
5.8430081e-136
1.5539943e-142
4.8875239e-149
1.457595e-155
4.5056748e-162
1.8862083e-168
5.3760845e-175
2.780966e-181
-1.0004346e-186
1.8659385e-192
-2.4771911e-197
-7.9429443e-203
2.88926e-208
-6.3773091e-214
9.8984151e-220
-1.0321721e-223
1.1995855e-228
2.2663246e-234
-1.7568614e-240
3.7437827e-245
-2.1686684e-250
5.9326795e-256
-6.7570692e-262
9.6031188e-268
3.2780726e-274
4.9728535e-281
-1.1167455e-08
7.8076429e-20
-4.9247962e-31
3.6409684e-42
-3.9046272e-53
7.8209643e-64
-4.0677544e-74
9.4158412e-84
5.211645e-92
8.7788618e-101
3.4506691e-109
5.90424e-117
8.1014851e-124
7.1611378e-130
2.2474734e-136
7.8991899e-143
2.138175e-149
6.3202542e-156
1.8650307e-162
5.4105653e-169
1.447987e-175
7.9124862e-182
-1.6009852e-188
-2.4239461e-193
-1.9894342e-198
2.4507093e-204
3.4573208e-209
3.9348827e-214
3.1551711e-219
9.9908066e-225
-6.2910409e-230
8.6226179e-235
-1.1491837e-239
1.4002987e-245
-2.9260812e-251
4.3386052e-257
-5.896326e-262
1.6659026e-267
6.1108613e-274
1.0530353e-280
-1.0088922e-08
6.3719836e-20
-3.6408691e-31
2.4392957e-42
-2.3580381e-53
4.2040816e-64
-1.9001509e-74
3.5989473e-84
1.5239415e-91
2.4199968e-100
8.3735012e-109
1.198095e-116
1.259516e-123
7.7022283e-130
3.3214577e-136
1.0019702e-142
2.7210192e-149
8.0591701e-156
2.0047063e-162
6.7516172e-169
2.2130855e-175
6.6266126e-182
2.0680535e-188
4.2766579e-195
7.047978e-201
-4.3368794e-206
3.6841699e-211
1.4960781e-215
-2.1205503e-221
1.9341844e-226
5.5732422e-231
-7.045465e-236
1.2702554e-240
1.0925946e-245
-8.5324217e-252
3.0895332e-257
-2.9934313e-263
-1.7667863e-268
-5.1566761e-275
-6.9215786e-282
-9.1266694e-09
5.2108972e-20
-2.6988792e-31
1.6402593e-42
-1.4315485e-53
2.2771431e-64
-8.9781556e-75
1.4061664e-84
-7.8457672e-93
-1.1876547e-101
-3.6386005e-110
-4.2943547e-118
-3.8482122e-125
-2.085536e-131
-8.7875846e-138
-2.290113e-144
-6.377868e-151
-1.7344624e-157
-6.2059703e-164
-1.954274e-170
-6.0756537e-177
-1.7844473e-183
-4.2993013e-190
-6.3139777e-196
6.4493179e-201
-6.8605872e-207
2.3803146e-212
-7.279392e-218
-4.3925856e-223
4.0303274e-228
-9.4373497e-234
1.293137e-238
2.3015764e-243
-8.8034818e-249
1.5417588e-254
-1.8363792e-260
4.854773e-266
6.7329914e-272
1.5266941e-278
2.0772836e-285
-8.2692768e-09
4.2716048e-20
-2.0066541e-31
1.1073493e-42
-8.7384591e-54
1.2429314e-64
-4.2902969e-75
5.6060103e-85
-1.3042693e-93
-1.9037248e-102
-5.186066e-111
-5.184796e-119
-3.5219702e-126
-2.1396503e-132
-7.19506e-139
-2.4992889e-145
-7.4942681e-152
-2.4202123e-158
-7.4630444e-165
-2.2905935e-171
-6.3721928e-178
-2.1379319e-184
-6.8154179e-191
-2.5073125e-197
-1.4578699e-202
-1.3620168e-207
-2.0450876e-212
-1.2694229e-217
1.6664801e-222
-1.988995e-228
3.1361084e-233
2.1069531e-238
-9.9069173e-244
1.8492925e-249
-7.297692e-255
5.9609124e-261
-1.1713207e-266
-1.6511519e-272
-4.4287957e-279
-5.8479173e-286
-7.5061596e-09
3.5113765e-20
-1.4970957e-31
7.5083203e-43
-5.3650767e-54
6.8382884e-65
-2.0735564e-75
2.278581e-85
-3.0848784e-94
-4.4151931e-103
-1.0806961e-111
-9.131072e-120
-4.7984101e-127
-3.0931065e-133
-1.8645062e-139
-5.8672803e-146
-1.8032906e-152
-5.0638151e-159
-1.5875724e-165
-4.9866377e-172
-1.2556571e-178
-4.4906205e-185
4.2717706e-191
-1.5784836e-196
4.2476189e-202
-5.9313333e-208
1.4221231e-213
-8.7082084e-219
-4.781089e-224
1.5146328e-229
-9.8942917e-235
-4.0408106e-240
-2.9541701e-245
-1.6918729e-250
2.8857495e-256
-6.6564089e-262
6.3849442e-268
7.985784e-274
1.8334612e-280
2.4702895e-287
-6.8278178e-09
2.8958031e-20
-1.1213005e-31
5.1153453e-43
-3.3142943e-54
3.793314e-65
-1.0137027e-75
9.4346142e-86
-8.4691104e-95
-1.2073789e-103
-2.6724414e-112
-1.9384154e-120
-7.9216611e-128
-3.289483e-134
-1.6463967e-140
-5.880882e-147
-1.8609243e-153
-5.3745523e-160
-1.4549747e-166
-4.7864969e-173
-1.6135646e-179
-4.7376413e-186
-7.60074e-193
-1.7409939e-198
7.1911465e-204
-2.3998441e-209
1.0314997e-214
-5.2992328e-220
4.7042344e-225
-2.3966312e-230
9.1288443e-236
2.7296162e-241
1.6980557e-246
-4.2207172e-252
4.5739261e-257
-3.13335e-263
2.8399054e-269
2.8051038e-275
6.2960891e-282
8.1417412e-289
-6.2257191e-09
2.3970757e-20
-8.4358529e-32
3.5035464e-43
-2.0610069e-54
2.1223784e-65
-5.0138956e-76
3.9772474e-86
-2.5444262e-95
-3.6900703e-104
-7.4221502e-113
-4.6291952e-121
-1.565636e-128
-5.2523361e-135
-2.6307553e-141
-1.0727733e-147
-3.1602012e-154
-1.1289284e-160
-3.9939351e-167
-1.3584015e-173
-4.0956117e-180
-1.2720779e-186
-4.7805805e-193
-4.1206813e-200
-3.6621768e-205
6.3741473e-211
-5.0813698e-216
1.3248038e-221
-2.9270512e-227
-2.3969994e-232
3.6631706e-238
-2.4301489e-243
-1.8539401e-248
1.3722864e-253
-6.8167806e-259
1.1365175e-264
-8.6462758e-270
-1.4827483e-275
-3.0651824e-282
-3.8504932e-289
-5.6920337e-09
1.9927282e-20
-6.37876e-32
2.4137735e-43
-1.2908553e-54
1.1983018e-65
-2.5099344e-76
1.7071139e-86
-8.1498388e-96
-1.23678e-104
-2.2848317e-113
-1.2384355e-121
-3.4141112e-129
-8.9006243e-136
-4.6208746e-142
-1.3701538e-148
-3.9803799e-155
-1.0595026e-161
-3.7507431e-168
-1.2019937e-174
-3.813281e-181
-1.1702511e-187
2.0608354e-194
-1.0702117e-199
-8.2790666e-205
4.3799724e-210
-8.4041732e-216
2.7190614e-221
4.5416641e-226
1.5133054e-231
9.4710982e-237
-5.9258711e-242
1.2751179e-247
-5.1508496e-253
1.0573882e-258
-3.4883494e-263
2.654293e-269
2.5937359e-275
5.6884895e-282
7.28822e-289
-5.2198438e-09
1.6646762e-20
-4.8512508e-32
1.6739745e-43
-8.1483158e-55
6.8313193e-66
-1.2722136e-76
7.4581426e-87
-2.7418836e-96
-4.5214954e-105
-7.7045776e-114
-3.6527615e-122
-8.323992e-130
-1.5032492e-136
-7.2195147e-143
-2.3465722e-149
-7.8590225e-156
-2.5149641e-162
-8.0960025e-169
-3.3949307e-175
-1.3141139e-181
-3.9815681e-188
-1.3312077e-194
-3.9985349e-202
-6.760543e-207
1.3046576e-212
-2.8319265e-218
5.4608937e-223
-6.2393068e-228
-3.8229931e-232
4.8646438e-237
-5.0891841e-242
3.3101342e-247
1.7154955e-251
-3.0401663e-257
2.5411374e-263
-2.8814597e-269
-1.674172e-275
-3.2866808e-282
-3.834226e-289
-4.8027281e-09
1.3982455e-20
-3.7136197e-32
1.1694548e-43
-5.1874735e-55
3.9347178e-66
-6.5329616e-77
3.3175033e-87
-9.6151178e-97
-1.8180414e-105
-2.8868798e-114
-1.2058519e-122
-2.2787062e-130
-3.4689218e-137
-2.1153039e-143
-9.13867e-150
-2.5214058e-156
-8.9524154e-163
-3.4806678e-169
-1.2336012e-175
-3.4871895e-182
-1.5130383e-188
-4.2415849e-195
-1.6875745e-201
-5.8832718e-208
7.4116781e-214
-1.4894509e-219
1.0212189e-224
-1.4108883e-230
-3.516729e-236
5.9314181e-242
1.3855279e-247
-6.5896622e-252
-1.1170445e-257
1.7844882e-262
-1.3761855e-268
2.6936885e-274
1.8089909e-280
3.3217888e-287
3.8689018e-294
-4.4349551e-09
1.1816103e-20
-2.8635524e-32
8.236695e-44
-3.3333384e-55
2.2914498e-66
-3.400691e-77
1.5027597e-87
-3.49861e-97
-8.3040444e-106
-1.2375832e-114
-4.586183e-123
-7.2860467e-131
-8.1422821e-138
-4.8944478e-144
-2.0265012e-150
-7.0162471e-157
-2.3384371e-163
-7.558018e-170
-2.4924304e-176
-9.2280235e-183
-3.2751444e-189
-1.1097912e-195
-5.699637e-202
8.4042093e-209
1.5869006e-211
-3.2801073e-217
1.6400255e-222
-6.04332e-228
6.4818293e-234
-1.8386065e-239
-9.4353641e-244
1.5441171e-249
-5.7950844e-255
5.5112121e-261
-1.8027588e-266
1.2676074e-272
1.0800039e-278
2.0488704e-285
2.5935153e-292
-4.1114232e-09
1.005251e-20
-2.2260598e-32
5.8537909e-44
-2.1637473e-55
1.350329e-66
-1.795751e-77
6.9357131e-88
-1.3168792e-97
-4.7100027e-106
-6.6521638e-115
-2.1946941e-123
-2.9297822e-131
-2.7650368e-138
-1.3077895e-144
-6.0593246e-151
-1.9429402e-157
-6.4174554e-164
-1.8482455e-170
-6.3324994e-177
-2.7001215e-183
-9.0804102e-190
-3.7632291e-196
-1.0648484e-202
-8.4025221e-208
2.4713334e-213
-1.4227013e-218
3.7932337e-224
3.0103776e-227
-8.292585e-232
-6.6285162e-237
-6.6420523e-242
7.7381686e-248
-1.0439874e-253
4.5784815e-259
-2.0560578e-265
2.0014906e-271
1.9105263e-277
3.5521425e-284
4.6094896e-291
-3.8273586e-09
8.614566e-21
-1.7459901e-32
4.2016542e-44
-1.4201073e-55
8.058774e-67
-9.6269648e-78
3.2630312e-88
-5.1161656e-98
-5.2373833e-106
-7.0763119e-115
-2.0925671e-123
-2.3929352e-131
-1.7376714e-138
-8.4060976e-145
-4.0272365e-151
-1.517947e-157
-5.775338e-164
-1.6952923e-170
-5.7705035e-177
-2.5069087e-183
-9.8245876e-190
-4.5011734e-196
-9.2005338e-203
-1.6107228e-208
5.3714257e-215
-4.4941393e-220
9.6038043e-226
-2.3588191e-231
8.4246968e-236
-1.6670214e-241
-3.3405608e-246
-1.9568787e-251
7.6004148e-258
-2.6055526e-263
8.3271161e-270
-1.6690115e-275
-6.8085137e-282
-1.142401e-288
-1.401747e-295
-3.5786753e-09
7.4404747e-21
-1.3828638e-32
3.048647e-44
-9.4326068e-56
4.8752624e-67
-5.2439407e-78
1.565845e-88
-2.0492529e-98
1.5944698e-106
2.0829462e-115
5.5729281e-124
5.484697e-132
3.2399378e-139
1.8296321e-145
9.8926379e-152
3.7108422e-158
1.2575576e-164
4.3059878e-171
1.6423715e-177
6.1942096e-184
2.0977704e-190
9.1484676e-197
3.2635734e-203
1.4256797e-209
5.8056402e-216
2.6982102e-222
-1.6570142e-227
3.1880377e-233
-4.437433e-239
-9.1654681e-244
3.432677e-249
-1.2034797e-254
1.3989549e-259
-8.7801408e-266
1.2357469e-271
-6.2117048e-278
-3.2618606e-284
-5.4926433e-291
-7.4438574e-298
-3.3616092e-09
6.4803999e-21
-1.1068755e-32
2.238235e-44
-6.3468766e-56
2.9925314e-67
-2.9049797e-78
7.6703869e-89
-8.4581667e-99
2.0863945e-107
2.668125e-116
6.4922072e-125
5.4859947e-133
2.6838859e-140
8.4854855e-147
5.4676163e-153
2.245254e-159
8.9634686e-166
4.1087298e-172
1.5746389e-178
7.2867386e-185
3.0900457e-191
1.3926871e-197
5.5894195e-204
2.6057711e-210
4.6853037e-217
8.7796309e-223
-2.8243356e-228
-2.5037434e-233
-1.4151398e-238
1.5320661e-244
2.0873086e-249
-1.6386736e-254
5.0635523e-260
-4.7576521e-266
-1.8967354e-273
-1.406685e-278
-7.5211562e-285
-1.3311992e-291
-1.7952586e-298
-3.1728793e-09
5.6943542e-21
-8.9605534e-33
1.6642728e-44
-4.3304736e-56
1.8656066e-67
-1.6381685e-78
3.838394e-89
-3.5959081e-99
4.8651153e-108
6.1790475e-117
1.3761043e-125
1.0217015e-133
4.114783e-141
1.2208759e-147
1.0001974e-153
3.1984628e-160
1.1545419e-166
4.4873587e-173
2.0459086e-179
9.19568e-186
3.1953052e-192
1.2543052e-198
4.6958896e-205
1.8853515e-211
7.7284031e-218
3.3424724e-224
3.5217543e-230
-1.055989e-236
3.8528473e-242
-3.9751434e-248
-3.8225356e-252
3.0956555e-258
-1.5812301e-263
1.3785822e-269
-2.9211007e-276
7.465476e-282
3.1510161e-288
4.6141225e-295
5.3423044e-302
-3.0095176e-09
5.0501512e-21
-7.3417823e-33
1.2544805e-44
-2.9991272e-56
1.1824537e-67
-9.4132444e-79
1.9639628e-89
-1.5748035e-99
1.3865366e-108
1.7782558e-117
3.6553498e-126
2.3834493e-134
7.9174522e-142
1.9691873e-148
8.9303768e-155
4.3368329e-161
1.813384e-167
7.3614048e-174
3.6767327e-180
1.5576473e-186
8.496348e-193
4.0526502e-199
1.5859105e-205
7.5838297e-212
2.667941e-218
2.2365616e-224
-7.7688554e-230
6.7266085e-235
-9.9706906e-241
-1.7615201e-245
5.0698458e-251
4.7789233e-256
-2.771747e-262
6.348004e-268
-1.6649105e-274
8.3829738e-281
3.9028932e-287
5.945713e-294
7.5207905e-301
-2.8689313e-09
4.5219991e-21
-6.0923494e-33
9.5941944e-45
-2.1104001e-56
7.6273337e-68
-5.5171725e-79
1.0284003e-89
-7.1052362e-100
4.4331258e-109
5.8558938e-118
1.1172268e-126
6.4411846e-135
1.7932178e-142
3.9359511e-149
1.7484295e-155
1.1918245e-161
4.2827066e-168
1.8780691e-174
7.7849974e-181
3.9917885e-187
1.9653852e-193
7.8022926e-200
3.7353082e-206
2.1416667e-212
8.8368331e-219
3.9980658e-225
2.2959873e-231
1.1296185e-237
8.9494375e-244
-4.9085737e-250
5.9232301e-255
-9.1683121e-261
2.8273883e-266
-8.912019e-273
3.5543913e-279
-9.2895929e-286
-6.2894483e-292
-1.1342653e-298
-1.3902192e-305
-2.7488393e-09
4.08925e-21
-5.1232374e-33
7.4512772e-45
-1.5103519e-56
5.0123692e-68
-3.3017684e-79
5.5164182e-90
-3.3047163e-100
1.5401582e-109
2.15179e-118
3.840172e-127
1.9688641e-135
4.5999833e-143
8.0808655e-150
5.8327211e-156
3.2098511e-162
1.3164876e-168
6.9393882e-175
3.253754e-181
1.7676052e-187
1.0112486e-193
5.5630471e-200
3.6954009e-206
1.6981908e-212
9.1959969e-219
4.5170625e-225
2.1259567e-231
1.0512566e-237
4.5789114e-244
2.9826407e-250
-9.2709516e-257
5.8768697e-262
-7.9219958e-268
1.6373197e-273
-4.2482785e-281
1.5846228e-286
6.0953655e-293
1.0233795e-299
1.2512532e-306
-2.6472124e-09
3.7352948e-21
-4.368172e-33
5.8812483e-45
-1.1003822e-56
3.3591611e-68
-2.0196651e-79
3.0341525e-90
-1.5852155e-100
5.7192861e-110
8.748947e-119
1.4704054e-127
6.7699128e-136
1.3598682e-143
2.1094062e-150
1.7224198e-156
1.1484738e-162
5.9341648e-169
2.2322774e-175
1.2598659e-181
7.4256896e-188
4.1249871e-194
2.3963507e-200
1.3212891e-206
6.5209008e-213
3.2001629e-219
2.0598244e-225
-2.0091771e-231
1.5826319e-237
-3.2667505e-242
1.1001833e-247
-3.3761279e-253
7.1805169e-259
-1.3758673e-263
-1.1838713e-269
-8.0541302e-276
-2.3021622e-282
-3.4661872e-289
-3.8775398e-296
-3.5649406e-303
-2.5622264e-09
3.4467922e-21
-3.7776647e-33
4.7209229e-45
-8.1685161e-57
2.2980567e-68
-1.2640034e-79
1.7128639e-90
-7.8468092e-101
2.2500195e-110
3.9681885e-119
6.329552e-128
2.6273296e-136
4.5810666e-144
4.9191344e-151
2.7852254e-157
1.7152385e-163
7.7096226e-170
4.2421655e-176
2.8152472e-182
1.518117e-188
9.0235857e-195
5.6820411e-201
2.6417446e-207
1.4130501e-213
9.053438e-220
4.5577685e-226
2.8851944e-232
1.6065627e-238
1.1298086e-244
9.617401e-251
-2.6189877e-257
2.1996045e-262
-6.0174725e-268
5.9541396e-274
-1.3150122e-280
-5.1962574e-288
1.9875857e-294
4.7959206e-301
6.80704e-308
-2.4922603e-09
3.2130078e-21
-3.3146449e-33
3.8561901e-45
-6.1833701e-57
1.6063096e-68
-8.1016472e-80
9.9340475e-91
-4.0110016e-101
9.3301031e-111
2.0597606e-119
3.1483305e-128
1.1856599e-136
1.7661912e-144
1.6680662e-151
1.7807472e-157
1.1847897e-163
9.5452152e-170
4.1029209e-176
2.6294221e-182
9.9854966e-189
5.3371675e-195
3.3323837e-201
2.2451918e-207
1.9636459e-213
1.2588725e-219
5.9736099e-226
4.9902266e-232
4.8727596e-238
3.3210992e-244
1.9405987e-250
2.8039574e-256
1.8648625e-262
2.8579729e-267
2.3317376e-272
2.2083605e-278
6.762738e-285
1.2413185e-291
1.5579788e-298
1.6079234e-305
-2.4358339e-09
3.0252931e-21
-2.9512529e-33
3.2067534e-45
-4.7763164e-57
1.1481493e-68
-5.3228112e-80
5.9240753e-91
-2.1185968e-101
4.064197e-111
1.3127834e-119
1.9421671e-128
6.6853239e-137
8.8086401e-145
6.7962078e-152
3.5721192e-158
2.9832167e-164
1.7668585e-170
1.2430677e-176
6.5207232e-183
6.0940639e-189
5.4427894e-195
2.6970227e-201
1.5947497e-207
1.2624297e-213
9.2616355e-220
7.7196877e-226
6.0267206e-232
3.620286e-238
3.3816512e-244
4.3272432e-250
4.2902545e-256
9.6103553e-262
-1.4065387e-267
3.3200304e-273
6.6300263e-279
1.9499576e-285
3.5268667e-292
3.9674512e-299
4.176867e-306
-2.3915655e-09
2.8765813e-21
-2.6664036e-33
2.7156691e-45
-3.7668789e-57
8.3977835e-69
-3.5873811e-80
3.6352417e-91
-1.1568651e-101
1.8553833e-111
1.3990468e-119
2.0219641e-128
6.4040888e-137
7.4017667e-145
4.6750255e-152
2.4494815e-158
1.5976962e-164
9.9657063e-171
5.8454114e-177
4.8638554e-183
3.2993582e-189
1.8281286e-195
1.0567265e-201
5.5182798e-208
5.8946704e-214
4.0660028e-220
2.6298483e-226
1.6703674e-232
1.1321885e-238
6.1050904e-245
4.7107595e-251
9.5106409e-257
3.2716314e-262
-7.5621881e-268
9.3904943e-274
1.239365e-279
4.1828216e-286
6.8287757e-293
8.2448417e-300
8.4866888e-307
-2.3581309e-09
2.7610715e-21
-2.4440734e-33
2.3422873e-45
-3.0342409e-57
6.2886859e-69
-2.4817217e-80
2.2969104e-91
-6.5342646e-102
8.8677148e-112
-1.0819207e-119
-1.5465663e-128
-4.5398823e-137
-4.6404466e-145
-2.5063146e-152
-1.0884271e-158
-1.5845254e-164
-1.4941195e-170
-1.1734084e-176
-1.2248475e-182
-8.3917137e-189
-5.3687952e-195
-4.5144886e-201
-6.2503452e-207
-4.2296119e-213
-3.2086108e-219
-2.5954964e-225
-2.3036133e-231
-1.7592218e-237
-2.1940034e-243
-1.8298608e-249
-4.3913525e-255
1.6721063e-260
-3.4129594e-266
4.49451e-272
6.1430022e-278
2.3059408e-284
3.9434604e-291
4.7219154e-298
5.2308359e-305
-2.3342097e-09
2.6738789e-21
-2.2719842e-33
2.0573567e-45
-2.4966922e-57
4.823061e-69
-1.7629679e-80
1.4949691e-91
-3.8187469e-102
4.4296602e-112
-1.3166552e-120
-1.8822036e-129
-5.1505597e-138
-4.7072888e-146
-2.1782076e-153
-9.905536e-160
-3.1025366e-165
-2.4744487e-171
-3.5728467e-177
-3.3433792e-183
-3.3635888e-189
-2.8723439e-195
-3.122833e-201
-2.3863939e-207
-1.7721451e-213
-2.0054247e-219
-1.850315e-225
-1.6806233e-231
-1.520282e-237
-1.1668474e-243
-1.4398496e-249
-2.0321106e-255
1.139497e-260
-1.3298783e-266
1.0663989e-272
2.061783e-278
6.8848848e-285
1.2460007e-291
1.4744101e-298
1.6948015e-305
-2.318501e-09
2.6108432e-21
-2.140649e-33
1.8396676e-45
-2.0984125e-57
3.7887572e-69
-1.2862829e-80
1.0025211e-91
-2.3091765e-102
2.3107949e-112
-3.6503503e-121
-5.3068879e-130
-1.3658202e-138
-1.1249909e-146
-4.4371901e-154
-1.2767126e-160
-1.8980606e-166
-2.4917288e-172
-3.0475334e-178
-3.9229711e-184
-3.6670894e-190
-6.7740265e-196
-5.5578011e-202
-9.9835625e-208
-1.1083427e-213
-8.4757859e-220
-9.7452283e-226
-2.4263489e-231
-2.0171112e-237
-1.6683197e-243
-1.8678192e-249
-3.4400065e-255
2.560793e-260
-3.1900458e-266
4.2063164e-272
1.0397112e-277
3.608985e-284
6.3970725e-291
8.5738969e-298
9.6703353e-305
-2.3096204e-09
2.5682048e-21
-2.0425799e-33
1.6736541e-45
-1.8008094e-57
3.0478729e-69
-9.6379482e-81
6.9261582e-92
-1.4446349e-102
1.2574001e-112
-1.2897788e-121
-1.9399952e-130
-4.7141396e-139
-3.4968205e-147
-1.1898078e-154
-2.9666128e-161
-4.269203e-167
-3.2940403e-173
-2.9452253e-179
-4.0984459e-185
-5.6665356e-191
-6.3787683e-197
-8.7103159e-203
-8.2411055e-209
-1.1047947e-214
-1.8024627e-220
-3.2110717e-226
-2.8873394e-232
-3.7245311e-238
-3.4279504e-244
-6.0614629e-250
-2.0216139e-255
1.0185989e-260
-1.1404689e-266
1.3135298e-272
5.8539327e-277
2.114352e-283
3.7976706e-290
4.5029173e-297
5.162654e-304
-2.3061293e-09
2.5424907e-21
-1.9717502e-33
1.5477727e-45
-1.5769208e-57
2.5096402e-69
-7.4134508e-81
4.9279783e-92
-9.3458392e-103
7.1289506e-113
-5.2233814e-122
-8.3217029e-131
-1.9272477e-139
-1.300919e-147
-3.8553661e-155
-8.2910417e-162
-1.3863483e-167
-2.6200993e-173
-3.4623936e-179
-6.5665599e-185
-9.815626e-191
-2.1654905e-196
-2.4961025e-202
-3.1701691e-208
-2.4622322e-214
-1.1364627e-219
-2.1122752e-225
-1.9203057e-231
-1.8957303e-237
-2.0307257e-243
-5.0869904e-249
2.5781153e-254
-5.4269287e-260
3.9859787e-266
-3.2379117e-272
-3.2091557e-276
-1.195353e-282
-2.1189975e-289
-2.7977599e-296
-3.2256242e-303
-2.3065001e-09
2.5303052e-21
-1.9231241e-33
1.4533007e-45
-1.4076428e-57
2.1134105e-69
-5.8495474e-81
3.6083863e-92
-6.2472144e-103
4.2055731e-113
-2.3302824e-122
-4.0455619e-131
-8.998613e-140
-5.5746339e-148
-1.4788023e-155
-2.5338683e-162
-2.1429987e-168
-6.4470617e-174
-1.5329664e-179
-1.9518565e-185
-3.3989464e-191
-5.2522976e-197
-1.3958456e-202
1.1601755e-207
2.929466e-213
3.5905736e-219
6.0595622e-225
7.0471548e-231
1.3385035e-236
2.2098477e-242
4.0277916e-248
3.7906665e-253
-4.0562677e-259
1.9992444e-265
-1.9960622e-271
2.8140871e-277
1.2036361e-283
2.4226257e-290
3.0482195e-297
3.6988917e-304
-2.3091686e-09
2.5282675e-21
-1.8923334e-33
1.3835225e-45
-1.2792611e-57
1.8181115e-69
-4.7297125e-81
2.7162427e-92
-4.309894e-103
2.5769868e-113
-1.1216432e-122
-2.2077088e-131
-4.7515634e-140
-2.7222406e-148
-6.2918611e-156
-9.2925687e-163
-4.9626495e-168
-1.1156373e-173
-1.7768498e-179
1.207565e-183
4.2918715e-189
1.8926999e-194
2.8314723e-200
3.9990741e-206
6.6075636e-211
1.0844014e-216
1.9896278e-222
3.3334064e-228
3.500852e-234
6.5677102e-240
9.7352035e-245
-3.0241024e-250
2.4227372e-256
-1.4734248e-262
6.23423e-269
-4.5707682e-274
-1.8218331e-280
-3.6267849e-287
-4.5472655e-294
-5.4452604e-301
-2.3125195e-09
2.5328899e-21
-1.8753659e-33
1.333076e-45
-1.1817259e-57
1.5954343e-69
-3.9132817e-81
2.099067e-92
-3.0642246e-103
1.6372651e-113
-5.7586315e-123
-1.3615898e-131
-2.8626479e-140
-1.5223593e-148
-3.1337183e-156
-3.9970664e-163
-9.081219e-169
1.6577047e-174
4.4711015e-180
-1.2791774e-185
-2.0564051e-191
-4.0062328e-197
-1.1714383e-202
-9.1445874e-208
5.0471744e-213
3.7376648e-218
-7.0228495e-223
-9.6289571e-229
-1.0038997e-233
-1.7934092e-239
3.6310362e-244
-1.123387e-249
7.982838e-256
-6.5118399e-262
2.5802797e-268
-3.667934e-274
-1.4450365e-280
-2.9178945e-287
-3.8924254e-294
-4.7483822e-301
-2.3150008e-09
2.5406367e-21
-1.8684132e-33
1.2975411e-45
-1.1075239e-57
1.4255606e-69
-3.3074224e-81
1.6623497e-92
-2.2409734e-103
1.0760276e-113
-3.1247011e-123
-9.7857773e-132
-2.0296774e-140
-1.0089392e-148
-1.8710999e-156
-1.9185094e-163
-1.8973754e-169
1.4211992e-174
-1.8997016e-178
-5.1150155e-184
-1.5240294e-189
-3.5204884e-194
-1.5660107e-198
2.8959673e-204
1.083404e-209
1.0518787e-214
4.1053527e-220
9.7533458e-226
9.5663857e-232
1.9882661e-237
6.9197796e-243
-4.924011e-249
2.6831543e-255
-1.3061263e-261
9.5489634e-268
-1.0196783e-273
-4.2281185e-280
-8.6620436e-287
-1.3609078e-293
-1.6201783e-300
-2.3151658e-09
2.5479571e-21
-1.8677241e-33
1.2730966e-45
-1.0508779e-57
1.2943556e-69
-2.8497641e-81
1.3464236e-92
-1.6822756e-103
7.2973784e-114
-1.7798852e-123
-9.1401983e-132
-1.8870608e-140
-8.8086011e-149
-1.4750847e-156
-1.2628445e-163
-9.4848572e-170
2.1789216e-175
-1.0445266e-180
-1.0271356e-185
-3.3315111e-189
-1.7178327e-194
2.9913493e-200
8.7067903e-206
2.633527e-211
-3.9623103e-216
1.1676427e-221
-8.2678482e-227
2.6781271e-232
3.3939308e-238
-9.1440384e-244
2.3484438e-249
-1.1666977e-255
6.3343143e-262
-2.708145e-268
5.0544635e-274
2.3185776e-280
4.5500717e-287
5.808046e-294
7.7454285e-301
-2.3118e-09
2.5514864e-21
-1.8696128e-33
1.2563309e-45
-1.0072083e-57
1.1914843e-69
-2.4974192e-81
1.1126461e-92
-1.2929614e-103
5.0918306e-114
-1.0581816e-123
-2.1064895e-131
-4.3893877e-140
-1.9473331e-148
-2.9413249e-156
-2.348966e-163
-1.6276507e-169
5.2612215e-175
-7.8385774e-181
1.6205312e-186
1.336518e-191
-2.3975595e-197
4.2302523e-203
-8.2492703e-209
1.2719079e-214
-2.0658999e-220
6.7369559e-226
6.8714734e-231
-2.1711386e-236
2.6525165e-242
-2.3069674e-247
2.7703414e-253
-1.6040212e-259
6.4480845e-266
-2.6246747e-272
-3.3364649e-277
-1.4420834e-283
-3.1323139e-290
-4.7880961e-297
-5.7190018e-304
-2.3040025e-09
2.5482718e-21
-1.8705675e-33
1.2441597e-45
-9.7285241e-58
1.1094746e-69
-2.221441e-81
9.3635397e-93
-1.0158213e-103
3.6510529e-114
-6.5492105e-124
5.6617349e-132
1.2030573e-140
5.0822166e-149
7.1129449e-157
4.7328348e-164
3.6241587e-170
-3.4826008e-176
4.9805441e-182
-3.7880849e-187
5.8792504e-192
-9.4019075e-198
7.3919964e-204
-1.1402376e-209
2.4513597e-215
-4.7948439e-221
-3.5769916e-225
6.9553406e-231
-6.348247e-236
-9.2622402e-241
1.4634865e-246
-9.9462742e-253
4.0893519e-259
-1.7164477e-265
6.598959e-272
-1.8309145e-277
-1.1032521e-283
-2.1265936e-290
-3.0658035e-297
-3.8320515e-304
-2.2912567e-09
2.5358319e-21
-1.8671247e-33
1.2335821e-45
-9.4442571e-58
1.0416271e-69
-1.9969827e-81
7.9783228e-93
-8.0931306e-104
2.6595901e-114
-4.1420296e-124
1.3289541e-132
2.9307114e-141
1.1868252e-149
1.5267286e-157
9.454996e-165
5.5595876e-171
-4.6975486e-177
5.5233547e-183
-4.680474e-189
3.1553831e-195
-5.60575e-201
6.451144e-207
-5.2761781e-213
5.402986e-219
-6.9306111e-225
7.3653019e-231
-4.9560389e-236
1.0771759e-241
1.9030139e-246
-3.7569263e-252
2.5511982e-258
-1.3569364e-264
4.5847618e-271
-2.0497803e-277
2.3947286e-283
7.657505e-290
1.1929118e-296
1.4994394e-303
1.4126263e-310
-2.2735198e-09
2.5139451e-21
-1.8577027e-33
1.2227881e-45
-9.2095445e-58
9.8831981e-70
-1.8276583e-81
6.9831706e-93
-6.6997893e-104
2.0457571e-114
-2.8477973e-124
5.7899384e-133
1.3300938e-141
5.2244482e-150
6.2872433e-158
3.280674e-165
1.5351984e-171
-1.8327014e-177
1.8052536e-183
-9.9478498e-190
9.4979179e-196
-7.0204273e-202
9.033618e-208
-8.4072242e-214
6.062364e-220
-9.3433143e-226
8.224885e-232
-1.0123464e-237
7.4024829e-244
-1.18041e-249
1.4001088e-255
-1.1511894e-261
5.2012929e-268
-1.9759888e-274
6.8841027e-281
-7.1822532e-287
-4.0967201e-293
-9.6315197e-300
-1.5845963e-306
8.4692933e-313
-2.24614e-09
2.4676974e-21
-1.8301015e-33
1.2030999e-45
-8.8892811e-58
9.1806839e-70
-1.6067629e-81
5.7152158e-93
-5.0009785e-104
1.3494057e-114
-1.5548584e-124
1.7680233e-133
4.6539082e-142
1.76229e-150
1.8920113e-158
8.9063801e-166
3.6476999e-172
-2.1653494e-178
1.6606419e-184
-1.0644639e-190
5.998784e-197
-3.5557078e-203
3.041313e-209
-1.9319086e-215
2.403793e-221
-1.9613403e-227
3.8882567e-233
-1.2037991e-238
1.7294713e-244
-1.0332151e-250
6.8257406e-257
-3.911986e-263
1.5197671e-269
-5.0921876e-276
1.7118288e-282
-1.1055084e-288
-5.2010134e-295
-1.0500486e-301
-1.6439362e-308
2.7414692e-312
)
;

boundaryField
{
    wall
    {
        type            fixedValue;
        value           uniform 350;
    }
    sides
    {
        type            zeroGradient;
    }
    frontAndBack
    {
        type            empty;
    }
    inlet
    {
        type            fixedValue;
        value           uniform 300;
    }
    outlet
    {
        type            zeroGradient;
    }
}


// ************************************************************************* //
